f	x(1)	x(2)	x(3)	x(4)	x(5)	x(6)	x(7)	x(8)	x(9)	x(10)	x(11)	x(12)	x(13)	x(14)	x(15)	x(16)	x(17)	x(18)	
1.183200e-02	1.152896e+00	4.433246e+00	6.379938e-04	2.488600e+00	4.588367e-03	2.115217e-03	3.455143e-02	2.087435e-01	4.837004e-03	2.800974e-02	5.226989e+00	1.411717e-01	2.059475e-03	8.784507e+01	5.116267e-02	9.108692e+01	5.791464e+00	2.170614e+02	
1.191079e-02	1.121905e+00	2.577890e+00	1.068909e-03	2.472481e+00	8.037329e-03	5.240337e-03	6.755012e-02	2.307343e-01	5.331960e-03	2.667206e-02	5.687860e+00	1.383038e-01	1.152112e-03	8.641892e+01	5.293880e-02	3.715509e+01	5.354378e+00	1.884282e+02	
1.192322e-02	1.137974e+00	4.201479e+00	5.934398e-04	2.468533e+00	4.317085e-03	3.024578e-03	4.348361e-02	2.443220e-01	5.787049e-03	2.375882e-02	6.039820e+00	1.038983e-01	1.490453e-03	8.714634e+01	5.037098e-02	2.986286e+01	6.421086e+00	2.030983e+02	
1.192365e-02	1.216535e+00	3.806996e+00	7.583851e-04	2.596899e+00	5.869343e-03	4.646270e-03	5.653611e-02	1.962538e-01	4.607955e-03	2.582097e-02	4.874206e+00	1.191248e-01	6.281828e-04	8.877987e+01	4.801054e-02	1.393230e+02	3.000557e+00	2.278776e+02	
1.200087e-02	1.222259e+00	2.446410e+00	1.135524e-03	2.498464e+00	8.374115e-03	5.594482e-03	1.050774e-01	2.370285e-01	5.656243e-03	2.506047e-02	5.891725e+00	1.152638e-01	5.739765e-04	8.375826e+01	5.417021e-02	4.384283e+01	1.477508e+01	1.546291e+02	
1.201421e-02	1.170216e+00	3.033753e+00	4.277049e-04	2.627436e+00	3.235124e-03	3.459785e-03	5.884182e-02	2.302393e-01	5.640226e-03	2.543330e-02	5.762595e+00	1.169078e-01	1.526524e-03	8.540073e+01	5.701271e-02	7.135790e+01	3.842365e+00	1.905799e+02	
1.203181e-02	1.166991e+00	2.098278e+00	1.491054e-03	2.558573e+00	1.154242e-02	6.949325e-03	1.156300e-01	2.322048e-01	5.514060e-03	2.575502e-02	5.767836e+00	1.285753e-01	3.429314e-04	8.483959e+01	5.357587e-02	1.089676e+02	1.625816e+01	1.978891e+02	
1.203751e-02	1.150210e+00	2.760757e+00	3.584156e-04	2.639633e+00	2.672560e-03	3.028461e-03	6.015017e-02	2.551319e-01	6.167730e-03	2.411069e-02	6.337363e+00	1.108051e-01	9.857657e-04	8.851166e+01	4.986528e-02	7.172985e+01	3.576121e+00	2.346457e+02	
1.205376e-02	1.207800e+00	2.627082e+00	9.243710e-04	2.533481e+00	7.010173e-03	5.066637e-03	6.484880e-02	2.585101e-01	6.700961e-03	2.473280e-02	6.267397e+00	1.389683e-01	8.945154e-04	8.538873e+01	5.363021e-02	4.787712e+01	4.732479e+00	2.030642e+02	
1.205376e-02	1.189532e+00	2.497109e+00	7.193153e-04	2.531245e+00	5.351671e-03	4.216831e-03	1.008653e-01	2.669426e-01	6.155778e-03	2.539204e-02	6.665937e+00	1.229292e-01	9.873471e-04	8.664132e+01	5.194814e-02	6.420060e+01	6.253237e+00	2.231933e+02	
1.205754e-02	1.114807e+00	4.861377e+00	9.200749e-04	2.485771e+00	7.035889e-03	5.278208e-03	5.274234e-02	2.119660e-01	5.031013e-03	2.821553e-02	5.362838e+00	1.306393e-01	8.042241e-04	8.547201e+01	5.651292e-02	2.708041e+01	4.561021e+00	1.839953e+02	
1.205866e-02	1.183023e+00	2.409880e+00	8.211157e-04	2.498100e+00	5.978959e-03	3.813069e-03	8.862540e-02	2.354456e-01	5.349863e-03	2.457416e-02	5.812523e+00	1.163310e-01	4.923847e-04	8.637547e+01	5.169655e-02	6.782793e+01	5.978290e+00	2.051297e+02	
1.207435e-02	1.238647e+00	3.528412e+00	8.471086e-04	2.544515e+00	6.309707e-03	4.280903e-03	1.024470e-01	2.774398e-01	6.789154e-03	2.764846e-02	7.013574e+00	1.498645e-01	1.041695e-03	8.847625e+01	4.761521e-02	1.035860e+02	5.128473e+00	2.615982e+02	
1.207972e-02	1.264773e+00	2.837286e+00	1.712559e-03	2.535211e+00	1.312556e-02	6.885716e-03	9.449061e-02	2.632730e-01	6.314176e-03	2.635420e-02	6.744281e+00	1.161784e-01	3.983554e-04	8.565269e+01	5.094272e-02	5.052668e+01	8.025470e+00	1.853971e+02	
1.208781e-02	1.149445e+00	1.753653e+00	8.359194e-04	2.581697e+00	6.259636e-03	5.819489e-03	2.544839e-01	3.292958e-01	7.989535e-03	2.543599e-02	8.186409e+00	1.366580e-01	3.160729e-04	8.462074e+01	5.813910e-02	3.178901e+01	1.250392e+01	2.263206e+02	
1.208900e-02	1.146858e+00	2.786310e+00	8.069374e-04	2.494812e+00	5.944702e-03	5.369492e-03	9.566957e-02	3.066218e-01	7.126548e-03	2.509126e-02	7.900079e+00	1.059548e-01	1.484845e-03	8.409229e+01	5.995003e-02	4.643535e+01	4.479973e+00	2.047207e+02	
1.210011e-02	1.157160e+00	2.569549e+00	7.517067e-04	2.538284e+00	5.692159e-03	7.320761e-03	1.583113e-01	3.034594e-01	6.819769e-03	2.241410e-02	7.699314e+00	8.580527e-02	5.023773e-04	8.712025e+01	5.261633e-02	3.577697e+01	5.923628e+00	2.293897e+02	
1.210784e-02	1.196195e+00	3.371529e+00	1.706417e-03	2.469529e+00	1.275536e-02	5.273758e-03	9.990702e-02	2.303264e-01	5.516098e-03	2.595392e-02	5.735906e+00	1.221109e-01	3.964793e-04	8.582074e+01	5.107908e-02	6.540948e+01	1.589973e+01	1.758573e+02	
1.211811e-02	1.180662e+00	2.271147e+00	8.287423e-04	2.573385e+00	6.134060e-03	3.856523e-03	1.418220e-01	3.362194e-01	8.530359e-03	2.572880e-02	8.591909e+00	1.240527e-01	4.700567e-04	8.368847e+01	5.660261e-02	5.177599e+01	8.638260e+00	1.876917e+02	
1.212365e-02	1.217256e+00	3.580379e+00	8.492570e-04	2.533604e+00	6.200060e-03	3.164452e-03	6.099711e-02	2.255414e-01	5.559830e-03	2.844937e-02	5.780970e+00	1.377278e-01	8.760145e-04	8.467892e+01	5.207713e-02	8.967508e+01	5.939831e+00	1.799053e+02	
1.212889e-02	1.247038e+00	2.745311e+00	9.866215e-04	2.552069e+00	7.582256e-03	4.112005e-03	4.166629e-02	1.942116e-01	4.667901e-03	2.642195e-02	4.759374e+00	1.295462e-01	3.549002e-04	8.609145e+01	4.828061e-02	9.363206e+01	4.875381e+00	1.831232e+02	
1.214716e-02	1.168759e+00	4.712672e+00	3.703261e-04	2.632897e+00	2.929865e-03	3.279488e-03	3.108766e-02	2.503306e-01	6.301724e-03	2.712991e-02	6.220424e+00	1.529555e-01	2.432190e-03	8.844321e+01	5.054047e-02	1.031394e+02	1.354287e+00	2.702911e+02	
1.214981e-02	1.175243e+00	3.334743e+00	8.881366e-04	2.481575e+00	6.432701e-03	4.835862e-03	1.062440e-01	2.560147e-01	6.041822e-03	2.825911e-02	6.383079e+00	1.560590e-01	9.732816e-04	8.850881e+01	5.311072e-02	1.777984e+02	4.195010e+00	2.633206e+02	
1.215738e-02	1.116597e+00	3.687799e+00	4.578172e-04	2.523585e+00	3.348133e-03	5.300589e-03	1.057154e-01	2.592561e-01	6.255725e-03	2.443342e-02	6.490702e+00	1.091734e-01	4.669651e-04	8.816486e+01	5.181240e-02	2.960403e+01	3.659335e+00	2.340150e+02	
1.216770e-02	1.186453e+00	3.451416e+00	7.373193e-04	2.508806e+00	5.369833e-03	2.479194e-03	4.615688e-02	2.742455e-01	6.718742e-03	2.549572e-02	6.860817e+00	1.231229e-01	1.397661e-03	8.796413e+01	4.659548e-02	3.530576e+01	5.891477e+00	2.527989e+02	
1.218835e-02	1.185547e+00	2.119699e+00	9.316920e-04	2.609956e+00	7.064536e-03	4.523601e-03	6.200442e-02	2.179294e-01	4.802271e-03	2.516427e-02	5.460517e+00	1.090096e-01	3.943186e-04	8.405503e+01	5.405902e-02	5.042963e+01	9.761401e+00	1.533116e+02	
1.219332e-02	1.091244e+00	2.748059e+00	7.683498e-04	2.498394e+00	5.652587e-03	5.487578e-03	1.278792e-01	2.212658e-01	4.601737e-03	2.350877e-02	5.632679e+00	8.445945e-02	2.668703e-04	8.488393e+01	5.711507e-02	7.650869e+01	6.382845e+00	1.680104e+02	
1.219943e-02	1.158809e+00	2.129784e+00	6.586174e-04	2.448264e+00	4.614824e-03	4.198090e-03	1.544128e-01	2.532347e-01	5.986379e-03	2.535996e-02	6.260617e+00	1.221759e-01	7.925194e-04	8.488966e+01	5.496312e-02	4.909513e+01	1.772290e+01	1.905863e+02	
1.220199e-02	1.143911e+00	3.545851e+00	1.054012e-03	2.457915e+00	8.152641e-03	6.377641e-03	4.780400e-02	2.443503e-01	5.220195e-03	2.381653e-02	6.050329e+00	1.011081e-01	1.061345e-03	8.724233e+01	5.438491e-02	3.708672e+01	3.792662e+00	2.117275e+02	
1.220269e-02	1.175496e+00	3.771429e+00	8.515985e-04	2.486759e+00	6.428312e-03	5.705388e-03	9.383476e-02	2.568710e-01	5.677654e-03	2.693639e-02	6.581458e+00	1.139244e-01	6.334163e-04	8.273554e+01	5.799384e-02	5.302960e+01	6.208133e+00	1.730851e+02	
1.221226e-02	1.218620e+00	2.392631e+00	1.100829e-03	2.586720e+00	8.529795e-03	8.079892e-03	1.290562e-01	2.693913e-01	6.024277e-03	2.302410e-02	6.891664e+00	8.464171e-02	2.263117e-04	8.482870e+01	5.591841e-02	3.594795e+01	6.319859e+00	1.743182e+02	
1.221359e-02	1.187767e+00	3.658653e+00	1.631283e-03	2.431530e+00	1.215947e-02	6.171761e-03	8.668824e-02	2.455861e-01	5.252534e-03	2.878811e-02	6.229537e+00	1.380766e-01	1.669388e-03	8.429537e+01	5.533678e-02	8.034173e+01	8.111953e+00	1.855451e+02	
1.222184e-02	1.135084e+00	1.581631e+00	6.799131e-04	2.534103e+00	5.071355e-03	4.906495e-03	9.372347e-02	3.234050e-01	7.366041e-03	2.567964e-02	8.171959e+00	1.229544e-01	4.165529e-04	8.398339e+01	5.962821e-02	3.329575e+01	1.049744e+01	1.871657e+02	
1.222249e-02	1.233471e+00	2.550627e+00	1.248494e-03	2.561316e+00	9.711325e-03	6.936174e-03	1.147097e-01	2.426520e-01	6.061600e-03	2.384261e-02	6.127570e+00	9.894298e-02	3.188649e-04	8.908460e+01	4.662778e-02	9.634184e+01	2.860593e+00	2.610166e+02	
1.223320e-02	1.215352e+00	3.387900e+00	1.473794e-03	2.494048e+00	1.126885e-02	5.689967e-03	5.916274e-02	2.282626e-01	4.943183e-03	2.401587e-02	5.658030e+00	1.061205e-01	6.708588e-04	8.675450e+01	5.092891e-02	5.836386e+01	4.649983e+00	2.054318e+02	
1.224485e-02	1.178297e+00	4.085076e+00	1.066939e-03	2.449946e+00	7.906318e-03	6.201960e-03	1.448914e-01	2.486996e-01	6.172220e-03	2.791424e-02	6.356891e+00	1.397894e-01	7.160296e-04	8.447728e+01	5.592683e-02	5.499414e+01	1.666979e+01	1.953469e+02	
1.226227e-02	1.261243e+00	2.382358e+00	2.391281e-03	2.498522e+00	1.813721e-02	7.588052e-03	1.286280e-01	3.404318e-01	8.110103e-03	2.582987e-02	8.781346e+00	1.210534e-01	3.284652e-04	8.643417e+01	5.031255e-02	5.342166e+01	1.244245e+01	2.278969e+02	
1.226969e-02	1.115790e+00	2.483065e+00	1.490696e-03	2.508948e+00	1.125119e-02	7.015571e-03	1.032107e-01	2.905455e-01	6.598422e-03	2.628970e-02	7.389120e+00	1.274184e-01	7.579320e-04	8.634426e+01	5.130378e-02	3.359043e+01	6.734672e+00	1.918607e+02	
1.226993e-02	1.175949e+00	2.649407e+00	6.737280e-04	2.643748e+00	5.074064e-03	4.045657e-03	7.855089e-02	2.843019e-01	6.959771e-03	2.478284e-02	7.286675e+00	1.081017e-01	5.295502e-04	8.534724e+01	5.488057e-02	6.992250e+01	1.969440e+00	2.135082e+02	
1.228595e-02	1.167681e+00	2.544109e+00	6.925053e-04	2.506657e+00	5.145617e-03	4.151256e-03	6.900058e-02	2.230551e-01	5.167026e-03	2.786101e-02	5.510428e+00	1.447068e-01	1.400661e-03	8.478984e+01	5.823815e-02	4.766549e+01	4.606531e+00	1.736489e+02	
1.228725e-02	1.137795e+00	3.406708e+00	9.382561e-04	2.533379e+00	6.859169e-03	5.275030e-03	1.341635e-01	2.375646e-01	5.281091e-03	3.164579e-02	6.150897e+00	1.655416e-01	9.363158e-04	8.328187e+01	5.824229e-02	1.033902e+02	4.107518e+00	1.716213e+02	
1.229232e-02	1.173493e+00	3.116667e+00	1.237610e-03	2.504199e+00	9.232085e-03	5.250873e-03	6.552729e-02	2.284432e-01	4.780930e-03	2.720012e-02	5.852571e+00	1.183226e-01	5.164505e-04	8.561809e+01	5.286209e-02	4.393775e+01	9.046240e+00	1.637985e+02	
1.230001e-02	1.222546e+00	2.222116e+00	1.260340e-03	2.462976e+00	9.157266e-03	4.808964e-03	1.427341e-01	2.406083e-01	5.772174e-03	2.448449e-02	5.950752e+00	1.120333e-01	1.815520e-04	8.943969e+01	4.702891e-02	3.460580e+01	1.660125e+01	2.460636e+02	
1.231463e-02	1.142686e+00	2.814706e+00	9.849752e-04	2.554060e+00	7.726723e-03	5.069358e-03	5.359853e-02	2.554628e-01	6.480426e-03	2.257509e-02	6.273274e+00	1.005671e-01	3.667600e-04	8.950550e+01	5.033672e-02	2.338672e+01	3.026485e+00	2.593696e+02	
1.231583e-02	1.157808e+00	2.644583e+00	1.342688e-03	2.497514e+00	1.028341e-02	7.364304e-03	1.083500e-01	2.622976e-01	6.188611e-03	2.897839e-02	6.583685e+00	1.561292e-01	7.646466e-04	8.376720e+01	5.656051e-02	5.222880e+01	1.340827e+01	1.651590e+02	
1.233784e-02	1.226699e+00	2.071254e+00	2.447421e-03	2.535738e+00	1.873895e-02	8.427211e-03	1.975774e-01	2.995785e-01	7.411462e-03	2.397808e-02	7.536870e+00	1.031311e-01	1.469244e-04	8.559285e+01	5.164164e-02	2.660018e+01	2.273071e+01	1.974661e+02	
1.233912e-02	1.181243e+00	1.713451e+00	5.731152e-04	2.737838e+00	4.376337e-03	3.136301e-03	5.634673e-02	2.865403e-01	6.984864e-03	2.371660e-02	7.167834e+00	1.062266e-01	3.054306e-04	8.543340e+01	5.414625e-02	3.241255e+01	6.680830e+00	2.092376e+02	
1.234095e-02	1.134813e+00	2.471931e+00	3.434475e-04	2.603455e+00	2.575119e-03	3.363603e-03	5.109838e-02	2.640797e-01	5.747460e-03	2.261120e-02	6.585389e+00	8.665016e-02	4.291635e-04	8.618009e+01	5.342901e-02	3.291267e+01	2.931866e+00	2.108546e+02	
1.234102e-02	1.125948e+00	3.857913e+00	9.004569e-04	2.455322e+00	6.528125e-03	4.634470e-03	1.068999e-01	2.233692e-01	5.545499e-03	2.833209e-02	5.668144e+00	1.461342e-01	2.131031e-03	8.413001e+01	5.705263e-02	9.142906e+01	8.289113e+00	1.790768e+02	
1.234124e-02	1.179820e+00	2.681674e+00	9.258820e-04	2.528659e+00	6.873005e-03	4.009656e-03	6.168776e-02	3.157523e-01	6.846161e-03	2.485086e-02	7.991719e+00	1.127931e-01	6.220807e-04	8.332156e+01	5.669079e-02	1.129305e+01	6.793299e+00	1.812442e+02	
1.234334e-02	1.145914e+00	2.320688e+00	8.164900e-04	2.592683e+00	6.240760e-03	4.316933e-03	4.986987e-02	3.005183e-01	6.820790e-03	2.493343e-02	7.544285e+00	1.144420e-01	1.029990e-03	8.656896e+01	5.583054e-02	3.285031e+01	3.060839e+00	2.010529e+02	
1.234374e-02	1.130264e+00	3.271045e+00	9.343755e-04	2.421643e+00	6.659288e-03	4.670193e-03	8.754949e-02	2.737220e-01	6.369313e-03	2.462996e-02	6.893273e+00	1.130776e-01	6.064443e-04	8.654526e+01	5.412844e-02	2.323314e+01	1.125553e+01	2.118925e+02	
1.234658e-02	1.151461e+00	3.673397e+00	7.214321e-04	2.491803e+00	5.357659e-03	5.076124e-03	8.265131e-02	2.598415e-01	6.687533e-03	2.434645e-02	6.469315e+00	1.070353e-01	1.963050e-03	8.592598e+01	5.623801e-02	5.839583e+01	5.104631e+00	2.032891e+02	
1.234724e-02	1.222048e+00	1.760662e+00	7.795796e-04	2.632447e+00	5.993963e-03	4.182930e-03	9.735334e-02	2.601130e-01	6.657419e-03	2.389882e-02	6.366506e+00	1.203363e-01	1.810215e-04	8.603252e+01	5.440632e-02	3.706798e+01	9.791308e+00	2.211883e+02	
1.234746e-02	1.106084e+00	2.016214e+00	5.433138e-04	2.566671e+00	4.049766e-03	4.141615e-03	1.542003e-01	2.217635e-01	5.123450e-03	2.499636e-02	5.491928e+00	1.127569e-01	8.080166e-04	8.631865e+01	5.733447e-02	3.400495e+01	1.012902e+01	1.914337e+02	
1.234873e-02	1.137988e+00	2.747580e+00	4.461518e-04	2.562965e+00	3.294119e-03	3.338345e-03	8.288145e-02	2.731772e-01	6.694215e-03	2.681625e-02	6.835604e+00	1.328032e-01	7.449220e-04	8.671278e+01	5.217190e-02	9.328110e+00	6.432872e+00	1.988359e+02	
1.235889e-02	1.103075e+00	4.740040e+00	5.520070e-04	2.457209e+00	4.108421e-03	6.745850e-03	1.187882e-01	3.242201e-01	7.989158e-03	2.655052e-02	8.304139e+00	1.361390e-01	1.912479e-03	8.360282e+01	6.066618e-02	1.680779e+01	6.711502e+00	2.116992e+02	
1.236074e-02	1.232641e+00	3.499205e+00	1.544465e-03	2.543425e+00	1.134062e-02	4.542128e-03	1.058205e-01	1.899513e-01	4.233517e-03	2.377097e-02	4.762494e+00	8.918440e-02	3.683684e-04	8.636251e+01	4.504935e-02	8.870425e+01	1.090491e+01	1.507707e+02	
1.237200e-02	1.158230e+00	2.360861e+00	1.514174e-03	2.487038e+00	1.134505e-02	5.782423e-03	1.052426e-01	2.753505e-01	6.395896e-03	2.290313e-02	7.047514e+00	8.712291e-02	2.593363e-04	8.645266e+01	5.125028e-02	9.280438e+00	8.386169e+00	1.641649e+02	
1.237797e-02	1.141287e+00	1.795479e+00	5.756630e-04	2.640864e+00	4.395126e-03	3.862897e-03	1.011905e-01	3.166843e-01	8.565568e-03	2.327395e-02	7.822826e+00	1.180489e-01	4.918099e-04	8.638263e+01	5.463266e-02	1.844897e+01	7.321009e+00	2.340931e+02	
1.238000e-02	1.158727e+00	2.672591e+00	8.883177e-04	2.556724e+00	6.762329e-03	7.644235e-03	2.067204e-01	2.326284e-01	5.461259e-03	2.596409e-02	5.828872e+00	1.279414e-01	4.822331e-04	8.569129e+01	5.502978e-02	7.088347e+01	8.058573e+00	1.879232e+02	
1.238594e-02	1.146679e+00	2.361483e+00	8.096302e-04	2.566291e+00	6.343471e-03	4.760895e-03	4.536249e-02	2.757173e-01	6.510542e-03	2.448089e-02	6.951618e+00	1.116065e-01	6.102061e-04	8.798088e+01	5.234944e-02	2.184411e+01	2.074231e+00	2.164241e+02	
1.238691e-02	1.137654e+00	3.624727e+00	1.206636e-03	2.456737e+00	8.703922e-03	4.410323e-03	1.171870e-01	2.561496e-01	5.821471e-03	2.526601e-02	6.767328e+00	8.730766e-02	1.784236e-04	8.619715e+01	5.109785e-02	1.313974e+01	1.284946e+01	1.695997e+02	
1.239158e-02	1.177944e+00	2.875107e+00	7.064385e-04	2.484356e+00	5.158812e-03	4.163493e-03	1.375503e-01	2.745153e-01	6.966995e-03	2.820290e-02	7.075544e+00	1.381460e-01	1.156787e-03	8.579540e+01	5.497866e-02	4.614741e+01	6.699490e+00	2.296219e+02	
1.239236e-02	1.129543e+00	2.599340e+00	3.849212e-04	2.601435e+00	2.861134e-03	3.199499e-03	7.372417e-02	2.895422e-01	6.713482e-03	2.498470e-02	7.104515e+00	1.253219e-01	1.360678e-03	8.741498e+01	5.771640e-02	2.974497e+01	4.564824e+00	2.557480e+02	
1.239630e-02	1.226734e+00	2.180481e+00	1.969763e-03	2.594953e+00	1.518812e-02	6.803205e-03	1.073347e-01	2.694151e-01	6.851124e-03	2.341604e-02	6.724725e+00	1.024234e-01	1.202229e-04	8.778942e+01	4.633474e-02	5.401533e+01	2.056085e+01	2.206349e+02	
1.240277e-02	1.122818e+00	2.500722e+00	5.535324e-04	2.561020e+00	3.962890e-03	3.321982e-03	1.478379e-01	3.350709e-01	7.424904e-03	2.831254e-02	8.699210e+00	1.433741e-01	1.490698e-03	8.416946e+01	5.914731e-02	1.391324e+01	1.358327e+01	2.027404e+02	
1.240572e-02	1.116788e+00	2.346734e+00	4.793916e-04	2.550049e+00	3.610756e-03	3.779725e-03	8.058985e-02	3.330759e-01	8.762829e-03	2.432431e-02	8.318378e+00	1.251646e-01	1.444436e-03	8.780091e+01	5.383460e-02	1.503617e+01	3.207576e+00	2.774682e+02	
1.240723e-02	1.162796e+00	4.643091e+00	1.016987e-03	2.467675e+00	7.322717e-03	4.186698e-03	6.572707e-02	3.273298e-01	8.433745e-03	2.536615e-02	8.383966e+00	1.209161e-01	6.099150e-04	8.774370e+01	5.278311e-02	2.390493e+01	4.096770e+00	2.407452e+02	
1.241106e-02	1.111441e+00	2.864812e+00	2.756607e-04	2.550455e+00	1.948774e-03	2.115233e-03	6.737051e-02	2.907927e-01	7.252336e-03	2.326147e-02	7.304759e+00	1.023258e-01	9.473115e-04	9.015136e+01	4.988946e-02	1.483096e+01	4.098426e+00	2.833195e+02	
1.241335e-02	1.163228e+00	4.062408e+00	1.644635e-03	2.466131e+00	1.234407e-02	9.619766e-03	1.975451e-01	3.016616e-01	6.835774e-03	2.703131e-02	7.615831e+00	1.418820e-01	7.930593e-04	8.142542e+01	6.061730e-02	5.565516e+01	1.251153e+01	1.823897e+02	
1.241336e-02	1.225036e+00	3.829492e+00	8.057819e-04	2.510237e+00	5.987201e-03	5.388990e-03	1.151768e-01	3.003293e-01	7.102438e-03	2.875533e-02	7.691468e+00	1.502108e-01	1.039115e-03	8.637935e+01	5.015113e-02	7.728557e+01	7.827386e+00	2.430804e+02	
1.241353e-02	1.241182e+00	2.750642e+00	7.481551e-04	2.624276e+00	5.675501e-03	4.379492e-03	8.349294e-02	2.716623e-01	6.128225e-03	2.737196e-02	6.982674e+00	1.338981e-01	6.124598e-04	8.691127e+01	5.024072e-02	8.707649e+01	3.144448e+00	2.315988e+02	
1.241761e-02	1.197591e+00	2.000511e+00	1.602766e-03	2.498189e+00	1.192867e-02	6.806575e-03	1.541890e-01	2.571485e-01	5.949346e-03	2.617276e-02	6.529379e+00	1.105765e-01	2.216925e-04	8.423076e+01	5.519719e-02	2.071711e+01	2.789918e+01	1.574649e+02	
1.241788e-02	1.129910e+00	3.078611e+00	3.675023e-04	2.573073e+00	2.736048e-03	5.522161e-03	1.203291e-01	3.383697e-01	7.968648e-03	2.779501e-02	8.772707e+00	1.414603e-01	1.345019e-03	8.660032e+01	6.027912e-02	5.815079e+01	2.761739e+00	2.464978e+02	
1.242149e-02	1.130432e+00	2.969441e+00	7.012526e-04	2.530795e+00	5.229822e-03	3.102462e-03	5.903808e-02	2.833813e-01	6.868316e-03	2.663607e-02	7.269376e+00	1.283532e-01	6.442749e-04	8.559355e+01	5.593263e-02	2.716751e+01	3.356901e+00	2.134654e+02	
1.242779e-02	1.198788e+00	3.298917e+00	9.072579e-04	2.507615e+00	6.715014e-03	3.792600e-03	4.716997e-02	2.614716e-01	6.076150e-03	2.379615e-02	6.462170e+00	1.149977e-01	1.710742e-03	8.984794e+01	4.663907e-02	4.445679e+01	2.383174e+00	2.750051e+02	
1.243494e-02	1.179076e+00	2.393638e+00	8.984995e-04	2.524029e+00	6.443891e-03	3.561640e-03	1.366261e-01	2.901879e-01	7.249710e-03	2.353537e-02	7.496086e+00	9.353672e-02	2.528168e-04	8.942308e+01	4.810882e-02	1.373192e+01	1.298297e+01	2.333082e+02	
1.244099e-02	1.235330e+00	4.924053e+00	9.539920e-04	2.491125e+00	7.212717e-03	4.369984e-03	5.335339e-02	2.339845e-01	5.998527e-03	2.732858e-02	5.846924e+00	1.453714e-01	1.254345e-03	9.067646e+01	4.617778e-02	9.965838e+01	3.784859e+00	2.621410e+02	
1.245356e-02	1.262017e+00	2.245232e+00	1.430454e-03	2.495038e+00	1.062699e-02	6.492303e-03	2.405694e-01	2.754840e-01	6.578930e-03	2.314919e-02	6.851112e+00	9.756532e-02	1.806413e-04	8.796931e+01	4.818317e-02	5.623698e+01	1.305094e+01	2.489160e+02	
1.246215e-02	1.145352e+00	2.043769e+00	1.153036e-03	2.596803e+00	8.661038e-03	3.333994e-03	6.237333e-02	2.618191e-01	6.216482e-03	2.386614e-02	6.648746e+00	9.722889e-02	8.466081e-04	8.591032e+01	5.182688e-02	2.887668e+01	6.376529e+00	1.498248e+02	
1.246498e-02	1.085578e+00	2.999169e+00	4.573782e-04	2.578422e+00	3.574963e-03	6.243275e-03	6.709077e-02	2.975620e-01	7.094362e-03	2.389982e-02	7.319415e+00	1.213619e-01	6.052822e-04	8.428937e+01	5.744359e-02	4.491366e+01	4.364919e+00	2.048443e+02	
1.246831e-02	1.218161e+00	2.630743e+00	8.650847e-04	2.565287e+00	6.324575e-03	3.686040e-03	7.076519e-02	2.599612e-01	6.239038e-03	2.644015e-02	6.532018e+00	1.405178e-01	8.612718e-04	8.848992e+01	4.916956e-02	1.035693e+02	3.559531e+00	2.869275e+02	
1.248195e-02	1.165368e+00	1.775899e+00	6.429772e-04	2.573447e+00	4.820263e-03	6.429912e-03	2.412356e-01	3.145365e-01	7.457857e-03	2.636006e-02	8.335119e+00	1.018022e-01	3.455867e-04	8.210848e+01	5.789607e-02	2.469721e+01	1.318937e+01	1.477097e+02	
1.248331e-02	1.145217e+00	2.482715e+00	1.848633e-03	2.449703e+00	1.398945e-02	6.988438e-03	1.162785e-01	2.540461e-01	5.469418e-03	2.450589e-02	6.505385e+00	9.276454e-02	3.585908e-04	8.338149e+01	5.657173e-02	3.265166e+01	2.075289e+01	1.375659e+02	
1.248506e-02	1.155083e+00	2.492283e+00	1.127940e-03	2.443424e+00	8.007665e-03	3.810992e-03	8.072497e-02	3.013092e-01	6.975416e-03	2.315019e-02	7.535913e+00	1.014664e-01	4.859666e-04	8.701352e+01	5.050657e-02	2.997758e+01	9.726987e+00	1.855935e+02	
1.248990e-02	1.187100e+00	3.699389e+00	7.035849e-04	2.523078e+00	5.206163e-03	4.620810e-03	5.319495e-02	2.606457e-01	6.033266e-03	2.494518e-02	6.433976e+00	1.196761e-01	1.112167e-03	8.699497e+01	4.918536e-02	4.250989e+01	2.630692e+00	2.211147e+02	
1.249041e-02	1.224814e+00	3.061107e+00	9.641607e-04	2.437600e+00	7.022942e-03	8.275977e-03	1.636623e-01	2.513998e-01	5.787428e-03	2.501562e-02	6.115667e+00	1.312906e-01	2.596362e-04	8.396521e+01	5.921206e-02	4.346546e+01	1.990538e+01	1.995909e+02	
1.249290e-02	1.193429e+00	2.363971e+00	1.475982e-03	2.485637e+00	1.074880e-02	4.515895e-03	1.306675e-01	2.952948e-01	6.998528e-03	2.418787e-02	7.566273e+00	1.050476e-01	3.972289e-04	8.565413e+01	5.229533e-02	1.530067e+01	9.232978e+00	1.891684e+02	
1.249957e-02	1.101525e+00	2.308712e+00	8.407048e-04	2.586732e+00	6.678748e-03	5.181131e-03	5.484504e-02	2.371484e-01	6.012196e-03	2.287755e-02	5.823671e+00	9.694854e-02	6.716247e-04	8.697016e+01	5.215242e-02	2.093835e+01	5.061923e+00	2.012085e+02	
1.250099e-02	1.160409e+00	1.529795e+00	7.975154e-04	2.595288e+00	6.103567e-03	5.500555e-03	1.394506e-01	3.546457e-01	8.242275e-03	2.168683e-02	8.989388e+00	8.582061e-02	1.842505e-04	8.501887e+01	5.481021e-02	2.632221e+01	5.567524e+00	2.028067e+02	
1.250202e-02	1.114608e+00	2.584334e+00	9.129183e-04	2.583553e+00	6.921817e-03	7.150071e-03	1.427532e-01	2.762928e-01	6.666770e-03	2.576667e-02	7.111020e+00	1.125951e-01	1.907667e-04	8.434700e+01	5.913887e-02	4.470830e+01	4.782943e+00	1.671819e+02	
1.250665e-02	1.113487e+00	2.335011e+00	1.199547e-03	2.601091e+00	9.188167e-03	5.398849e-03	7.895511e-02	2.219255e-01	5.168927e-03	2.515496e-02	5.552861e+00	1.168008e-01	2.375838e-04	8.583260e+01	5.316993e-02	4.261595e+01	7.261055e+00	2.002950e+02	
1.251914e-02	1.189644e+00	2.422547e+00	5.746891e-04	2.625386e+00	4.441520e-03	4.745377e-03	9.126043e-02	2.930065e-01	6.428274e-03	2.277730e-02	7.259725e+00	9.719714e-02	1.370341e-03	8.216676e+01	6.113185e-02	3.660336e+01	9.115890e+00	1.745743e+02	
1.252131e-02	1.125777e+00	2.555335e+00	8.767263e-04	2.503609e+00	6.509139e-03	4.415471e-03	8.175958e-02	2.681857e-01	6.168980e-03	2.414904e-02	6.806919e+00	1.039458e-01	7.053052e-04	8.628270e+01	5.576141e-02	5.473358e+01	3.693040e+00	2.107223e+02	
1.252394e-02	1.165817e+00	2.676761e+00	9.994588e-04	2.554886e+00	7.759985e-03	6.177959e-03	7.083711e-02	2.321772e-01	4.728891e-03	2.630376e-02	5.913295e+00	1.042299e-01	1.655708e-04	8.633197e+01	5.446863e-02	4.703127e+01	6.312288e+00	1.788250e+02	
1.252674e-02	1.162904e+00	2.589553e+00	7.889905e-04	2.470525e+00	5.826463e-03	5.120886e-03	1.009954e-01	2.952830e-01	6.252099e-03	2.660383e-02	7.555743e+00	1.247515e-01	1.031558e-03	8.525512e+01	5.632600e-02	3.622459e+01	4.287684e+00	2.246853e+02	
1.253511e-02	1.175033e+00	3.834210e+00	1.299044e-03	2.447331e+00	9.697287e-03	4.688944e-03	5.559941e-02	2.027741e-01	5.107608e-03	2.546391e-02	5.164667e+00	1.027396e-01	4.627931e-04	8.607957e+01	5.118721e-02	2.574272e+01	6.363407e+00	1.546428e+02	
1.254306e-02	1.174650e+00	2.375425e+00	1.063738e-03	2.448536e+00	8.076440e-03	8.200399e-03	2.109782e-01	2.409994e-01	5.791056e-03	2.804341e-02	6.040807e+00	1.449085e-01	3.523084e-04	8.534459e+01	5.636869e-02	8.702512e+01	7.170772e+00	1.732664e+02	
1.254773e-02	1.231702e+00	1.791345e+00	1.624646e-03	2.558066e+00	1.254493e-02	1.021808e-02	2.017621e-01	2.650869e-01	6.309772e-03	2.560215e-02	6.843122e+00	1.046703e-01	1.823951e-04	8.542234e+01	5.371709e-02	1.039899e+02	8.991550e+00	1.661654e+02	
1.254888e-02	1.160069e+00	3.162188e+00	9.123934e-04	2.495465e+00	6.677016e-03	4.495523e-03	9.090700e-02	3.247761e-01	7.400470e-03	2.601224e-02	8.430210e+00	1.206493e-01	6.597263e-04	8.612805e+01	5.285674e-02	6.634823e+01	6.757640e+00	2.425100e+02	
1.255078e-02	1.168706e+00	2.118545e+00	7.314900e-04	2.668880e+00	5.670350e-03	5.171617e-03	9.127966e-02	2.436166e-01	5.796173e-03	2.248573e-02	5.946555e+00	9.279601e-02	1.057901e-04	8.737632e+01	5.218552e-02	4.423010e+01	1.051939e+01	2.127788e+02	
1.255612e-02	1.117866e+00	3.552412e+00	9.202006e-04	2.472625e+00	6.941327e-03	5.932345e-03	7.827882e-02	2.180522e-01	5.043989e-03	2.568623e-02	5.394384e+00	1.099039e-01	9.707291e-04	8.582114e+01	5.500522e-02	7.293964e+01	6.192494e+00	1.976895e+02	
1.256314e-02	1.177605e+00	2.628245e+00	1.326699e-03	2.526029e+00	9.740737e-03	3.862937e-03	7.307639e-02	2.817486e-01	6.977825e-03	2.724743e-02	7.266741e+00	1.310577e-01	2.962747e-04	8.642001e+01	4.695204e-02	3.912799e+01	1.249510e+01	2.233038e+02	
1.256351e-02	1.239627e+00	2.387841e+00	2.598999e-03	2.491008e+00	1.913390e-02	5.004554e-03	1.279334e-01	2.591491e-01	6.136551e-03	2.363918e-02	6.448130e+00	1.019218e-01	1.548777e-04	8.794113e+01	4.487683e-02	2.331851e+01	1.741663e+01	1.826699e+02	
1.256396e-02	1.168619e+00	2.584747e+00	3.989049e-04	2.521331e+00	2.928423e-03	7.232967e-03	2.502436e-01	2.872714e-01	6.544668e-03	2.501587e-02	7.000388e+00	1.360025e-01	1.113110e-03	8.619142e+01	5.842296e-02	3.505825e+01	5.097152e+00	2.221460e+02	
1.256423e-02	1.189129e+00	1.924660e+00	5.564756e-04	2.635094e+00	4.404824e-03	6.980839e-03	1.030583e-01	2.591280e-01	6.734818e-03	2.402047e-02	6.496390e+00	1.112395e-01	3.744340e-04	8.462779e+01	5.723579e-02	6.330305e+01	5.113857e+00	2.115426e+02	
1.256578e-02	1.151241e+00	2.891383e+00	7.259666e-04	2.531051e+00	5.415149e-03	4.215518e-03	9.823440e-02	3.191708e-01	8.118599e-03	2.412118e-02	8.003155e+00	1.089163e-01	3.819160e-04	8.792332e+01	5.173193e-02	2.105537e+01	6.767186e+00	2.898804e+02	
1.257410e-02	1.129980e+00	5.028983e+00	7.360075e-04	2.525585e+00	5.462358e-03	2.173262e-03	2.885891e-02	1.924229e-01	4.496991e-03	3.024040e-02	4.886084e+00	1.504144e-01	2.016487e-03	8.492643e+01	4.800678e-02	8.690724e+01	2.634344e+00	1.610902e+02	
1.257566e-02	1.149731e+00	2.655559e+00	1.236866e-03	2.524558e+00	9.049931e-03	4.164332e-03	1.878017e-01	2.898976e-01	6.255976e-03	2.618134e-02	7.344783e+00	1.255294e-01	3.758634e-04	8.891579e+01	5.095589e-02	1.610026e+01	7.740218e+00	2.633487e+02	
1.258273e-02	1.212141e+00	1.745854e+00	1.051104e-03	2.511360e+00	7.972897e-03	5.148943e-03	1.196108e-01	2.633064e-01	6.011765e-03	2.610319e-02	6.702303e+00	1.137633e-01	4.514860e-04	8.537833e+01	5.203857e-02	2.672414e+01	1.093847e+01	1.925048e+02	
1.258384e-02	1.299038e+00	3.449574e+00	1.540423e-03	2.466753e+00	1.147066e-02	7.519721e-03	1.801513e-01	3.036112e-01	8.084750e-03	2.607445e-02	7.724217e+00	1.293252e-01	1.753984e-04	8.774774e+01	4.806853e-02	5.901703e+01	1.892013e+01	2.567969e+02	
1.258932e-02	1.202600e+00	2.647643e+00	5.864844e-04	2.547745e+00	4.197629e-03	4.882263e-03	2.240355e-01	3.795635e-01	9.283750e-03	2.695088e-02	9.665007e+00	1.581764e-01	1.421030e-03	8.529539e+01	5.684897e-02	3.849594e+01	7.306046e+00	2.510522e+02	
1.259030e-02	1.174322e+00	2.405690e+00	6.448410e-04	2.548945e+00	4.807092e-03	4.481912e-03	7.200831e-02	2.432968e-01	5.727519e-03	2.580125e-02	6.056659e+00	1.142742e-01	1.770293e-03	8.573011e+01	5.184831e-02	1.029133e+02	4.540022e+00	2.066392e+02	
1.259324e-02	1.169939e+00	2.329265e+00	6.885512e-04	2.529477e+00	5.086715e-03	4.572945e-03	1.724609e-01	3.697544e-01	9.084763e-03	2.275903e-02	9.358670e+00	9.948032e-02	3.171016e-04	8.718195e+01	5.080702e-02	2.811555e+01	6.810685e+00	2.877497e+02	
1.259908e-02	1.148165e+00	2.673542e+00	2.307238e-03	2.520548e+00	1.805929e-02	7.379760e-03	7.896974e-02	2.624620e-01	6.727705e-03	2.364443e-02	6.484161e+00	1.150142e-01	2.787160e-04	8.961829e+01	4.755797e-02	2.259699e+01	6.584285e+00	2.210341e+02	
1.260179e-02	1.132099e+00	3.078569e+00	7.488943e-04	2.475546e+00	5.532684e-03	5.081163e-03	1.092387e-01	3.098771e-01	7.376257e-03	2.595390e-02	7.777976e+00	1.417418e-01	1.305863e-03	8.373464e+01	6.103938e-02	1.503823e+01	6.489814e+00	2.288695e+02	
1.260468e-02	1.127083e+00	2.392690e+00	9.922821e-04	2.513269e+00	7.518663e-03	5.238959e-03	6.324090e-02	2.756583e-01	6.116207e-03	2.276366e-02	7.000150e+00	9.117920e-02	1.627741e-04	8.591209e+01	5.110603e-02	6.181234e+01	8.043919e+00	1.951299e+02	
1.260952e-02	1.119385e+00	2.132481e+00	4.336348e-04	2.546166e+00	3.184950e-03	5.401272e-03	1.197714e-01	2.921101e-01	6.593720e-03	2.703160e-02	7.228608e+00	1.537036e-01	6.993350e-04	8.515270e+01	6.289974e-02	1.348879e+02	2.785542e+00	2.161950e+02	
1.261348e-02	1.223993e+00	3.648730e+00	1.819529e-03	2.373016e+00	1.347807e-02	8.687876e-03	1.483530e-01	2.602305e-01	5.618836e-03	2.634749e-02	6.710374e+00	1.152362e-01	3.568689e-04	8.571206e+01	5.480665e-02	7.854885e+01	1.117687e+01	2.309189e+02	
1.261922e-02	1.136929e+00	1.658396e+00	6.426647e-04	2.760304e+00	4.971204e-03	4.995884e-03	1.467981e-01	2.689178e-01	6.558440e-03	2.370532e-02	6.799423e+00	1.008643e-01	5.687991e-05	8.423482e+01	5.678691e-02	2.778228e+01	1.665127e+01	1.595792e+02	
1.261999e-02	1.125068e+00	1.865846e+00	1.103032e-03	2.577972e+00	8.192525e-03	3.647405e-03	9.735134e-02	3.043320e-01	7.929653e-03	2.339866e-02	7.416538e+00	1.264754e-01	4.366054e-04	8.721677e+01	4.629175e-02	2.364311e+01	1.139962e+01	2.112090e+02	
1.262238e-02	1.083301e+00	2.999775e+00	6.312978e-04	2.525568e+00	4.575135e-03	3.370063e-03	7.163625e-02	1.981141e-01	4.329287e-03	2.439950e-02	5.059097e+00	8.291546e-02	7.720203e-04	8.292485e+01	6.048129e-02	2.474810e+01	5.705844e+00	1.439137e+02	
1.262263e-02	1.180914e+00	1.475240e+00	1.658900e-03	2.514193e+00	1.219589e-02	5.778622e-03	1.953264e-01	3.131410e-01	7.081890e-03	2.514038e-02	8.072042e+00	1.037577e-01	4.152280e-04	8.438393e+01	5.506813e-02	8.693525e+00	3.479212e+01	1.471314e+02	
1.262638e-02	1.107820e+00	2.681452e+00	1.068268e-03	2.578775e+00	8.006554e-03	4.092796e-03	7.927589e-02	2.432865e-01	6.107127e-03	2.606577e-02	6.239230e+00	1.087806e-01	5.324085e-04	8.140869e+01	5.544434e-02	3.761121e+01	1.867508e+01	1.206187e+02	
1.264810e-02	1.200887e+00	2.217456e+00	7.748865e-04	2.585688e+00	5.931344e-03	3.884880e-03	7.255585e-02	2.169833e-01	5.564128e-03	2.593178e-02	5.347569e+00	1.398430e-01	1.592425e-03	8.795079e+01	5.001555e-02	2.966174e+01	4.063786e+00	2.341411e+02	
1.264957e-02	1.176499e+00	2.683710e+00	7.889575e-04	2.598092e+00	6.144140e-03	5.954493e-03	1.043948e-01	2.481202e-01	6.158916e-03	2.384996e-02	6.196613e+00	1.092147e-01	5.105928e-04	8.492892e+01	5.422553e-02	4.647895e+01	5.670697e+00	1.689610e+02	
1.265381e-02	1.164905e+00	3.273651e+00	1.720249e-03	2.442398e+00	1.264202e-02	5.801340e-03	7.907679e-02	2.580815e-01	6.223652e-03	2.368999e-02	6.560640e+00	1.003461e-01	8.206549e-04	8.732784e+01	4.968654e-02	2.119309e+01	1.887218e+01	1.930970e+02	
1.265532e-02	1.150368e+00	4.070249e+00	4.619176e-04	2.397612e+00	3.255854e-03	3.229964e-03	6.836227e-02	2.975881e-01	6.867114e-03	2.736470e-02	7.941047e+00	1.078974e-01	1.662103e-03	8.681549e+01	5.369650e-02	4.848412e+01	4.728222e+00	2.486162e+02	
1.267112e-02	1.189989e+00	3.033196e+00	7.624023e-04	2.451505e+00	5.523189e-03	3.970232e-03	5.545033e-02	2.996246e-01	7.414195e-03	2.274170e-02	7.184848e+00	1.232456e-01	5.039630e-04	9.028033e+01	4.607559e-02	2.299334e+01	8.234035e+00	2.982816e+02	
1.268403e-02	1.176681e+00	2.564529e+00	8.259604e-04	2.586322e+00	6.206352e-03	2.920775e-03	6.494139e-02	2.444549e-01	6.259380e-03	2.236884e-02	5.978759e+00	1.042931e-01	5.174524e-04	8.937475e+01	4.527322e-02	4.592350e+01	4.087854e+00	2.387834e+02	
1.268737e-02	1.137521e+00	4.027390e+00	1.018278e-03	2.503218e+00	7.464414e-03	2.876822e-03	4.845891e-02	2.629962e-01	6.378061e-03	2.787848e-02	6.848749e+00	1.337547e-01	2.879358e-03	8.785279e+01	4.946031e-02	5.688008e+01	4.297056e+00	2.029563e+02	
1.269854e-02	1.179914e+00	3.448036e+00	1.358096e-03	2.493486e+00	1.031688e-02	9.291837e-03	2.196522e-01	2.740391e-01	6.827566e-03	2.722664e-02	6.891507e+00	1.337987e-01	3.379318e-04	8.636798e+01	5.220031e-02	7.866325e+01	9.158252e+00	1.802756e+02	
1.270056e-02	1.097033e+00	4.219505e+00	2.496027e-04	2.451901e+00	1.800934e-03	3.751045e-03	1.364945e-01	3.278058e-01	7.968653e-03	2.603164e-02	8.333111e+00	1.243248e-01	3.589693e-03	8.377904e+01	6.120641e-02	4.307002e+01	9.579003e+00	2.294127e+02	
1.270682e-02	1.146978e+00	2.854216e+00	1.146914e-03	2.625516e+00	8.702628e-03	5.121470e-03	8.205814e-02	2.661048e-01	6.509463e-03	2.913845e-02	6.928544e+00	1.390079e-01	5.934295e-04	8.260652e+01	5.784077e-02	3.047544e+01	7.180856e+00	1.338929e+02	
1.271313e-02	1.120099e+00	2.400819e+00	9.522355e-04	2.558935e+00	7.237312e-03	3.319858e-03	5.092362e-02	2.035325e-01	4.679635e-03	2.587208e-02	4.943154e+00	1.223495e-01	7.827861e-04	8.459382e+01	5.386474e-02	1.354565e+02	4.162756e+00	1.599245e+02	
1.272463e-02	1.122286e+00	2.583677e+00	4.253160e-04	2.617890e+00	3.329908e-03	3.673013e-03	5.775544e-02	2.654329e-01	6.778380e-03	2.296328e-02	6.502273e+00	1.043600e-01	2.886004e-03	8.445048e+01	6.036173e-02	3.006026e+01	6.431183e+00	2.057424e+02	
1.272479e-02	1.134901e+00	3.128262e+00	1.030969e-03	2.555087e+00	7.659167e-03	3.653275e-03	7.258443e-02	3.153387e-01	7.676481e-03	2.507145e-02	7.999322e+00	1.100462e-01	2.269922e-04	8.843501e+01	5.191577e-02	2.219393e+01	3.820950e+00	2.115971e+02	
1.273027e-02	1.141757e+00	3.205707e+00	9.591578e-04	2.526613e+00	7.127706e-03	5.133749e-03	1.452059e-01	3.022992e-01	6.859962e-03	2.798895e-02	7.826627e+00	1.460396e-01	9.889910e-04	8.694030e+01	5.096846e-02	5.591556e+01	4.672316e+00	2.341242e+02	
1.273218e-02	1.101931e+00	1.884019e+00	1.584924e-03	2.568175e+00	1.219198e-02	5.509495e-03	1.100276e-01	2.543988e-01	5.553671e-03	2.768598e-02	6.613990e+00	1.214648e-01	4.954036e-04	8.188482e+01	5.905635e-02	2.168822e+01	1.110722e+01	1.375569e+02	
1.273751e-02	1.159381e+00	1.944419e+00	2.064004e-03	2.522608e+00	1.612084e-02	1.025998e-02	1.756705e-01	2.876021e-01	6.550228e-03	2.279176e-02	6.933002e+00	1.085690e-01	2.522890e-04	8.174006e+01	5.796125e-02	2.024268e+01	1.738577e+01	1.656857e+02	
1.273887e-02	1.163009e+00	3.748396e+00	9.932167e-04	2.478898e+00	7.496116e-03	5.010729e-03	1.070051e-01	2.830467e-01	7.205683e-03	2.558210e-02	7.071043e+00	1.243884e-01	4.557999e-04	8.578996e+01	5.323235e-02	6.817379e+01	7.100996e+00	2.343401e+02	
1.274232e-02	1.191620e+00	3.843385e+00	1.578964e-03	2.488280e+00	1.167455e-02	7.478585e-03	1.108564e-01	2.198710e-01	5.019791e-03	2.741357e-02	5.625047e+00	1.272368e-01	8.092777e-04	8.663587e+01	5.052711e-02	7.135996e+01	5.555215e+00	1.920806e+02	
1.274287e-02	1.191765e+00	2.829608e+00	2.502941e-03	2.471803e+00	1.951395e-02	5.782298e-03	5.774556e-02	1.859530e-01	4.223522e-03	2.610925e-02	4.685754e+00	1.031086e-01	2.685957e-04	8.472089e+01	5.007218e-02	3.841700e+01	1.618682e+01	1.365648e+02	
1.274624e-02	1.147933e+00	2.816291e+00	8.755317e-04	2.510704e+00	6.305460e-03	2.756086e-03	7.488634e-02	2.550040e-01	6.119943e-03	2.734338e-02	6.551864e+00	1.189128e-01	3.214315e-04	8.973472e+01	4.534206e-02	1.880097e+01	5.044972e+00	2.017247e+02	
1.275465e-02	1.173331e+00	4.252872e+00	6.085552e-04	2.465676e+00	4.599016e-03	4.600554e-03	8.255937e-02	2.831927e-01	6.684009e-03	2.796473e-02	7.192850e+00	1.461059e-01	1.102432e-03	8.622485e+01	5.512336e-02	4.372488e+01	5.717945e+00	2.229281e+02	
1.275646e-02	1.162009e+00	3.553274e+00	1.066110e-03	2.479516e+00	8.033615e-03	4.968023e-03	8.610932e-02	2.607358e-01	6.564979e-03	3.070830e-02	6.753388e+00	1.785569e-01	7.264073e-04	8.890469e+01	5.255712e-02	5.433570e+01	2.496246e+00	2.622513e+02	
1.275685e-02	1.140391e+00	3.251574e+00	2.945217e-04	2.522760e+00	2.302997e-03	3.936232e-03	4.184993e-02	3.059819e-01	7.972320e-03	2.403636e-02	7.515896e+00	1.253251e-01	1.192901e-03	8.822587e+01	5.337069e-02	4.368825e+01	2.641763e+00	3.189154e+02	
1.277259e-02	1.105192e+00	2.463607e+00	7.621178e-04	2.593058e+00	5.679341e-03	6.111113e-03	1.761656e-01	3.989745e-01	9.182416e-03	2.486591e-02	1.024791e+01	1.183209e-01	3.636579e-04	8.588255e+01	5.627530e-02	3.389628e+01	9.945219e+00	2.328040e+02	
1.277891e-02	1.113106e+00	3.203994e+00	7.349334e-04	2.452209e+00	5.101515e-03	3.566532e-03	1.615698e-01	3.059811e-01	7.361797e-03	2.642287e-02	7.992140e+00	1.176712e-01	6.129705e-04	8.572506e+01	5.557837e-02	1.534086e+01	9.615825e+00	1.771624e+02	
1.278311e-02	1.212125e+00	2.531196e+00	1.339392e-03	2.474712e+00	9.625684e-03	4.866592e-03	9.986075e-02	2.636974e-01	6.202263e-03	2.835667e-02	6.875149e+00	1.382598e-01	3.544008e-04	8.506703e+01	5.010040e-02	5.049811e+01	1.369927e+01	1.836542e+02	
1.279367e-02	1.134399e+00	3.586553e+00	6.075097e-04	2.421629e+00	4.314011e-03	6.048902e-03	1.421356e-01	2.154527e-01	4.942202e-03	2.696736e-02	5.314900e+00	1.279189e-01	9.562966e-04	8.603995e+01	5.649586e-02	1.686847e+02	6.479422e+00	2.026736e+02	
1.280276e-02	1.089077e+00	3.102933e+00	8.867907e-04	2.534190e+00	6.393380e-03	3.223080e-03	7.774210e-02	2.906720e-01	7.968131e-03	2.674769e-02	7.293807e+00	1.509970e-01	9.178999e-04	8.491706e+01	5.394681e-02	1.730766e+01	1.220389e+01	1.970713e+02	
1.281324e-02	1.211449e+00	3.199461e+00	1.490164e-03	2.598797e+00	1.169549e-02	4.948225e-03	6.437082e-02	2.162710e-01	5.729942e-03	2.457047e-02	5.322171e+00	1.201771e-01	2.148754e-04	8.945991e+01	4.660701e-02	8.569438e+01	3.970986e+00	2.191870e+02	
1.281693e-02	1.184904e+00	1.893647e+00	1.360254e-03	2.535954e+00	1.015371e-02	1.002027e-02	3.460970e-01	3.769750e-01	9.749886e-03	2.326410e-02	9.643593e+00	1.073301e-01	1.350160e-04	8.584409e+01	5.554017e-02	1.522013e+01	1.786963e+01	2.416859e+02	
1.281942e-02	1.183517e+00	2.291107e+00	8.443069e-04	2.609756e+00	6.630865e-03	6.633454e-03	1.051492e-01	3.145261e-01	6.903345e-03	2.364895e-02	8.076559e+00	9.803667e-02	3.029832e-04	8.524925e+01	5.622424e-02	3.884810e+01	1.061704e+01	2.250697e+02	
1.282068e-02	1.077418e+00	3.648175e+00	7.910346e-04	2.448304e+00	5.703401e-03	3.535043e-03	4.848356e-02	2.291809e-01	5.543672e-03	2.534584e-02	5.819657e+00	1.120973e-01	1.491405e-03	8.742880e+01	5.202666e-02	1.550543e+01	5.971646e+00	1.910640e+02	
1.282292e-02	1.253568e+00	2.023175e+00	6.330174e-04	2.678762e+00	4.818203e-03	4.350177e-03	1.030802e-01	3.116196e-01	7.039937e-03	2.456853e-02	7.623262e+00	1.278821e-01	4.948667e-04	8.590844e+01	5.286078e-02	7.507332e+01	4.262848e+00	2.417973e+02	
1.282405e-02	1.227115e+00	3.246937e+00	4.986341e-04	2.537975e+00	3.701179e-03	5.920660e-03	1.066413e-01	3.138317e-01	6.746816e-03	2.623503e-02	8.180034e+00	1.158496e-01	1.072965e-03	8.461081e+01	5.528752e-02	8.644899e+01	8.117063e+00	2.196408e+02	
1.283031e-02	1.210424e+00	2.416487e+00	2.602923e-03	2.537552e+00	2.075569e-02	9.431637e-03	1.650445e-01	2.549233e-01	5.982212e-03	2.400951e-02	6.634019e+00	8.656062e-02	1.604051e-04	8.323883e+01	4.957552e-02	8.153462e+01	1.481778e+01	1.248510e+02	
1.283755e-02	1.113387e+00	2.484101e+00	6.234590e-04	2.510039e+00	4.586874e-03	8.064698e-03	2.647986e-01	2.794621e-01	6.444069e-03	2.566823e-02	7.217150e+00	1.101716e-01	1.231846e-04	8.216842e+01	6.306109e-02	1.121904e+01	1.482636e+01	1.851223e+02	
1.284172e-02	1.146040e+00	2.316496e+00	1.002071e-03	2.596069e+00	7.843871e-03	5.158213e-03	3.812537e-02	2.072309e-01	5.156828e-03	2.806481e-02	5.090354e+00	1.594696e-01	4.095792e-04	8.488382e+01	5.769312e-02	1.255301e+02	5.254190e+00	1.807785e+02	
1.284384e-02	1.165271e+00	2.179989e+00	7.186362e-04	2.638804e+00	5.578800e-03	4.845251e-03	7.272087e-02	3.272556e-01	7.553907e-03	2.125744e-02	7.979139e+00	9.207161e-02	7.624339e-04	8.662690e+01	5.540493e-02	1.794832e+01	2.820811e+00	2.588091e+02	
1.284948e-02	1.095182e+00	4.289533e+00	4.640997e-04	2.560926e+00	3.478885e-03	3.200875e-03	6.243253e-02	2.783009e-01	7.541082e-03	2.516026e-02	7.137675e+00	1.134418e-01	8.574984e-04	8.745930e+01	5.104825e-02	2.247372e+01	4.252775e+00	2.194878e+02	
1.285514e-02	1.132647e+00	4.819986e+00	5.689356e-04	2.467255e+00	4.139345e-03	3.220341e-03	4.504983e-02	2.212335e-01	4.331960e-03	2.784934e-02	5.668583e+00	1.107695e-01	1.340501e-03	8.468462e+01	5.453875e-02	5.306987e+01	6.381839e+00	1.841229e+02	
1.286911e-02	1.116356e+00	3.205676e+00	3.819946e-04	2.526371e+00	2.728754e-03	4.048044e-03	9.385623e-02	2.789085e-01	6.361726e-03	2.633552e-02	7.205397e+00	1.073494e-01	5.821398e-04	8.600829e+01	5.835930e-02	2.182839e+01	2.861564e+00	1.980301e+02	
1.287002e-02	1.183573e+00	2.399744e+00	5.448778e-04	2.595741e+00	3.972301e-03	3.043440e-03	4.325985e-02	2.040993e-01	4.841880e-03	2.478505e-02	4.829485e+00	1.413957e-01	1.213224e-03	8.834149e+01	5.085492e-02	1.658775e+02	2.252136e+00	2.414114e+02	
1.287113e-02	1.177985e+00	2.700253e+00	1.110670e-03	2.505760e+00	8.029569e-03	4.798780e-03	1.113125e-01	2.702749e-01	6.737551e-03	2.703785e-02	7.111360e+00	1.167508e-01	1.435151e-03	8.366644e+01	5.681074e-02	4.381675e+01	1.014938e+01	1.735181e+02	
1.287625e-02	1.201847e+00	3.398869e+00	1.476786e-03	2.547717e+00	1.149063e-02	1.145811e-02	1.886000e-01	2.919525e-01	6.173325e-03	2.581934e-02	7.524193e+00	1.094294e-01	3.852673e-04	8.334977e+01	6.050909e-02	9.641241e+01	7.675386e+00	1.662317e+02	
1.288403e-02	1.106634e+00	2.297634e+00	7.216064e-04	2.500062e+00	5.200333e-03	4.938263e-03	1.109230e-01	2.140649e-01	4.477156e-03	2.596204e-02	5.318093e+00	1.107389e-01	9.397419e-04	8.532981e+01	5.355181e-02	2.587167e+01	6.822058e+00	1.504347e+02	
1.289571e-02	1.168468e+00	2.537206e+00	7.810420e-04	2.479580e+00	5.516337e-03	4.140291e-03	9.299555e-02	3.401126e-01	7.625573e-03	2.590103e-02	8.535157e+00	1.385196e-01	1.163018e-03	8.533993e+01	5.910228e-02	3.531343e+01	1.366899e+01	2.336286e+02	
1.289874e-02	1.144207e+00	2.421445e+00	6.757316e-04	2.523763e+00	4.819651e-03	6.250745e-03	3.845252e-01	3.688552e-01	8.428904e-03	2.676918e-02	9.471522e+00	1.411957e-01	4.460454e-04	8.370265e+01	5.981494e-02	1.320865e+01	1.089436e+01	2.077665e+02	
1.291486e-02	1.189193e+00	3.272716e+00	9.592114e-04	2.585489e+00	7.123917e-03	4.465293e-03	1.170623e-01	2.649307e-01	6.540185e-03	2.642903e-02	6.868870e+00	1.221898e-01	8.119159e-04	8.662276e+01	5.356512e-02	9.870802e+01	5.427678e+00	2.142028e+02	
1.291897e-02	1.216190e+00	1.783379e+00	1.073178e-03	2.542435e+00	7.714702e-03	6.759249e-03	3.784803e-01	3.419471e-01	8.536647e-03	2.310212e-02	8.640126e+00	1.024824e-01	1.686569e-04	8.708548e+01	5.200999e-02	1.294889e+01	2.654753e+01	2.471266e+02	
1.292874e-02	1.150529e+00	2.409943e+00	1.173113e-03	2.558821e+00	8.867911e-03	5.897694e-03	1.167680e-01	3.164542e-01	6.989519e-03	2.464595e-02	8.025458e+00	1.180588e-01	2.523776e-04	8.646941e+01	5.146439e-02	3.808001e+01	7.492693e+00	2.345724e+02	
1.292978e-02	1.203140e+00	2.895097e+00	7.112822e-04	2.569265e+00	5.414417e-03	5.010607e-03	1.512576e-01	2.437478e-01	6.107340e-03	2.411204e-02	6.145657e+00	1.074104e-01	2.246294e-04	8.493555e+01	5.248352e-02	2.028622e+01	1.540908e+01	1.767789e+02	
1.293433e-02	1.219421e+00	3.479792e+00	1.266359e-03	2.512640e+00	9.278588e-03	3.647020e-03	1.049038e-01	2.823049e-01	7.948743e-03	2.711231e-02	7.023938e+00	1.575441e-01	8.529151e-04	8.757849e+01	5.046185e-02	6.042636e+01	4.326665e+00	2.668698e+02	
1.293626e-02	1.121987e+00	2.811401e+00	8.937047e-04	2.472805e+00	6.266092e-03	5.321205e-03	2.105406e-01	3.357075e-01	7.673996e-03	2.851294e-02	8.773216e+00	1.404944e-01	2.051443e-04	8.513682e+01	5.779323e-02	9.373275e+00	1.012915e+01	2.185783e+02	
1.294254e-02	1.115071e+00	4.241427e+00	1.080485e-03	2.421258e+00	8.031773e-03	6.715690e-03	6.577736e-02	2.493325e-01	5.676573e-03	2.590440e-02	6.390480e+00	1.147814e-01	2.188662e-03	8.304904e+01	5.411444e-02	5.918082e+01	4.618346e+00	1.527107e+02	
1.296922e-02	1.143478e+00	2.661908e+00	4.448838e-04	2.557572e+00	3.337153e-03	3.499031e-03	6.458957e-02	2.557971e-01	6.487178e-03	2.559531e-02	6.585461e+00	1.149269e-01	7.521762e-04	8.705800e+01	5.312808e-02	2.714783e+01	4.873742e+00	2.114695e+02	
1.298428e-02	1.273706e+00	4.437734e+00	1.209270e-03	2.518479e+00	9.577137e-03	6.822159e-03	4.577302e-02	1.938580e-01	4.505341e-03	2.538249e-02	4.906737e+00	9.802911e-02	5.919128e-04	8.608019e+01	4.883730e-02	1.190892e+02	4.569116e+00	1.471069e+02	
1.298775e-02	1.217710e+00	3.846451e+00	1.061065e-03	2.511085e+00	8.116915e-03	5.675909e-03	9.345140e-02	2.321975e-01	5.042341e-03	2.529072e-02	5.896961e+00	9.418961e-02	6.116744e-04	8.470321e+01	5.464882e-02	6.147813e+01	6.655472e+00	1.951264e+02	
1.299097e-02	1.164692e+00	2.388645e+00	6.775009e-04	2.599665e+00	4.978721e-03	3.362871e-03	6.214305e-02	2.576164e-01	6.671637e-03	2.412600e-02	6.376784e+00	1.226793e-01	8.926931e-04	8.865173e+01	4.873796e-02	7.489226e+01	3.822070e+00	2.119918e+02	
1.299929e-02	1.118444e+00	2.120728e+00	5.066863e-04	2.592790e+00	3.903986e-03	4.671603e-03	1.337673e-01	2.545592e-01	5.379839e-03	2.944570e-02	6.546923e+00	1.441046e-01	1.203549e-03	8.225244e+01	6.168401e-02	3.693522e+01	8.604881e+00	1.666181e+02	
1.302407e-02	1.101925e+00	3.572350e+00	4.897011e-04	2.506788e+00	3.645118e-03	4.394516e-03	3.933011e-02	3.051234e-01	7.054752e-03	2.304559e-02	7.681134e+00	9.306325e-02	2.456234e-03	8.348073e+01	6.398542e-02	6.177911e+01	1.922839e+00	1.772536e+02	
1.302733e-02	1.201009e+00	3.757758e+00	1.226542e-03	2.520577e+00	9.237759e-03	5.617802e-03	1.116575e-01	2.578065e-01	5.713907e-03	2.595403e-02	6.702686e+00	9.438442e-02	5.643365e-04	8.581552e+01	5.036075e-02	8.812534e+01	5.590751e+00	1.936710e+02	
1.302955e-02	1.149066e+00	2.553363e+00	6.650485e-04	2.519295e+00	4.921405e-03	5.325006e-03	2.067612e-01	3.039074e-01	7.650784e-03	2.494042e-02	7.865929e+00	1.113249e-01	3.058225e-04	8.476263e+01	5.996032e-02	1.134104e+02	1.223908e+01	2.298634e+02	
1.304982e-02	1.173226e+00	2.275821e+00	6.551831e-04	2.560225e+00	4.817891e-03	3.255178e-03	8.509795e-02	2.903875e-01	6.228028e-03	2.495581e-02	7.461179e+00	1.093467e-01	8.501827e-04	8.452553e+01	5.573086e-02	4.982825e+01	1.176103e+01	2.036175e+02	
1.306940e-02	1.195751e+00	2.140611e+00	1.056202e-03	2.527563e+00	7.876040e-03	4.472962e-03	1.647375e-01	2.643415e-01	6.590411e-03	2.595648e-02	6.837532e+00	1.164893e-01	6.154328e-04	8.735832e+01	4.815629e-02	5.858166e+01	9.038475e+00	2.365270e+02	
1.307984e-02	1.131027e+00	3.014813e+00	6.257837e-04	2.531096e+00	4.472831e-03	3.885316e-03	6.776483e-02	2.245638e-01	5.407858e-03	2.462643e-02	5.517559e+00	1.153142e-01	8.158402e-04	8.756599e+01	5.355213e-02	2.828602e+01	5.212816e+00	1.942899e+02	
1.308071e-02	1.161664e+00	2.263099e+00	1.240772e-03	2.510049e+00	9.294406e-03	5.069485e-03	1.256689e-01	2.240032e-01	6.210003e-03	2.618632e-02	5.576926e+00	1.351999e-01	4.319151e-04	8.268243e+01	5.684321e-02	4.275912e+01	1.766408e+01	1.548495e+02	
1.308250e-02	1.198455e+00	2.654361e+00	6.363869e-04	2.610354e+00	4.834204e-03	3.785548e-03	5.259562e-02	2.197131e-01	5.286479e-03	2.206467e-02	5.449944e+00	9.268332e-02	3.193977e-04	8.917262e+01	4.714279e-02	5.316270e+01	3.536459e+00	2.073567e+02	
1.309370e-02	1.180667e+00	4.387732e+00	9.998585e-04	2.466418e+00	7.215957e-03	6.316052e-03	1.901881e-01	2.995446e-01	6.660791e-03	2.565445e-02	7.801800e+00	1.124009e-01	1.191684e-03	8.366258e+01	5.619346e-02	3.377648e+01	7.647951e+00	1.959587e+02	
1.309551e-02	1.076796e+00	1.985427e+00	9.281922e-04	2.549984e+00	6.880725e-03	6.234025e-03	1.749739e-01	2.763079e-01	7.300459e-03	3.022572e-02	7.169621e+00	1.616278e-01	6.977250e-04	8.268909e+01	6.189097e-02	1.851221e+01	8.585368e+00	1.666016e+02	
1.321257e-02	1.130393e+00	2.658303e+00	1.288712e-03	2.454126e+00	9.540637e-03	7.776991e-03	8.397911e-02	2.612928e-01	5.868265e-03	2.590806e-02	6.647241e+00	1.074583e-01	5.963714e-04	8.443518e+01	5.759285e-02	5.029611e+01	4.981753e+00	1.810371e+02	
1.323908e-02	1.098204e+00	1.566437e+00	5.103230e-04	2.632918e+00	3.972096e-03	3.614335e-03	8.838830e-02	2.946835e-01	7.706754e-03	2.462294e-02	7.547618e+00	1.066528e-01	3.555603e-04	8.345358e+01	6.040514e-02	4.534377e+01	8.712797e+00	1.735915e+02	
1.324708e-02	1.149271e+00	1.952661e+00	5.023680e-04	2.609240e+00	3.651386e-03	3.473708e-03	8.260685e-02	2.875942e-01	7.104229e-03	2.443579e-02	7.402087e+00	1.054964e-01	4.939570e-04	8.469987e+01	5.897695e-02	2.861610e+01	5.188253e+00	1.752907e+02	
1.335137e-02	1.062716e+00	3.937871e+00	7.097145e-04	2.568285e+00	5.124298e-03	2.534533e-03	3.377486e-02	2.843889e-01	7.364706e-03	2.505409e-02	7.015236e+00	1.357958e-01	1.297418e-03	8.708547e+01	5.667016e-02	1.157621e+01	2.567736e+00	2.261021e+02	
1.341183e-02	1.217358e+00	2.394056e+00	2.110443e-03	2.490031e+00	1.636232e-02	1.118284e-02	2.079083e-01	2.875948e-01	6.622314e-03	2.629970e-02	7.598933e+00	1.133851e-01	2.118508e-04	8.305311e+01	5.419066e-02	5.433049e+01	1.359217e+01	1.553377e+02	
1.347524e-02	1.093961e+00	2.776842e+00	5.294621e-04	2.538999e+00	3.745317e-03	2.385390e-03	4.243463e-02	3.176300e-01	7.156386e-03	2.391758e-02	7.751811e+00	1.346479e-01	4.940389e-04	8.685563e+01	5.347357e-02	1.971078e+01	8.172061e+00	2.386243e+02	
