f	x(1)	x(2)	x(3)	x(4)	x(5)	x(6)	x(7)	x(8)	x(9)	x(10)	x(11)	x(12)	x(13)	x(14)	x(15)	x(16)	x(17)	x(18)	
4.373882e-01	3.165204e-03	1.272707e-05	1.542537e+00	4.772063e+00	2.839595e+01	3.685292e-03	6.468204e+01	4.756074e+00	3.568290e-04	1.356555e-01	8.748075e+02	3.319448e+01	6.432779e-05	1.338974e-03	2.111177e-02	3.462674e-01	1.050873e+01	8.845411e-04	
4.373982e-01	4.414946e-03	1.301884e-05	1.290302e+00	4.726159e+00	2.337256e+01	7.321363e-03	2.557775e+01	4.623824e+00	4.206373e-04	1.399838e-01	8.929324e+02	4.175024e+01	1.018715e-04	2.448524e-03	2.054350e-02	2.959482e-01	3.596495e+01	1.590030e-03	
4.374050e-01	2.301759e-02	1.373466e-05	1.753877e+00	4.606103e+00	3.178810e+01	3.436676e-03	1.568204e+01	4.926570e+00	5.373901e-04	1.280766e-01	7.414169e+02	7.313356e+01	1.074897e-05	1.865496e-03	2.038901e-02	6.269212e-02	6.839578e+00	1.244641e-03	
4.374114e-01	6.645032e-03	1.169495e-05	1.491637e+00	4.751420e+00	2.717665e+01	4.634766e-03	1.524167e+01	4.582886e+00	2.673582e-04	1.381607e-01	7.651873e+02	6.892521e+01	7.018610e-05	8.142695e-04	2.047466e-02	2.669093e-01	1.479383e+01	5.339436e-04	
4.374118e-01	3.043609e-03	1.220747e-05	1.524058e+00	4.623672e+00	2.703692e+01	2.561792e-03	1.673334e+01	4.921558e+00	1.816915e-04	1.302154e-01	8.453045e+02	1.770567e+01	3.526587e-05	1.843500e-03	2.046793e-02	2.379286e-01	7.983951e+00	1.244744e-03	
4.374165e-01	3.798338e-03	1.076596e-05	1.419112e+00	4.584340e+00	2.554665e+01	6.680051e-03	2.620297e+01	4.745016e+00	4.450780e-04	1.306859e-01	7.738278e+02	2.602052e+01	5.148312e-05	1.779628e-03	2.018582e-02	2.530456e-01	1.430578e+01	1.179725e-03	
4.374171e-01	2.017291e-03	1.304724e-05	1.347594e+00	4.610345e+00	2.355680e+01	6.922704e-03	9.191376e+00	4.362774e+00	1.985060e-04	1.456956e-01	8.249530e+02	4.319758e+01	7.843745e-05	9.251927e-04	1.928779e-02	4.939791e-01	4.507923e+00	5.898858e-04	
4.374178e-01	4.764543e-03	1.277653e-05	1.564586e+00	4.731708e+00	2.786160e+01	2.167479e-03	5.953152e+01	4.732603e+00	3.523159e-04	1.337721e-01	7.186287e+02	2.419441e+01	6.292515e-05	2.131765e-03	2.048847e-02	1.133012e-01	1.280445e+01	1.399843e-03	
4.374179e-01	9.568861e-03	1.397385e-05	1.526899e+00	4.628306e+00	2.742020e+01	6.758183e-03	1.742581e+01	4.547970e+00	5.099264e-04	1.395697e-01	7.452310e+02	4.075712e+01	7.458971e-05	1.085931e-03	1.960407e-02	1.549253e-01	1.255772e+01	6.960684e-04	
4.374219e-01	3.098650e-03	1.267510e-05	1.451355e+00	4.714162e+00	2.628588e+01	4.441667e-03	2.671201e+01	4.470280e+00	7.195732e-04	1.430280e-01	8.840887e+02	1.818460e+01	3.363251e-05	2.019745e-03	2.043883e-02	7.027035e-02	2.483557e+01	1.325807e-03	
4.374220e-01	2.186224e-03	1.361726e-05	1.470328e+00	4.612920e+00	2.591066e+01	5.205225e-03	1.358419e+01	4.481840e+00	3.503549e-04	1.426311e-01	7.578161e+02	5.468858e+01	8.015211e-05	1.037818e-03	1.946236e-02	9.051400e-02	1.189250e+01	6.665780e-04	
4.374221e-01	9.040460e-03	1.126725e-05	1.714288e+00	4.761985e+00	3.223080e+01	3.816331e-03	3.443802e+01	4.679526e+00	2.885226e-04	1.351971e-01	9.694166e+02	8.628569e+01	3.622801e-05	5.827627e-04	2.037661e-02	4.745542e-01	1.110270e+01	3.744539e-04	
4.374224e-01	1.812594e-03	1.127097e-05	1.097587e+00	4.849985e+00	1.861021e+01	4.519192e-03	2.481859e+01	4.598870e+00	4.437977e-04	1.400407e-01	9.215410e+02	4.682878e+01	1.020629e-04	1.069684e-03	2.046905e-02	1.079702e-01	1.921063e+01	6.888008e-04	
4.374261e-01	1.285899e-03	1.263385e-05	1.336386e+00	4.711406e+00	2.331738e+01	3.535364e-03	1.116036e+01	4.733731e+00	2.782248e-04	1.332014e-01	8.208650e+02	2.520416e+01	8.067631e-05	8.336517e-04	2.058339e-02	2.214587e-01	3.839164e+01	5.497557e-04	
4.374273e-01	1.971106e-03	1.336990e-05	1.304348e+00	4.888773e+00	2.320191e+01	2.436163e-03	2.138860e+01	4.666626e+00	2.309174e-04	1.358835e-01	9.328494e+02	9.579453e+00	9.039746e-05	1.163361e-03	2.109756e-02	4.611120e-01	1.599930e+01	7.744545e-04	
4.374276e-01	4.808596e-04	1.515377e-05	1.172772e+00	4.700876e+00	2.095011e+01	7.073721e-03	1.136787e+01	4.967304e+00	2.706991e-04	1.277145e-01	9.195214e+02	1.106951e+01	9.526257e-05	1.207317e-03	2.139784e-02	2.085212e-01	1.879134e+01	8.245083e-04	
4.374285e-01	8.981965e-04	1.170367e-05	1.271222e+00	4.872695e+00	2.213856e+01	2.737025e-03	1.239008e+01	4.790519e+00	1.871298e-04	1.332714e-01	8.814598e+02	9.873328e+00	8.054191e-05	1.120833e-03	2.054475e-02	1.868301e-01	1.532145e+01	7.209739e-04	
4.374300e-01	5.010268e-03	1.292344e-05	1.616992e+00	4.810272e+00	2.913465e+01	1.799482e-03	1.349995e+01	4.717450e+00	3.488006e-04	1.341653e-01	7.546039e+02	6.561580e+01	6.369672e-05	1.054089e-03	2.029646e-02	8.948380e-02	4.810634e+00	6.890967e-04	
4.374310e-01	1.214307e-03	1.353429e-05	9.917978e-01	4.646461e+00	1.651545e+01	6.563393e-03	2.130698e+01	4.949159e+00	3.193478e-04	1.288450e-01	8.272904e+02	3.518344e+01	9.191521e-05	2.235088e-03	2.065219e-02	3.343479e-01	1.009946e+01	1.486825e-03	
4.374336e-01	9.255794e-04	1.464572e-05	1.199048e+00	4.890984e+00	2.116028e+01	2.297217e-03	1.043084e+01	4.920220e+00	1.654214e-04	1.282214e-01	7.805990e+02	8.970468e+00	4.974363e-05	7.770269e-04	2.153759e-02	4.074194e-01	7.664493e+00	5.229616e-04	
4.374337e-01	3.091061e-03	1.256491e-05	1.576003e+00	4.740482e+00	2.801336e+01	2.722123e-03	4.565966e+01	4.573735e+00	3.061684e-04	1.414254e-01	7.984892e+02	5.355504e+01	9.038703e-05	1.311321e-03	1.983477e-02	1.657882e-01	7.741132e+00	8.400241e-04	
4.374363e-01	2.568082e-03	1.345692e-05	1.285819e+00	4.863846e+00	2.254434e+01	3.268242e-03	2.389257e+01	4.918876e+00	3.425909e-04	1.289497e-01	8.491989e+02	1.529541e+01	5.602336e-05	1.311174e-03	2.085916e-02	2.155549e-01	7.397013e+00	8.601082e-04	
4.374381e-01	2.676881e-03	1.337827e-05	1.444371e+00	4.806085e+00	2.576282e+01	3.049756e-03	5.456774e+01	4.894967e+00	3.045682e-04	1.278591e-01	7.663915e+02	3.785436e+01	8.475278e-05	2.587123e-03	2.067044e-02	1.564754e-01	1.575825e+01	1.698654e-03	
4.374423e-01	1.643156e-03	1.374266e-05	1.515481e+00	4.706358e+00	2.763827e+01	4.034191e-03	1.203862e+01	4.631710e+00	3.764285e-04	1.347057e-01	7.879709e+02	3.710390e+01	1.373168e-04	1.155452e-03	2.000971e-02	1.256743e-01	1.415505e+01	7.546127e-04	
4.374424e-01	2.241299e-03	1.512094e-05	1.460356e+00	4.888182e+00	2.757572e+01	3.958221e-03	1.370760e+01	4.758281e+00	3.455004e-04	1.342593e-01	9.003569e+02	3.451162e+01	8.141844e-05	2.100955e-03	2.165330e-02	1.304629e-01	2.348209e+01	1.410019e-03	
4.374448e-01	1.596349e-03	1.377522e-05	1.629439e+00	4.782747e+00	3.032814e+01	2.508487e-03	1.447703e+01	4.833897e+00	2.779187e-04	1.258658e-01	5.371002e+02	1.701002e+01	4.147592e-05	8.271800e-04	2.136171e-02	2.633730e-01	1.513984e+01	5.558687e-04	
4.374462e-01	1.529544e-03	1.323916e-05	1.405686e+00	4.725474e+00	2.446817e+01	1.842521e-03	1.644767e+01	4.896921e+00	2.176049e-04	1.310179e-01	7.572300e+02	5.382184e+01	5.523564e-05	3.914716e-04	2.067367e-02	5.213182e-01	4.907935e+00	2.614356e-04	
4.374468e-01	1.508022e-03	1.237005e-05	1.435058e+00	4.714356e+00	2.450337e+01	2.354076e-03	5.452628e+01	4.780480e+00	1.469882e-04	1.327731e-01	7.694166e+02	5.515365e+01	7.216784e-05	6.322066e-04	2.026043e-02	1.043427e+00	2.739055e+00	4.119235e-04	
4.374469e-01	5.484019e-03	1.150303e-05	1.527734e+00	4.697680e+00	2.651195e+01	2.753571e-03	2.420804e+01	4.434456e+00	2.654696e-04	1.446704e-01	7.696017e+02	1.097411e+02	7.424784e-05	2.480672e-04	1.926117e-02	5.610899e-01	6.853387e+00	1.586337e-04	
4.374497e-01	7.532837e-04	1.287905e-05	1.190498e+00	4.783724e+00	2.039943e+01	3.410132e-03	2.442637e+01	4.929930e+00	3.362003e-04	1.261835e-01	7.117846e+02	2.225390e+01	1.040411e-04	1.177047e-03	2.101980e-02	2.980378e-01	1.298426e+01	7.835584e-04	
4.374532e-01	1.333048e-03	1.299801e-05	1.160027e+00	4.661396e+00	1.937327e+01	4.869432e-03	2.279643e+01	4.693365e+00	2.878714e-04	1.302437e-01	6.173870e+02	1.053190e+01	1.087370e-04	1.075220e-03	2.014585e-02	3.155534e-01	6.362610e+00	7.076476e-04	
4.374536e-01	5.296001e-03	1.427536e-05	1.443122e+00	4.863888e+00	2.598231e+01	4.858280e-03	1.725682e+01	4.795498e+00	4.372977e-04	1.345880e-01	9.880515e+02	1.506558e+01	4.672246e-05	1.594914e-03	2.108700e-02	1.289456e-01	1.053980e+01	1.032288e-03	
4.374540e-01	4.486691e-03	1.093774e-05	1.488182e+00	4.570949e+00	2.651833e+01	5.899872e-03	1.860401e+01	4.886190e+00	4.149814e-04	1.328937e-01	7.549372e+02	1.160675e+02	3.902910e-05	2.058299e-03	2.070441e-02	2.987961e-01	9.643910e+00	1.381630e-03	
4.374552e-01	2.169855e-03	1.439613e-05	1.357331e+00	4.857944e+00	2.399118e+01	2.619775e-03	2.183184e+01	4.660937e+00	3.531023e-04	1.332528e-01	7.317907e+02	5.439284e+00	4.131162e-05	1.393805e-03	2.084592e-02	1.458481e-01	1.757550e+01	9.038871e-04	
4.374568e-01	8.056048e-04	1.446413e-05	1.267229e+00	4.795866e+00	2.215875e+01	3.211505e-03	1.469611e+01	4.821469e+00	5.330681e-04	1.263559e-01	6.604209e+02	4.379328e+00	1.105386e-04	7.026549e-04	2.129094e-02	1.216458e-01	1.646992e+01	4.762177e-04	
4.374578e-01	1.320660e-03	1.380737e-05	1.257221e+00	4.641058e+00	2.187603e+01	6.046709e-03	3.411384e+01	4.996186e+00	3.113042e-04	1.225490e-01	6.078035e+02	2.151967e+01	1.690659e-04	2.040931e-03	2.094553e-02	4.028587e-01	3.924679e+01	1.362669e-03	
4.374591e-01	1.478278e-03	1.323832e-05	9.462707e-01	4.814351e+00	1.578412e+01	3.225911e-03	1.275191e+01	4.891770e+00	4.704086e-04	1.267787e-01	7.036388e+02	1.394097e+01	8.606182e-05	7.536327e-04	2.072977e-02	9.280173e-01	6.945594e+01	5.002897e-04	
4.374600e-01	4.633002e-03	1.390375e-05	1.302844e+00	4.867168e+00	2.349402e+01	2.369523e-03	5.528522e+01	4.771424e+00	6.294084e-04	1.328708e-01	8.393488e+02	3.672297e+01	3.381358e-05	3.162962e-03	2.189868e-02	4.716948e-01	4.789256e+01	2.186901e-03	
4.374608e-01	2.094519e-03	1.259719e-05	1.130682e+00	4.809756e+00	1.898103e+01	2.806180e-03	9.688386e+01	4.946025e+00	4.549360e-04	1.287655e-01	8.382911e+02	1.266613e+01	6.393868e-05	1.010335e-03	2.058859e-02	3.782490e-01	2.279114e+01	6.594199e-04	
4.374612e-01	2.200912e-03	1.115772e-05	1.083055e+00	4.892938e+00	1.887626e+01	4.712293e-03	2.728440e+01	5.020615e+00	3.638797e-04	1.268975e-01	8.844785e+02	6.332754e+01	5.741842e-05	2.849944e-03	2.140395e-02	1.023597e-01	1.002589e+01	1.867517e-03	
4.374615e-01	8.653575e-04	1.230842e-05	1.038149e+00	4.747802e+00	1.753314e+01	4.998465e-03	1.901455e+01	4.788400e+00	2.006629e-04	1.306359e-01	6.699206e+02	3.041169e+01	5.618893e-05	1.335902e-03	2.040261e-02	2.641298e-01	1.568674e+01	8.897798e-04	
4.374620e-01	4.660232e-03	1.311718e-05	1.346513e+00	4.599688e+00	2.342211e+01	4.848054e-03	2.931717e+01	4.835319e+00	3.226036e-04	1.281845e-01	7.840033e+02	1.099341e+02	4.379563e-05	9.574238e-04	1.966914e-02	5.237454e-01	1.309765e+01	6.254159e-04	
4.374634e-01	3.178159e-03	1.258501e-05	1.518622e+00	4.665409e+00	2.641466e+01	1.238304e-03	1.209225e+01	4.694393e+00	2.413963e-04	1.299285e-01	5.389685e+02	2.947512e+01	7.924989e-05	8.861606e-04	1.952092e-02	8.134246e-02	5.255987e+00	5.826472e-04	
4.374636e-01	1.162647e-03	1.284547e-05	1.391360e+00	4.799151e+00	2.512608e+01	2.926677e-03	1.513966e+01	5.182076e+00	2.071948e-04	1.199050e-01	7.728847e+02	1.665011e+01	1.811371e-04	9.096226e-04	2.170691e-02	3.069800e-01	1.216168e+01	6.227178e-04	
4.374640e-01	2.578616e-03	1.453551e-05	1.338900e+00	4.708448e+00	2.421036e+01	4.211480e-03	1.437129e+01	4.941222e+00	4.245168e-04	1.269514e-01	7.600966e+02	2.927218e+01	1.284523e-04	2.976090e-03	2.190644e-02	6.306155e-02	1.843804e+01	2.056251e-03	
4.374643e-01	6.536489e-03	1.167103e-05	1.560580e+00	4.683499e+00	2.750300e+01	3.747424e-03	1.417475e+01	4.668542e+00	5.166530e-04	1.408715e-01	9.051961e+02	6.854067e+01	4.332337e-05	5.619398e-04	2.054378e-02	5.120854e-01	7.116884e+00	3.700956e-04	
4.374649e-01	2.292295e-03	1.377068e-05	1.477401e+00	4.811997e+00	2.692058e+01	2.873430e-03	1.284186e+01	5.114852e+00	3.685483e-04	1.257585e-01	7.730322e+02	1.541622e+01	6.819140e-05	1.095414e-03	2.229932e-02	2.972253e-01	1.421593e+01	7.527734e-04	
4.374651e-01	1.917251e-03	1.150610e-05	1.273837e+00	4.711899e+00	2.237860e+01	5.272644e-03	1.824907e+01	4.477165e+00	2.684442e-04	1.406531e-01	7.492780e+02	1.533280e+01	1.336311e-04	1.117328e-03	1.978165e-02	1.505042e-01	2.074894e+01	7.098658e-04	
4.374663e-01	1.584466e-03	1.214232e-05	1.374962e+00	4.533523e+00	2.308168e+01	4.480098e-03	1.302091e+01	4.415475e+00	3.816033e-04	1.408725e-01	6.576188e+02	5.006050e+01	7.512819e-05	6.403238e-04	1.828764e-02	1.246470e-01	1.150086e+01	4.100292e-04	
4.374675e-01	1.137696e-03	1.450139e-05	1.014442e+00	4.968088e+00	1.757166e+01	2.672757e-03	2.745312e+01	4.851041e+00	4.843206e-04	1.289255e-01	6.788839e+02	1.334015e+01	8.372909e-05	1.445749e-03	2.134344e-02	3.589739e-01	2.062329e+01	9.653134e-04	
4.374702e-01	4.776915e-03	1.294024e-05	1.615254e+00	4.600480e+00	2.829962e+01	2.172741e-03	9.099995e+00	4.854355e+00	3.605171e-04	1.289748e-01	8.726925e+02	7.394969e+01	5.193099e-05	6.987208e-04	1.904230e-02	6.720163e-02	3.598388e+00	4.579841e-04	
4.374713e-01	3.183346e-03	1.105989e-05	1.428014e+00	4.813151e+00	2.645355e+01	2.770360e-03	1.622132e+01	4.985395e+00	2.676502e-04	1.257705e-01	7.359389e+02	4.822207e+01	5.936018e-05	6.502342e-04	2.142036e-02	2.045795e-01	1.031618e+01	4.368781e-04	
4.374726e-01	1.075538e-02	1.170076e-05	1.749895e+00	4.576913e+00	3.102604e+01	3.061009e-03	1.422746e+01	4.416673e+00	2.660250e-04	1.465956e-01	8.616893e+02	5.482368e+01	5.642546e-05	9.262549e-04	1.941625e-02	1.818948e-01	7.059358e+00	6.064145e-04	
4.374727e-01	3.898622e-03	1.202911e-05	1.252750e+00	4.814688e+00	2.236669e+01	3.320376e-03	2.283690e+01	4.691791e+00	4.427745e-04	1.395308e-01	8.554716e+02	5.494399e+01	7.418619e-05	4.038641e-04	2.102042e-02	4.653601e-01	2.549921e+01	2.701118e-04	
4.374736e-01	1.752092e-03	1.215853e-05	1.332673e+00	4.780854e+00	2.422556e+01	2.976878e-03	9.814664e+00	5.094829e+00	2.321026e-04	1.235637e-01	7.790629e+02	2.147002e+01	4.990473e-05	1.846581e-03	2.199020e-02	8.311904e-02	3.842766e+00	1.302874e-03	
4.374736e-01	3.486075e-03	1.343205e-05	1.521571e+00	4.833340e+00	2.843285e+01	3.951702e-03	2.145561e+01	4.978320e+00	3.620457e-04	1.270171e-01	6.454638e+02	9.181488e+01	5.311262e-05	1.373807e-03	2.146143e-02	1.082227e-01	2.808935e+01	9.030517e-04	
4.374748e-01	1.472944e-03	1.281019e-05	1.231033e+00	4.724653e+00	2.037475e+01	2.440493e-03	3.321715e+01	4.505871e+00	2.146698e-04	1.385691e-01	7.242343e+02	3.324841e+01	7.322093e-05	3.645257e-04	1.916769e-02	9.547464e-01	2.997156e+01	2.297946e-04	
4.374749e-01	9.898702e-03	1.506304e-05	1.655594e+00	4.889971e+00	3.193474e+01	3.956836e-03	1.839087e+01	4.799588e+00	5.778906e-04	1.334744e-01	6.815604e+02	3.827981e+01	5.033556e-05	1.306679e-03	2.245907e-02	2.011339e-01	1.452779e+01	8.805034e-04	
4.374764e-01	1.861047e-03	1.588027e-05	1.337273e+00	4.714040e+00	2.385598e+01	4.513823e-03	1.633926e+01	4.507014e+00	6.778744e-04	1.380723e-01	7.627647e+02	1.657160e+01	4.616335e-05	1.914261e-03	1.980873e-02	1.503614e-01	2.412773e+01	1.236030e-03	
4.374772e-01	6.400064e-04	1.316955e-05	1.304917e+00	4.666702e+00	2.249812e+01	4.370880e-03	2.250280e+01	4.821237e+00	3.026207e-04	1.281316e-01	8.418678e+02	6.296565e+00	9.559577e-05	1.250383e-03	2.074637e-02	5.856234e-01	9.882093e+00	8.485893e-04	
4.374782e-01	1.925463e-03	1.383406e-05	1.319271e+00	4.764302e+00	2.375390e+01	3.820557e-03	3.064622e+01	4.788651e+00	3.554708e-04	1.266740e-01	5.303849e+02	1.007619e+01	1.395717e-04	9.915164e-04	2.090629e-02	5.316123e-01	1.723629e+01	6.676871e-04	
4.374801e-01	8.971048e-04	1.409153e-05	9.980294e-01	4.755203e+00	1.642414e+01	3.048910e-03	2.225769e+01	4.694517e+00	3.966883e-04	1.283067e-01	5.302906e+02	6.985520e+00	4.444907e-05	2.713328e-03	2.001674e-02	1.543027e-01	3.363011e+01	1.783133e-03	
4.374815e-01	1.337820e-03	1.091839e-05	1.194558e+00	4.919763e+00	2.083989e+01	2.328978e-03	4.618887e+01	4.533931e+00	2.418118e-04	1.397541e-01	8.229149e+02	6.373410e+01	8.736361e-05	7.111444e-04	2.057761e-02	1.507906e-01	1.597950e+01	4.555958e-04	
4.374833e-01	4.437232e-03	1.144131e-05	1.456569e+00	4.860972e+00	2.719272e+01	2.882194e-03	2.234824e+01	4.726667e+00	4.939437e-04	1.291605e-01	5.291677e+02	1.881917e+01	2.300540e-05	5.158334e-04	2.131468e-02	1.864699e-01	3.170658e+01	3.434967e-04	
4.374844e-01	3.567631e-03	1.501220e-05	1.076189e+00	4.806904e+00	1.836147e+01	3.004850e-03	2.095486e+01	4.924386e+00	3.626625e-04	1.253806e-01	5.809997e+02	3.997055e+01	3.586138e-05	2.385665e-03	2.154433e-02	3.146253e-01	1.008916e+01	1.641948e-03	
4.374856e-01	7.766556e-03	1.248036e-05	1.825640e+00	4.605205e+00	3.424926e+01	6.403225e-03	2.114118e+01	4.651513e+00	5.300907e-04	1.391051e-01	8.675233e+02	7.377512e+01	3.593910e-05	6.566698e-04	1.994542e-02	4.069958e-02	2.299569e+01	4.289895e-04	
4.374862e-01	1.873242e-03	1.151355e-05	1.335274e+00	4.627778e+00	2.309348e+01	7.063364e-03	1.961882e+01	4.821552e+00	3.737371e-04	1.274925e-01	6.391828e+02	2.559073e+01	8.014724e-05	1.294535e-03	2.020642e-02	6.080304e-01	1.123361e+01	8.498392e-04	
4.374867e-01	1.860120e-03	1.596703e-05	1.013064e+00	4.756161e+00	1.676319e+01	2.453972e-03	1.055625e+01	4.645402e+00	4.533491e-04	1.370822e-01	8.090190e+02	2.723848e+01	6.476645e-05	1.778135e-03	2.072596e-02	8.416589e-02	2.040443e+01	1.189087e-03	
4.374868e-01	8.114368e-04	1.211401e-05	9.924507e-01	4.686804e+00	1.614103e+01	3.583072e-03	3.398841e+01	4.850854e+00	1.916280e-04	1.284241e-01	6.067521e+02	1.238112e+01	5.740879e-05	1.724633e-03	2.021235e-02	1.843895e-01	1.115407e+01	1.150722e-03	
4.374876e-01	1.316932e-03	1.380588e-05	1.428583e+00	4.673100e+00	2.446530e+01	4.179783e-03	1.250671e+01	4.723723e+00	4.995596e-04	1.289500e-01	6.158188e+02	7.487763e+00	1.009611e-04	1.857481e-03	2.028659e-02	9.180792e-02	1.325320e+01	1.218213e-03	
4.374878e-01	6.057573e-03	1.139704e-05	1.387491e+00	4.436160e+00	2.309215e+01	4.812147e-03	2.565933e+01	4.492204e+00	3.291638e-04	1.373419e-01	7.161261e+02	5.164519e+01	6.902931e-05	6.987890e-04	1.903104e-02	8.851085e-02	1.212463e+01	4.566893e-04	
4.374898e-01	3.821106e-03	1.101641e-05	1.237444e+00	4.782628e+00	2.103835e+01	5.629928e-03	9.875826e+00	4.417914e+00	1.997362e-04	1.472999e-01	8.846065e+02	1.539977e+02	5.060870e-05	3.814532e-04	1.952879e-02	4.152366e-01	4.252487e+00	2.347584e-04	
4.374901e-01	7.250503e-04	1.398305e-05	8.694560e-01	4.912364e+00	1.447495e+01	2.663275e-03	3.649387e+01	4.691107e+00	3.825114e-04	1.339134e-01	7.672015e+02	2.447691e+01	1.088131e-04	1.887573e-03	2.014741e-02	2.704049e-01	4.081123e+01	1.242333e-03	
4.374908e-01	6.813670e-04	1.325868e-05	1.019462e+00	4.832862e+00	1.756445e+01	4.924789e-03	1.318090e+01	4.521625e+00	4.913719e-04	1.352261e-01	5.588184e+02	2.190051e+01	6.869665e-05	1.113576e-03	2.083486e-02	1.500248e-01	2.416296e+01	7.320364e-04	
4.374914e-01	4.053189e-03	1.289026e-05	1.456918e+00	4.927421e+00	2.744575e+01	2.880085e-03	2.263190e+01	5.035302e+00	3.525354e-04	1.276822e-01	7.075187e+02	3.691893e+01	8.680594e-05	1.962282e-03	2.214268e-02	1.764317e-01	1.799418e+01	1.317129e-03	
4.374914e-01	2.201341e-03	1.446698e-05	1.374665e+00	4.726615e+00	2.324911e+01	3.302505e-03	4.403088e+01	4.719699e+00	3.255566e-04	1.319735e-01	6.618728e+02	1.797217e+01	1.047236e-04	2.052863e-03	1.988400e-02	6.621242e-02	6.790461e+00	1.310868e-03	
4.374925e-01	4.272746e-03	1.225464e-05	1.525329e+00	4.736503e+00	2.757485e+01	6.656531e-03	3.858178e+01	4.793081e+00	2.522007e-04	1.283628e-01	6.179407e+02	6.764894e+01	8.037683e-05	2.310102e-03	2.053938e-02	1.171032e-01	1.188407e+01	1.479608e-03	
4.374930e-01	1.301528e-03	1.496400e-05	1.122666e+00	4.746830e+00	1.933185e+01	3.054819e-03	1.706013e+01	5.320311e+00	5.338282e-04	1.179163e-01	8.274526e+02	5.505183e+00	5.625925e-05	2.677518e-03	2.164460e-02	1.976181e-01	3.720306e+01	1.870484e-03	
4.374933e-01	4.763429e-03	1.409562e-05	1.321798e+00	4.609488e+00	2.378565e+01	4.907033e-03	1.627446e+01	4.866659e+00	3.059126e-04	1.268157e-01	6.226950e+02	5.669612e+01	4.919401e-05	2.861970e-03	2.128256e-02	1.514507e-01	1.437548e+01	2.009458e-03	
4.374942e-01	1.963780e-03	1.187796e-05	1.323062e+00	4.512193e+00	2.258725e+01	4.562054e-03	1.568523e+01	4.447563e+00	2.103002e-04	1.407148e-01	6.997076e+02	4.159161e+01	1.243057e-04	3.672891e-04	1.930111e-02	2.941280e-01	1.204194e+01	2.457070e-04	
4.374978e-01	2.375793e-03	1.126947e-05	1.048468e+00	4.854748e+00	1.857779e+01	2.549472e-03	1.438078e+01	4.951039e+00	2.285878e-04	1.283078e-01	8.333609e+02	4.938208e+01	2.846334e-05	4.937208e-04	2.203599e-02	4.880674e-01	5.200765e+00	3.435426e-04	
4.375002e-01	2.163634e-03	1.188010e-05	1.047561e+00	4.688978e+00	1.746185e+01	2.233047e-03	2.371810e+01	4.587367e+00	2.015739e-04	1.365235e-01	6.938098e+02	3.086366e+01	6.447819e-05	1.219009e-03	2.002524e-02	2.517972e-01	5.163421e+00	8.203649e-04	
4.375003e-01	1.155753e-03	1.306898e-05	9.656218e-01	4.722683e+00	1.538312e+01	3.536525e-03	9.524345e+00	4.616766e+00	2.909232e-04	1.394142e-01	7.805759e+02	6.480353e+01	8.071961e-05	1.411915e-03	1.991131e-02	1.894362e-01	1.249116e+01	9.157100e-04	
4.375005e-01	1.662754e-03	1.365708e-05	1.460030e+00	4.500420e+00	2.495746e+01	5.787635e-03	1.208262e+01	4.430264e+00	3.536161e-04	1.415029e-01	6.028894e+02	4.145515e+01	9.455568e-05	8.610343e-04	1.917320e-02	1.842551e-01	1.794558e+01	5.485668e-04	
4.375006e-01	6.750287e-04	1.077161e-05	8.424740e-01	4.691457e+00	1.334903e+01	3.673684e-03	2.092054e+01	4.645787e+00	2.051964e-04	1.312312e-01	6.188147e+02	1.440506e+01	1.060218e-04	1.281856e-03	1.990021e-02	4.629861e-01	2.349673e+01	8.429864e-04	
4.375016e-01	1.841765e-03	1.427837e-05	9.014164e-01	4.844681e+00	1.527814e+01	3.849108e-03	3.450123e+01	4.637227e+00	2.711279e-04	1.348826e-01	8.239551e+02	1.642830e+01	1.817830e-04	1.576023e-03	2.055479e-02	2.374899e-01	2.785257e+01	1.035935e-03	
4.375017e-01	4.935907e-04	1.168050e-05	1.009213e+00	4.785013e+00	1.641219e+01	3.205515e-03	1.655634e+01	4.773534e+00	1.439802e-04	1.302694e-01	7.316435e+02	1.245639e+01	2.086013e-04	1.892970e-03	2.071633e-02	2.515250e-01	1.590823e+01	1.250525e-03	
4.375033e-01	6.744739e-03	1.510390e-05	1.726304e+00	4.837435e+00	3.228880e+01	4.260411e-03	1.550856e+01	4.617569e+00	7.039876e-04	1.387393e-01	8.135307e+02	1.750236e+01	9.592296e-05	1.254464e-03	2.042884e-02	7.315413e-02	1.893407e+01	8.044330e-04	
4.375038e-01	7.955737e-04	1.291746e-05	9.214559e-01	4.873492e+00	1.563949e+01	1.898663e-03	1.581091e+01	4.925147e+00	2.129381e-04	1.295277e-01	8.228226e+02	1.503328e+01	1.108221e-04	5.015903e-04	2.107092e-02	2.069869e-01	1.563922e+01	3.456938e-04	
4.375044e-01	2.227816e-03	1.339334e-05	1.181841e+00	4.665183e+00	1.943130e+01	2.657654e-03	2.655823e+01	4.899422e+00	3.740127e-04	1.264957e-01	6.169461e+02	3.374082e+01	4.486192e-05	2.953180e-03	2.072199e-02	3.116035e-01	1.742176e+01	2.008904e-03	
4.375054e-01	2.138344e-03	1.407090e-05	1.133230e+00	4.850308e+00	2.025714e+01	4.302221e-03	1.230789e+01	4.972900e+00	4.377362e-04	1.238044e-01	6.717922e+02	2.567080e+01	7.528651e-05	4.569444e-03	2.276390e-02	6.056012e-02	2.855161e+01	3.205088e-03	
4.375059e-01	3.339809e-03	1.260415e-05	9.765841e-01	4.766368e+00	1.635008e+01	3.895023e-03	1.010122e+01	4.476034e+00	3.968177e-04	1.371809e-01	5.840350e+02	1.865719e+01	3.003453e-05	1.387506e-03	2.030125e-02	5.236853e-02	1.335575e+01	9.240874e-04	
4.375072e-01	4.641500e-03	1.253752e-05	1.383253e+00	4.706752e+00	2.470079e+01	3.589229e-03	1.616996e+01	4.623765e+00	2.995683e-04	1.387129e-01	7.126151e+02	4.767450e+01	1.641636e-05	1.940347e-03	1.998807e-02	4.656817e-02	1.079251e+01	1.259647e-03	
4.375076e-01	6.945462e-03	1.420943e-05	1.788256e+00	4.676670e+00	3.221208e+01	1.742785e-03	1.742672e+01	4.975485e+00	2.078220e-04	1.244979e-01	8.432835e+02	1.792956e+01	4.186212e-05	1.447999e-03	2.094174e-02	1.100198e-01	1.221786e+01	9.758942e-04	
4.375102e-01	1.074658e-02	1.395681e-05	1.494100e+00	4.521937e+00	2.528622e+01	3.862024e-03	8.909409e+00	4.345852e+00	3.672724e-04	1.436686e-01	6.744042e+02	2.071661e+01	2.585959e-05	7.153682e-04	1.943234e-02	3.662697e-02	7.252372e+00	4.720326e-04	
4.375105e-01	3.845831e-03	1.400023e-05	1.166868e+00	4.816591e+00	1.997074e+01	2.413915e-03	1.105310e+01	4.807109e+00	3.963924e-04	1.291348e-01	7.817577e+02	2.699674e+01	7.454284e-05	2.758396e-03	2.137790e-02	1.336351e-01	1.505481e+01	1.856120e-03	
4.375106e-01	7.780260e-04	1.261686e-05	9.321600e-01	4.870792e+00	1.625343e+01	2.582694e-03	1.784841e+01	5.179457e+00	2.984856e-04	1.215524e-01	7.870272e+02	4.128552e+00	3.976257e-05	1.073754e-03	2.254021e-02	4.429309e-01	9.654508e+00	7.622120e-04	
4.375121e-01	1.335360e-03	1.204544e-05	1.077866e+00	4.704614e+00	1.825566e+01	3.018947e-03	5.104010e+00	4.753795e+00	2.182323e-04	1.361772e-01	8.215484e+02	3.051074e+01	6.373567e-05	3.898525e-04	2.004285e-02	4.770733e-01	1.003589e+01	2.633633e-04	
4.375122e-01	1.758206e-03	1.271824e-05	1.082606e+00	4.796630e+00	1.801184e+01	2.560842e-03	1.237954e+01	4.858568e+00	3.397330e-04	1.281199e-01	6.074104e+02	1.013291e+01	4.556342e-05	1.796282e-03	2.096474e-02	3.091969e-01	4.338494e+01	1.190029e-03	
4.375126e-01	4.058386e-04	1.212975e-05	1.025915e+00	4.799582e+00	1.693439e+01	1.831128e-03	2.054067e+01	4.922155e+00	1.001597e-04	1.236849e-01	5.203467e+02	1.156210e+01	5.778793e-05	1.736055e-03	2.108940e-02	3.183567e-01	7.855112e+00	1.178112e-03	
4.375136e-01	3.869635e-03	1.386400e-05	1.530224e+00	4.744843e+00	2.749091e+01	2.257448e-03	3.964972e+01	4.833439e+00	3.900564e-04	1.313658e-01	6.245183e+02	8.492331e+00	6.678661e-05	1.335250e-03	2.121970e-02	1.073182e-01	2.338915e+01	9.002580e-04	
4.375144e-01	1.909048e-03	1.409999e-05	1.356405e+00	4.740758e+00	2.399622e+01	4.293586e-03	8.923898e+00	4.732873e+00	6.871102e-04	1.384097e-01	8.071345e+02	1.269187e+02	1.066979e-04	1.085856e-03	2.036897e-02	1.930099e-01	1.144986e+01	6.992488e-04	
4.375145e-01	5.220976e-03	1.435332e-05	1.317736e+00	4.689926e+00	2.294319e+01	3.423655e-03	2.360110e+01	4.838345e+00	5.236769e-04	1.253734e-01	7.014243e+02	1.283139e+01	6.387165e-05	9.204535e-04	2.013528e-02	8.931603e-02	8.352073e+00	6.162221e-04	
4.375147e-01	1.559381e-03	1.241489e-05	1.258392e+00	4.771090e+00	2.118928e+01	2.137360e-03	2.746423e+01	4.963459e+00	1.875332e-04	1.243238e-01	5.443245e+02	9.089825e+01	8.366464e-05	4.777071e-04	2.055743e-02	2.817857e-01	5.660950e+00	3.162536e-04	
4.375147e-01	3.003679e-03	1.059425e-05	1.399322e+00	4.635349e+00	2.458023e+01	7.959753e-03	1.181968e+01	4.562230e+00	2.091492e-04	1.374412e-01	6.715550e+02	2.837387e+01	8.985764e-05	6.045269e-04	2.068792e-02	2.056314e-01	5.460761e+00	3.981226e-04	
4.375151e-01	2.654235e-03	1.166968e-05	1.320601e+00	4.651530e+00	2.257338e+01	2.115726e-03	1.470546e+01	4.647441e+00	1.796162e-04	1.322126e-01	6.505955e+02	1.590483e+01	3.623011e-05	9.264710e-04	1.918169e-02	3.462996e-01	1.111073e+01	6.163565e-04	
4.375153e-01	2.168014e-03	1.395503e-05	1.278010e+00	4.741443e+00	2.174778e+01	2.537527e-03	9.101229e+00	4.460061e+00	3.976960e-04	1.371456e-01	5.558699e+02	2.345194e+01	7.623702e-05	8.210240e-04	2.028950e-02	2.099742e-01	2.100387e+01	5.469336e-04	
4.375160e-01	6.299578e-04	1.432022e-05	1.199286e+00	4.791266e+00	2.131936e+01	3.022611e-03	1.004394e+01	5.384936e+00	1.367667e-04	1.136899e-01	6.946827e+02	6.970555e+00	7.338991e-05	1.527751e-03	2.257780e-02	3.812524e-01	1.238175e+01	1.090356e-03	
4.375176e-01	1.037733e-03	1.330697e-05	9.810550e-01	4.733962e+00	1.617638e+01	2.950346e-03	1.336054e+01	4.999501e+00	1.673854e-04	1.214752e-01	6.566145e+02	2.086144e+01	1.113210e-04	1.122822e-03	2.025912e-02	4.892385e-01	1.531778e+01	7.485838e-04	
4.375181e-01	3.688402e-03	1.146169e-05	1.322481e+00	4.696084e+00	2.209304e+01	1.987903e-03	1.586235e+01	4.552294e+00	3.095320e-04	1.437314e-01	8.831755e+02	4.794399e+01	2.990686e-05	1.037162e-03	2.016635e-02	7.578785e-02	1.336380e+01	6.779570e-04	
4.375189e-01	1.438492e-03	1.481216e-05	1.185350e+00	4.689705e+00	2.087153e+01	5.153747e-03	1.158484e+01	4.529954e+00	4.077867e-04	1.364617e-01	6.379592e+02	6.106724e+01	1.736743e-04	2.972436e-03	1.959927e-02	1.557341e-01	3.453666e+01	1.940116e-03	
4.375193e-01	2.606352e-03	1.354528e-05	1.625250e+00	4.703819e+00	2.855480e+01	2.566861e-03	1.456258e+01	4.502017e+00	5.258361e-04	1.378957e-01	5.395124e+02	4.246321e+01	1.766373e-04	4.625708e-04	1.986928e-02	1.135946e-01	1.630466e+01	3.006864e-04	
4.375200e-01	5.363391e-03	1.315470e-05	1.349600e+00	4.785939e+00	2.350100e+01	4.768772e-03	6.396705e+01	4.315517e+00	3.934052e-04	1.455333e-01	8.814910e+02	2.992474e+01	3.794762e-05	8.907804e-04	1.943253e-02	3.071288e-01	2.210706e+01	5.481636e-04	
4.375224e-01	1.809954e-03	1.356033e-05	1.309201e+00	4.703181e+00	2.343978e+01	4.425711e-03	1.095201e+01	4.717941e+00	1.938131e-04	1.385300e-01	8.003567e+02	9.194507e+01	6.721352e-05	1.885557e-03	2.027216e-02	1.398003e-01	1.922987e+01	1.249356e-03	
4.375231e-01	2.632826e-03	1.391779e-05	1.793571e+00	4.444221e+00	3.174766e+01	3.531420e-03	9.828408e+00	4.427821e+00	4.072233e-04	1.385055e-01	7.493220e+02	2.578500e+01	6.408854e-05	1.181708e-03	1.891577e-02	4.370382e-02	9.272471e+00	7.832816e-04	
4.375239e-01	1.518900e-03	1.383298e-05	1.238222e+00	4.888350e+00	2.125586e+01	2.595266e-03	2.014336e+01	4.925866e+00	3.957953e-04	1.232596e-01	5.834446e+02	1.246847e+01	9.422716e-05	1.957989e-03	2.122900e-02	4.310979e-01	1.560310e+01	1.296246e-03	
4.375239e-01	8.943297e-03	1.396213e-05	1.549434e+00	4.706718e+00	2.917541e+01	8.285282e-03	1.493435e+01	4.509921e+00	4.562878e-04	1.385316e-01	8.151842e+02	3.173649e+01	6.018260e-05	4.691987e-03	2.012545e-02	3.475494e-02	1.018704e+01	3.020104e-03	
4.375242e-01	9.071300e-03	1.268555e-05	1.408508e+00	4.891193e+00	2.543236e+01	3.983758e-03	2.294458e+01	4.675656e+00	3.818096e-04	1.408604e-01	8.864432e+02	8.935498e+01	3.362036e-05	7.350218e-04	2.073460e-02	1.376335e-01	1.678543e+01	4.624829e-04	
4.375248e-01	2.055565e-03	1.133179e-05	1.374190e+00	4.686506e+00	2.421940e+01	5.812182e-03	1.235590e+01	4.681625e+00	1.556886e-04	1.292709e-01	5.799444e+02	1.342793e+01	6.774479e-05	3.221005e-04	2.081674e-02	3.824722e-01	4.505951e+00	2.161512e-04	
4.375250e-01	2.132593e-03	1.373379e-05	1.506069e+00	4.555087e+00	2.673308e+01	5.658033e-03	1.932301e+01	4.378782e+00	2.029334e-04	1.405079e-01	7.289137e+02	1.230434e+01	6.931182e-05	1.166063e-03	1.985692e-02	5.827245e-01	1.084014e+01	7.777743e-04	
4.375253e-01	7.375820e-03	1.269173e-05	1.153085e+00	4.491961e+00	1.890034e+01	6.030375e-03	2.243338e+01	4.394410e+00	6.456131e-04	1.371497e-01	5.412797e+02	1.962489e+02	1.075866e-04	8.255517e-04	1.878378e-02	3.571311e-01	2.037304e+01	5.271128e-04	
4.375255e-01	1.447655e-03	1.504101e-05	1.299196e+00	4.795867e+00	2.308470e+01	2.338596e-03	1.264295e+01	5.273180e+00	4.440148e-04	1.159518e-01	6.858076e+02	3.104898e+01	1.829305e-04	5.526314e-04	2.125884e-02	7.897138e-01	1.620342e+01	3.788440e-04	
4.375288e-01	1.379402e-03	1.472238e-05	1.159052e+00	4.773232e+00	1.892738e+01	1.424535e-03	2.463517e+01	4.623696e+00	3.423986e-04	1.301235e-01	6.496742e+02	7.783313e+00	3.430871e-05	4.232628e-03	1.892083e-02	6.204303e-02	2.158102e+01	2.686790e-03	
4.375318e-01	1.295388e-03	1.362487e-05	1.300546e+00	4.775491e+00	2.217379e+01	2.905316e-03	2.092469e+01	4.967016e+00	2.997689e-04	1.216108e-01	4.963433e+02	1.715966e+01	7.551360e-05	1.030626e-03	2.103062e-02	6.558692e-01	3.128673e+01	6.844304e-04	
4.375319e-01	1.196773e-03	1.520906e-05	1.678460e+00	4.854612e+00	3.109827e+01	2.924626e-03	1.826641e+01	4.931249e+00	4.420511e-04	1.315819e-01	7.667300e+02	2.907980e+01	1.667882e-04	1.579400e-03	2.223557e-02	4.230133e-02	2.424029e+01	1.057211e-03	
4.375340e-01	1.972247e-03	1.393109e-05	1.096427e+00	4.654409e+00	1.807985e+01	4.207998e-03	1.836142e+01	4.728824e+00	2.205998e-04	1.292670e-01	6.291599e+02	3.510108e+01	1.008291e-04	2.409597e-03	1.925152e-02	1.543176e-01	1.531029e+01	1.588728e-03	
4.375375e-01	2.140716e-03	1.365515e-05	1.052675e+00	4.813078e+00	1.762841e+01	4.412755e-03	2.234237e+01	4.891230e+00	4.571359e-04	1.296229e-01	7.279859e+02	4.308519e+00	3.519377e-05	2.817982e-03	2.139316e-02	8.035275e-02	1.459878e+01	1.858795e-03	
4.375378e-01	3.538331e-03	1.401002e-05	1.163237e+00	4.888911e+00	2.088422e+01	2.211287e-03	2.062000e+01	5.010844e+00	2.970871e-04	1.225940e-01	5.571623e+02	1.414558e+01	5.972198e-05	1.675173e-03	2.165113e-02	1.527519e-01	5.574709e+00	1.153827e-03	
4.375379e-01	2.324778e-03	1.410810e-05	1.543222e+00	4.560977e+00	2.609331e+01	2.372492e-03	1.555520e+01	4.847225e+00	2.435103e-04	1.316489e-01	7.530363e+02	4.248363e+01	4.965582e-05	1.384547e-03	2.011399e-02	5.769674e-02	1.094075e+01	9.429445e-04	
4.375380e-01	4.169002e-03	1.423738e-05	1.122474e+00	4.926191e+00	2.037128e+01	3.034885e-03	9.500237e+00	4.849527e+00	2.885630e-04	1.280008e-01	6.413292e+02	1.934191e+01	8.950204e-05	1.808021e-03	2.247727e-02	1.923709e-01	2.684570e+01	1.270564e-03	
4.375393e-01	3.864781e-03	1.369918e-05	1.382573e+00	4.861555e+00	2.410178e+01	2.519014e-03	1.298484e+01	4.690512e+00	3.217387e-04	1.348590e-01	7.116628e+02	1.712194e+01	5.280630e-05	1.184856e-03	2.009843e-02	2.166336e-01	1.004944e+01	7.391303e-04	
4.375394e-01	1.819942e-03	1.292231e-05	1.107087e+00	4.763846e+00	1.845356e+01	4.136704e-03	2.424763e+01	4.808776e+00	3.678196e-04	1.282485e-01	5.923639e+02	9.893034e+00	7.256265e-05	2.307937e-03	2.152285e-02	9.209914e-02	1.128881e+01	1.550948e-03	
4.375395e-01	2.070200e-03	1.171215e-05	1.204619e+00	4.628620e+00	2.065876e+01	3.018344e-03	1.988319e+01	4.846223e+00	2.624907e-04	1.253445e-01	6.881718e+02	2.545756e+01	7.032397e-05	5.368093e-04	2.001194e-02	4.173055e-01	2.007037e+01	3.634491e-04	
4.375398e-01	1.731084e-03	1.238045e-05	1.230346e+00	4.769767e+00	2.070628e+01	1.691146e-03	2.013921e+01	4.897611e+00	1.953327e-04	1.246790e-01	6.127510e+02	1.613909e+01	3.480979e-05	8.012780e-04	2.171769e-02	2.685675e-01	7.365777e+00	5.521404e-04	
4.375401e-01	9.948768e-04	1.199577e-05	1.022386e+00	4.795319e+00	1.735947e+01	5.982691e-03	1.888909e+01	4.513464e+00	3.273033e-04	1.376763e-01	6.462198e+02	3.116597e+01	1.077910e-04	2.711524e-03	1.977885e-02	1.074289e-01	2.582642e+01	1.757300e-03	
4.375403e-01	6.015380e-03	1.355391e-05	1.495613e+00	4.898407e+00	2.686809e+01	2.968620e-03	3.144876e+01	4.904532e+00	4.588282e-04	1.254959e-01	6.113672e+02	1.896974e+01	7.828123e-05	1.597343e-03	2.185339e-02	5.245254e-01	2.110537e+01	1.062124e-03	
4.375405e-01	2.031651e-02	1.376262e-05	2.055037e+00	4.531056e+00	3.742208e+01	2.700150e-03	3.011441e+01	4.523834e+00	2.468974e-04	1.366743e-01	6.986993e+02	3.893590e+01	3.423379e-05	1.355414e-03	1.945096e-02	1.923261e-01	3.515185e+00	8.963064e-04	
4.375406e-01	1.609008e-03	1.219372e-05	1.052045e+00	4.721132e+00	1.773340e+01	2.859622e-03	1.803188e+01	4.806582e+00	2.207313e-04	1.277815e-01	5.067760e+02	3.220699e+01	1.422742e-04	1.024613e-03	2.052646e-02	3.938111e-01	2.519819e+01	6.872265e-04	
4.375414e-01	1.711840e-03	1.189419e-05	1.125833e+00	4.910290e+00	1.986459e+01	2.552690e-03	4.888491e+01	4.534211e+00	4.108595e-04	1.340286e-01	5.496656e+02	4.933691e+00	7.485684e-05	1.788179e-03	2.030057e-02	3.684236e-01	2.361164e+01	1.156909e-03	
4.375418e-01	1.800061e-03	1.344083e-05	1.090571e+00	4.617112e+00	1.726421e+01	3.314937e-03	1.908397e+01	4.500315e+00	2.160264e-04	1.379547e-01	7.114393e+02	9.998311e+01	1.463727e-04	9.367435e-04	1.925763e-02	3.479486e-01	1.426839e+01	6.163025e-04	
4.375421e-01	1.398377e-03	1.416012e-05	1.224459e+00	4.835909e+00	2.113986e+01	4.692985e-03	1.834247e+01	4.733058e+00	5.140551e-04	1.361430e-01	7.767998e+02	3.849258e+01	1.161787e-04	1.058506e-03	2.098517e-02	3.104682e-01	3.849093e+01	6.744107e-04	
4.375424e-01	1.354947e-03	1.300375e-05	1.502247e+00	4.565840e+00	2.642747e+01	4.287793e-03	2.908333e+01	4.573011e+00	3.872716e-04	1.338870e-01	7.496984e+02	7.124429e+00	6.279265e-05	4.527574e-03	2.091179e-02	6.020440e-02	7.674731e+00	3.080764e-03	
4.375438e-01	2.946528e-04	1.473044e-05	8.729340e-01	4.841988e+00	1.485738e+01	3.000592e-03	2.120809e+01	5.018340e+00	5.215602e-04	1.202700e-01	5.254770e+02	6.569604e+00	1.123791e-04	1.328561e-03	2.151874e-02	4.212642e-01	2.703114e+01	9.239166e-04	
4.375480e-01	1.453405e-03	1.325758e-05	9.050627e-01	4.899628e+00	1.469131e+01	2.897538e-03	1.864869e+01	4.742160e+00	4.224081e-04	1.348502e-01	7.423291e+02	2.188485e+01	1.671590e-04	1.112283e-03	1.977248e-02	2.418621e-01	9.658901e+00	6.957620e-04	
4.375485e-01	3.315394e-03	1.434215e-05	1.275368e+00	4.425128e+00	2.031544e+01	5.463769e-03	1.893432e+01	4.337988e+00	3.188990e-04	1.427875e-01	9.392570e+02	2.953339e+01	3.889183e-05	1.674067e-03	1.780098e-02	7.892231e-02	8.635238e+00	1.055573e-03	
4.375493e-01	8.538684e-04	1.385226e-05	1.238702e+00	4.874091e+00	2.240469e+01	3.642940e-03	8.339942e+00	4.940483e+00	4.890856e-04	1.254547e-01	8.216009e+02	1.774910e+01	5.227144e-05	1.466444e-03	2.166825e-02	2.038034e-01	2.022348e+01	9.745664e-04	
4.375556e-01	1.516120e-03	1.340251e-05	7.986084e-01	4.726523e+00	1.285206e+01	4.226138e-03	1.365022e+01	4.654549e+00	4.057389e-04	1.296955e-01	5.760635e+02	2.511521e+01	1.230100e-04	8.796560e-04	1.887183e-02	3.394736e-01	1.433735e+01	5.714750e-04	
4.375557e-01	6.450000e-04	1.342020e-05	1.248620e+00	4.926735e+00	2.241780e+01	2.199831e-03	2.705277e+01	5.003802e+00	3.130381e-04	1.228166e-01	7.602624e+02	1.471735e+01	8.714693e-05	1.412623e-03	2.074331e-02	2.834587e-01	2.272925e+01	9.213636e-04	
4.375563e-01	8.029081e-04	1.401407e-05	1.147045e+00	4.775086e+00	1.942813e+01	2.637548e-03	1.367962e+01	5.106885e+00	3.339256e-04	1.183848e-01	6.081506e+02	1.023143e+01	7.751945e-05	1.707531e-03	2.171461e-02	2.257494e-01	4.474373e+01	1.162312e-03	
4.375580e-01	1.115761e-03	1.331653e-05	1.208006e+00	4.731567e+00	2.044825e+01	4.431364e-03	4.253879e+01	5.070539e+00	8.862297e-04	1.184877e-01	5.975837e+02	2.553202e+01	9.829475e-05	1.250920e-03	2.068506e-02	2.143859e-01	3.716074e+01	8.349370e-04	
4.375580e-01	5.241202e-04	1.363778e-05	9.001618e-01	4.758311e+00	1.486049e+01	7.506938e-03	2.098234e+01	4.452951e+00	3.940687e-04	1.372841e-01	6.948847e+02	8.277953e+00	1.284864e-04	3.147614e-03	1.909217e-02	1.302514e-01	1.972731e+01	1.987371e-03	
4.375582e-01	2.651821e-03	1.576059e-05	1.560571e+00	4.636601e+00	2.761329e+01	4.831911e-03	1.150654e+01	5.072859e+00	3.839589e-04	1.212883e-01	7.427388e+02	3.020155e+01	1.140713e-04	5.699965e-04	2.093108e-02	3.878512e-01	9.632835e+00	3.855051e-04	
4.375585e-01	1.226394e-03	1.188712e-05	1.260813e+00	4.347136e+00	2.053024e+01	5.176766e-03	2.185704e+01	4.543477e+00	4.144977e-04	1.324522e-01	5.718293e+02	1.349101e+01	7.333998e-05	1.460249e-03	1.891621e-02	1.008444e-01	8.261016e+00	9.698929e-04	
4.375590e-01	7.861061e-04	1.128592e-05	8.659019e-01	4.706728e+00	1.400089e+01	2.029234e-03	3.254296e+01	5.011804e+00	1.718876e-04	1.225360e-01	5.820908e+02	1.093255e+01	5.891395e-05	1.194368e-03	1.970761e-02	1.838927e-01	6.001913e+01	8.056387e-04	
4.375593e-01	1.547444e-03	1.603562e-05	1.200633e+00	5.052936e+00	2.226545e+01	5.523762e-03	2.183838e+01	4.772483e+00	5.217917e-04	1.347823e-01	8.092773e+02	8.294429e+00	1.948677e-04	1.300438e-03	2.155083e-02	4.699866e-01	2.392019e+01	8.192973e-04	
4.375605e-01	8.109409e-04	1.309383e-05	1.048678e+00	4.647120e+00	1.638879e+01	2.716188e-03	1.613119e+01	4.302618e+00	1.695150e-04	1.417755e-01	5.449679e+02	1.119912e+01	6.405823e-05	1.668445e-03	1.839798e-02	6.078561e-02	1.291400e+01	1.042543e-03	
4.375607e-01	1.897340e-03	1.476218e-05	1.451900e+00	5.023403e+00	2.854659e+01	3.421206e-03	1.786873e+01	5.044607e+00	4.913437e-04	1.252234e-01	6.949492e+02	2.762326e+00	4.329868e-05	9.883933e-04	2.347706e-02	8.377513e-01	3.294670e+01	6.774986e-04	
4.375615e-01	1.757957e-03	1.349702e-05	1.215528e+00	4.698439e+00	2.100760e+01	2.346920e-03	4.460946e+01	5.068267e+00	3.024443e-04	1.187316e-01	6.231391e+02	7.083892e+00	4.692257e-05	2.094112e-03	2.043122e-02	4.701212e-01	2.249056e+01	1.403838e-03	
4.375623e-01	1.303765e-03	1.210838e-05	7.506670e-01	4.664271e+00	1.171619e+01	3.436380e-03	2.459390e+01	4.515486e+00	2.208343e-04	1.340645e-01	5.166628e+02	4.485430e+01	1.025407e-04	1.239830e-03	1.983966e-02	1.129518e+00	2.263353e+01	8.371027e-04	
4.375641e-01	1.064884e-03	1.454659e-05	9.247569e-01	4.823741e+00	1.598829e+01	4.896929e-03	1.890447e+01	4.758823e+00	6.580223e-04	1.314203e-01	6.019692e+02	2.115841e+01	9.981569e-05	3.325560e-03	2.031682e-02	4.849993e-01	1.384949e+01	2.159391e-03	
4.375646e-01	2.392218e-03	1.441825e-05	1.094277e+00	4.769110e+00	1.835830e+01	2.177930e-03	2.710442e+01	4.674253e+00	2.213376e-04	1.327503e-01	8.206817e+02	4.109808e+01	1.144683e-04	9.068138e-04	1.911394e-02	5.372250e-01	2.124322e+01	5.761745e-04	
4.375651e-01	5.527637e-03	1.144134e-05	1.303372e+00	4.917658e+00	2.414901e+01	2.466645e-03	2.955509e+01	5.136015e+00	2.626332e-04	1.231145e-01	7.713172e+02	5.775409e+01	2.156636e-05	4.019209e-04	2.170361e-02	6.701064e-01	5.621100e+00	2.673180e-04	
4.375663e-01	8.002785e-04	1.300728e-05	1.037138e+00	4.825959e+00	1.694354e+01	2.605461e-03	4.978153e+01	5.020318e+00	3.919877e-04	1.199935e-01	5.646877e+02	3.754623e+01	7.474206e-05	1.090573e-03	2.072567e-02	3.342880e-01	1.286312e+01	7.178638e-04	
4.375686e-01	2.035550e-03	1.489415e-05	1.258303e+00	4.501140e+00	2.115920e+01	3.229492e-03	2.932794e+01	4.834574e+00	1.959012e-04	1.239644e-01	5.693077e+02	1.769052e+01	4.356795e-05	1.245520e-03	1.906567e-02	3.734106e-01	1.345723e+01	8.273464e-04	
4.375704e-01	1.900424e-03	1.332860e-05	1.420170e+00	4.539165e+00	2.349249e+01	1.776240e-03	3.832332e+01	5.117695e+00	2.415280e-04	1.180278e-01	6.274263e+02	1.899825e+01	3.654856e-05	1.539817e-03	2.016120e-02	6.891146e-01	2.150388e+01	1.042639e-03	
4.375720e-01	4.479148e-03	1.264555e-05	1.501451e+00	4.517249e+00	2.543858e+01	2.909299e-03	1.037682e+01	4.724538e+00	2.829909e-04	1.295770e-01	7.573395e+02	9.643325e+01	7.785589e-05	2.907303e-04	1.944170e-02	4.444089e-01	4.579820e+00	1.899702e-04	
4.375722e-01	1.291809e-03	1.207092e-05	1.132108e+00	4.718994e+00	1.953631e+01	3.236175e-03	1.957363e+01	4.673082e+00	1.890601e-04	1.332185e-01	6.504379e+02	2.443853e+01	5.683276e-05	9.231525e-04	2.028699e-02	2.098037e-01	1.186449e+01	6.061926e-04	
4.375731e-01	3.067395e-04	1.324387e-05	8.432728e-01	4.870219e+00	1.423796e+01	2.215006e-03	1.398683e+01	5.078822e+00	2.731237e-04	1.174239e-01	5.504600e+02	6.967617e+00	6.557534e-05	1.387862e-03	2.160344e-02	2.329006e-01	9.054018e+00	9.514660e-04	
4.375762e-01	2.528397e-03	1.191459e-05	1.212688e+00	4.635902e+00	2.119443e+01	2.580828e-03	4.679825e+01	4.668710e+00	3.343524e-04	1.348701e-01	7.643167e+02	2.615308e+01	5.597027e-05	3.456641e-04	2.009950e-02	8.349307e-01	1.077494e+01	2.346759e-04	
4.375769e-01	2.356233e-03	1.321597e-05	1.020875e+00	4.911854e+00	1.657258e+01	1.837559e-03	1.445079e+01	4.599222e+00	2.521887e-04	1.402732e-01	7.361163e+02	2.273861e+01	6.872856e-05	9.992830e-04	2.030253e-02	1.209422e-01	3.110227e+01	6.481466e-04	
4.375785e-01	1.916183e-03	1.148848e-05	7.798116e-01	4.893419e+00	1.262605e+01	3.928887e-03	3.403586e+01	4.637621e+00	3.081466e-04	1.286023e-01	5.821243e+02	1.108906e+01	8.172197e-05	9.926905e-04	2.060495e-02	2.838853e-01	1.732879e+01	6.463367e-04	
4.375788e-01	3.203956e-03	1.211156e-05	1.410663e+00	4.652217e+00	2.371176e+01	4.449076e-03	1.487974e+01	4.516538e+00	3.959689e-04	1.442066e-01	9.949540e+02	1.824133e+01	3.729457e-05	1.899025e-03	2.079685e-02	1.157927e-01	2.989762e+01	1.258122e-03	
4.375809e-01	8.633172e-04	1.379221e-05	1.127910e+00	4.799467e+00	1.948846e+01	3.239010e-03	3.738472e+01	4.808095e+00	3.325370e-04	1.228248e-01	5.824010e+02	4.490863e+00	7.369015e-05	2.197007e-03	2.196254e-02	4.472639e-01	1.570913e+01	1.518057e-03	
4.375816e-01	2.286968e-03	1.333787e-05	1.563522e+00	4.843371e+00	2.887993e+01	2.463857e-03	1.574481e+01	4.657063e+00	2.962279e-04	1.434128e-01	9.088555e+02	3.091062e+01	4.830751e-05	5.118919e-04	2.074540e-02	1.974268e-01	1.697196e+01	3.370890e-04	
4.375825e-01	7.423678e-04	1.477815e-05	1.027402e+00	4.659623e+00	1.638580e+01	1.848173e-03	2.489857e+01	4.811171e+00	3.150619e-04	1.283780e-01	5.739303e+02	4.130994e+01	1.594581e-04	9.873734e-04	1.878641e-02	1.230506e-01	1.566380e+01	6.303811e-04	
4.375827e-01	8.716030e-04	1.258144e-05	1.360805e+00	4.814779e+00	2.429587e+01	1.855679e-03	3.087396e+01	5.308729e+00	2.761412e-04	1.171171e-01	6.183610e+02	1.467494e+01	8.482337e-05	5.141091e-04	2.260682e-02	8.566891e-01	3.083664e+01	3.556255e-04	
4.375837e-01	1.509694e-03	1.114871e-05	1.109458e+00	4.675140e+00	1.917128e+01	2.870909e-03	2.269010e+01	4.638733e+00	2.409641e-04	1.357308e-01	6.808866e+02	6.454360e+00	9.327137e-05	1.161077e-03	2.103440e-02	2.554690e-01	2.947637e+01	8.087614e-04	
4.375845e-01	2.061021e-03	1.413657e-05	1.892495e+00	4.929768e+00	3.628640e+01	2.542946e-03	1.641918e+01	4.843156e+00	3.163498e-04	1.289448e-01	6.274850e+02	2.237076e+01	3.717433e-05	1.736570e-03	2.206495e-02	1.405837e-01	1.474018e+01	1.118198e-03	
4.375848e-01	9.858824e-04	1.473808e-05	1.384190e+00	4.837058e+00	2.614384e+01	3.148800e-03	1.225838e+01	5.006228e+00	8.213915e-04	1.226767e-01	7.897001e+02	9.400610e+00	9.535402e-05	2.339356e-03	2.288265e-02	1.100180e-01	4.444251e+01	1.646115e-03	
4.375862e-01	8.802871e-04	1.391129e-05	8.208655e-01	4.744270e+00	1.322552e+01	2.054131e-03	2.965560e+01	4.933532e+00	1.576994e-04	1.232562e-01	5.708750e+02	3.376607e+01	1.182672e-04	7.215867e-04	2.057669e-02	1.310987e+00	1.138544e+01	4.846162e-04	
4.375865e-01	2.763261e-03	1.325872e-05	1.439201e+00	4.862228e+00	2.662905e+01	3.248278e-03	3.541703e+01	4.600906e+00	2.558135e-04	1.438158e-01	8.382220e+02	1.783823e+01	1.185984e-04	3.495575e-03	2.087237e-02	3.750020e-01	2.460021e+01	2.281222e-03	
4.375896e-01	9.545229e-04	1.357194e-05	9.243323e-01	4.754470e+00	1.552871e+01	4.204564e-03	1.464367e+01	5.080140e+00	1.880926e-04	1.226404e-01	5.947629e+02	1.064293e+01	4.742539e-05	5.693070e-03	2.077337e-02	1.205224e-01	1.547450e+01	3.779938e-03	
4.375927e-01	6.259151e-04	1.601688e-05	9.161060e-01	4.884950e+00	1.534281e+01	3.128824e-03	1.129289e+01	5.173289e+00	4.591123e-04	1.182096e-01	6.141043e+02	5.207319e+00	2.113096e-04	1.434254e-03	2.200212e-02	6.313022e-01	6.256546e+01	9.639554e-04	
4.375933e-01	2.936110e-03	1.370456e-05	1.009430e+00	4.904473e+00	1.740246e+01	2.926574e-03	1.306292e+01	4.677384e+00	2.401509e-04	1.396936e-01	8.157349e+02	1.547683e+01	2.122427e-05	1.349879e-03	2.005679e-02	1.398353e-01	1.151257e+01	8.612261e-04	
4.375955e-01	1.245567e-03	1.360562e-05	1.214901e+00	4.735872e+00	2.102434e+01	2.028253e-03	2.369203e+01	5.138361e+00	2.053172e-04	1.175862e-01	6.294204e+02	4.458407e+01	1.148563e-04	1.265356e-03	2.058304e-02	3.731640e-01	1.148732e+01	8.463866e-04	
4.376006e-01	1.408583e-03	1.484523e-05	9.319382e-01	5.063171e+00	1.716534e+01	4.337672e-03	1.280035e+01	4.793241e+00	6.168763e-04	1.344415e-01	8.650993e+02	2.820009e+01	2.203393e-04	5.141492e-04	2.204468e-02	6.546789e-01	2.843017e+01	3.411000e-04	
4.376014e-01	6.014460e-04	1.298492e-05	8.142856e-01	4.899784e+00	1.375199e+01	3.573530e-03	7.556432e+00	4.797120e+00	3.133316e-04	1.277014e-01	7.633048e+02	1.205740e+01	5.455935e-05	8.850421e-04	2.164540e-02	5.943470e-02	2.894364e+01	5.951380e-04	
4.376020e-01	1.757645e-03	1.423191e-05	1.029174e+00	4.858720e+00	1.759956e+01	2.939020e-03	4.136472e+01	5.190573e+00	3.854026e-04	1.170960e-01	5.487285e+02	5.408017e+00	5.226375e-05	2.205241e-03	2.087255e-02	8.299419e-01	4.516748e+01	1.489929e-03	
4.376040e-01	2.644879e-03	1.166776e-05	1.598535e+00	4.848782e+00	2.994727e+01	7.249553e-03	2.276543e+01	4.507584e+00	2.855646e-04	1.395573e-01	9.891737e+02	2.073255e+01	2.115127e-04	1.667146e-03	2.065586e-02	1.746603e-01	9.642029e+00	1.053673e-03	
4.376047e-01	1.074394e-03	1.532250e-05	9.782622e-01	5.085180e+00	1.735314e+01	1.827063e-03	2.956448e+01	4.986470e+00	4.220188e-04	1.206744e-01	6.513356e+02	9.280170e+00	5.798277e-05	2.662939e-03	2.223716e-02	3.212873e-01	1.411710e+02	1.804448e-03	
4.376060e-01	1.045108e-03	1.138855e-05	1.061415e+00	4.850319e+00	1.832771e+01	2.486292e-03	1.125416e+01	4.769754e+00	5.703946e-04	1.384177e-01	8.677084e+02	2.562226e+01	5.428568e-05	1.301750e-03	2.018774e-02	4.975107e-02	4.329866e+01	8.450776e-04	
4.376106e-01	8.079807e-03	1.356494e-05	1.334383e+00	4.622081e+00	2.243948e+01	2.216109e-03	1.071930e+01	4.774202e+00	4.320094e-04	1.350387e-01	7.180498e+02	3.219897e+01	1.296895e-05	9.057097e-04	2.019626e-02	8.301793e-02	7.656842e+00	5.954237e-04	
4.376141e-01	2.578589e-03	1.204124e-05	1.647265e+00	4.632998e+00	3.122105e+01	4.224475e-03	2.505959e+01	4.625083e+00	2.577802e-04	1.324816e-01	8.100206e+02	4.058878e+01	6.824162e-05	7.850909e-04	2.006379e-02	3.268055e-01	5.820388e+00	5.225387e-04	
4.376174e-01	2.087209e-03	1.159689e-05	1.267419e+00	4.700783e+00	2.267700e+01	4.256370e-03	9.367224e+00	4.735269e+00	5.022056e-04	1.272979e-01	5.459248e+02	2.304632e+01	6.150082e-05	6.733418e-04	2.045573e-02	1.442834e-01	2.364596e+01	4.412535e-04	
4.376177e-01	1.164720e-03	1.142931e-05	9.596912e-01	4.748769e+00	1.628411e+01	4.271930e-03	2.335704e+01	4.738340e+00	2.315059e-04	1.262271e-01	6.744972e+02	6.193472e+00	5.304440e-05	1.067709e-03	2.092203e-02	1.067171e+00	1.135848e+01	7.364716e-04	
4.376240e-01	2.492257e-03	1.534932e-05	2.070009e+00	4.610357e+00	3.812764e+01	3.811356e-03	1.467876e+01	4.595409e+00	3.286255e-04	1.358007e-01	7.327772e+02	7.071530e+01	8.503898e-05	7.902302e-04	1.996150e-02	2.462804e-01	1.052721e+01	5.160576e-04	
4.376263e-01	2.330034e-03	1.318880e-05	1.123587e+00	4.873361e+00	1.914919e+01	3.113930e-03	1.945899e+01	4.707959e+00	4.535747e-04	1.402870e-01	8.930737e+02	3.328184e+01	6.751391e-05	1.384821e-03	2.055174e-02	1.070091e-01	1.867353e+01	8.760066e-04	
4.376359e-01	6.599438e-04	1.207854e-05	9.415164e-01	4.739329e+00	1.605744e+01	2.129047e-03	1.277939e+01	5.004155e+00	2.382034e-04	1.217225e-01	6.343723e+02	5.110282e+00	5.460266e-05	1.387982e-03	2.077121e-02	1.929168e-01	1.875449e+01	9.806549e-04	
4.376559e-01	2.426973e-03	1.650310e-05	1.034445e+00	4.579528e+00	1.667050e+01	6.757031e-03	1.166419e+01	4.317784e+00	6.428030e-04	1.454890e-01	5.532187e+02	1.686039e+01	2.064727e-04	1.467663e-03	1.945676e-02	2.171346e-01	3.404007e+01	9.477866e-04	
4.376586e-01	5.361987e-03	1.382600e-05	1.918488e+00	4.912019e+00	3.679885e+01	2.941382e-03	1.588344e+01	4.806219e+00	4.099044e-04	1.292718e-01	6.522713e+02	3.177824e+01	9.198206e-05	1.793955e-03	2.203125e-02	8.094022e-02	1.400415e+01	1.188320e-03	
