f	x(1)	x(2)	x(3)	x(4)	x(5)	x(6)	x(7)	x(8)	x(9)	x(10)	x(11)	x(12)	x(13)	x(14)	x(15)	x(16)	x(17)	x(18)	
3.340238e-03	7.474921e-04	1.024474e-01	1.586719e-03	2.505455e+00	1.108463e-02	1.657014e-03	7.607521e+00	2.616131e-01	6.012363e-03	3.883373e-02	6.332922e+00	3.600247e+00	3.265709e-01	4.389280e-05	1.158514e-01	7.585326e-02	5.569395e+00	5.719403e-05	
3.351132e-03	9.523825e-04	1.012702e-01	2.040330e-03	2.527678e+00	1.433562e-02	1.673391e-03	4.327421e+00	2.712173e-01	6.334403e-03	3.864468e-02	6.563629e+00	3.995725e+00	2.880402e-01	5.845632e-05	1.170611e-01	6.978386e-02	5.121861e+00	7.726142e-05	
3.361951e-03	5.353837e-04	1.019211e-01	1.879381e-03	2.529434e+00	1.318295e-02	1.362114e-03	1.520069e+01	2.516229e-01	5.820945e-03	3.896262e-02	6.064342e+00	4.049513e+00	2.862451e-01	6.534745e-05	1.174253e-01	6.517401e-02	5.649329e+00	8.505666e-05	
3.366881e-03	7.119028e-04	1.035007e-01	2.321292e-03	2.524071e+00	1.632125e-02	1.894048e-03	1.740355e+01	2.467567e-01	5.689319e-03	3.868730e-02	5.932253e+00	3.715702e+00	2.896832e-01	4.415505e-05	1.174255e-01	7.187155e-02	4.953715e+00	5.870046e-05	
3.372241e-03	2.854659e-03	1.013546e-01	2.002998e-03	2.515838e+00	1.396866e-02	1.571169e-03	1.637821e+01	2.547112e-01	5.750568e-03	3.876965e-02	6.141265e+00	3.384226e+00	2.849711e-01	7.065368e-05	1.170999e-01	5.790020e-02	6.667436e+00	9.192477e-05	
3.379115e-03	1.461323e-03	1.028612e-01	1.723121e-03	2.533032e+00	1.207273e-02	1.221303e-03	2.347824e+01	2.661725e-01	6.244321e-03	3.798708e-02	6.423218e+00	2.271093e+00	2.859636e-01	6.319298e-05	1.177868e-01	6.779703e-02	5.332662e+00	8.232827e-05	
3.379135e-03	8.577822e-04	1.005273e-01	2.727075e-03	2.509952e+00	1.912541e-02	1.818370e-03	1.016747e+01	2.749060e-01	6.462692e-03	3.834189e-02	6.647966e+00	4.013584e+00	3.110631e-01	5.594109e-05	1.154773e-01	6.844376e-02	5.933889e+00	7.394799e-05	
3.380126e-03	1.051231e-03	1.018151e-01	1.453070e-03	2.512470e+00	1.011932e-02	1.480192e-03	1.216794e+01	2.619508e-01	5.996818e-03	3.915019e-02	6.368664e+00	3.452577e+00	3.120558e-01	4.870250e-05	1.157588e-01	7.490360e-02	5.310703e+00	6.327314e-05	
3.384700e-03	1.011137e-03	9.994018e-02	2.048508e-03	2.530770e+00	1.441244e-02	1.788769e-03	9.642693e+00	2.717379e-01	6.353365e-03	3.847103e-02	6.582607e+00	3.598720e+00	2.827152e-01	5.138275e-05	1.175222e-01	6.442428e-02	5.679529e+00	6.665125e-05	
3.386299e-03	3.356421e-03	1.009385e-01	1.788369e-03	2.508435e+00	1.249978e-02	1.914877e-03	1.325785e+01	2.687293e-01	6.300912e-03	3.788528e-02	6.479219e+00	2.731088e+00	3.426910e-01	6.616134e-05	1.160255e-01	6.995976e-02	6.754241e+00	8.754677e-05	
3.391492e-03	5.044677e-04	1.019751e-01	3.044616e-03	2.515828e+00	2.132403e-02	1.571649e-03	1.489952e+01	2.286490e-01	5.221642e-03	3.864679e-02	5.473130e+00	3.226081e+00	2.480934e-01	4.989059e-05	1.173789e-01	6.547689e-02	4.479443e+00	6.543373e-05	
3.391914e-03	6.415908e-04	1.033842e-01	1.977736e-03	2.533904e+00	1.382802e-02	1.243313e-03	1.729397e+01	2.496383e-01	5.659423e-03	3.863833e-02	5.997191e+00	3.752389e+00	3.037233e-01	5.223724e-05	1.171765e-01	6.980026e-02	5.552600e+00	6.946650e-05	
3.399274e-03	1.356938e-03	1.012445e-01	2.402205e-03	2.507871e+00	1.672249e-02	1.446684e-03	5.078230e+01	2.594009e-01	6.029805e-03	3.860825e-02	6.267153e+00	3.196885e+00	2.926044e-01	5.885854e-05	1.186423e-01	6.703209e-02	5.708238e+00	7.620506e-05	
3.400831e-03	1.270087e-03	1.025743e-01	2.183644e-03	2.519817e+00	1.533920e-02	1.594381e-03	1.543398e+01	2.567303e-01	5.858641e-03	3.901712e-02	6.212492e+00	3.781314e+00	2.847128e-01	5.259417e-05	1.163045e-01	6.873415e-02	5.183751e+00	6.756741e-05	
3.403831e-03	5.923724e-04	1.029368e-01	1.870428e-03	2.529958e+00	1.310719e-02	1.320542e-03	5.055923e+00	2.611413e-01	6.045699e-03	3.919921e-02	6.343998e+00	3.847462e+00	3.400706e-01	5.312267e-05	1.171596e-01	8.526514e-02	5.155110e+00	6.847350e-05	
3.404958e-03	3.394336e-04	1.024856e-01	1.977018e-03	2.516491e+00	1.387881e-02	1.602971e-03	5.455020e+00	2.444630e-01	5.571792e-03	3.835585e-02	5.860937e+00	2.874536e+00	3.665319e-01	4.099371e-05	1.184257e-01	8.753792e-02	5.529077e+00	5.465627e-05	
3.405125e-03	1.718402e-03	1.013242e-01	1.736267e-03	2.524850e+00	1.212889e-02	1.484068e-03	1.174077e+01	2.719692e-01	6.151860e-03	3.889188e-02	6.592402e+00	3.576376e+00	2.799624e-01	6.464660e-05	1.176899e-01	7.151361e-02	4.806625e+00	8.496911e-05	
3.406960e-03	1.173732e-03	9.934389e-02	1.709902e-03	2.512055e+00	1.200525e-02	1.739887e-03	6.420753e+00	2.866858e-01	6.693277e-03	3.882398e-02	6.988918e+00	3.403081e+00	3.306482e-01	5.971318e-05	1.161236e-01	7.753648e-02	5.607114e+00	7.650923e-05	
3.410348e-03	7.481442e-04	1.026909e-01	1.571344e-03	2.524146e+00	1.100766e-02	1.724791e-03	3.851782e+01	2.486301e-01	5.660612e-03	3.916702e-02	6.019487e+00	3.265287e+00	3.224633e-01	6.440190e-05	1.177521e-01	7.200546e-02	6.011846e+00	8.201543e-05	
3.411394e-03	9.042746e-04	1.022171e-01	1.706133e-03	2.519767e+00	1.194049e-02	1.479176e-03	3.989638e+00	2.689291e-01	6.137267e-03	3.851861e-02	6.486677e+00	3.531859e+00	2.826345e-01	5.547157e-05	1.177163e-01	6.588819e-02	5.380891e+00	7.288598e-05	
3.412367e-03	9.565584e-04	1.016020e-01	2.340579e-03	2.518264e+00	1.633604e-02	1.685003e-03	4.323700e+00	2.555489e-01	5.904227e-03	3.863251e-02	6.173977e+00	3.296391e+00	3.069553e-01	4.610322e-05	1.170167e-01	6.803605e-02	5.919317e+00	6.012247e-05	
3.415812e-03	1.072753e-03	1.030804e-01	2.792002e-03	2.533615e+00	1.963269e-02	1.338397e-03	1.246615e+01	2.679425e-01	6.193513e-03	3.918355e-02	6.481109e+00	6.235220e+00	2.736790e-01	6.149851e-05	1.182406e-01	6.821940e-02	4.978636e+00	8.046070e-05	
3.420678e-03	1.096114e-03	1.004786e-01	2.336031e-03	2.538751e+00	1.643724e-02	1.475221e-03	1.043686e+01	2.589977e-01	5.887919e-03	3.909990e-02	6.267273e+00	4.777225e+00	2.427592e-01	5.037264e-05	1.176485e-01	6.079884e-02	4.807862e+00	6.545949e-05	
3.426687e-03	5.286183e-04	1.024970e-01	2.093659e-03	2.513296e+00	1.468377e-02	1.472995e-03	1.360116e+01	2.655911e-01	6.275128e-03	3.830781e-02	6.398500e+00	3.716628e+00	3.164226e-01	5.440638e-05	1.160488e-01	7.143986e-02	5.715037e+00	7.218916e-05	
3.427041e-03	1.403135e-03	1.003399e-01	2.162601e-03	2.527030e+00	1.513738e-02	1.333365e-03	2.092404e+01	2.577713e-01	5.879867e-03	3.887308e-02	6.245247e+00	3.552236e+00	2.839055e-01	7.105785e-05	1.175988e-01	6.475239e-02	5.648477e+00	9.259909e-05	
3.428516e-03	3.463879e-03	1.008896e-01	1.572661e-03	2.520640e+00	1.101381e-02	1.496816e-03	1.461747e+01	2.859876e-01	6.670649e-03	3.812157e-02	6.935603e+00	2.877409e+00	2.823460e-01	6.762830e-05	1.173517e-01	5.917523e-02	6.326116e+00	8.747632e-05	
3.432119e-03	1.040662e-03	9.983462e-02	2.530642e-03	2.534669e+00	1.779367e-02	1.315026e-03	2.205411e+01	2.383350e-01	5.542802e-03	3.844262e-02	5.713574e+00	2.843239e+00	2.406743e-01	5.006231e-05	1.181788e-01	5.425025e-02	5.640095e+00	6.461758e-05	
3.432826e-03	1.175988e-03	1.032428e-01	1.623783e-03	2.527462e+00	1.140554e-02	1.371676e-03	1.526633e+01	2.652311e-01	6.118661e-03	3.814272e-02	6.395302e+00	2.612414e+00	3.136712e-01	4.657404e-05	1.172747e-01	7.465881e-02	5.337563e+00	6.067627e-05	
3.435244e-03	2.124088e-03	1.027071e-01	1.349244e-03	2.530298e+00	9.452293e-03	1.377978e-03	9.309075e+00	2.942972e-01	6.840664e-03	3.864738e-02	7.175978e+00	4.138849e+00	3.025150e-01	5.542083e-05	1.155439e-01	7.197323e-02	5.246999e+00	7.433062e-05	
3.435714e-03	5.437027e-04	1.022399e-01	2.136222e-03	2.527706e+00	1.500719e-02	1.481412e-03	1.990060e+01	2.646803e-01	6.182070e-03	3.832705e-02	6.388676e+00	3.244378e+00	3.534884e-01	6.238469e-05	1.154392e-01	7.346352e-02	6.501588e+00	8.214201e-05	
3.436362e-03	1.310581e-03	1.014478e-01	1.717775e-03	2.505557e+00	1.190289e-02	1.305516e-03	2.078246e+01	2.765556e-01	6.405775e-03	3.892147e-02	6.748872e+00	2.702900e+00	2.835064e-01	4.290658e-05	1.175247e-01	7.148201e-02	4.915856e+00	5.629732e-05	
3.436634e-03	1.459898e-03	1.022162e-01	2.269749e-03	2.504102e+00	1.590302e-02	2.029123e-03	8.347162e+00	2.686427e-01	6.189146e-03	3.860464e-02	6.486126e+00	4.277955e+00	3.306376e-01	5.866191e-05	1.152985e-01	7.483259e-02	5.593192e+00	7.994970e-05	
3.437626e-03	8.229780e-04	1.028816e-01	1.820601e-03	2.515076e+00	1.272746e-02	1.307776e-03	1.290593e+01	2.698733e-01	6.168934e-03	3.912781e-02	6.553117e+00	3.636506e+00	3.202822e-01	7.050053e-05	1.180518e-01	7.085552e-02	6.026474e+00	8.990135e-05	
3.438097e-03	8.576881e-04	1.019941e-01	1.741346e-03	2.521357e+00	1.217379e-02	1.401534e-03	2.761059e+01	2.536052e-01	5.759537e-03	3.847062e-02	6.110628e+00	3.049059e+00	2.779484e-01	5.320991e-05	1.178530e-01	6.525866e-02	5.306875e+00	7.053512e-05	
3.438897e-03	1.109884e-03	1.004314e-01	1.324552e-03	2.556625e+00	9.359981e-03	1.518239e-03	1.265902e+01	2.834765e-01	6.524204e-03	3.880060e-02	6.907914e+00	3.594079e+00	3.117515e-01	5.400513e-05	1.184248e-01	7.045448e-02	5.893427e+00	6.905721e-05	
3.439506e-03	7.017863e-04	1.016407e-01	1.862865e-03	2.532842e+00	1.305376e-02	1.476141e-03	2.769397e+01	2.411035e-01	5.520976e-03	3.923005e-02	5.811973e+00	3.726144e+00	2.782938e-01	4.843075e-05	1.180075e-01	7.069836e-02	4.920343e+00	6.243991e-05	
3.439520e-03	2.872661e-03	9.880204e-02	2.206084e-03	2.522416e+00	1.543296e-02	1.566134e-03	1.861643e+01	2.612227e-01	6.022440e-03	3.837490e-02	6.300136e+00	3.238790e+00	2.812578e-01	6.365980e-05	1.178086e-01	6.110784e-02	6.212091e+00	8.092956e-05	
3.439770e-03	1.709878e-03	9.960940e-02	2.612043e-03	2.539292e+00	1.860140e-02	2.498832e-03	8.211926e+00	2.778089e-01	6.560955e-03	3.812226e-02	6.700872e+00	3.574229e+00	3.099182e-01	5.157336e-05	1.175820e-01	7.258590e-02	5.519271e+00	6.799989e-05	
3.439862e-03	1.232082e-03	1.021178e-01	1.579267e-03	2.503500e+00	1.098229e-02	1.516680e-03	2.385033e+01	2.777621e-01	6.348770e-03	3.895956e-02	6.741852e+00	3.478333e+00	3.653239e-01	5.706975e-05	1.168246e-01	8.470495e-02	5.696585e+00	7.532921e-05	
3.440746e-03	3.199638e-03	9.892325e-02	1.910532e-03	2.517217e+00	1.332898e-02	1.286569e-03	7.832945e+00	2.843952e-01	6.530749e-03	3.885194e-02	6.934947e+00	3.612508e+00	2.544774e-01	6.188540e-05	1.176446e-01	6.473519e-02	4.866999e+00	7.943142e-05	
3.442295e-03	9.533463e-04	9.957674e-02	2.221949e-03	2.522670e+00	1.539603e-02	8.656750e-04	3.776860e+01	2.891112e-01	6.673580e-03	3.843418e-02	7.048741e+00	2.537131e+00	2.405750e-01	7.363471e-05	1.171747e-01	5.555685e-02	5.448381e+00	9.483461e-05	
3.442953e-03	1.370357e-03	1.032934e-01	1.285787e-03	2.512533e+00	8.976063e-03	1.422590e-03	5.251497e+00	2.729385e-01	6.293792e-03	3.914203e-02	6.630094e+00	4.207218e+00	3.177710e-01	6.671009e-05	1.158933e-01	7.235123e-02	5.559311e+00	8.844672e-05	
3.444494e-03	7.522087e-04	1.022060e-01	1.793910e-03	2.532873e+00	1.260780e-02	1.989791e-03	1.693690e+01	2.352414e-01	5.255906e-03	3.924871e-02	5.647747e+00	4.391290e+00	2.743765e-01	5.383215e-05	1.187785e-01	5.883028e-02	6.105787e+00	7.099878e-05	
3.446277e-03	8.226036e-04	1.011909e-01	1.912018e-03	2.507805e+00	1.332657e-02	1.449863e-03	2.353913e+01	2.625474e-01	6.137289e-03	3.935286e-02	6.395559e+00	3.736146e+00	3.200851e-01	5.771517e-05	1.171317e-01	7.763307e-02	5.297908e+00	7.571444e-05	
3.447448e-03	1.153357e-03	1.028099e-01	2.154559e-03	2.525073e+00	1.510858e-02	1.537800e-03	7.408794e+00	2.717221e-01	6.206842e-03	3.870055e-02	6.590078e+00	3.504743e+00	3.369871e-01	4.969733e-05	1.161227e-01	7.870634e-02	5.626496e+00	6.326013e-05	
3.447609e-03	3.445803e-04	1.030737e-01	1.982812e-03	2.524644e+00	1.382137e-02	1.371191e-03	9.974401e+00	2.507188e-01	5.747223e-03	3.896297e-02	6.051156e+00	4.469780e+00	3.120501e-01	6.169888e-05	1.165345e-01	6.932836e-02	5.936648e+00	8.018227e-05	
3.448300e-03	1.246878e-03	9.942554e-02	1.613824e-03	2.514322e+00	1.129744e-02	1.588166e-03	2.179036e+01	2.757829e-01	6.436416e-03	3.886612e-02	6.713686e+00	3.475417e+00	2.853248e-01	6.446599e-05	1.155130e-01	6.657592e-02	5.578977e+00	8.167253e-05	
3.450820e-03	7.486098e-04	1.019629e-01	1.815187e-03	2.524863e+00	1.276789e-02	1.481763e-03	1.246484e+01	2.535938e-01	5.903123e-03	3.898844e-02	6.129555e+00	3.488874e+00	3.196214e-01	5.692610e-05	1.179947e-01	7.175461e-02	5.965820e+00	7.214618e-05	
3.451978e-03	1.172240e-03	9.982689e-02	2.744184e-03	2.531224e+00	1.933904e-02	1.703228e-03	9.940336e+00	2.581760e-01	5.968983e-03	3.867618e-02	6.231546e+00	4.122756e+00	2.873548e-01	4.281097e-05	1.182633e-01	7.517248e-02	4.731815e+00	5.663546e-05	
3.453835e-03	4.549586e-04	1.004496e-01	2.665616e-03	2.503974e+00	1.849988e-02	1.440021e-03	1.187715e+01	2.512885e-01	5.785267e-03	3.825950e-02	6.040793e+00	3.301078e+00	2.846571e-01	3.850503e-05	1.158087e-01	7.060803e-02	4.933034e+00	5.105699e-05	
3.456003e-03	1.315787e-03	1.007507e-01	1.951532e-03	2.497224e+00	1.365559e-02	1.578134e-03	3.056061e+01	2.662258e-01	6.123243e-03	3.863692e-02	6.456475e+00	2.857918e+00	3.019609e-01	7.532608e-05	1.166100e-01	6.951893e-02	5.610047e+00	9.830512e-05	
3.456400e-03	5.861077e-04	1.024006e-01	3.129467e-03	2.504751e+00	2.184612e-02	1.444125e-03	1.913702e+01	2.585401e-01	5.916639e-03	3.810096e-02	6.205557e+00	3.283966e+00	3.056292e-01	6.956181e-05	1.171109e-01	7.045258e-02	5.700646e+00	8.964941e-05	
3.457246e-03	1.420005e-03	1.007872e-01	2.103866e-03	2.516107e+00	1.475937e-02	1.648131e-03	1.075210e+01	2.645210e-01	6.094921e-03	3.849439e-02	6.391013e+00	3.877414e+00	2.657667e-01	4.944950e-05	1.158448e-01	6.725335e-02	4.809762e+00	6.375477e-05	
3.459369e-03	9.033092e-04	1.024709e-01	1.423904e-03	2.520726e+00	1.000879e-02	1.748057e-03	8.822240e+00	2.774652e-01	6.513656e-03	3.939632e-02	6.769248e+00	4.460582e+00	3.709532e-01	6.179806e-05	1.160227e-01	8.849715e-02	5.557523e+00	8.019730e-05	
3.461124e-03	3.970333e-04	1.023701e-01	1.415691e-03	2.528500e+00	9.880487e-03	1.213484e-03	1.719866e+01	2.717648e-01	6.266714e-03	3.826015e-02	6.592734e+00	2.584582e+00	3.735494e-01	5.532604e-05	1.156986e-01	8.041486e-02	6.271407e+00	7.288813e-05	
3.464154e-03	1.194109e-03	1.011805e-01	2.236146e-03	2.522030e+00	1.556127e-02	1.101043e-03	5.701904e+00	2.829692e-01	6.425780e-03	3.846227e-02	6.858851e+00	2.664656e+00	2.920514e-01	5.150695e-05	1.180179e-01	7.701455e-02	4.648288e+00	6.774763e-05	
3.466350e-03	2.720298e-03	9.857618e-02	1.712694e-03	2.535685e+00	1.205154e-02	1.492579e-03	1.475792e+01	2.667121e-01	6.096988e-03	3.974512e-02	6.511499e+00	4.709236e+00	2.584014e-01	6.645387e-05	1.189543e-01	5.698244e-02	6.026536e+00	8.419810e-05	
3.466780e-03	9.504745e-04	1.022641e-01	1.677909e-03	2.503049e+00	1.164878e-02	1.045371e-03	1.164306e+01	2.685998e-01	6.188347e-03	3.855006e-02	6.526362e+00	2.517525e+00	2.749214e-01	5.345546e-05	1.177990e-01	6.604851e-02	5.133003e+00	7.197945e-05	
3.466875e-03	2.088365e-03	1.019123e-01	2.207009e-03	2.525717e+00	1.538874e-02	1.062681e-03	8.439183e+00	2.895924e-01	6.682145e-03	3.847327e-02	7.057403e+00	2.705558e+00	2.621054e-01	6.715316e-05	1.184138e-01	6.082801e-02	5.367242e+00	8.772748e-05	
3.468234e-03	6.076450e-04	1.027123e-01	2.287009e-03	2.539034e+00	1.615846e-02	1.729857e-03	1.751222e+01	2.549989e-01	5.829249e-03	3.901576e-02	6.145489e+00	4.865713e+00	2.984156e-01	4.960604e-05	1.168828e-01	8.116259e-02	4.346955e+00	6.668845e-05	
3.468654e-03	6.612259e-04	1.019575e-01	1.530054e-03	2.521889e+00	1.066492e-02	1.527998e-03	1.406705e+01	2.649226e-01	6.078601e-03	3.855439e-02	6.393863e+00	3.163656e+00	2.927203e-01	5.995409e-05	1.180896e-01	6.567204e-02	5.776420e+00	7.734817e-05	
3.471712e-03	2.195155e-03	1.017221e-01	1.382259e-03	2.489525e+00	9.562680e-03	1.458580e-03	3.035730e+01	2.667092e-01	6.147694e-03	3.882229e-02	6.469493e+00	2.730132e+00	2.720911e-01	7.217483e-05	1.172261e-01	6.165141e-02	5.755373e+00	9.106912e-05	
3.474012e-03	4.344526e-04	1.030150e-01	1.517911e-03	2.528708e+00	1.066192e-02	1.315753e-03	1.669015e+01	2.534375e-01	5.853532e-03	3.915660e-02	6.160246e+00	3.233064e+00	3.253629e-01	5.101481e-05	1.161255e-01	7.297579e-02	5.776947e+00	6.752506e-05	
3.475179e-03	1.609868e-03	1.024650e-01	1.783422e-03	2.500610e+00	1.243072e-02	1.430358e-03	7.589055e+00	2.917615e-01	6.742089e-03	3.909306e-02	7.106172e+00	4.520226e+00	3.478642e-01	5.976959e-05	1.161769e-01	8.352220e-02	5.397317e+00	7.801146e-05	
3.476781e-03	1.340694e-03	1.015306e-01	1.423203e-03	2.536237e+00	9.934599e-03	6.823510e-04	2.465029e+01	2.825468e-01	6.506308e-03	3.806188e-02	6.882169e+00	1.735526e+00	2.690071e-01	6.156650e-05	1.182866e-01	6.172132e-02	5.551050e+00	8.222696e-05	
3.478585e-03	6.580336e-04	1.037231e-01	1.059379e-03	2.509204e+00	7.362479e-03	1.541560e-03	5.034512e+00	2.701909e-01	6.104863e-03	3.846025e-02	6.537086e+00	2.517826e+00	3.412742e-01	5.989404e-05	1.181746e-01	7.218596e-02	6.315865e+00	8.006025e-05	
3.478634e-03	1.286256e-03	1.009689e-01	1.713092e-03	2.520557e+00	1.197964e-02	1.709556e-03	2.281725e+01	2.397563e-01	5.517917e-03	3.866635e-02	5.755630e+00	2.771767e+00	2.623742e-01	7.016283e-05	1.199744e-01	5.860812e-02	5.829244e+00	9.082038e-05	
3.479698e-03	3.361882e-04	1.027417e-01	1.762199e-03	2.494433e+00	1.228642e-02	2.186588e-03	2.568914e+01	2.464773e-01	5.600129e-03	3.909656e-02	5.939352e+00	4.918237e+00	3.402253e-01	4.659822e-05	1.148492e-01	8.703263e-02	5.017124e+00	5.861472e-05	
3.481815e-03	6.035605e-04	1.026231e-01	2.003674e-03	2.532232e+00	1.401113e-02	1.426524e-03	1.414492e+01	2.572455e-01	6.016711e-03	3.920035e-02	6.242900e+00	4.558379e+00	2.890033e-01	6.541140e-05	1.174336e-01	6.581893e-02	5.581414e+00	8.600044e-05	
3.481857e-03	1.257090e-03	1.016919e-01	3.011383e-03	2.521226e+00	2.095559e-02	1.211140e-03	1.020295e+01	2.841162e-01	6.568660e-03	3.775478e-02	6.846218e+00	2.582212e+00	2.792161e-01	6.421202e-05	1.189343e-01	6.569093e-02	5.414865e+00	8.303249e-05	
3.481896e-03	6.545417e-04	1.016858e-01	1.638521e-03	2.514994e+00	1.154663e-02	1.880006e-03	7.422039e+00	2.688201e-01	6.361068e-03	3.792193e-02	6.468390e+00	3.019403e+00	3.093305e-01	4.908076e-05	1.178089e-01	7.212612e-02	5.489003e+00	6.635353e-05	
3.481977e-03	3.407784e-04	1.051667e-01	1.486438e-03	2.510311e+00	1.044727e-02	1.935085e-03	1.867903e+01	2.543387e-01	5.855328e-03	3.876915e-02	6.134686e+00	3.137688e+00	3.653236e-01	4.162197e-05	1.155760e-01	8.992100e-02	5.175895e+00	5.601546e-05	
3.483224e-03	8.653823e-04	1.010586e-01	2.218447e-03	2.520415e+00	1.559361e-02	1.335943e-03	1.530698e+01	2.681445e-01	6.189375e-03	3.917771e-02	6.535733e+00	2.981065e+00	3.191407e-01	5.987145e-05	1.163537e-01	7.375623e-02	5.569623e+00	7.778168e-05	
3.484921e-03	1.843154e-04	1.049438e-01	1.437621e-03	2.516259e+00	1.010082e-02	1.771580e-03	1.715457e+01	2.414980e-01	5.576325e-03	3.926700e-02	5.823331e+00	5.048566e+00	4.358932e-01	4.507474e-05	1.149514e-01	9.740933e-02	6.134982e+00	5.872470e-05	
3.485911e-03	9.109962e-04	1.014611e-01	1.841017e-03	2.533449e+00	1.289116e-02	9.695942e-04	2.857803e+01	2.728272e-01	6.225074e-03	3.872355e-02	6.632018e+00	2.293971e+00	2.617907e-01	5.824026e-05	1.186670e-01	6.303081e-02	5.332369e+00	7.266036e-05	
3.485999e-03	9.949094e-04	1.028095e-01	1.657217e-03	2.526755e+00	1.164012e-02	1.649120e-03	1.819068e+01	2.483546e-01	5.662203e-03	3.845519e-02	5.966682e+00	2.424516e+00	2.835121e-01	5.806662e-05	1.193215e-01	6.558911e-02	5.647975e+00	7.491581e-05	
3.486054e-03	3.839295e-04	1.026160e-01	1.671486e-03	2.518245e+00	1.164718e-02	1.377011e-03	1.313671e+01	2.596194e-01	6.047318e-03	3.919476e-02	6.307323e+00	3.964803e+00	3.727374e-01	4.451632e-05	1.155322e-01	8.507491e-02	5.911160e+00	5.792174e-05	
3.488276e-03	1.292598e-03	1.012588e-01	1.898461e-03	2.518596e+00	1.322319e-02	1.500159e-03	5.986507e+00	2.717982e-01	6.280162e-03	3.856941e-02	6.588791e+00	3.530038e+00	3.040311e-01	5.586767e-05	1.170724e-01	7.487903e-02	5.193823e+00	7.249490e-05	
3.489430e-03	5.478703e-04	1.023309e-01	2.243216e-03	2.533657e+00	1.580860e-02	1.639598e-03	7.941084e+00	2.331888e-01	5.216457e-03	3.892760e-02	5.568780e+00	4.652433e+00	2.429536e-01	5.065506e-05	1.186371e-01	6.024428e-02	4.942656e+00	6.668787e-05	
3.489926e-03	6.673459e-04	1.011828e-01	2.938942e-03	2.536558e+00	2.084977e-02	1.861880e-03	1.260378e+01	2.693964e-01	6.348827e-03	3.781701e-02	6.471037e+00	3.174813e+00	2.897487e-01	5.939027e-05	1.165497e-01	6.558034e-02	5.736981e+00	7.672978e-05	
3.491435e-03	1.106389e-03	1.017573e-01	1.714323e-03	2.518465e+00	1.194360e-02	1.358015e-03	1.577181e+01	2.636171e-01	5.936424e-03	3.836824e-02	6.352441e+00	3.354234e+00	2.831614e-01	6.846211e-05	1.168287e-01	6.435667e-02	5.508207e+00	9.174021e-05	
3.492032e-03	1.359077e-03	1.022098e-01	2.091076e-03	2.505736e+00	1.453924e-02	1.648418e-03	2.444047e+01	2.464719e-01	5.619306e-03	3.892588e-02	5.951881e+00	3.135488e+00	2.742476e-01	5.678533e-05	1.168712e-01	6.516332e-02	5.395351e+00	7.248801e-05	
3.492691e-03	2.197524e-03	1.033645e-01	1.008455e-03	2.523833e+00	7.015724e-03	9.594585e-04	1.341052e+01	2.889100e-01	6.598765e-03	3.850009e-02	7.066550e+00	2.252213e+00	3.516918e-01	7.059033e-05	1.182893e-01	7.674955e-02	6.179091e+00	9.217007e-05	
3.493763e-03	1.029238e-03	1.020952e-01	1.631640e-03	2.530506e+00	1.146722e-02	1.498023e-03	1.545237e+01	2.699301e-01	6.242878e-03	3.901498e-02	6.579612e+00	3.656984e+00	2.978322e-01	6.193510e-05	1.163713e-01	6.807457e-02	5.515780e+00	8.265723e-05	
3.494742e-03	7.546247e-04	1.032142e-01	1.872049e-03	2.504750e+00	1.305772e-02	1.273785e-03	7.717402e+00	2.934874e-01	6.949483e-03	3.815734e-02	7.127158e+00	3.618540e+00	3.123557e-01	7.437040e-05	1.153149e-01	6.439132e-02	6.322808e+00	1.015497e-04	
3.496483e-03	9.111893e-04	1.035349e-01	1.428274e-03	2.523743e+00	9.904406e-03	1.058955e-03	1.864294e+01	2.507899e-01	5.737139e-03	3.859120e-02	6.075620e+00	2.003178e+00	2.698513e-01	5.402103e-05	1.181296e-01	6.035357e-02	5.664029e+00	7.138065e-05	
3.496626e-03	2.797077e-03	1.017915e-01	2.026024e-03	2.513918e+00	1.417515e-02	1.894142e-03	1.744160e+01	2.762675e-01	6.264815e-03	3.879725e-02	6.696697e+00	4.654649e+00	3.496179e-01	5.169270e-05	1.158827e-01	8.138613e-02	5.673333e+00	6.797130e-05	
3.498445e-03	7.942684e-04	1.027140e-01	2.059051e-03	2.474413e+00	1.426136e-02	1.375075e-03	2.352349e+01	2.659691e-01	6.177448e-03	3.843231e-02	6.447045e+00	2.693662e+00	2.880005e-01	7.276446e-05	1.152459e-01	6.388617e-02	5.821933e+00	9.600099e-05	
3.498456e-03	5.401176e-04	1.008591e-01	2.345755e-03	2.516597e+00	1.643069e-02	1.573063e-03	1.289273e+01	2.707309e-01	6.246132e-03	3.819862e-02	6.502279e+00	3.937909e+00	2.926545e-01	5.411219e-05	1.155237e-01	6.578109e-02	5.578944e+00	7.360027e-05	
3.499963e-03	1.529969e-03	1.001408e-01	2.327586e-03	2.505537e+00	1.617715e-02	1.660564e-03	2.692165e+01	2.594226e-01	6.038947e-03	3.800085e-02	6.243600e+00	2.754198e+00	2.889115e-01	6.298538e-05	1.162632e-01	6.573026e-02	5.752948e+00	8.147429e-05	
3.500617e-03	2.148697e-03	1.011677e-01	2.605280e-03	2.499794e+00	1.802141e-02	1.427251e-03	7.721653e+00	2.748273e-01	6.339392e-03	3.875885e-02	6.685867e+00	3.477638e+00	2.821958e-01	6.538603e-05	1.167554e-01	6.963023e-02	5.098225e+00	8.436204e-05	
3.501996e-03	1.506358e-03	1.040847e-01	1.338253e-03	2.518604e+00	9.401239e-03	1.409937e-03	1.323762e+01	2.471970e-01	5.600097e-03	3.868794e-02	5.949716e+00	2.513581e+00	3.666525e-01	4.473910e-05	1.192930e-01	7.760786e-02	6.592991e+00	5.908522e-05	
3.502807e-03	2.863027e-04	1.035393e-01	1.307442e-03	2.536611e+00	9.227774e-03	1.635594e-03	2.243979e+01	2.432831e-01	5.679290e-03	3.852907e-02	5.866083e+00	2.605586e+00	3.435245e-01	5.857268e-05	1.163254e-01	7.419419e-02	6.085314e+00	7.871660e-05	
3.502983e-03	1.780688e-03	1.036629e-01	1.023600e-03	2.522531e+00	7.168503e-03	1.387041e-03	6.430507e+00	2.547039e-01	5.936848e-03	3.924805e-02	6.164461e+00	4.194915e+00	2.965644e-01	5.290002e-05	1.169985e-01	7.273996e-02	5.211292e+00	6.745812e-05	
3.503013e-03	1.949464e-03	1.026017e-01	1.451542e-03	2.499885e+00	1.009747e-02	1.580534e-03	2.170069e+01	2.702462e-01	6.272911e-03	3.856057e-02	6.549823e+00	3.409513e+00	2.837580e-01	5.250747e-05	1.169015e-01	6.899720e-02	5.150493e+00	6.688880e-05	
3.504220e-03	6.834966e-04	1.022230e-01	1.543646e-03	2.512934e+00	1.078134e-02	1.630793e-03	7.261713e+00	2.887911e-01	6.624712e-03	3.873916e-02	7.018379e+00	4.479065e+00	3.480795e-01	4.942276e-05	1.142462e-01	7.849253e-02	5.778141e+00	6.619875e-05	
3.506064e-03	7.146040e-04	1.025954e-01	2.000924e-03	2.502828e+00	1.400156e-02	1.293462e-03	1.913926e+01	2.565181e-01	5.818274e-03	3.904604e-02	6.194002e+00	3.632839e+00	3.172760e-01	6.018867e-05	1.183937e-01	7.643039e-02	5.364128e+00	7.794879e-05	
3.506507e-03	5.268662e-03	1.008649e-01	2.238746e-03	2.532276e+00	1.568184e-02	1.442565e-03	3.546070e+00	2.892054e-01	6.773866e-03	3.803434e-02	6.999903e+00	2.513326e+00	2.896910e-01	5.773624e-05	1.197401e-01	6.655991e-02	5.610292e+00	7.705848e-05	
3.508385e-03	5.143792e-04	1.044434e-01	1.363848e-03	2.521331e+00	9.523041e-03	1.617982e-03	1.012757e+01	2.712327e-01	6.176110e-03	3.854908e-02	6.569799e+00	3.290103e+00	3.623868e-01	4.846897e-05	1.157010e-01	8.760442e-02	5.334681e+00	6.432331e-05	
3.508713e-03	3.933742e-04	1.028533e-01	1.918533e-03	2.527206e+00	1.350214e-02	1.359582e-03	1.146552e+01	2.559764e-01	5.919180e-03	3.785970e-02	6.120992e+00	2.758824e+00	3.719626e-01	5.544811e-05	1.173755e-01	8.157764e-02	6.267629e+00	7.324269e-05	
3.509863e-03	7.135494e-04	1.031952e-01	2.173589e-03	2.514347e+00	1.526406e-02	1.513057e-03	6.508917e+00	2.624345e-01	6.061176e-03	3.887885e-02	6.360407e+00	4.417228e+00	2.712149e-01	4.172196e-05	1.165038e-01	7.146745e-02	4.586761e+00	5.452436e-05	
3.515854e-03	7.003223e-04	1.016890e-01	3.110687e-03	2.533820e+00	2.199239e-02	2.501098e-03	9.999544e+00	2.291783e-01	5.329322e-03	3.802945e-02	5.442027e+00	3.685683e+00	3.147955e-01	4.118504e-05	1.171662e-01	6.786803e-02	6.211679e+00	5.306216e-05	
3.515907e-03	8.532563e-04	9.960946e-02	2.245560e-03	2.516644e+00	1.571709e-02	1.929684e-03	2.125100e+01	2.477133e-01	5.655601e-03	3.812539e-02	5.928137e+00	3.399734e+00	3.014011e-01	5.494670e-05	1.182672e-01	6.514555e-02	6.193606e+00	7.334916e-05	
3.515936e-03	7.120473e-04	1.018760e-01	2.433033e-03	2.496795e+00	1.684408e-02	1.380984e-03	2.479588e+01	2.337043e-01	5.294894e-03	3.891855e-02	5.623626e+00	2.956743e+00	2.652206e-01	6.930004e-05	1.171824e-01	5.937740e-02	5.624456e+00	9.038900e-05	
3.517047e-03	3.560780e-03	9.910383e-02	1.907552e-03	2.528387e+00	1.330771e-02	1.453611e-03	1.666497e+01	2.844245e-01	6.632046e-03	3.885643e-02	6.922721e+00	3.686174e+00	2.441816e-01	8.395604e-05	1.183990e-01	5.364425e-02	5.851356e+00	1.080681e-04	
3.518350e-03	8.871010e-04	1.014926e-01	1.789404e-03	2.526707e+00	1.265620e-02	1.794083e-03	9.638466e+00	2.631902e-01	5.981441e-03	3.966803e-02	6.395131e+00	5.315359e+00	3.255574e-01	5.170035e-05	1.181224e-01	7.903986e-02	5.440815e+00	6.512821e-05	
3.519154e-03	1.118087e-03	1.028316e-01	1.308562e-03	2.504555e+00	9.122571e-03	1.169096e-03	8.781393e+00	2.679381e-01	6.059628e-03	3.875917e-02	6.505756e+00	2.819012e+00	3.509563e-01	6.815338e-05	1.159381e-01	7.429082e-02	6.375548e+00	9.161565e-05	
3.519160e-03	1.153758e-03	1.009632e-01	2.013962e-03	2.507590e+00	1.410856e-02	1.258780e-03	9.505109e+00	2.655501e-01	6.074978e-03	3.856431e-02	6.418204e+00	2.954626e+00	2.391187e-01	5.618339e-05	1.155069e-01	5.634566e-02	5.165884e+00	7.388758e-05	
3.519494e-03	8.882800e-04	1.021516e-01	1.822608e-03	2.521599e+00	1.266767e-02	1.443474e-03	5.552063e+00	2.446710e-01	5.516534e-03	3.839706e-02	5.860460e+00	2.830887e+00	2.672029e-01	5.164100e-05	1.190231e-01	6.157453e-02	5.529434e+00	6.733255e-05	
3.519707e-03	1.163365e-03	1.011754e-01	2.709140e-03	2.528544e+00	1.901951e-02	1.434414e-03	1.500598e+01	2.838849e-01	6.626754e-03	3.842241e-02	6.863559e+00	4.280923e+00	2.964333e-01	6.588984e-05	1.163381e-01	7.000033e-02	5.431974e+00	8.679180e-05	
3.520281e-03	5.156976e-04	1.029835e-01	1.492384e-03	2.526620e+00	1.050070e-02	1.445895e-03	1.207895e+01	2.695254e-01	6.410197e-03	3.846158e-02	6.533375e+00	3.315325e+00	3.406592e-01	5.491549e-05	1.169902e-01	8.326236e-02	5.305316e+00	7.053806e-05	
3.523406e-03	1.281043e-03	1.026455e-01	1.631008e-03	2.554455e+00	1.144946e-02	1.367786e-03	1.988825e+01	2.789237e-01	6.453090e-03	3.874801e-02	6.769290e+00	3.376307e+00	3.299504e-01	7.683064e-05	1.177769e-01	7.001268e-02	6.210683e+00	1.037601e-04	
3.523894e-03	8.051354e-04	1.019326e-01	1.787882e-03	2.547831e+00	1.254556e-02	9.074291e-04	1.765208e+01	2.779964e-01	6.438215e-03	3.873999e-02	6.773048e+00	2.896850e+00	2.781076e-01	5.551074e-05	1.184375e-01	6.841497e-02	5.070426e+00	7.427169e-05	
3.524530e-03	3.467954e-04	1.020811e-01	1.880883e-03	2.517729e+00	1.311297e-02	1.575888e-03	1.071397e+01	2.615240e-01	6.018330e-03	3.937813e-02	6.355596e+00	5.428042e+00	3.287976e-01	4.291013e-05	1.149541e-01	7.886661e-02	5.406731e+00	5.545183e-05	
3.524913e-03	6.158856e-04	1.042917e-01	2.568008e-03	2.518755e+00	1.799611e-02	1.589536e-03	4.220304e+01	2.491571e-01	5.766801e-03	3.877171e-02	5.979074e+00	3.869201e+00	2.764569e-01	7.127229e-05	1.172464e-01	6.809447e-02	4.962473e+00	9.296897e-05	
3.525376e-03	6.836717e-04	1.021466e-01	1.529465e-03	2.512260e+00	1.058871e-02	1.061275e-03	1.903478e+01	2.759832e-01	6.252391e-03	3.867604e-02	6.717018e+00	2.843876e+00	3.204929e-01	5.933930e-05	1.171957e-01	7.341021e-02	5.785870e+00	7.594661e-05	
3.525393e-03	8.284029e-04	9.978107e-02	2.073322e-03	2.530383e+00	1.478142e-02	2.822005e-03	1.956570e+01	2.339479e-01	5.401056e-03	3.915512e-02	5.626959e+00	4.030366e+00	3.431764e-01	4.806841e-05	1.146026e-01	7.497576e-02	6.055118e+00	6.224938e-05	
3.526712e-03	3.393187e-04	1.027707e-01	1.769584e-03	2.511602e+00	1.232607e-02	1.400434e-03	4.812019e+01	2.534017e-01	5.853438e-03	3.936057e-02	6.167613e+00	3.696868e+00	3.133713e-01	4.521850e-05	1.172690e-01	7.861568e-02	5.072864e+00	5.866998e-05	
3.528274e-03	1.415796e-03	1.023132e-01	1.464046e-03	2.533614e+00	1.017681e-02	7.655840e-04	4.545916e+01	2.738092e-01	6.366436e-03	3.845879e-02	6.640982e+00	2.109388e+00	3.051000e-01	7.421229e-05	1.195444e-01	6.826999e-02	5.889010e+00	9.702422e-05	
3.528520e-03	2.483783e-03	1.025856e-01	1.963038e-03	2.515984e+00	1.361811e-02	1.071509e-03	7.172749e+00	3.090232e-01	7.118314e-03	3.876389e-02	7.548342e+00	4.369823e+00	2.781623e-01	8.423596e-05	1.176541e-01	6.575794e-02	5.351984e+00	1.110452e-04	
3.530429e-03	1.046337e-03	1.019327e-01	1.588340e-03	2.512289e+00	1.102387e-02	1.167487e-03	9.971874e+00	2.725071e-01	6.278941e-03	3.832510e-02	6.602297e+00	2.492995e+00	3.095319e-01	6.083117e-05	1.179136e-01	7.385891e-02	5.345946e+00	7.800326e-05	
3.532231e-03	8.637592e-04	1.030595e-01	1.435701e-03	2.512672e+00	9.996014e-03	1.398578e-03	1.541267e+01	2.790680e-01	6.323685e-03	3.895795e-02	6.776498e+00	4.679682e+00	2.955657e-01	6.953207e-05	1.157181e-01	6.838442e-02	5.503033e+00	9.234386e-05	
3.534482e-03	1.450373e-03	9.967850e-02	1.837261e-03	2.513457e+00	1.279667e-02	1.296694e-03	1.513447e+01	2.970475e-01	6.785341e-03	3.971952e-02	7.297031e+00	4.986927e+00	2.880583e-01	6.594424e-05	1.171064e-01	7.067531e-02	5.154469e+00	8.326691e-05	
3.534612e-03	8.856596e-04	1.019455e-01	1.346455e-03	2.514112e+00	9.449434e-03	1.475651e-03	7.564866e+00	2.664642e-01	6.187624e-03	3.878815e-02	6.482382e+00	2.890754e+00	3.526225e-01	5.126505e-05	1.147145e-01	8.069243e-02	5.609457e+00	6.935566e-05	
3.537390e-03	1.555605e-03	1.027333e-01	1.304505e-03	2.516027e+00	9.082926e-03	1.550682e-03	1.418006e+01	2.665696e-01	6.278539e-03	3.883460e-02	6.488962e+00	3.186805e+00	3.292747e-01	6.515197e-05	1.165219e-01	7.177538e-02	6.038694e+00	8.623071e-05	
3.540252e-03	6.125180e-04	1.013172e-01	1.366881e-03	2.514568e+00	9.557326e-03	1.117555e-03	2.976360e+01	2.821497e-01	6.544180e-03	3.917374e-02	6.886523e+00	3.623649e+00	3.340877e-01	5.454387e-05	1.161585e-01	8.171116e-02	5.384063e+00	6.748701e-05	
3.540608e-03	1.798913e-03	1.003245e-01	2.004199e-03	2.512801e+00	1.393949e-02	1.136767e-03	1.797369e+01	2.803920e-01	6.389586e-03	3.879452e-02	6.824472e+00	3.178245e+00	2.662843e-01	6.533811e-05	1.172685e-01	6.625585e-02	4.875716e+00	8.521131e-05	
3.542317e-03	1.686338e-03	1.025496e-01	1.398812e-03	2.535294e+00	9.780815e-03	8.206751e-04	1.994811e+01	2.954554e-01	6.962094e-03	3.806386e-02	7.196100e+00	1.842574e+00	2.931048e-01	7.775328e-05	1.205669e-01	6.203064e-02	6.398067e+00	1.002489e-04	
3.542554e-03	5.930913e-04	1.028790e-01	1.689843e-03	2.529405e+00	1.193956e-02	1.606172e-03	3.161323e+00	2.612645e-01	5.862846e-03	3.876063e-02	6.303033e+00	3.754821e+00	3.364988e-01	5.110070e-05	1.175776e-01	7.646494e-02	5.751710e+00	6.777006e-05	
3.544890e-03	1.462717e-03	1.012934e-01	1.307820e-03	2.516908e+00	9.044200e-03	1.097005e-03	3.213599e+01	2.790236e-01	6.507911e-03	3.908837e-02	6.809617e+00	3.339589e+00	3.198462e-01	6.226191e-05	1.160658e-01	7.660154e-02	5.368313e+00	8.051443e-05	
3.546021e-03	3.000020e-03	1.013099e-01	2.546364e-03	2.537052e+00	1.775760e-02	1.163521e-03	3.073351e+01	2.673545e-01	6.041554e-03	3.821471e-02	6.461626e+00	2.582285e+00	2.728061e-01	5.731680e-05	1.191353e-01	6.602222e-02	5.159384e+00	7.500666e-05	
3.551170e-03	1.678322e-03	9.825778e-02	2.205985e-03	2.523469e+00	1.540765e-02	1.728238e-03	2.600547e+01	2.517564e-01	5.794044e-03	3.880924e-02	6.087992e+00	3.208366e+00	2.465492e-01	5.422604e-05	1.172061e-01	5.929616e-02	5.293399e+00	6.736978e-05	
3.555978e-03	8.116918e-04	9.991922e-02	2.426677e-03	2.505032e+00	1.690954e-02	1.418173e-03	6.987174e+00	2.504740e-01	5.754231e-03	3.893033e-02	6.063178e+00	3.464333e+00	2.540990e-01	5.568354e-05	1.169860e-01	6.668487e-02	4.553869e+00	7.182939e-05	
3.557780e-03	8.426651e-04	1.025091e-01	1.668173e-03	2.520478e+00	1.169330e-02	1.713610e-03	2.188109e+01	2.560199e-01	5.937362e-03	3.841473e-02	6.145784e+00	2.975529e+00	3.893237e-01	5.612506e-05	1.167971e-01	8.125355e-02	6.566310e+00	7.455825e-05	
3.562237e-03	7.793918e-04	1.016767e-01	2.830795e-03	2.531391e+00	2.001111e-02	1.597224e-03	1.399253e+01	2.637693e-01	6.032145e-03	3.923977e-02	6.385914e+00	5.196028e+00	2.941679e-01	6.514447e-05	1.171493e-01	7.904165e-02	4.624291e+00	8.432016e-05	
3.562430e-03	1.078629e-03	1.015063e-01	2.680980e-03	2.518982e+00	1.885906e-02	1.249806e-03	8.227868e+00	2.620041e-01	5.996341e-03	3.850615e-02	6.321778e+00	3.038600e+00	2.812411e-01	6.398119e-05	1.187110e-01	6.696456e-02	5.389816e+00	8.355060e-05	
3.564563e-03	5.957642e-04	1.014199e-01	1.859871e-03	2.527265e+00	1.308402e-02	1.259326e-03	1.286052e+01	2.672829e-01	6.088759e-03	3.942412e-02	6.515664e+00	4.718446e+00	3.279580e-01	5.985021e-05	1.166532e-01	7.740661e-02	5.552464e+00	7.794342e-05	
3.565645e-03	1.596198e-03	1.017327e-01	2.933998e-03	2.502842e+00	2.035183e-02	1.602870e-03	1.376361e+01	2.690313e-01	6.277241e-03	3.822238e-02	6.481576e+00	4.185293e+00	2.906773e-01	6.916052e-05	1.171998e-01	6.617044e-02	5.524324e+00	9.197510e-05	
3.565907e-03	1.260126e-03	1.002886e-01	2.737365e-03	2.501408e+00	1.904726e-02	1.714157e-03	3.064303e+01	2.640315e-01	6.125320e-03	3.862993e-02	6.373494e+00	3.757970e+00	3.032047e-01	6.341143e-05	1.172602e-01	6.714337e-02	5.916901e+00	8.094666e-05	
3.567857e-03	1.625297e-03	1.012938e-01	1.870528e-03	2.526460e+00	1.314248e-02	1.180782e-03	1.004934e+01	2.707934e-01	6.225877e-03	3.823832e-02	6.523472e+00	3.076374e+00	3.201453e-01	5.492412e-05	1.196679e-01	7.661289e-02	5.370779e+00	7.466284e-05	
3.571884e-03	1.584722e-03	1.025735e-01	2.287973e-03	2.533484e+00	1.608922e-02	9.302519e-04	7.282930e+00	2.747440e-01	6.275248e-03	3.877751e-02	6.653445e+00	3.249370e+00	2.720288e-01	5.514148e-05	1.192433e-01	6.433102e-02	5.248578e+00	7.445884e-05	
3.573746e-03	3.377113e-04	1.023109e-01	1.911783e-03	2.510680e+00	1.335701e-02	1.791958e-03	1.714522e+01	2.415265e-01	5.566091e-03	3.907833e-02	5.791170e+00	4.793736e+00	3.246506e-01	4.912194e-05	1.148185e-01	7.814323e-02	5.189377e+00	6.487559e-05	
3.577027e-03	5.585259e-04	1.023748e-01	2.214637e-03	2.507186e+00	1.547511e-02	1.832084e-03	1.201322e+01	2.616083e-01	5.964968e-03	3.892536e-02	6.336534e+00	4.426690e+00	3.449600e-01	5.098965e-05	1.160556e-01	8.015100e-02	5.721418e+00	6.684983e-05	
3.583340e-03	1.676750e-03	1.007208e-01	1.858314e-03	2.515582e+00	1.310166e-02	1.507672e-03	6.536303e+00	2.611415e-01	6.004932e-03	3.896234e-02	6.316542e+00	3.278098e+00	2.910737e-01	4.206471e-05	1.166922e-01	7.373580e-02	4.942336e+00	5.368808e-05	
3.584773e-03	1.122498e-03	1.024404e-01	1.398054e-03	2.513641e+00	9.779109e-03	1.666664e-03	7.785541e+00	2.864962e-01	6.600322e-03	3.970503e-02	7.009591e+00	5.435306e+00	3.276853e-01	6.507209e-05	1.160032e-01	7.448607e-02	5.879030e+00	8.067985e-05	
3.585532e-03	9.914797e-04	1.013498e-01	1.880996e-03	2.529304e+00	1.321471e-02	1.196644e-03	1.953827e+01	2.567442e-01	5.856182e-03	3.908936e-02	6.225448e+00	2.967048e+00	2.460305e-01	5.468011e-05	1.191004e-01	5.824390e-02	5.503264e+00	6.731949e-05	
3.586100e-03	8.282330e-04	1.036938e-01	1.423986e-03	2.522285e+00	9.964717e-03	1.102846e-03	1.386577e+01	2.677044e-01	6.146057e-03	3.896059e-02	6.515446e+00	2.865555e+00	3.541776e-01	5.348645e-05	1.179551e-01	8.493584e-02	5.418244e+00	6.863614e-05	
3.588905e-03	7.320811e-04	1.017562e-01	1.890248e-03	2.556741e+00	1.347300e-02	1.543234e-03	1.785931e+01	2.485115e-01	5.773654e-03	3.929274e-02	6.009549e+00	4.426340e+00	2.699828e-01	4.974829e-05	1.169976e-01	6.575410e-02	5.128325e+00	6.461880e-05	
3.588969e-03	1.202882e-03	1.020363e-01	1.991780e-03	2.508746e+00	1.390423e-02	1.106147e-03	7.250496e+00	2.781915e-01	6.444061e-03	3.900711e-02	6.796888e+00	3.633550e+00	2.755672e-01	6.092719e-05	1.182974e-01	6.757929e-02	5.061643e+00	7.962042e-05	
3.591078e-03	1.665037e-03	1.018182e-01	2.062472e-03	2.527161e+00	1.437945e-02	1.377482e-03	4.358212e+00	2.690503e-01	6.042947e-03	3.888720e-02	6.534119e+00	3.228349e+00	3.186751e-01	5.226872e-05	1.179443e-01	7.455141e-02	5.603155e+00	6.858488e-05	
3.593209e-03	9.912178e-04	9.914243e-02	2.361962e-03	2.524647e+00	1.656186e-02	1.534464e-03	3.454596e+01	2.498388e-01	5.599569e-03	3.864991e-02	6.009313e+00	2.427069e+00	2.740682e-01	6.537874e-05	1.190223e-01	6.497010e-02	5.538847e+00	8.162814e-05	
3.594245e-03	1.029566e-03	9.992859e-02	1.961028e-03	2.514012e+00	1.381153e-02	1.690731e-03	6.750277e+00	2.509755e-01	5.681006e-03	3.855487e-02	6.009704e+00	3.621173e+00	2.889330e-01	5.635985e-05	1.173294e-01	6.519552e-02	5.717322e+00	7.469770e-05	
3.598298e-03	5.940382e-04	1.009555e-01	1.740591e-03	2.509020e+00	1.218735e-02	1.385643e-03	9.290390e+00	2.688972e-01	6.145885e-03	3.866050e-02	6.535280e+00	3.066814e+00	3.494142e-01	5.213374e-05	1.168859e-01	7.692578e-02	6.059879e+00	6.893757e-05	
3.599059e-03	2.062013e-03	1.020419e-01	1.726973e-03	2.531765e+00	1.210515e-02	1.280080e-03	1.254472e+01	2.801980e-01	6.354756e-03	3.951806e-02	6.879004e+00	3.752971e+00	2.633017e-01	5.657798e-05	1.171161e-01	6.381008e-02	5.158453e+00	7.094625e-05	
3.599131e-03	4.788212e-04	1.008903e-01	2.107511e-03	2.534581e+00	1.470352e-02	1.220506e-03	6.172214e+00	2.399222e-01	5.356184e-03	3.893236e-02	5.787723e+00	3.016809e+00	2.565342e-01	4.522705e-05	1.180366e-01	6.569271e-02	4.882623e+00	5.618516e-05	
3.599249e-03	7.559241e-04	1.011413e-01	2.264822e-03	2.549478e+00	1.611023e-02	1.490008e-03	7.420359e+00	2.681918e-01	6.310335e-03	3.840110e-02	6.471131e+00	4.105436e+00	2.785524e-01	6.149379e-05	1.190807e-01	6.865161e-02	5.159323e+00	7.878533e-05	
3.601203e-03	1.405545e-03	1.040085e-01	1.486009e-03	2.528466e+00	1.037984e-02	1.511155e-03	7.031718e+00	2.665985e-01	6.172424e-03	3.899983e-02	6.478638e+00	3.338527e+00	3.068580e-01	4.760413e-05	1.176054e-01	7.381511e-02	5.064157e+00	6.500146e-05	
3.603762e-03	7.753170e-04	1.029042e-01	2.255269e-03	2.559104e+00	1.599068e-02	1.621670e-03	1.186085e+01	2.626300e-01	5.972741e-03	3.896489e-02	6.373560e+00	3.940372e+00	2.968873e-01	6.414105e-05	1.191781e-01	7.239920e-02	5.229233e+00	8.245985e-05	
3.603814e-03	1.522476e-03	1.003194e-01	1.572968e-03	2.528143e+00	1.107073e-02	9.724210e-04	1.451114e+01	2.879504e-01	6.643874e-03	3.908602e-02	7.053833e+00	2.771587e+00	2.587621e-01	5.273124e-05	1.188314e-01	6.647425e-02	4.829104e+00	6.792191e-05	
3.609208e-03	2.432765e-03	1.001418e-01	2.317742e-03	2.507075e+00	1.601097e-02	1.308582e-03	3.069345e+01	2.789990e-01	6.411074e-03	3.855899e-02	6.773009e+00	3.675413e+00	2.302809e-01	6.669153e-05	1.177657e-01	5.553451e-02	5.041783e+00	8.660154e-05	
3.613404e-03	5.259644e-04	1.029948e-01	3.212004e-03	2.523128e+00	2.243290e-02	1.390990e-03	1.550050e+01	2.528001e-01	5.657012e-03	3.899427e-02	6.064791e+00	4.739896e+00	2.759055e-01	6.057434e-05	1.178859e-01	6.824433e-02	5.004720e+00	8.048651e-05	
3.615447e-03	1.462660e-03	1.011961e-01	3.081639e-03	2.521381e+00	2.157967e-02	1.434546e-03	9.308905e+00	2.692520e-01	6.230593e-03	3.861918e-02	6.499765e+00	3.171303e+00	2.803272e-01	5.129891e-05	1.184243e-01	6.588936e-02	5.388760e+00	6.930940e-05	
3.616438e-03	1.177883e-03	1.017744e-01	2.375183e-03	2.529466e+00	1.678930e-02	1.760449e-03	1.565710e+01	2.390888e-01	5.428012e-03	3.850094e-02	5.734802e+00	3.635843e+00	2.827424e-01	4.915143e-05	1.189103e-01	7.132227e-02	4.906641e+00	6.419098e-05	
3.619098e-03	6.653833e-04	1.038455e-01	1.686904e-03	2.546557e+00	1.194349e-02	1.660594e-03	8.104803e+00	2.529270e-01	5.910690e-03	3.922084e-02	6.113303e+00	4.029804e+00	3.673826e-01	5.043196e-05	1.171218e-01	8.916694e-02	5.328712e+00	6.513628e-05	
3.619926e-03	6.884152e-04	1.030090e-01	1.713490e-03	2.524407e+00	1.191309e-02	1.162436e-03	1.466021e+01	2.826761e-01	6.637746e-03	3.900611e-02	6.897409e+00	3.516920e+00	3.722130e-01	4.045787e-05	1.158428e-01	9.452699e-02	4.979853e+00	5.257276e-05	
3.623079e-03	1.542978e-03	1.013615e-01	1.671339e-03	2.509295e+00	1.161295e-02	1.623398e-03	9.996045e+00	2.881141e-01	6.703441e-03	3.852422e-02	6.969988e+00	4.121720e+00	3.206449e-01	7.866455e-05	1.159639e-01	6.841584e-02	6.134189e+00	1.057873e-04	
3.623588e-03	6.219703e-04	1.039581e-01	1.372600e-03	2.508329e+00	9.522683e-03	1.740689e-03	6.659870e+00	2.510871e-01	5.766557e-03	3.885386e-02	6.069997e+00	3.204841e+00	3.580979e-01	4.744143e-05	1.168184e-01	8.234930e-02	5.605052e+00	6.332175e-05	
3.627346e-03	7.840188e-04	9.993512e-02	1.519050e-03	2.517321e+00	1.069251e-02	1.346268e-03	5.106373e+01	2.544556e-01	5.750058e-03	3.927417e-02	6.174360e+00	2.960295e+00	3.125445e-01	6.963951e-05	1.172501e-01	6.902428e-02	6.080465e+00	8.763609e-05	
3.627365e-03	1.714745e-03	1.012001e-01	1.466364e-03	2.526159e+00	1.025026e-02	1.227984e-03	2.851194e+01	2.688311e-01	6.103627e-03	3.868540e-02	6.523859e+00	2.393169e+00	2.817798e-01	7.707890e-05	1.175408e-01	6.214247e-02	5.850781e+00	9.803447e-05	
3.635900e-03	2.843295e-04	1.009604e-01	3.219378e-03	2.503596e+00	2.258800e-02	1.952657e-03	5.420450e+00	2.589974e-01	5.894144e-03	3.816450e-02	6.185600e+00	5.061126e+00	3.131041e-01	5.100247e-05	1.157970e-01	6.922421e-02	6.043127e+00	6.700105e-05	
3.640017e-03	9.465133e-04	1.008867e-01	3.181036e-03	2.487975e+00	2.210166e-02	1.917780e-03	1.357069e+01	2.472371e-01	5.579489e-03	3.821376e-02	5.934041e+00	3.498831e+00	3.079159e-01	4.895965e-05	1.161789e-01	7.223448e-02	5.412152e+00	6.422879e-05	
3.640856e-03	1.008505e-03	1.029790e-01	2.495068e-03	2.508190e+00	1.737560e-02	1.848994e-03	1.241785e+01	2.407735e-01	5.483011e-03	3.836098e-02	5.745574e+00	3.371859e+00	3.390280e-01	4.247056e-05	1.162194e-01	8.005039e-02	5.534775e+00	5.367393e-05	
3.642700e-03	4.777535e-04	1.027540e-01	1.575440e-03	2.526254e+00	1.100951e-02	1.773761e-03	8.930154e+00	2.413016e-01	5.490532e-03	3.889645e-02	5.811508e+00	2.995364e+00	3.421375e-01	4.441462e-05	1.168614e-01	8.046723e-02	5.540424e+00	5.953367e-05	
3.647805e-03	8.567550e-04	1.020761e-01	2.007576e-03	2.533288e+00	1.412722e-02	1.629564e-03	5.417689e+00	2.538092e-01	5.876613e-03	3.875214e-02	6.091866e+00	3.583982e+00	3.123877e-01	5.036655e-05	1.170018e-01	6.888114e-02	5.827557e+00	6.744692e-05	
3.657156e-03	1.898797e-03	1.008630e-01	1.491019e-03	2.519883e+00	1.046648e-02	1.417885e-03	3.873382e+00	2.755367e-01	6.342403e-03	3.951998e-02	6.765676e+00	4.109866e+00	2.737283e-01	5.355577e-05	1.177129e-01	7.571152e-02	4.408475e+00	6.887088e-05	
3.658740e-03	6.062164e-04	1.051588e-01	1.542120e-03	2.504301e+00	1.085322e-02	1.743722e-03	6.895415e+00	2.521161e-01	5.877995e-03	3.827106e-02	6.051033e+00	3.027782e+00	3.664338e-01	4.048034e-05	1.160671e-01	8.355536e-02	5.618888e+00	5.553579e-05	
3.662454e-03	1.359751e-03	1.028759e-01	1.807834e-03	2.523412e+00	1.268307e-02	1.592261e-03	6.075501e+00	2.640655e-01	6.060622e-03	3.817790e-02	6.338274e+00	3.232091e+00	2.959623e-01	6.978378e-05	1.171881e-01	6.056194e-02	6.312177e+00	9.445744e-05	
3.662576e-03	1.495561e-03	1.019547e-01	2.943205e-03	2.518403e+00	2.043163e-02	1.678583e-03	1.660514e+01	2.529456e-01	5.673693e-03	3.898528e-02	6.112514e+00	3.698615e+00	2.666665e-01	5.215916e-05	1.179335e-01	6.536655e-02	5.028630e+00	6.727012e-05	
3.668211e-03	2.537735e-03	9.988573e-02	1.819819e-03	2.512017e+00	1.269801e-02	1.070436e-03	1.843435e+01	2.776362e-01	6.392699e-03	3.897710e-02	6.758759e+00	2.986179e+00	2.655588e-01	8.158630e-05	1.180800e-01	6.319778e-02	5.446113e+00	1.049659e-04	
3.678152e-03	1.135882e-03	1.026597e-01	2.501449e-03	2.500862e+00	1.753182e-02	1.656729e-03	1.101154e+01	2.394700e-01	5.411687e-03	3.874434e-02	5.739709e+00	3.370733e+00	3.142851e-01	4.662943e-05	1.180273e-01	7.197008e-02	5.601450e+00	6.451876e-05	
3.682016e-03	2.432276e-03	1.019672e-01	1.822509e-03	2.517848e+00	1.279409e-02	1.411959e-03	1.222805e+01	2.612272e-01	6.032378e-03	3.841411e-02	6.319015e+00	2.662241e+00	3.212859e-01	7.117197e-05	1.180291e-01	6.822914e-02	6.253381e+00	9.292383e-05	
3.690722e-03	2.202228e-03	1.021018e-01	2.396356e-03	2.508661e+00	1.678861e-02	1.001949e-03	1.968410e+01	2.728209e-01	6.398202e-03	3.829416e-02	6.580685e+00	2.701176e+00	2.496514e-01	7.001327e-05	1.184138e-01	5.731863e-02	5.549404e+00	9.109732e-05	
3.690775e-03	9.132220e-04	1.016464e-01	2.075362e-03	2.530664e+00	1.451786e-02	8.759727e-04	1.230640e+01	2.875897e-01	6.768592e-03	3.887157e-02	7.028720e+00	3.515198e+00	3.759566e-01	7.234386e-05	1.177261e-01	8.962102e-02	5.482221e+00	9.369238e-05	
3.693785e-03	3.679777e-04	1.030258e-01	2.195039e-03	2.526380e+00	1.541503e-02	1.143958e-03	8.745891e+00	2.766124e-01	6.426762e-03	3.821162e-02	6.662282e+00	3.399410e+00	2.887564e-01	4.718941e-05	1.152910e-01	7.059669e-02	5.066562e+00	6.342034e-05	
3.700587e-03	5.834807e-04	1.023282e-01	1.611887e-03	2.539312e+00	1.136481e-02	1.659216e-03	1.040706e+01	2.436211e-01	5.449503e-03	3.879821e-02	5.864915e+00	3.484443e+00	3.000833e-01	4.934149e-05	1.168033e-01	6.807800e-02	5.614892e+00	6.774850e-05	
3.703481e-03	9.425500e-04	1.021399e-01	1.596073e-03	2.502030e+00	1.123135e-02	2.483888e-03	7.349904e+00	2.649991e-01	6.082604e-03	3.935399e-02	6.423950e+00	5.368368e+00	3.616914e-01	4.828213e-05	1.156292e-01	8.563458e-02	5.442558e+00	6.179434e-05	
3.704436e-03	8.996600e-04	1.007775e-01	2.273977e-03	2.525016e+00	1.602477e-02	1.405587e-03	1.459704e+01	2.665173e-01	6.147138e-03	3.885241e-02	6.448650e+00	3.181091e+00	2.897945e-01	6.135028e-05	1.185318e-01	7.106120e-02	5.322880e+00	7.824077e-05	
3.711752e-03	1.172156e-03	1.040498e-01	1.230646e-03	2.559767e+00	8.726422e-03	1.276263e-03	1.317764e+01	2.578852e-01	6.074758e-03	3.882021e-02	6.256306e+00	2.998109e+00	3.406694e-01	6.449394e-05	1.194564e-01	7.035576e-02	6.516849e+00	8.692504e-05	
3.736000e-03	6.684890e-04	1.019286e-01	1.440643e-03	2.534243e+00	1.025982e-02	1.737794e-03	2.043948e+01	2.477032e-01	5.670150e-03	3.892629e-02	5.972181e+00	3.779524e+00	3.005119e-01	5.235913e-05	1.176519e-01	7.199134e-02	5.420215e+00	6.649626e-05	
3.736962e-03	7.456258e-04	1.032106e-01	1.502292e-03	2.488428e+00	1.045944e-02	2.875651e-03	3.588830e+00	2.414879e-01	5.483354e-03	3.855794e-02	5.778621e+00	3.703437e+00	3.510479e-01	3.992197e-05	1.156773e-01	7.717528e-02	5.821269e+00	5.468427e-05	
3.742195e-03	1.952846e-03	1.009691e-01	2.283463e-03	2.483168e+00	1.589243e-02	2.406359e-03	2.561698e+01	2.620128e-01	6.126924e-03	3.834492e-02	6.316656e+00	3.273212e+00	3.141865e-01	6.801154e-05	1.165151e-01	6.891244e-02	6.304026e+00	8.628258e-05	
3.800667e-03	9.016336e-04	1.021506e-01	2.276425e-03	2.521954e+00	1.607978e-02	1.533687e-03	1.716211e+01	2.512811e-01	5.823223e-03	3.852302e-02	6.011213e+00	3.296805e+00	2.834920e-01	5.337980e-05	1.177399e-01	6.887576e-02	5.136977e+00	7.028136e-05	
3.822984e-03	2.082056e-03	1.009221e-01	1.937496e-03	2.529119e+00	1.361577e-02	1.567931e-03	2.388016e+01	2.513812e-01	5.803002e-03	3.859541e-02	6.095427e+00	2.793670e+00	3.115726e-01	6.522356e-05	1.189875e-01	6.670418e-02	6.217805e+00	8.590961e-05	
3.837160e-03	8.348074e-04	1.019673e-01	1.196265e-03	2.508894e+00	8.295475e-03	1.563575e-03	5.260255e+01	2.531801e-01	5.863652e-03	3.895623e-02	6.141435e+00	2.486719e+00	3.036895e-01	6.240913e-05	1.165268e-01	6.941316e-02	5.800388e+00	8.069917e-05	
3.840102e-03	3.477323e-03	9.984104e-02	1.719873e-03	2.533383e+00	1.199417e-02	7.542770e-04	1.560371e+01	2.874389e-01	6.468528e-03	3.921179e-02	6.992928e+00	3.342671e+00	2.582309e-01	7.202225e-05	1.198627e-01	5.930545e-02	5.647287e+00	9.344356e-05	
3.851771e-03	1.191833e-03	1.020927e-01	1.908050e-03	2.523918e+00	1.351714e-02	1.486761e-03	1.956266e+01	2.735053e-01	6.405103e-03	3.849927e-02	6.631278e+00	3.153401e+00	3.260894e-01	6.233129e-05	1.155753e-01	7.592942e-02	5.726549e+00	7.975127e-05	
3.863379e-03	1.898724e-03	1.031922e-01	1.357072e-03	2.533925e+00	9.602160e-03	1.581165e-03	8.425036e+00	2.467917e-01	5.684497e-03	3.872114e-02	5.914814e+00	2.720408e+00	2.701186e-01	5.683498e-05	1.189341e-01	5.844801e-02	5.975652e+00	7.633354e-05	
3.872724e-03	3.099244e-04	1.030842e-01	1.753424e-03	2.526177e+00	1.215728e-02	1.560711e-03	1.327241e+01	2.391314e-01	5.554508e-03	3.923783e-02	5.769298e+00	4.563658e+00	3.089387e-01	4.768943e-05	1.163005e-01	7.324776e-02	5.394127e+00	6.220874e-05	
3.874636e-03	9.336135e-04	1.021525e-01	2.598569e-03	2.496295e+00	1.811519e-02	1.860681e-03	1.936214e+01	2.515431e-01	5.829287e-03	3.795393e-02	6.064313e+00	2.824885e+00	2.954405e-01	5.244606e-05	1.173146e-01	6.899572e-02	5.483919e+00	6.884455e-05	
3.890709e-03	6.305814e-04	1.012697e-01	2.201092e-03	2.522145e+00	1.533569e-02	1.475199e-03	2.500881e+00	2.876524e-01	6.570768e-03	3.862818e-02	6.946422e+00	4.224438e+00	3.007077e-01	4.912344e-05	1.165819e-01	7.860151e-02	4.551542e+00	6.616144e-05	
