f	x(1)	x(2)	x(3)	x(4)	x(5)	x(6)	x(7)	x(8)	x(9)	x(10)	x(11)	x(12)	x(13)	x(14)	x(15)	x(16)	x(17)	x(18)	
4.443664e-03	9.775286e-01	1.187635e+01	9.890124e-04	2.498071e+00	7.051380e-03	1.908827e-03	5.859594e-02	3.235222e-02	6.434822e-04	1.464416e-02	7.576041e-01	3.924754e-02	2.475764e-01	1.322669e+01	9.751191e-02	4.126810e-01	1.106876e+00	1.933517e+01	
4.477844e-03	9.773461e-01	5.685864e+00	6.325276e-04	2.524955e+00	4.528445e-03	2.630898e-03	1.124895e-01	2.704812e-02	5.701278e-04	1.361040e-02	6.222839e-01	3.715146e-02	3.402664e-01	1.383188e+01	9.659011e-02	3.821240e-01	1.678651e+00	2.040488e+01	
4.527786e-03	9.825036e-01	3.550138e+00	7.411113e-04	2.504620e+00	5.338507e-03	2.135816e-03	5.077195e-02	2.879423e-02	6.091222e-04	1.079931e-02	6.585902e-01	2.741917e-02	2.069988e-01	1.618529e+01	9.597411e-02	4.024050e-01	9.656616e-01	2.569940e+01	
4.537187e-03	9.856399e-01	8.239619e+00	1.264184e-03	2.548727e+00	9.094472e-03	2.123474e-03	8.054571e-02	3.713044e-02	7.894491e-04	1.375658e-02	8.420790e-01	4.049516e-02	3.003016e-01	1.403382e+01	9.850405e-02	4.556048e-01	1.292489e+00	2.221979e+01	
4.538317e-03	9.687667e-01	7.387537e+00	1.263690e-03	2.508524e+00	9.065261e-03	1.443308e-03	4.736956e-02	3.201831e-02	6.606900e-04	1.483943e-02	7.453575e-01	4.116265e-02	3.596161e-01	1.362719e+01	9.801046e-02	4.262621e-01	1.638736e+00	2.077550e+01	
4.549255e-03	9.584791e-01	2.300503e+00	9.065899e-04	2.520084e+00	6.479670e-03	1.840502e-03	6.433296e-02	2.868979e-02	5.927080e-04	1.459370e-02	6.732235e-01	3.949284e-02	3.123511e-01	1.370207e+01	9.700363e-02	4.666074e-01	1.333587e+00	2.062201e+01	
4.557642e-03	9.809820e-01	2.945148e+00	1.243614e-03	2.494017e+00	9.071565e-03	3.013515e-03	6.579523e-02	3.600207e-02	7.540955e-04	1.185169e-02	8.317112e-01	3.082194e-02	3.670318e-01	1.479395e+01	9.741540e-02	4.811893e-01	1.677565e+00	2.165712e+01	
4.583889e-03	9.949842e-01	1.354764e+01	4.980773e-04	2.469847e+00	3.502134e-03	1.229150e-03	4.316095e-02	2.534064e-02	5.137004e-04	1.232277e-02	5.871519e-01	3.154836e-02	1.885855e-01	1.514407e+01	9.240649e-02	3.889263e-01	8.881413e-01	2.250438e+01	
4.587795e-03	9.753299e-01	8.834381e+00	2.381829e-04	2.516161e+00	1.680096e-03	1.206568e-03	7.013842e-02	1.766958e-02	3.558300e-04	1.272904e-02	4.053787e-01	3.366505e-02	1.804956e-01	1.596950e+01	9.230469e-02	3.151829e-01	9.673314e-01	2.536966e+01	
4.601020e-03	9.561589e-01	2.408670e+00	8.722629e-04	2.513599e+00	6.253244e-03	1.953430e-03	4.097243e-02	2.522542e-02	5.217793e-04	1.272603e-02	5.765353e-01	3.447386e-02	2.094910e-01	1.309460e+01	1.008225e-01	4.221483e-01	9.070578e-01	1.989967e+01	
4.618448e-03	9.171983e-01	3.558412e+00	8.115682e-04	2.516612e+00	5.694706e-03	1.453074e-03	8.285403e-02	2.416605e-02	4.914737e-04	1.457704e-02	5.563217e-01	4.153586e-02	2.967532e-01	1.326945e+01	9.513198e-02	3.666021e-01	1.403244e+00	2.049653e+01	
4.635690e-03	9.896929e-01	6.671181e+00	1.426942e-03	2.553815e+00	1.046649e-02	1.437624e-03	2.511215e-02	3.013105e-02	6.195379e-04	1.202083e-02	6.999439e-01	3.014738e-02	1.766453e-01	1.614441e+01	9.403197e-02	3.360492e-01	9.126878e-01	2.432426e+01	
4.650015e-03	9.781418e-01	1.741053e+00	2.008779e-03	2.485501e+00	1.445107e-02	1.724521e-03	3.390799e-02	3.702438e-02	7.666286e-04	1.424466e-02	8.708497e-01	3.813978e-02	2.980913e-01	1.363580e+01	9.603029e-02	4.179733e-01	1.337912e+00	2.110451e+01	
4.665012e-03	9.940280e-01	4.817580e+00	1.538485e-03	2.511114e+00	1.090380e-02	1.632706e-03	4.867197e-02	3.588670e-02	7.404557e-04	1.231395e-02	8.193329e-01	3.355464e-02	3.486531e-01	1.363125e+01	9.608222e-02	4.007545e-01	1.628210e+00	2.084393e+01	
4.668521e-03	9.729487e-01	2.022241e+00	1.483415e-03	2.464034e+00	1.046929e-02	1.667076e-03	4.568805e-02	3.822987e-02	8.181546e-04	1.265518e-02	8.868739e-01	3.298604e-02	3.226493e-01	1.616590e+01	9.307160e-02	3.896770e-01	1.712353e+00	2.239775e+01	
4.687342e-03	9.659651e-01	8.323692e+00	5.069404e-04	2.511305e+00	3.634293e-03	2.017651e-03	9.156992e-02	2.745308e-02	5.697884e-04	1.353731e-02	6.308555e-01	3.666965e-02	2.649054e-01	1.387073e+01	9.766190e-02	4.500221e-01	1.115789e+00	2.153768e+01	
4.688597e-03	9.963050e-01	2.692240e+01	3.376519e-04	2.527378e+00	2.413586e-03	2.534085e-03	1.434779e-01	3.930088e-02	8.033660e-04	1.503365e-02	9.116223e-01	4.205838e-02	2.321063e-01	1.385824e+01	9.516144e-02	4.163242e-01	1.002634e+00	2.189497e+01	
4.691270e-03	9.993511e-01	1.587179e+01	8.749495e-04	2.518889e+00	6.318696e-03	2.821225e-03	9.451718e-02	4.091991e-02	8.009873e-04	1.483912e-02	9.523080e-01	4.082433e-02	3.481669e-01	1.281241e+01	9.897657e-02	3.737326e-01	1.700513e+00	1.869496e+01	
4.708836e-03	9.919322e-01	2.035242e+01	4.785336e-04	2.515431e+00	3.384063e-03	1.734892e-03	8.057976e-02	3.073926e-02	6.125330e-04	1.242471e-02	7.137367e-01	3.201015e-02	2.253555e-01	1.504846e+01	9.715616e-02	4.336058e-01	1.008648e+00	2.352383e+01	
4.711583e-03	9.517251e-01	3.982164e+00	8.591475e-04	2.504223e+00	6.240670e-03	2.267400e-03	6.249377e-02	2.802289e-02	5.892774e-04	1.453846e-02	6.421963e-01	4.180628e-02	2.473286e-01	1.264713e+01	9.790005e-02	4.459526e-01	1.035487e+00	1.905026e+01	
4.717343e-03	9.383704e-01	6.518048e+00	2.962558e-04	2.479818e+00	2.069488e-03	2.024106e-03	1.183751e-01	2.430741e-02	5.227211e-04	1.381892e-02	5.564429e-01	3.922662e-02	3.005481e-01	1.321793e+01	9.789708e-02	4.681146e-01	1.240251e+00	1.973244e+01	
4.718575e-03	1.026474e+00	9.898812e+00	5.203418e-04	2.521973e+00	3.755137e-03	1.749285e-03	6.033908e-02	2.778185e-02	5.784329e-04	1.509477e-02	6.467219e-01	4.185562e-02	2.054155e-01	1.210127e+01	9.688146e-02	3.308688e-01	1.004177e+00	1.791502e+01	
4.721803e-03	9.612411e-01	1.634104e+00	7.710679e-04	2.490341e+00	5.564064e-03	1.831309e-03	4.246751e-02	2.367737e-02	4.847130e-04	1.220185e-02	5.483558e-01	3.084379e-02	3.003327e-01	1.786685e+01	9.023098e-02	4.168631e-01	1.539875e+00	2.589684e+01	
4.728590e-03	9.644276e-01	5.603983e+00	1.272272e-03	2.529312e+00	9.164254e-03	2.436031e-03	1.153049e-01	3.568177e-02	7.696280e-04	1.458950e-02	8.292059e-01	4.039525e-02	3.453724e-01	1.344935e+01	9.727881e-02	4.384597e-01	1.601714e+00	1.894621e+01	
4.735145e-03	9.771122e-01	2.517703e+00	2.300989e-03	2.496511e+00	1.662145e-02	1.666276e-03	4.077170e-02	3.905683e-02	8.133522e-04	1.286731e-02	9.114534e-01	3.278208e-02	3.372490e-01	1.602007e+01	9.463915e-02	3.831174e-01	1.748542e+00	2.461660e+01	
4.735590e-03	9.556729e-01	2.569458e+00	2.013470e-03	2.439024e+00	1.441135e-02	2.957627e-03	4.638716e-02	3.527700e-02	7.050821e-04	1.260703e-02	8.312786e-01	3.091865e-02	3.755055e-01	1.579453e+01	9.548050e-02	4.147691e-01	1.892952e+00	2.257107e+01	
4.742841e-03	9.959070e-01	4.876497e+00	6.107422e-04	2.553061e+00	4.452512e-03	2.072172e-03	6.749135e-02	2.630892e-02	5.720983e-04	1.343397e-02	5.958124e-01	3.923136e-02	2.847903e-01	1.385100e+01	9.595544e-02	4.400484e-01	1.232080e+00	2.140997e+01	
4.751716e-03	9.918705e-01	1.429769e+01	2.974784e-04	2.532648e+00	2.094227e-03	1.857419e-03	1.124608e-01	2.105902e-02	4.352834e-04	1.324152e-02	4.792380e-01	3.680924e-02	2.096729e-01	1.284914e+01	9.867764e-02	4.053800e-01	8.934879e-01	2.020787e+01	
4.754622e-03	9.977570e-01	7.945623e+00	1.425751e-03	2.550684e+00	1.040712e-02	2.140918e-03	7.721709e-02	4.256369e-02	9.153837e-04	1.252717e-02	1.002478e+00	3.132444e-02	2.510086e-01	1.637577e+01	9.446774e-02	4.589482e-01	1.148435e+00	2.392781e+01	
4.762342e-03	9.214859e-01	2.330320e+00	7.345869e-04	2.511292e+00	5.157591e-03	1.323231e-03	4.365501e-02	1.851326e-02	3.733183e-04	1.404911e-02	4.217595e-01	4.037296e-02	2.294882e-01	1.393456e+01	9.644485e-02	3.640159e-01	1.085357e+00	2.171261e+01	
4.768660e-03	1.017924e+00	2.110865e+01	5.252658e-04	2.517370e+00	3.746185e-03	1.672117e-03	9.372339e-02	3.537425e-02	7.206143e-04	1.200245e-02	8.296833e-01	2.933712e-02	2.422489e-01	1.471130e+01	9.793074e-02	4.514766e-01	1.059910e+00	2.287630e+01	
4.783419e-03	9.820102e-01	8.784259e+00	4.336761e-04	2.476193e+00	3.056065e-03	1.864720e-03	8.094079e-02	2.544355e-02	5.207555e-04	1.180279e-02	6.017305e-01	2.793903e-02	2.486912e-01	1.803783e+01	9.405760e-02	4.598860e-01	1.162663e+00	2.719611e+01	
4.786716e-03	9.640417e-01	7.638477e+00	4.980908e-04	2.463112e+00	3.514621e-03	1.582164e-03	5.202671e-02	3.306513e-02	6.824413e-04	1.303363e-02	7.673947e-01	3.426942e-02	2.632301e-01	1.575526e+01	9.496991e-02	3.912366e-01	1.335642e+00	2.337910e+01	
4.788425e-03	1.009308e+00	5.293839e+00	1.265018e-03	2.522441e+00	8.961819e-03	1.936921e-03	6.651401e-02	3.647649e-02	7.763719e-04	1.267913e-02	8.385048e-01	3.420644e-02	2.604932e-01	1.482053e+01	9.419870e-02	4.403609e-01	1.186800e+00	2.127699e+01	
4.790174e-03	1.012034e+00	3.332970e+00	9.380953e-04	2.506224e+00	6.802084e-03	2.366102e-03	7.039612e-02	3.368297e-02	6.973356e-04	1.302292e-02	7.718719e-01	3.564806e-02	2.203981e-01	1.329376e+01	9.628882e-02	4.150977e-01	9.880255e-01	1.856234e+01	
4.793908e-03	9.972901e-01	7.391161e+01	2.449242e-04	2.491993e+00	1.692936e-03	1.188629e-03	9.768889e-02	3.423587e-02	6.837258e-04	1.417882e-02	8.027442e-01	3.690731e-02	2.228151e-01	1.604520e+01	9.446386e-02	3.956074e-01	1.078279e+00	2.361480e+01	
4.799615e-03	9.474412e-01	2.338940e+01	8.503054e-04	2.473616e+00	5.999704e-03	1.077653e-03	3.432907e-02	2.456648e-02	4.856843e-04	1.295007e-02	5.774442e-01	3.237766e-02	2.805812e-01	1.321364e+01	9.828976e-02	3.847735e-01	1.291228e+00	2.036503e+01	
4.805844e-03	9.840731e-01	1.561700e+01	1.147782e-03	2.519261e+00	8.283961e-03	3.773713e-03	1.367106e-01	3.797988e-02	7.648314e-04	1.259490e-02	8.752925e-01	3.371418e-02	3.874238e-01	1.480268e+01	9.680224e-02	4.690804e-01	1.760845e+00	2.137705e+01	
4.816773e-03	9.941116e-01	5.247930e+00	1.013693e-03	2.499532e+00	7.225879e-03	1.821109e-03	5.280962e-02	3.300801e-02	6.667098e-04	1.434322e-02	7.740063e-01	3.811223e-02	2.586958e-01	1.587266e+01	9.672592e-02	4.014409e-01	1.234790e+00	2.376271e+01	
4.837249e-03	1.025510e+00	1.782136e+01	1.412280e-03	2.510490e+00	1.006478e-02	1.639772e-03	6.221684e-02	4.834531e-02	9.821570e-04	1.275749e-02	1.129253e+00	3.300274e-02	2.842623e-01	1.600684e+01	9.636249e-02	3.591065e-01	1.605216e+00	2.291939e+01	
4.842358e-03	9.840432e-01	4.805106e+00	5.572438e-04	2.493244e+00	3.988928e-03	1.075043e-03	3.361759e-02	2.180438e-02	4.533039e-04	1.453713e-02	5.070751e-01	3.909758e-02	3.472978e-01	1.211475e+01	1.009448e-01	4.484370e-01	1.522631e+00	1.760085e+01	
4.843452e-03	9.801818e-01	1.441983e+01	5.382964e-04	2.448977e+00	3.705741e-03	1.830839e-03	9.861636e-02	3.131395e-02	6.396162e-04	1.327909e-02	7.213547e-01	3.603292e-02	3.987195e-01	1.536253e+01	9.773940e-02	4.149479e-01	1.987658e+00	2.437913e+01	
4.859833e-03	1.003790e+00	6.254724e+00	5.342163e-04	2.528316e+00	3.796985e-03	2.324163e-03	8.924523e-02	2.888776e-02	6.088532e-04	1.228964e-02	6.772104e-01	3.079036e-02	2.557261e-01	1.536390e+01	9.564432e-02	3.971608e-01	1.254203e+00	2.281920e+01	
4.861075e-03	9.596114e-01	2.829338e+00	7.927041e-04	2.553683e+00	5.618875e-03	1.597245e-03	7.924810e-02	2.496756e-02	4.979704e-04	1.237331e-02	5.749500e-01	3.209823e-02	1.954988e-01	1.532304e+01	9.778102e-02	3.683670e-01	9.240580e-01	2.477944e+01	
4.884725e-03	9.602146e-01	1.340536e+01	4.584301e-04	2.505052e+00	3.269364e-03	3.249432e-03	1.234909e-01	3.016077e-02	6.493231e-04	1.298910e-02	7.008769e-01	3.428360e-02	2.958311e-01	1.381784e+01	9.725353e-02	4.260291e-01	1.324264e+00	2.143711e+01	
4.890299e-03	9.518966e-01	3.027973e+00	6.302673e-04	2.487889e+00	4.437708e-03	2.200552e-03	7.007510e-02	2.386071e-02	4.929993e-04	1.362914e-02	5.573972e-01	3.577972e-02	3.702959e-01	1.401532e+01	9.871255e-02	3.802139e-01	1.883002e+00	2.009253e+01	
4.891132e-03	9.712583e-01	1.015964e+01	7.809652e-04	2.486967e+00	5.473801e-03	2.728075e-03	1.211394e-01	3.633347e-02	7.497998e-04	1.491989e-02	8.424697e-01	4.193825e-02	3.918068e-01	1.241377e+01	9.614627e-02	4.655111e-01	1.618292e+00	1.886565e+01	
4.893546e-03	9.748677e-01	7.124218e+00	5.622758e-04	2.501837e+00	3.993217e-03	1.554267e-03	6.329606e-02	3.604143e-02	7.376270e-04	1.179843e-02	8.516978e-01	2.777559e-02	2.574147e-01	1.740177e+01	9.337991e-02	4.399872e-01	1.243227e+00	2.564192e+01	
4.893949e-03	9.385541e-01	5.595727e+00	5.771530e-04	2.524439e+00	4.104255e-03	1.625607e-03	4.212838e-02	2.497358e-02	5.010236e-04	1.356431e-02	5.843257e-01	3.533752e-02	2.771522e-01	1.442848e+01	9.462084e-02	4.130422e-01	1.270391e+00	2.112956e+01	
4.897222e-03	1.013880e+00	1.956300e+01	4.286436e-04	2.463888e+00	2.999236e-03	1.466205e-03	7.683529e-02	2.790393e-02	5.780487e-04	1.297748e-02	6.454611e-01	3.373757e-02	2.418004e-01	1.497510e+01	9.527311e-02	3.904160e-01	1.134028e+00	2.363083e+01	
4.900861e-03	1.007430e+00	5.965772e+00	6.232755e-04	2.542283e+00	4.505225e-03	1.602537e-03	5.791694e-02	3.166678e-02	6.580708e-04	1.131911e-02	7.197553e-01	2.964059e-02	1.595805e-01	1.535565e+01	9.771924e-02	4.155379e-01	7.029670e-01	2.504617e+01	
4.910551e-03	9.945862e-01	1.605961e+01	4.382007e-04	2.546854e+00	3.142890e-03	1.320961e-03	7.155077e-02	2.351273e-02	4.694586e-04	1.463779e-02	5.428611e-01	4.010885e-02	2.084138e-01	1.461970e+01	9.743537e-02	3.925987e-01	9.579407e-01	2.211111e+01	
4.914062e-03	1.001391e+00	4.193422e+00	1.830355e-03	2.474893e+00	1.302377e-02	2.061413e-03	4.456621e-02	2.703739e-02	5.632996e-04	1.419283e-02	6.347896e-01	3.810666e-02	3.784905e-01	1.363991e+01	9.603232e-02	3.515488e-01	2.098977e+00	1.872584e+01	
4.924050e-03	1.016098e+00	4.077544e+00	1.171827e-03	2.550719e+00	8.595373e-03	2.670522e-03	7.570706e-02	3.957783e-02	8.638677e-04	1.411671e-02	9.144117e-01	4.072714e-02	2.396384e-01	1.559177e+01	9.587791e-02	4.357032e-01	1.117707e+00	2.264979e+01	
4.942928e-03	9.520485e-01	6.411754e+00	5.829745e-04	2.514058e+00	4.097178e-03	1.827664e-03	6.861358e-02	2.259766e-02	4.596465e-04	1.276006e-02	5.275981e-01	3.263764e-02	3.749087e-01	1.517206e+01	9.499107e-02	3.953826e-01	1.911610e+00	2.227476e+01	
4.955157e-03	1.009217e+00	1.661075e+01	5.874048e-04	2.579816e+00	4.251844e-03	1.921460e-03	9.747846e-02	2.566243e-02	5.360493e-04	1.443166e-02	5.923100e-01	4.000450e-02	2.291537e-01	1.280892e+01	1.017705e-01	3.715929e-01	1.045709e+00	1.964457e+01	
4.958162e-03	9.640298e-01	2.706346e+01	2.639659e-04	2.491035e+00	1.860481e-03	1.433975e-03	6.194159e-02	2.111174e-02	4.298350e-04	1.515176e-02	4.990469e-01	3.917845e-02	2.600924e-01	1.070996e+01	1.045860e-01	4.503537e-01	1.056113e+00	1.461525e+01	
4.962384e-03	9.671434e-01	7.591386e+00	4.635439e-04	2.490848e+00	3.235365e-03	2.018009e-03	1.118964e-01	2.395363e-02	4.798381e-04	1.440077e-02	5.490690e-01	4.175722e-02	3.009883e-01	1.317191e+01	9.479730e-02	4.183857e-01	1.299810e+00	2.078244e+01	
4.965150e-03	9.806366e-01	5.004690e+00	8.993520e-04	2.465825e+00	6.170698e-03	1.383924e-03	7.716637e-02	3.179464e-02	6.556710e-04	1.441401e-02	7.479505e-01	3.811409e-02	3.100752e-01	1.368165e+01	9.651940e-02	4.172143e-01	1.438759e+00	1.927153e+01	
4.970115e-03	9.987771e-01	8.301005e+00	7.020393e-04	2.485105e+00	4.991636e-03	1.574301e-03	5.425248e-02	2.820213e-02	5.686451e-04	1.346303e-02	6.505318e-01	3.550302e-02	2.982952e-01	1.255590e+01	9.752273e-02	3.838534e-01	1.404289e+00	1.793521e+01	
4.972090e-03	1.044643e+00	8.314754e+00	7.512956e-04	2.520516e+00	5.471027e-03	2.009316e-03	6.043154e-02	2.428555e-02	5.150934e-04	1.343995e-02	5.597863e-01	3.669680e-02	2.183550e-01	1.214710e+01	9.576208e-02	3.434814e-01	1.054701e+00	1.780291e+01	
4.974065e-03	1.040906e+00	1.572790e+01	9.268215e-04	2.517324e+00	6.517204e-03	1.382686e-03	4.596322e-02	2.907684e-02	5.990898e-04	1.340176e-02	6.791940e-01	3.531212e-02	1.939584e-01	1.415593e+01	9.689463e-02	3.978095e-01	8.810392e-01	2.062827e+01	
4.981077e-03	9.413863e-01	2.140780e+00	8.533628e-04	2.539041e+00	6.041836e-03	1.716256e-03	5.679517e-02	2.735989e-02	5.716847e-04	1.137582e-02	6.219483e-01	2.985526e-02	2.535947e-01	1.684009e+01	9.293874e-02	3.817407e-01	1.254601e+00	2.680579e+01	
4.983917e-03	9.977773e-01	2.001659e+00	1.798852e-03	2.491481e+00	1.306809e-02	2.250857e-03	5.031149e-02	3.456921e-02	7.390168e-04	1.221391e-02	8.049006e-01	3.151225e-02	3.279398e-01	1.686441e+01	9.233470e-02	4.112600e-01	1.654928e+00	2.451365e+01	
4.984511e-03	9.996262e-01	2.852214e+01	3.751842e-04	2.537855e+00	2.694553e-03	1.696414e-03	5.550131e-02	2.615779e-02	5.422723e-04	1.263509e-02	5.931104e-01	3.501487e-02	1.956337e-01	1.341962e+01	9.746826e-02	3.706294e-01	9.037399e-01	1.938468e+01	
4.996669e-03	1.008682e+00	6.646853e+00	1.959323e-03	2.565636e+00	1.460825e-02	2.457938e-03	4.659730e-02	4.083372e-02	9.071048e-04	1.352974e-02	9.505642e-01	3.637505e-02	2.645942e-01	1.566842e+01	9.690095e-02	3.996980e-01	1.254290e+00	2.529788e+01	
4.998843e-03	9.909841e-01	7.544664e+00	1.004127e-03	2.541266e+00	7.249333e-03	1.948358e-03	6.825449e-02	3.699880e-02	8.375374e-04	1.231612e-02	8.594455e-01	3.238862e-02	1.762722e-01	1.653970e+01	9.335737e-02	3.886986e-01	8.256415e-01	2.591261e+01	
5.000228e-03	9.855869e-01	1.015173e+01	1.213074e-03	2.519702e+00	8.651074e-03	1.449360e-03	4.109043e-02	3.263655e-02	6.337379e-04	1.242399e-02	7.527076e-01	3.271662e-02	3.015006e-01	1.546281e+01	9.379380e-02	3.816966e-01	1.507236e+00	2.461040e+01	
5.005634e-03	1.023299e+00	1.325442e+01	4.586922e-04	2.528996e+00	3.297964e-03	1.385863e-03	6.983250e-02	2.926438e-02	5.982065e-04	1.204427e-02	6.884763e-01	2.923171e-02	1.718635e-01	1.474376e+01	9.641221e-02	4.111014e-01	7.639992e-01	2.186066e+01	
5.006885e-03	9.230567e-01	2.577928e+00	1.153366e-03	2.510428e+00	8.183620e-03	1.969814e-03	4.857408e-02	3.061418e-02	6.247171e-04	1.253994e-02	7.089256e-01	3.292219e-02	3.357056e-01	1.635189e+01	9.445299e-02	4.172308e-01	1.665600e+00	2.497114e+01	
5.015553e-03	9.445040e-01	1.833870e+00	1.058531e-03	2.513276e+00	7.546727e-03	2.845796e-03	1.289078e-01	3.447345e-02	7.379534e-04	1.329374e-02	8.148459e-01	3.412357e-02	3.289827e-01	1.596877e+01	9.248619e-02	4.237929e-01	1.523505e+00	2.494937e+01	
5.017927e-03	9.792387e-01	3.361578e+00	6.814295e-04	2.531331e+00	4.920188e-03	1.960586e-03	5.718856e-02	2.389408e-02	5.100616e-04	1.254935e-02	5.570293e-01	3.181485e-02	2.138564e-01	1.608337e+01	9.369776e-02	3.625593e-01	1.134148e+00	2.331168e+01	
5.020676e-03	9.679987e-01	3.256897e+01	4.237150e-04	2.474242e+00	2.992289e-03	1.947848e-03	7.871874e-02	3.388827e-02	7.198934e-04	1.297088e-02	7.915543e-01	3.391514e-02	1.781253e-01	1.526053e+01	9.837989e-02	3.930393e-01	8.051222e-01	2.536205e+01	
5.024420e-03	9.657378e-01	4.990866e+00	6.930925e-04	2.518135e+00	4.970928e-03	1.150364e-03	3.312730e-02	2.490454e-02	5.044481e-04	1.172817e-02	5.757179e-01	2.994708e-02	2.733683e-01	1.561599e+01	9.692016e-02	3.566013e-01	1.430998e+00	2.292217e+01	
5.024905e-03	8.892554e-01	1.106511e+00	8.065499e-04	2.464396e+00	5.668838e-03	2.356392e-03	7.379962e-02	2.802778e-02	5.715036e-04	1.253805e-02	6.472538e-01	3.245057e-02	4.309419e-01	1.525547e+01	9.465857e-02	4.173295e-01	2.067988e+00	2.337470e+01	
5.026710e-03	1.035472e+00	1.441445e+01	6.917814e-04	2.513821e+00	4.965802e-03	1.076025e-03	4.197617e-02	2.882732e-02	6.114723e-04	1.271221e-02	6.739026e-01	3.247014e-02	2.728980e-01	1.610823e+01	9.209942e-02	3.526866e-01	1.488527e+00	2.345071e+01	
5.030800e-03	9.297653e-01	6.592297e-01	1.978031e-03	2.486815e+00	1.446018e-02	3.241675e-03	6.203764e-02	3.438629e-02	7.055580e-04	1.355898e-02	7.781211e-01	3.950418e-02	3.406731e-01	1.327849e+01	9.804866e-02	3.861447e-01	1.635467e+00	2.024616e+01	
5.033268e-03	1.008955e+00	8.909283e+00	7.806884e-04	2.521477e+00	5.597425e-03	2.052794e-03	7.008317e-02	4.063427e-02	8.560440e-04	1.242273e-02	9.558503e-01	3.123103e-02	2.523232e-01	1.588227e+01	9.361907e-02	4.125777e-01	1.156319e+00	2.375431e+01	
5.034858e-03	1.012937e+00	8.104730e+00	1.326591e-03	2.507690e+00	9.537909e-03	1.428770e-03	3.819317e-02	2.987263e-02	6.627454e-04	1.309231e-02	7.001362e-01	3.397914e-02	2.382958e-01	1.314338e+01	9.670761e-02	3.904745e-01	1.098605e+00	1.994779e+01	
5.037955e-03	9.681571e-01	1.411701e+00	2.691950e-03	2.513586e+00	2.007953e-02	2.780201e-03	4.682556e-02	4.325653e-02	8.791124e-04	1.292524e-02	1.008386e+00	3.403684e-02	4.043756e-01	1.406392e+01	9.638090e-02	4.032703e-01	2.061427e+00	1.987221e+01	
5.041432e-03	9.680673e-01	3.387763e+00	1.161436e-03	2.527639e+00	8.407507e-03	2.026542e-03	9.227653e-02	4.103556e-02	8.272944e-04	1.226457e-02	9.556200e-01	3.106302e-02	3.145559e-01	1.903861e+01	9.384736e-02	4.282595e-01	1.621079e+00	2.989522e+01	
5.050016e-03	9.854645e-01	1.634164e+01	9.035500e-04	2.574286e+00	6.500947e-03	9.909812e-04	2.696793e-02	2.654347e-02	5.289651e-04	1.363708e-02	6.252456e-01	3.513763e-02	2.541251e-01	1.500386e+01	9.952517e-02	3.636439e-01	1.303597e+00	2.201069e+01	
5.050129e-03	9.608902e-01	2.145372e+01	4.448512e-04	2.494400e+00	3.189688e-03	2.423030e-03	1.255642e-01	4.087325e-02	8.169360e-04	1.374610e-02	9.530161e-01	3.585832e-02	3.440157e-01	1.492097e+01	9.460972e-02	4.729955e-01	1.476235e+00	2.271299e+01	
5.061469e-03	1.013029e+00	1.430816e+01	5.763663e-04	2.512545e+00	4.067692e-03	1.154163e-03	4.152113e-02	2.768381e-02	6.026058e-04	1.127897e-02	6.494891e-01	2.701745e-02	1.415580e-01	1.842160e+01	8.964995e-02	3.595878e-01	7.105657e-01	2.913855e+01	
5.067571e-03	9.645553e-01	6.269444e+00	8.409094e-04	2.525677e+00	6.114090e-03	2.285525e-03	6.229848e-02	2.843821e-02	5.854007e-04	1.501020e-02	6.628848e-01	4.034996e-02	3.290688e-01	1.329588e+01	9.863736e-02	4.180942e-01	1.532054e+00	1.930166e+01	
5.073836e-03	9.641816e-01	1.607228e+00	3.124095e-03	2.562244e+00	2.308794e-02	2.934927e-03	5.297966e-02	4.128397e-02	9.223948e-04	1.291196e-02	9.550373e-01	3.500985e-02	2.197321e-01	1.382805e+01	1.019765e-01	4.190510e-01	9.946186e-01	2.085158e+01	
5.074398e-03	1.041242e+00	5.404946e+00	9.048049e-04	2.480469e+00	6.394839e-03	1.660992e-03	4.033334e-02	4.145505e-02	8.415257e-04	1.252320e-02	9.929097e-01	2.939376e-02	2.505559e-01	1.681470e+01	9.449138e-02	3.786464e-01	1.304947e+00	2.441079e+01	
5.076702e-03	1.020408e+00	1.004228e+01	8.011975e-04	2.490849e+00	5.645442e-03	1.783522e-03	8.108023e-02	3.839075e-02	8.237842e-04	1.460402e-02	8.841613e-01	4.099417e-02	2.482246e-01	1.315465e+01	9.927134e-02	4.143984e-01	1.116466e+00	1.909952e+01	
5.077220e-03	9.936984e-01	1.660753e+01	1.391730e-03	2.476157e+00	9.740701e-03	1.214746e-03	4.214957e-02	3.482975e-02	7.396140e-04	1.262694e-02	8.321869e-01	3.010153e-02	2.476554e-01	1.413328e+01	9.617388e-02	4.151048e-01	1.144730e+00	2.041878e+01	
5.078354e-03	9.427476e-01	1.585079e+00	6.398527e-04	2.514880e+00	4.556822e-03	1.418755e-03	5.228751e-02	2.083559e-02	4.561391e-04	1.300886e-02	4.708803e-01	3.635688e-02	2.620217e-01	1.370245e+01	9.583988e-02	4.176594e-01	1.165230e+00	2.069762e+01	
5.078418e-03	9.910105e-01	1.187601e+01	1.512704e-03	2.490424e+00	1.060941e-02	1.502402e-03	5.606871e-02	4.631249e-02	9.953835e-04	1.260552e-02	1.089084e+00	3.135272e-02	3.397585e-01	1.491148e+01	9.711379e-02	3.985779e-01	1.630708e+00	2.373200e+01	
5.079447e-03	9.687557e-01	7.488948e+00	2.924731e-04	2.515357e+00	2.095417e-03	1.944967e-03	1.634474e-01	2.556610e-02	5.395456e-04	1.280736e-02	5.848739e-01	3.452264e-02	2.048801e-01	1.501793e+01	9.523194e-02	4.988399e-01	8.035234e-01	2.365345e+01	
5.080682e-03	1.000631e+00	8.670523e+00	1.222601e-03	2.498123e+00	8.693351e-03	1.342546e-03	3.070971e-02	2.988962e-02	5.723467e-04	1.203037e-02	6.975126e-01	3.020978e-02	2.495539e-01	1.437608e+01	9.459240e-02	3.679797e-01	1.193409e+00	2.254024e+01	
5.083582e-03	9.956812e-01	9.808066e+00	5.149541e-04	2.523823e+00	3.644229e-03	1.681321e-03	5.702576e-02	2.414708e-02	4.694260e-04	1.423375e-02	5.681235e-01	3.726762e-02	2.887421e-01	1.271922e+01	1.015077e-01	4.104085e-01	1.306947e+00	1.896959e+01	
5.089304e-03	9.549040e-01	3.225383e+00	5.787712e-04	2.595545e+00	4.204328e-03	1.790560e-03	9.079779e-02	2.328637e-02	4.949085e-04	1.367428e-02	5.350129e-01	3.791751e-02	2.441422e-01	1.528692e+01	9.382940e-02	4.436806e-01	1.065734e+00	2.532600e+01	
5.091885e-03	9.714241e-01	1.483111e+01	5.706890e-04	2.540364e+00	4.087167e-03	1.281628e-03	6.698472e-02	2.712439e-02	5.320939e-04	1.377709e-02	6.265915e-01	3.696257e-02	2.598165e-01	1.481433e+01	9.802637e-02	3.600533e-01	1.369022e+00	2.187592e+01	
5.104541e-03	9.730623e-01	4.922932e+00	1.517369e-03	2.569278e+00	1.110075e-02	1.397160e-03	5.081041e-02	3.128535e-02	6.874541e-04	1.451514e-02	7.185198e-01	4.255151e-02	2.839021e-01	1.160016e+01	9.820981e-02	4.142747e-01	1.199817e+00	1.758102e+01	
5.114242e-03	9.873501e-01	9.586467e+00	4.164602e-04	2.510038e+00	2.988688e-03	2.027538e-03	8.924401e-02	2.797221e-02	5.920175e-04	1.276175e-02	6.381161e-01	3.543875e-02	1.739962e-01	1.450727e+01	9.512757e-02	4.138991e-01	7.573837e-01	2.119237e+01	
5.114312e-03	1.009845e+00	1.671172e+01	5.201440e-04	2.544610e+00	3.730435e-03	1.348146e-03	4.844875e-02	2.530724e-02	5.209504e-04	1.376583e-02	5.803546e-01	3.855260e-02	2.336680e-01	1.298610e+01	9.521510e-02	3.810939e-01	1.091977e+00	1.988350e+01	
5.116138e-03	9.909034e-01	2.350671e+01	4.183856e-04	2.596629e+00	3.015208e-03	1.881242e-03	1.303806e-01	2.558871e-02	5.607709e-04	1.301270e-02	5.953088e-01	3.449519e-02	1.711291e-01	1.494447e+01	9.066943e-02	4.056796e-01	7.241588e-01	2.398115e+01	
5.123245e-03	9.288025e-01	4.305736e+00	5.810268e-04	2.485304e+00	4.138289e-03	1.691639e-03	4.412736e-02	2.243672e-02	4.376076e-04	1.335688e-02	5.150111e-01	3.681704e-02	2.833710e-01	1.423523e+01	9.763223e-02	3.824300e-01	1.363263e+00	2.248622e+01	
5.136306e-03	1.014276e+00	1.659116e+00	8.383647e-04	2.509059e+00	5.960846e-03	2.046208e-03	5.185301e-02	2.651668e-02	5.556655e-04	1.214659e-02	6.034991e-01	3.282456e-02	2.459065e-01	1.574328e+01	9.582664e-02	4.016934e-01	1.235351e+00	2.161013e+01	
5.138212e-03	9.508103e-01	5.624263e+00	7.702130e-04	2.508444e+00	5.491297e-03	2.045086e-03	5.510104e-02	3.395416e-02	7.116945e-04	1.385366e-02	7.790101e-01	3.917214e-02	2.458212e-01	1.330453e+01	1.021156e-01	4.185749e-01	1.062997e+00	1.992504e+01	
5.150550e-03	1.023667e+00	2.529975e+01	4.162300e-04	2.526722e+00	2.977281e-03	2.394724e-03	1.290860e-01	3.697721e-02	7.859202e-04	1.242466e-02	8.711994e-01	3.007563e-02	2.200800e-01	1.662060e+01	9.563808e-02	4.018443e-01	1.067111e+00	2.497459e+01	
5.154819e-03	1.003231e+00	1.610818e+01	5.967339e-04	2.473878e+00	4.270729e-03	2.125235e-03	8.510812e-02	3.797109e-02	7.690088e-04	1.372627e-02	8.932195e-01	3.501191e-02	2.496341e-01	1.373740e+01	9.548176e-02	5.079537e-01	9.782532e-01	1.962763e+01	
5.161583e-03	9.480943e-01	6.552058e+00	1.221670e-03	2.500789e+00	8.598999e-03	1.167851e-03	4.029242e-02	2.816536e-02	5.712426e-04	1.172344e-02	6.510596e-01	3.038686e-02	2.329972e-01	1.595377e+01	9.679849e-02	4.000048e-01	1.118658e+00	2.509454e+01	
5.171956e-03	9.524400e-01	9.540590e+00	3.612783e-04	2.470657e+00	2.520518e-03	1.933958e-03	8.259171e-02	2.712289e-02	5.110915e-04	1.500230e-02	6.281509e-01	4.146853e-02	2.889299e-01	1.295740e+01	9.599047e-02	3.767444e-01	1.309996e+00	1.994585e+01	
5.174358e-03	9.279959e-01	3.131587e+00	1.567441e-03	2.481243e+00	1.114514e-02	2.473329e-03	5.168673e-02	3.377558e-02	7.281351e-04	1.192242e-02	7.893348e-01	2.996120e-02	2.607104e-01	1.586263e+01	9.530335e-02	4.473150e-01	1.138163e+00	2.451501e+01	
5.179197e-03	1.010136e+00	1.119873e+01	8.138150e-04	2.521012e+00	5.880683e-03	1.661485e-03	7.178524e-02	3.446240e-02	6.891377e-04	1.383233e-02	8.052601e-01	3.598137e-02	2.615500e-01	1.475167e+01	9.383511e-02	4.005564e-01	1.240956e+00	2.128853e+01	
5.187930e-03	9.450599e-01	4.602031e+00	1.631391e-03	2.489498e+00	1.149317e-02	2.096801e-03	7.148768e-02	3.264632e-02	6.659745e-04	1.354195e-02	7.673773e-01	3.556135e-02	3.525239e-01	1.385613e+01	9.563894e-02	3.991138e-01	1.657480e+00	2.211367e+01	
5.191618e-03	1.024473e+00	9.356871e+00	1.230045e-03	2.510844e+00	8.814354e-03	1.522014e-03	4.904112e-02	4.301453e-02	8.681224e-04	1.382781e-02	1.000228e+00	3.684853e-02	3.173849e-01	1.422500e+01	9.493452e-02	3.911160e-01	1.493916e+00	2.130822e+01	
5.197938e-03	1.043382e+00	1.140249e+01	1.347240e-03	2.556636e+00	9.828475e-03	2.238647e-03	8.681255e-02	4.321891e-02	8.842204e-04	1.432177e-02	1.006398e+00	3.985498e-02	3.626520e-01	1.439008e+01	9.717149e-02	4.266983e-01	1.707186e+00	2.084762e+01	
5.204287e-03	1.000139e+00	1.644214e+01	5.527250e-04	2.539321e+00	3.971878e-03	2.665388e-03	1.113256e-01	3.270438e-02	6.745315e-04	1.339455e-02	7.624737e-01	3.531000e-02	1.517187e-01	1.312258e+01	9.693751e-02	3.974897e-01	6.752669e-01	1.974374e+01	
5.204740e-03	9.925265e-01	5.294248e+00	1.339092e-03	2.508242e+00	9.521236e-03	1.399947e-03	3.267922e-02	2.844988e-02	5.967748e-04	1.247759e-02	6.539802e-01	3.351907e-02	2.444776e-01	1.593510e+01	9.720053e-02	3.674131e-01	1.325060e+00	2.351035e+01	
5.205196e-03	9.909055e-01	1.102816e+01	5.472339e-04	2.531131e+00	3.836255e-03	1.979660e-03	1.045717e-01	2.780977e-02	5.608520e-04	1.304424e-02	6.350641e-01	3.645673e-02	2.184358e-01	1.597628e+01	9.358196e-02	4.397538e-01	9.664877e-01	2.415079e+01	
5.209218e-03	9.435355e-01	1.371358e+00	9.047129e-04	2.462701e+00	6.392000e-03	1.660386e-03	6.717647e-02	3.195004e-02	6.928414e-04	1.174009e-02	7.441565e-01	2.929565e-02	2.880814e-01	1.705236e+01	9.485760e-02	4.697688e-01	1.287956e+00	2.673256e+01	
5.219607e-03	9.509616e-01	9.827093e+00	5.472200e-04	2.558615e+00	3.838593e-03	1.487735e-03	8.482932e-02	2.442087e-02	5.075285e-04	1.461157e-02	5.582314e-01	4.276278e-02	2.278273e-01	1.265276e+01	9.987598e-02	3.864861e-01	1.012599e+00	2.015969e+01	
5.220747e-03	9.385419e-01	1.892280e+00	1.474924e-03	2.444306e+00	1.042503e-02	2.620759e-03	4.414035e-02	2.582794e-02	5.147606e-04	1.328263e-02	6.021677e-01	3.451179e-02	3.824440e-01	1.336798e+01	9.465081e-02	3.796887e-01	1.891290e+00	1.875851e+01	
5.224979e-03	9.648931e-01	2.942693e+00	1.245332e-03	2.486061e+00	9.033226e-03	2.262791e-03	5.670551e-02	3.213105e-02	6.604286e-04	1.319532e-02	7.260912e-01	3.724748e-02	2.618965e-01	1.330735e+01	9.711644e-02	3.882879e-01	1.213231e+00	1.999632e+01	
5.235828e-03	9.452231e-01	4.817257e+00	7.512665e-04	2.482457e+00	5.434176e-03	1.331732e-03	3.423817e-02	2.159928e-02	4.661145e-04	1.239641e-02	4.988266e-01	3.202533e-02	2.288151e-01	1.430434e+01	9.746248e-02	3.727183e-01	1.102906e+00	2.209448e+01	
5.239771e-03	9.669426e-01	4.028454e+00	1.477225e-03	2.520912e+00	1.072380e-02	2.834631e-03	5.851002e-02	3.611213e-02	7.858488e-04	1.120069e-02	8.233026e-01	3.007869e-02	2.317555e-01	1.663185e+01	9.553245e-02	4.311468e-01	1.072891e+00	2.453223e+01	
5.247639e-03	1.041659e+00	1.658996e+01	9.662405e-04	2.575982e+00	6.939708e-03	2.276995e-03	1.194789e-01	3.060803e-02	6.775009e-04	1.401408e-02	7.115114e-01	3.865128e-02	2.995924e-01	1.351660e+01	9.805966e-02	4.454693e-01	1.267698e+00	2.116650e+01	
5.249688e-03	1.000315e+00	5.091735e+00	4.581096e-04	2.537522e+00	3.298839e-03	3.210724e-03	1.197362e-01	2.911793e-02	6.056423e-04	1.363495e-02	6.747014e-01	3.793120e-02	3.299607e-01	1.410818e+01	9.794315e-02	4.380334e-01	1.526184e+00	2.062874e+01	
5.251789e-03	9.539287e-01	2.282386e+00	9.865433e-04	2.471940e+00	6.910117e-03	1.727800e-03	5.151990e-02	2.594472e-02	5.486662e-04	1.332194e-02	6.022411e-01	3.610240e-02	2.916821e-01	1.425031e+01	9.188939e-02	3.627351e-01	1.500538e+00	2.081165e+01	
5.253984e-03	9.696937e-01	7.468806e+00	6.261556e-04	2.509679e+00	4.505204e-03	1.547281e-03	5.723164e-02	2.814239e-02	5.999511e-04	1.247762e-02	6.583818e-01	3.195383e-02	2.336097e-01	1.629973e+01	9.313887e-02	4.084501e-01	1.096874e+00	2.435572e+01	
5.260242e-03	9.703498e-01	3.783832e+00	7.906653e-04	2.493007e+00	5.682986e-03	2.919244e-03	9.801106e-02	2.861402e-02	6.324718e-04	1.304996e-02	6.521191e-01	3.770394e-02	3.158249e-01	1.424367e+01	9.952774e-02	4.201786e-01	1.538630e+00	2.030546e+01	
5.261738e-03	9.460208e-01	3.575554e+00	1.424933e-03	2.533929e+00	1.026128e-02	1.707655e-03	4.603510e-02	2.927617e-02	6.166462e-04	1.327486e-02	6.648631e-01	3.674776e-02	2.401384e-01	1.440131e+01	9.411257e-02	4.394841e-01	1.029741e+00	2.183075e+01	
5.269803e-03	9.613210e-01	1.960681e+01	1.023715e-03	2.476757e+00	7.287978e-03	2.059534e-03	6.588479e-02	3.731302e-02	7.936977e-04	1.358687e-02	8.672570e-01	3.695962e-02	2.620683e-01	1.340708e+01	1.004338e-01	4.380024e-01	1.117539e+00	1.952613e+01	
5.272763e-03	9.821953e-01	3.919350e+00	1.908853e-03	2.504761e+00	1.419225e-02	2.302278e-03	3.547432e-02	3.272507e-02	7.204975e-04	1.289565e-02	7.463525e-01	3.529448e-02	3.420562e-01	1.339574e+01	9.657443e-02	3.951025e-01	1.613932e+00	2.040486e+01	
5.279753e-03	9.532939e-01	2.017215e+01	4.114197e-04	2.507079e+00	2.902862e-03	1.447363e-03	1.010051e-01	3.091761e-02	6.211239e-04	1.377726e-02	7.130194e-01	3.753101e-02	2.497600e-01	1.433870e+01	9.630552e-02	4.247349e-01	1.037216e+00	2.392175e+01	
5.291359e-03	9.933338e-01	8.816846e+00	9.954256e-04	2.538216e+00	7.228697e-03	1.855694e-03	7.475392e-02	2.632752e-02	5.417693e-04	1.445415e-02	6.065972e-01	3.955559e-02	2.772326e-01	1.372818e+01	9.654555e-02	3.782070e-01	1.318687e+00	2.047764e+01	
5.303852e-03	1.005050e+00	6.055228e+00	1.092867e-03	2.502828e+00	7.764805e-03	1.863993e-03	5.676406e-02	3.800841e-02	8.046731e-04	1.303676e-02	8.848919e-01	3.340597e-02	2.710382e-01	1.438084e+01	9.428753e-02	3.761019e-01	1.292033e+00	2.117987e+01	
5.321662e-03	9.879592e-01	8.642737e+00	5.863335e-04	2.473718e+00	4.130188e-03	2.142223e-03	9.463766e-02	3.037934e-02	6.224466e-04	1.349396e-02	7.088475e-01	3.521919e-02	3.335370e-01	1.406456e+01	9.444624e-02	4.313357e-01	1.483312e+00	1.973127e+01	
5.322635e-03	9.957948e-01	6.549644e+00	9.873036e-04	2.530531e+00	7.028095e-03	7.556006e-04	3.539203e-02	2.714480e-02	5.554829e-04	1.369114e-02	6.183460e-01	3.786244e-02	2.629728e-01	1.406618e+01	9.490835e-02	3.933280e-01	1.232936e+00	2.135286e+01	
5.325946e-03	9.891968e-01	1.157743e+01	3.026547e-04	2.552336e+00	2.130738e-03	2.151967e-03	1.978120e-01	3.205517e-02	6.300284e-04	1.328084e-02	7.343798e-01	3.679611e-02	2.019371e-01	1.565177e+01	9.710503e-02	4.591468e-01	8.374669e-01	2.547777e+01	
5.326194e-03	9.792305e-01	2.357807e+00	9.440632e-04	2.463213e+00	6.666289e-03	1.387279e-03	2.459027e-02	2.151454e-02	4.579553e-04	1.283580e-02	5.070386e-01	3.260672e-02	2.642270e-01	1.474320e+01	9.415236e-02	3.693020e-01	1.328600e+00	2.105438e+01	
5.364652e-03	9.945045e-01	4.578286e+00	1.160971e-03	2.504124e+00	8.277811e-03	2.052575e-03	4.042359e-02	3.156091e-02	6.549864e-04	1.381449e-02	7.422044e-01	3.643509e-02	3.175110e-01	1.390511e+01	9.952382e-02	4.267966e-01	1.519993e+00	1.880894e+01	
5.371663e-03	1.038641e+00	1.971672e+01	2.483446e-04	2.462026e+00	1.734405e-03	2.296232e-03	8.359326e-02	2.523383e-02	5.266219e-04	1.134056e-02	5.826329e-01	2.785569e-02	2.307132e-01	1.687455e+01	9.364896e-02	3.764974e-01	1.195793e+00	2.522376e+01	
5.377314e-03	1.051190e+00	1.450000e+00	4.245352e-03	2.501740e+00	3.120257e-02	1.813136e-03	3.153297e-02	4.287842e-02	8.992341e-04	1.310639e-02	9.836259e-01	3.659529e-02	3.774699e-01	1.522371e+01	9.502068e-02	3.961004e-01	1.974607e+00	2.239056e+01	
5.391005e-03	9.572529e-01	1.852164e+01	3.683311e-04	2.506476e+00	2.673089e-03	2.063667e-03	1.001195e-01	2.533245e-02	5.268172e-04	1.394510e-02	5.895413e-01	3.708130e-02	3.498082e-01	1.341869e+01	9.836437e-02	4.692549e-01	1.515522e+00	1.924776e+01	
5.403122e-03	1.063633e+00	3.334559e+01	4.990604e-04	2.548778e+00	3.574012e-03	1.154150e-03	5.224562e-02	2.055908e-02	4.010648e-04	1.335081e-02	4.788856e-01	3.486620e-02	1.559096e-01	1.402691e+01	1.020886e-01	3.452260e-01	7.906537e-01	1.968684e+01	
5.407481e-03	9.936844e-01	2.140803e+01	6.812153e-04	2.513472e+00	4.796049e-03	1.181732e-03	6.696388e-02	3.620734e-02	7.568482e-04	1.270676e-02	8.568330e-01	3.037384e-02	2.183280e-01	1.668586e+01	9.551868e-02	4.317139e-01	1.030464e+00	2.474147e+01	
5.413341e-03	1.034575e+00	1.978925e+01	5.010220e-04	2.479532e+00	3.538826e-03	1.272886e-03	6.884430e-02	2.979701e-02	6.162425e-04	1.387634e-02	6.926790e-01	3.789819e-02	2.140325e-01	1.266932e+01	9.552653e-02	3.967314e-01	9.653339e-01	1.695240e+01	
5.419046e-03	9.649897e-01	8.946315e+00	5.886425e-04	2.510327e+00	4.281198e-03	2.274259e-03	6.481946e-02	2.847209e-02	5.943109e-04	1.245774e-02	6.499217e-01	3.351738e-02	3.496898e-01	1.600766e+01	9.443389e-02	3.668565e-01	1.784272e+00	2.551422e+01	
5.420404e-03	9.890822e-01	6.943572e+00	7.303938e-04	2.523225e+00	5.130074e-03	1.816446e-03	7.400205e-02	2.639174e-02	5.061332e-04	1.620558e-02	6.086091e-01	4.697096e-02	3.211112e-01	1.173681e+01	1.004554e-01	4.144579e-01	1.448352e+00	1.639490e+01	
5.424076e-03	9.455176e-01	2.528091e+01	2.974123e-04	2.517787e+00	2.059546e-03	1.296343e-03	5.601457e-02	2.199281e-02	4.583656e-04	1.326466e-02	5.037289e-01	3.646138e-02	2.008221e-01	1.310626e+01	9.887691e-02	3.522495e-01	9.345535e-01	2.077566e+01	
5.430293e-03	9.675439e-01	1.517367e+01	5.136925e-04	2.515890e+00	3.676705e-03	1.412244e-03	7.744692e-02	2.929895e-02	6.177653e-04	1.403242e-02	6.778552e-01	3.774669e-02	3.092048e-01	1.315940e+01	9.832051e-02	4.803375e-01	1.221585e+00	2.053566e+01	
5.445321e-03	9.295220e-01	4.255224e+00	5.526884e-04	2.474191e+00	3.886225e-03	2.228175e-03	8.396288e-02	2.794930e-02	6.115538e-04	1.380383e-02	6.423166e-01	3.996672e-02	2.686416e-01	1.330527e+01	9.885950e-02	4.188552e-01	1.160687e+00	2.136417e+01	
5.452873e-03	9.465851e-01	1.683274e+00	6.940679e-04	2.525202e+00	5.000917e-03	1.646569e-03	5.668248e-02	2.596869e-02	5.629498e-04	1.221405e-02	5.948684e-01	3.313188e-02	2.630154e-01	1.648138e+01	9.631175e-02	3.867362e-01	1.336975e+00	2.814223e+01	
5.453526e-03	1.029839e+00	1.561158e+01	6.256950e-04	2.474237e+00	4.458007e-03	1.331400e-03	6.062305e-02	3.476197e-02	7.146960e-04	1.289795e-02	8.177452e-01	3.178961e-02	2.215623e-01	1.362679e+01	9.813529e-02	4.219617e-01	1.009641e+00	1.885868e+01	
5.456534e-03	9.890389e-01	1.455978e+00	2.610050e-03	2.525613e+00	1.934951e-02	2.279158e-03	2.722609e-02	3.540735e-02	7.479945e-04	1.292222e-02	8.102849e-01	3.465754e-02	3.359112e-01	1.456885e+01	9.993827e-02	3.957512e-01	1.733934e+00	2.094502e+01	
5.456559e-03	9.522878e-01	5.101973e+00	4.517297e-04	2.518937e+00	3.220889e-03	3.259503e-03	1.247145e-01	2.920189e-02	6.186580e-04	1.224087e-02	6.560697e-01	3.452639e-02	3.153572e-01	1.708999e+01	8.862444e-02	4.535435e-01	1.408431e+00	2.760830e+01	
5.459030e-03	9.775679e-01	3.531616e+00	1.308149e-03	2.535501e+00	9.411565e-03	1.687720e-03	4.561379e-02	3.239151e-02	7.191281e-04	1.218016e-02	7.359885e-01	3.450089e-02	2.078134e-01	1.394983e+01	9.893995e-02	4.401999e-01	9.233846e-01	2.122330e+01	
5.459905e-03	9.828336e-01	2.290823e+00	7.745140e-04	2.493891e+00	5.381292e-03	2.225693e-03	1.317124e-01	2.987372e-02	6.386222e-04	1.364228e-02	6.793348e-01	3.893292e-02	2.703928e-01	1.648258e+01	9.416298e-02	4.556392e-01	1.211904e+00	2.498171e+01	
5.472905e-03	1.029160e+00	1.171527e+01	6.159600e-04	2.552389e+00	4.465658e-03	1.619973e-03	8.483862e-02	3.362443e-02	6.699085e-04	1.245469e-02	7.795379e-01	3.230259e-02	2.027628e-01	1.493794e+01	9.733341e-02	4.255708e-01	9.403721e-01	2.244958e+01	
5.481372e-03	9.647729e-01	4.887187e+00	1.972814e-03	2.515337e+00	1.403934e-02	1.684692e-03	4.956323e-02	3.549582e-02	7.599622e-04	1.253770e-02	8.280524e-01	3.325086e-02	2.693521e-01	1.501676e+01	9.370191e-02	4.604515e-01	1.195468e+00	2.222019e+01	
5.488664e-03	1.030871e+00	3.384050e+01	5.463471e-04	2.518805e+00	3.969799e-03	1.687375e-03	7.243312e-02	3.168508e-02	6.575584e-04	1.318974e-02	7.403474e-01	3.356632e-02	2.181138e-01	1.441342e+01	9.703696e-02	3.723129e-01	1.082221e+00	2.052335e+01	
5.491654e-03	9.552906e-01	8.111811e+00	8.128144e-04	2.504609e+00	5.848851e-03	1.439468e-03	3.660577e-02	3.299907e-02	6.807979e-04	1.192824e-02	7.738874e-01	3.013454e-02	2.802280e-01	1.567786e+01	9.640416e-02	3.816932e-01	1.427111e+00	2.349552e+01	
5.507763e-03	9.956511e-01	2.973330e+01	4.260704e-04	2.491181e+00	3.030038e-03	8.897703e-04	3.943846e-02	2.209298e-02	4.240305e-04	1.266239e-02	5.104202e-01	3.222165e-02	2.044672e-01	1.536203e+01	9.706997e-02	3.594085e-01	1.035386e+00	2.252789e+01	
5.508496e-03	9.990657e-01	1.479746e+01	3.402107e-04	2.552852e+00	2.465720e-03	9.479549e-04	4.086984e-02	1.898900e-02	4.181489e-04	1.466074e-02	4.409960e-01	4.124886e-02	3.306436e-01	1.112712e+01	9.853764e-02	3.799464e-01	1.498727e+00	1.634056e+01	
5.511878e-03	9.678912e-01	7.520913e+00	8.504181e-04	2.525009e+00	6.242446e-03	2.479816e-03	6.142180e-02	2.918449e-02	5.839826e-04	1.305554e-02	6.589303e-01	3.711555e-02	2.766486e-01	1.388879e+01	9.405639e-02	3.350377e-01	1.434435e+00	2.187351e+01	
5.514284e-03	9.549969e-01	4.985213e+00	5.477813e-04	2.526211e+00	3.812049e-03	1.456290e-03	6.433610e-02	2.342361e-02	4.967545e-04	1.420799e-02	5.361699e-01	4.011162e-02	2.935142e-01	1.222414e+01	9.859296e-02	3.862871e-01	1.297421e+00	1.932102e+01	
5.522255e-03	9.304668e-01	3.101512e+00	4.373831e-04	2.467887e+00	3.031288e-03	1.045359e-03	4.509622e-02	1.791931e-02	3.747146e-04	1.519289e-02	4.098495e-01	4.336476e-02	3.807896e-01	1.176271e+01	9.788536e-02	4.178723e-01	1.635619e+00	1.788148e+01	
5.540449e-03	9.394171e-01	5.848180e+00	8.991464e-04	2.484946e+00	6.477405e-03	1.835383e-03	4.675847e-02	2.833996e-02	5.831316e-04	1.212319e-02	6.363912e-01	3.414758e-02	2.470136e-01	1.436628e+01	9.970879e-02	4.015985e-01	1.180333e+00	2.275226e+01	
5.550691e-03	1.029959e+00	2.295011e+00	1.639549e-03	2.544704e+00	1.213580e-02	2.350436e-03	4.621565e-02	3.045850e-02	6.005099e-04	1.463860e-02	6.919625e-01	4.369491e-02	2.899471e-01	1.394111e+01	9.671406e-02	3.585180e-01	1.518480e+00	2.094131e+01	
5.554880e-03	9.690786e-01	2.019960e+01	4.221775e-04	2.503219e+00	2.933740e-03	8.901241e-04	4.507976e-02	2.445802e-02	4.482309e-04	1.327213e-02	5.619419e-01	3.570182e-02	2.683519e-01	1.410282e+01	9.733867e-02	4.222163e-01	1.226400e+00	2.118413e+01	
5.561665e-03	9.374694e-01	1.711981e+01	3.137304e-04	2.511389e+00	2.191416e-03	1.461107e-03	7.681646e-02	2.984441e-02	5.750505e-04	1.281982e-02	6.937921e-01	3.309234e-02	3.144326e-01	1.555790e+01	9.764202e-02	4.245512e-01	1.568944e+00	2.241676e+01	
5.564520e-03	9.850565e-01	2.804502e+00	1.489351e-03	2.533198e+00	1.058853e-02	1.681374e-03	3.554873e-02	2.788720e-02	5.819827e-04	1.226779e-02	6.340387e-01	3.423031e-02	2.695307e-01	1.416934e+01	9.593029e-02	3.879841e-01	1.287035e+00	2.217454e+01	
5.567375e-03	1.003396e+00	5.980992e+00	7.402604e-04	2.519005e+00	5.264550e-03	1.448713e-03	9.632442e-02	3.142354e-02	6.563548e-04	1.202159e-02	7.252506e-01	3.005430e-02	2.806622e-01	1.481373e+01	9.556083e-02	4.512288e-01	1.274018e+00	2.156313e+01	
5.567791e-03	1.034717e+00	3.848743e+00	6.594508e-04	2.532519e+00	4.686908e-03	2.880018e-03	1.177178e-01	3.021169e-02	6.518563e-04	1.221444e-02	6.979438e-01	3.261746e-02	2.180190e-01	1.613750e+01	9.551571e-02	4.843587e-01	9.516539e-01	2.271033e+01	
5.568827e-03	9.820044e-01	7.715732e+00	5.105891e-04	2.537080e+00	3.640103e-03	2.095235e-03	6.335151e-02	2.554047e-02	5.418214e-04	1.191881e-02	5.850067e-01	3.050936e-02	2.236971e-01	1.458871e+01	9.948137e-02	4.265313e-01	9.897535e-01	2.161576e+01	
5.570658e-03	9.481905e-01	2.067488e+00	1.052659e-03	2.474529e+00	7.454489e-03	1.374811e-03	4.567952e-02	2.882901e-02	6.140763e-04	1.228522e-02	6.598311e-01	3.371703e-02	3.015096e-01	1.452456e+01	9.451638e-02	4.325417e-01	1.308623e+00	2.253740e+01	
5.585845e-03	9.945447e-01	9.090310e+00	9.623451e-04	2.526018e+00	6.790673e-03	1.955428e-03	8.255918e-02	3.818425e-02	8.634199e-04	1.191112e-02	8.927031e-01	2.960985e-02	1.724039e-01	1.586684e+01	9.711268e-02	4.570993e-01	7.368245e-01	2.413431e+01	
5.589992e-03	9.717346e-01	6.569406e+00	1.440219e-03	2.528571e+00	1.059434e-02	2.213706e-03	6.047900e-02	3.746523e-02	8.530528e-04	1.256063e-02	8.690258e-01	3.366792e-02	2.776865e-01	1.538352e+01	9.593010e-02	4.085662e-01	1.288188e+00	2.436761e+01	
5.594324e-03	9.879586e-01	6.943258e+00	5.593402e-04	2.476582e+00	3.894421e-03	9.123008e-04	3.779634e-02	2.488537e-02	4.899605e-04	1.371164e-02	5.875581e-01	3.490507e-02	3.407831e-01	1.317330e+01	9.530954e-02	4.171104e-01	1.523737e+00	1.826553e+01	
5.594555e-03	9.154344e-01	1.179732e+00	1.392854e-03	2.510884e+00	1.005202e-02	1.318495e-03	4.063226e-02	2.494460e-02	5.326957e-04	1.268242e-02	5.659314e-01	3.486258e-02	2.517618e-01	1.399469e+01	9.735707e-02	4.176201e-01	1.070192e+00	2.283242e+01	
5.608461e-03	1.042191e+00	4.254331e+01	4.241204e-04	2.551471e+00	3.090797e-03	1.821333e-03	8.921331e-02	3.669682e-02	8.108148e-04	1.372458e-02	8.486403e-01	3.742900e-02	1.475718e-01	1.383902e+01	9.465217e-02	3.678222e-01	6.664597e-01	2.072397e+01	
5.616258e-03	9.581342e-01	3.523216e+00	7.832872e-04	2.526949e+00	5.706062e-03	1.808662e-03	4.606739e-02	3.065245e-02	6.313489e-04	1.254950e-02	7.069063e-01	3.318896e-02	3.013757e-01	1.560812e+01	9.344374e-02	3.957673e-01	1.548122e+00	2.360175e+01	
5.637923e-03	9.650986e-01	3.979980e+00	7.881003e-04	2.571235e+00	5.803702e-03	2.264289e-03	1.067833e-01	2.844579e-02	6.362697e-04	1.283690e-02	6.457629e-01	3.559647e-02	2.170440e-01	1.561671e+01	9.659580e-02	4.599877e-01	9.085016e-01	2.569984e+01	
5.665104e-03	1.020415e+00	1.035014e+01	1.088241e-03	2.508194e+00	7.748811e-03	1.045545e-03	4.855764e-02	3.124538e-02	6.459080e-04	1.375821e-02	7.342946e-01	3.667549e-02	1.975457e-01	1.470541e+01	9.712521e-02	4.116945e-01	9.305814e-01	2.125414e+01	
5.667261e-03	9.804466e-01	1.990821e+01	2.280688e-04	2.540624e+00	1.649234e-03	1.932989e-03	8.027297e-02	2.594613e-02	5.102151e-04	1.404681e-02	5.957310e-01	3.807724e-02	1.826473e-01	1.443492e+01	9.420618e-02	4.080573e-01	8.001941e-01	2.057587e+01	
5.671782e-03	9.764845e-01	2.505770e+00	1.390970e-03	2.513098e+00	1.008003e-02	1.621103e-03	4.187123e-02	3.476768e-02	6.921035e-04	1.227301e-02	7.978655e-01	3.136638e-02	3.560999e-01	1.609514e+01	9.543869e-02	3.847831e-01	1.904185e+00	2.338139e+01	
5.673883e-03	9.066566e-01	1.359668e+00	9.820512e-04	2.506201e+00	6.887894e-03	2.032227e-03	7.684116e-02	3.004275e-02	6.755296e-04	1.319250e-02	6.714339e-01	3.935339e-02	2.694759e-01	1.438440e+01	9.653722e-02	4.468465e-01	1.147248e+00	2.379777e+01	
5.676866e-03	9.747747e-01	3.348687e+01	3.102474e-04	2.545697e+00	2.226373e-03	1.175241e-03	6.681003e-02	2.365341e-02	4.771986e-04	1.292693e-02	5.461032e-01	3.317980e-02	1.676299e-01	1.547047e+01	9.656674e-02	3.872874e-01	7.438923e-01	2.518686e+01	
5.684082e-03	9.893065e-01	9.560593e+00	5.036181e-04	2.497500e+00	3.609859e-03	1.965047e-03	8.024967e-02	3.425079e-02	6.543652e-04	1.484430e-02	7.957678e-01	4.010086e-02	4.453763e-01	1.301697e+01	9.876604e-02	5.182362e-01	1.858189e+00	1.793403e+01	
5.687131e-03	9.527776e-01	2.974850e+00	1.558290e-03	2.537103e+00	1.140876e-02	1.261746e-03	3.040883e-02	3.035609e-02	6.695165e-04	1.276442e-02	6.966969e-01	3.443007e-02	2.369278e-01	1.553064e+01	9.745981e-02	3.644999e-01	1.156311e+00	2.417946e+01	
5.697473e-03	9.541476e-01	1.085416e+01	8.205748e-04	2.513479e+00	5.887152e-03	1.408260e-03	4.084540e-02	2.770327e-02	5.637326e-04	1.426466e-02	6.485967e-01	3.818383e-02	3.472481e-01	1.250836e+01	1.032967e-01	4.098019e-01	1.526496e+00	1.938901e+01	
5.706937e-03	9.752155e-01	1.377395e+00	3.343350e-03	2.489334e+00	2.422320e-02	2.406805e-03	4.277168e-02	3.343991e-02	7.360771e-04	1.286495e-02	7.661816e-01	3.686571e-02	2.888997e-01	1.338861e+01	1.015769e-01	4.477086e-01	1.314603e+00	1.965682e+01	
5.710763e-03	9.922568e-01	1.273978e+01	6.143350e-04	2.485965e+00	4.260107e-03	2.394503e-03	1.172921e-01	3.745190e-02	7.369837e-04	1.291164e-02	8.814436e-01	3.256526e-02	2.688933e-01	1.525505e+01	9.558546e-02	4.856964e-01	1.135109e+00	2.471667e+01	
5.719522e-03	9.903771e-01	8.342730e+00	5.937213e-04	2.502425e+00	4.205123e-03	1.391959e-03	5.105771e-02	2.696345e-02	5.499030e-04	1.081068e-02	6.286980e-01	2.508557e-02	2.192699e-01	2.074065e+01	8.905050e-02	3.570378e-01	1.245517e+00	3.144647e+01	
5.735143e-03	9.841157e-01	1.243292e+01	4.954596e-04	2.522800e+00	3.526446e-03	1.846500e-03	7.995380e-02	2.894000e-02	5.905499e-04	1.215759e-02	6.758009e-01	3.147626e-02	1.751568e-01	1.441715e+01	9.706548e-02	3.895933e-01	7.892672e-01	2.293348e+01	
5.741875e-03	9.717390e-01	1.547876e+01	5.418915e-04	2.526256e+00	3.976936e-03	3.045082e-03	1.140865e-01	3.125618e-02	6.849790e-04	1.259977e-02	7.231743e-01	3.365175e-02	2.390486e-01	1.520097e+01	9.650021e-02	4.021014e-01	1.065009e+00	2.479115e+01	
5.773560e-03	9.693298e-01	9.611607e+00	4.253359e-04	2.510763e+00	3.005615e-03	2.175814e-03	6.279716e-02	3.041912e-02	6.414922e-04	1.216197e-02	7.186945e-01	3.036175e-02	2.941748e-01	1.587252e+01	9.350657e-02	3.916857e-01	1.436052e+00	2.458382e+01	
5.806771e-03	9.768389e-01	1.396658e+01	4.604532e-04	2.497748e+00	3.318675e-03	1.509125e-03	3.937458e-02	2.677484e-02	5.237172e-04	1.359667e-02	6.150035e-01	3.596180e-02	2.522215e-01	1.481068e+01	9.550632e-02	3.709847e-01	1.270841e+00	2.213354e+01	
5.821502e-03	1.015277e+00	1.902812e+00	2.020069e-03	2.521032e+00	1.446442e-02	1.619307e-03	3.793234e-02	3.075461e-02	6.643997e-04	1.282911e-02	6.950704e-01	3.577333e-02	3.171550e-01	1.449782e+01	9.404520e-02	4.096051e-01	1.536581e+00	2.187069e+01	
5.901592e-03	9.627470e-01	3.554611e+00	1.944471e-03	2.502384e+00	1.372302e-02	1.669462e-03	3.312814e-02	3.209011e-02	6.519023e-04	1.204569e-02	7.457678e-01	2.989527e-02	2.490928e-01	1.631010e+01	9.542700e-02	3.869100e-01	1.266215e+00	2.216420e+01	
6.000132e-03	9.790381e-01	4.616947e+01	4.605955e-04	2.524218e+00	3.349266e-03	2.473521e-03	1.083144e-01	3.085628e-02	6.195469e-04	1.462462e-02	7.246593e-01	3.827554e-02	3.339018e-01	1.416476e+01	9.993190e-02	4.481577e-01	1.541338e+00	1.817472e+01	
6.063076e-03	9.937703e-01	3.829819e+00	1.205084e-03	2.535845e+00	8.533234e-03	1.620422e-03	6.469575e-02	2.832836e-02	6.297429e-04	1.314651e-02	6.514617e-01	3.518259e-02	2.463017e-01	1.472443e+01	9.347919e-02	3.793649e-01	1.205696e+00	2.292441e+01	
6.097451e-03	1.008873e+00	1.271877e+01	9.005349e-04	2.527245e+00	6.320004e-03	1.269515e-03	8.344803e-02	3.060030e-02	6.462137e-04	1.205644e-02	7.170056e-01	3.102196e-02	2.332024e-01	1.630188e+01	9.835882e-02	4.205916e-01	1.163718e+00	2.293774e+01	
8.122691e-03	9.986184e-01	3.792988e+01	1.008863e-03	2.521933e+00	6.891738e-03	1.234341e-03	4.206359e-02	3.416959e-02	6.957287e-04	1.253477e-02	8.056579e-01	3.241695e-02	2.322047e-01	1.422129e+01	9.489990e-02	3.423641e-01	1.179926e+00	2.135420e+01	
