f	x(1)	x(2)	x(3)	x(4)	x(5)	x(6)	x(7)	x(8)	x(9)	x(10)	x(11)	x(12)	x(13)	x(14)	x(15)	x(16)	x(17)	x(18)	
3.150696e-03	3.538088e-03	1.014046e-01	6.932739e-01	2.409596e+00	5.142102e+00	4.485916e-03	1.590014e+00	3.158138e-01	7.761666e-03	2.340175e-02	7.682979e+00	1.184440e-01	6.926413e-03	1.173940e-04	1.185375e-01	1.697000e-01	3.933138e-02	1.554345e-04	
3.156173e-03	2.802958e-03	9.935040e-02	4.989107e-01	2.414092e+00	3.623000e+00	3.979501e-03	1.672001e+00	2.738272e-01	6.413817e-03	2.412238e-02	6.592284e+00	1.255616e-01	4.181377e-03	1.180375e-04	1.151287e-01	1.510405e-01	2.605176e-02	1.514452e-04	
3.233955e-03	1.954877e-03	1.027399e-01	6.201292e-01	2.408719e+00	4.558599e+00	4.287054e-03	1.958592e+00	3.270555e-01	7.878530e-03	2.454223e-02	8.001588e+00	1.305803e-01	1.998214e-03	1.920087e-04	1.152005e-01	1.295486e-01	1.407170e-02	2.433259e-04	
3.248489e-03	3.057262e-03	1.025547e-01	6.490218e-01	2.371137e+00	4.776046e+00	5.469894e-03	7.360824e-01	3.239636e-01	7.655138e-03	2.483539e-02	7.926186e+00	1.336386e-01	6.158217e-03	1.569810e-04	1.182110e-01	1.545571e-01	3.793330e-02	2.049610e-04	
3.259618e-03	1.630992e-03	1.010793e-01	6.153140e-01	2.413516e+00	4.490585e+00	3.929214e-03	7.540293e-01	3.074324e-01	7.261778e-03	2.586299e-02	7.492494e+00	1.522128e-01	3.060504e-03	1.595272e-04	1.152035e-01	1.760091e-01	1.669378e-02	2.071558e-04	
3.271861e-03	8.091797e-04	1.040737e-01	4.763894e-01	2.414173e+00	3.468932e+00	4.028102e-03	1.046427e+00	3.263960e-01	7.936896e-03	2.431250e-02	7.992555e+00	1.263172e-01	4.260709e-03	2.009133e-04	1.175540e-01	1.413741e-01	2.735285e-02	2.695380e-04	
3.277612e-03	4.957589e-03	9.788141e-02	5.548711e-01	2.427945e+00	4.075139e+00	4.294453e-03	1.147554e+00	2.953836e-01	6.972369e-03	2.441979e-02	7.165786e+00	1.276600e-01	2.946038e-03	1.861563e-04	1.155965e-01	1.528902e-01	1.792506e-02	2.431748e-04	
3.278148e-03	3.725989e-03	1.012823e-01	5.577946e-01	2.391007e+00	4.072595e+00	4.829213e-03	1.301476e+00	3.027573e-01	6.950770e-03	2.366732e-02	7.395236e+00	1.148074e-01	8.616105e-03	7.926794e-05	1.179833e-01	1.872583e-01	4.512952e-02	1.052960e-04	
3.278313e-03	2.296722e-03	1.062998e-01	5.485283e-01	2.367613e+00	4.009657e+00	5.195096e-03	1.080839e+00	3.236634e-01	7.792515e-03	2.461834e-02	7.936262e+00	1.278192e-01	4.895264e-03	1.294082e-04	1.150446e-01	1.616198e-01	2.834368e-02	1.711731e-04	
3.294173e-03	2.058068e-03	1.014201e-01	5.447446e-01	2.408329e+00	3.988828e+00	4.478314e-03	8.934176e-01	2.789433e-01	6.357689e-03	2.615999e-02	6.738740e+00	1.493847e-01	3.487438e-03	1.251479e-04	1.191194e-01	1.704274e-01	1.989838e-02	1.623428e-04	
3.304086e-03	5.941964e-03	1.048132e-01	4.718376e-01	2.400148e+00	3.444121e+00	4.980031e-03	1.028652e+00	3.448803e-01	8.391805e-03	2.425616e-02	8.456039e+00	1.290729e-01	3.982743e-03	2.125438e-04	1.185111e-01	1.461803e-01	2.544566e-02	2.825162e-04	
3.323121e-03	2.512482e-03	1.013847e-01	5.164677e-01	2.403422e+00	3.790351e+00	4.831652e-03	7.171010e-01	2.843052e-01	6.785969e-03	2.527371e-02	6.962415e+00	1.331261e-01	5.197623e-03	9.077090e-05	1.162256e-01	1.935637e-01	2.646922e-02	1.205006e-04	
3.324702e-03	1.109658e-03	1.030442e-01	4.421603e-01	2.406530e+00	3.200537e+00	4.061622e-03	1.107572e+00	3.244895e-01	8.012905e-03	2.460751e-02	7.911770e+00	1.340698e-01	5.220933e-03	1.029060e-04	1.157857e-01	1.651558e-01	2.955187e-02	1.399737e-04	
3.327119e-03	3.067244e-03	1.044515e-01	4.140357e-01	2.431297e+00	3.024632e+00	4.543997e-03	1.023072e+00	2.993573e-01	7.142993e-03	2.389893e-02	7.244729e+00	1.220750e-01	4.748736e-03	1.978467e-04	1.160836e-01	1.540982e-01	2.896403e-02	2.544268e-04	
3.335088e-03	3.709756e-03	1.051883e-01	6.468875e-01	2.400780e+00	4.766616e+00	4.977196e-03	1.179281e+00	3.116024e-01	7.609634e-03	2.358787e-02	7.599660e+00	1.171249e-01	3.674082e-03	1.334438e-04	1.144451e-01	1.526004e-01	2.192467e-02	1.804005e-04	
3.335252e-03	8.053878e-03	9.845127e-02	5.274821e-01	2.383512e+00	3.815205e+00	4.051798e-03	9.609211e-01	2.917597e-01	7.050239e-03	2.273408e-02	7.070137e+00	1.083706e-01	4.117246e-03	2.524455e-04	1.138707e-01	1.658162e-01	2.358626e-02	3.273175e-04	
3.336430e-03	6.568434e-03	1.003405e-01	5.463508e-01	2.374994e+00	4.020732e+00	5.798614e-03	1.183124e+00	3.264908e-01	7.854690e-03	2.429974e-02	8.040237e+00	1.215255e-01	7.560989e-03	1.728269e-04	1.195027e-01	1.717472e-01	4.362660e-02	2.216082e-04	
3.340880e-03	1.417328e-03	9.940303e-02	4.117934e-01	2.417502e+00	3.021151e+00	5.224921e-03	1.224660e+00	3.519050e-01	8.658504e-03	2.395640e-02	8.604522e+00	1.309057e-01	6.770184e-03	1.340347e-04	1.189478e-01	1.642911e-01	3.953599e-02	1.767591e-04	
3.343464e-03	2.733677e-03	9.958089e-02	6.149467e-01	2.385503e+00	4.547474e+00	4.815244e-03	6.245141e-01	3.095468e-01	7.217634e-03	2.535993e-02	7.598450e+00	1.332208e-01	5.450995e-03	1.478230e-04	1.161910e-01	1.778038e-01	3.022196e-02	1.880111e-04	
3.354505e-03	3.866686e-03	1.006164e-01	4.308219e-01	2.405020e+00	3.115003e+00	4.470797e-03	1.708147e+00	3.390913e-01	8.141596e-03	2.207018e-02	8.248453e+00	1.055255e-01	6.138321e-03	1.270756e-04	1.145895e-01	1.521732e-01	3.796665e-02	1.656722e-04	
3.355124e-03	1.561241e-03	1.015183e-01	5.190540e-01	2.401399e+00	3.786651e+00	4.229121e-03	7.603118e-01	3.484343e-01	8.567701e-03	2.430587e-02	8.566263e+00	1.322110e-01	4.229930e-03	1.385187e-04	1.181519e-01	1.558497e-01	2.549833e-02	1.830536e-04	
3.358341e-03	1.906087e-03	1.005941e-01	5.696027e-01	2.436664e+00	4.154900e+00	3.481436e-03	1.063757e+00	2.955005e-01	6.869610e-03	2.529027e-02	7.195653e+00	1.363256e-01	4.046485e-03	9.437013e-05	1.158628e-01	1.656553e-01	2.284443e-02	1.244561e-04	
3.363093e-03	2.917233e-04	1.039230e-01	5.475217e-01	2.440273e+00	4.027881e+00	4.097906e-03	9.656946e-01	3.047652e-01	7.188526e-03	2.486490e-02	7.460128e+00	1.270707e-01	6.994046e-03	1.077318e-04	1.167708e-01	1.637313e-01	3.968888e-02	1.449639e-04	
3.363829e-03	2.949102e-03	1.026428e-01	5.688331e-01	2.423059e+00	4.168933e+00	3.974658e-03	1.486400e+00	2.954197e-01	7.249850e-03	2.340800e-02	7.131131e+00	1.203838e-01	7.533610e-03	8.578970e-05	1.180249e-01	1.778639e-01	4.143761e-02	1.145228e-04	
3.375299e-03	7.818753e-04	1.045476e-01	4.171279e-01	2.408991e+00	3.037028e+00	4.440434e-03	7.727747e-01	2.865208e-01	6.723754e-03	2.462583e-02	6.873644e+00	1.371603e-01	3.602974e-03	2.066118e-04	1.139198e-01	1.567428e-01	2.109732e-02	2.800598e-04	
3.378091e-03	6.578339e-03	1.020925e-01	5.598236e-01	2.357040e+00	4.062995e+00	5.015324e-03	9.315900e-01	3.027134e-01	7.142871e-03	2.506117e-02	7.455416e+00	1.299771e-01	2.933272e-03	2.086075e-04	1.146520e-01	1.613833e-01	1.694142e-02	2.793461e-04	
3.381800e-03	1.356559e-03	1.036187e-01	5.252341e-01	2.439766e+00	3.811955e+00	3.066576e-03	1.286272e+00	2.751657e-01	6.339454e-03	2.526151e-02	6.636013e+00	1.389069e-01	3.665221e-03	1.287885e-04	1.169672e-01	1.926587e-01	1.905491e-02	1.600309e-04	
3.382027e-03	2.918440e-03	1.031112e-01	4.445978e-01	2.400640e+00	3.230123e+00	5.006675e-03	1.122209e+00	3.350291e-01	8.304071e-03	2.341519e-02	8.129702e+00	1.251680e-01	5.763733e-03	1.321311e-04	1.192579e-01	1.749909e-01	3.226565e-02	1.711008e-04	
3.391568e-03	3.016771e-03	1.044430e-01	6.552963e-01	2.358023e+00	4.880331e+00	6.680126e-03	8.258678e-01	3.082850e-01	7.124726e-03	2.419542e-02	7.585202e+00	1.140358e-01	4.257865e-03	1.431520e-04	1.166073e-01	1.705799e-01	2.367222e-02	1.908474e-04	
3.392013e-03	1.816861e-03	1.066947e-01	5.230024e-01	2.360120e+00	3.759374e+00	4.330587e-03	9.969171e-01	3.134190e-01	7.213996e-03	2.517964e-02	7.693813e+00	1.307605e-01	3.972002e-03	1.796571e-04	1.162345e-01	1.419142e-01	2.525601e-02	2.443192e-04	
3.394078e-03	1.377929e-02	1.005911e-01	5.057528e-01	2.401618e+00	3.738769e+00	6.027239e-03	8.265980e-01	3.192421e-01	7.582057e-03	2.410898e-02	7.805905e+00	1.260560e-01	4.336254e-03	1.910316e-04	1.157126e-01	1.638110e-01	2.484892e-02	2.601645e-04	
3.396006e-03	9.428558e-03	1.011323e-01	7.342974e-01	2.433384e+00	5.472452e+00	4.395842e-03	1.313395e+00	3.130572e-01	7.530602e-03	2.438209e-02	7.536335e+00	1.372288e-01	2.784442e-03	2.269887e-04	1.177808e-01	1.581801e-01	1.685769e-02	2.952426e-04	
3.397120e-03	6.209353e-04	1.030365e-01	4.840818e-01	2.423058e+00	3.561258e+00	4.486325e-03	7.503395e-01	3.241716e-01	7.759353e-03	2.479608e-02	8.016112e+00	1.268412e-01	6.935304e-03	1.256506e-04	1.190064e-01	1.643091e-01	4.027513e-02	1.676828e-04	
3.397476e-03	6.522076e-03	9.965110e-02	5.607440e-01	2.405598e+00	4.158304e+00	5.681189e-03	6.283520e-01	2.835112e-01	6.781536e-03	2.608130e-02	6.935213e+00	1.455685e-01	3.316139e-03	1.705070e-04	1.142344e-01	1.710797e-01	1.881260e-02	2.179532e-04	
3.398299e-03	2.978269e-03	1.043997e-01	4.071858e-01	2.426037e+00	2.964856e+00	4.785353e-03	1.304946e+00	2.889927e-01	6.974127e-03	2.425572e-02	6.989603e+00	1.287211e-01	3.703206e-03	2.828637e-04	1.155379e-01	1.476682e-01	2.295135e-02	3.697731e-04	
3.400636e-03	2.686008e-03	1.021078e-01	4.992549e-01	2.435559e+00	3.621910e+00	3.525027e-03	1.840133e+00	3.254464e-01	7.829399e-03	2.423392e-02	7.844832e+00	1.382696e-01	3.614136e-03	1.551762e-04	1.148824e-01	1.560700e-01	2.173706e-02	2.060367e-04	
3.408552e-03	6.225768e-04	1.009233e-01	5.361133e-01	2.409726e+00	3.877032e+00	3.894186e-03	1.709031e+00	3.302246e-01	7.878990e-03	2.421994e-02	8.173070e+00	1.195514e-01	5.199795e-03	7.568246e-05	1.203582e-01	1.536410e-01	3.217114e-02	9.945951e-05	
3.413902e-03	1.282968e-03	9.927143e-02	6.388059e-01	2.435160e+00	4.694002e+00	3.593651e-03	9.399810e-01	2.895676e-01	6.845736e-03	2.439155e-02	6.939671e+00	1.400876e-01	3.478510e-03	1.459713e-04	1.165635e-01	1.812773e-01	1.885204e-02	1.876165e-04	
3.416697e-03	6.558676e-03	9.939456e-02	5.846018e-01	2.419912e+00	4.309779e+00	4.447065e-03	2.702403e+00	3.592420e-01	8.787336e-03	2.356096e-02	8.841244e+00	1.205859e-01	2.552947e-03	2.328031e-04	1.188494e-01	1.359943e-01	1.760368e-02	3.023925e-04	
3.418053e-03	1.844457e-02	1.014561e-01	5.788142e-01	2.413551e+00	4.291505e+00	5.258328e-03	1.601724e+00	3.042696e-01	7.242392e-03	2.407342e-02	7.338956e+00	1.283120e-01	2.619242e-03	1.264675e-04	1.145251e-01	1.445689e-01	1.649825e-02	1.656154e-04	
3.420048e-03	1.141890e-03	1.056644e-01	5.455634e-01	2.426496e+00	4.013448e+00	4.444958e-03	8.377172e-01	3.253606e-01	7.978545e-03	2.612517e-02	7.995343e+00	1.513832e-01	4.081258e-03	1.503056e-04	1.184049e-01	1.623422e-01	2.348039e-02	2.061286e-04	
3.422467e-03	1.173885e-03	1.028438e-01	5.432107e-01	2.369704e+00	3.976178e+00	4.794359e-03	5.372813e-01	2.798119e-01	6.426268e-03	2.556302e-02	6.806896e+00	1.364581e-01	4.418219e-03	1.574477e-04	1.180767e-01	1.915558e-01	2.295375e-02	2.097745e-04	
3.423381e-03	5.324219e-03	1.025359e-01	6.491075e-01	2.381416e+00	4.721705e+00	4.187483e-03	8.276818e-01	3.137745e-01	7.417691e-03	2.456674e-02	7.600553e+00	1.365184e-01	3.885774e-03	2.296676e-04	1.183319e-01	1.704563e-01	2.239105e-02	2.858805e-04	
3.427787e-03	6.272558e-03	1.005056e-01	4.634713e-01	2.410477e+00	3.337381e+00	3.408241e-03	1.223562e+00	3.010908e-01	7.187070e-03	2.409324e-02	7.230419e+00	1.341875e-01	4.637812e-03	1.335891e-04	1.163176e-01	1.814869e-01	2.455133e-02	1.864981e-04	
3.428129e-03	1.934595e-03	9.867759e-02	4.170064e-01	2.413745e+00	3.056921e+00	4.862803e-03	1.109750e+00	3.465383e-01	8.259479e-03	2.398023e-02	8.585088e+00	1.181291e-01	5.375103e-03	1.776010e-04	1.168426e-01	1.410716e-01	3.569783e-02	2.269624e-04	
3.430401e-03	4.110972e-03	9.929479e-02	6.030405e-01	2.408754e+00	4.438489e+00	4.387262e-03	1.050267e+00	3.217858e-01	7.830547e-03	2.417575e-02	7.809987e+00	1.292161e-01	5.122085e-03	1.278623e-04	1.184833e-01	1.728915e-01	2.960401e-02	1.586051e-04	
3.430699e-03	5.778998e-03	1.045557e-01	4.792100e-01	2.391944e+00	3.477616e+00	4.797978e-03	1.233640e+00	3.137734e-01	7.467050e-03	2.572172e-02	7.719847e+00	1.426895e-01	2.418461e-03	2.255814e-04	1.153895e-01	1.433683e-01	1.506594e-02	3.090068e-04	
3.432455e-03	4.714079e-03	1.009569e-01	5.006554e-01	2.395316e+00	3.618528e+00	4.462059e-03	7.916598e-01	3.187483e-01	7.631365e-03	2.475311e-02	7.824339e+00	1.315886e-01	6.445134e-03	1.472080e-04	1.154312e-01	1.688412e-01	3.629445e-02	1.996141e-04	
3.432648e-03	5.226414e-03	9.778014e-02	5.905206e-01	2.388508e+00	4.351633e+00	5.194174e-03	2.172260e+00	3.297346e-01	8.248187e-03	2.286399e-02	8.107296e+00	1.076752e-01	5.110295e-03	1.923276e-04	1.154227e-01	1.380761e-01	3.412971e-02	2.475190e-04	
3.433554e-03	2.233754e-03	1.002972e-01	6.479726e-01	2.413424e+00	4.814278e+00	4.292570e-03	1.221080e+00	2.884623e-01	7.033130e-03	2.428880e-02	6.963501e+00	1.301779e-01	3.819367e-03	1.097116e-04	1.149331e-01	2.042374e-01	1.844507e-02	1.509653e-04	
3.434184e-03	4.057332e-03	1.019918e-01	6.026738e-01	2.404290e+00	4.343994e+00	3.305240e-03	9.995924e-01	2.833344e-01	6.815092e-03	2.443761e-02	6.775008e+00	1.412088e-01	3.587379e-03	1.886430e-04	1.167142e-01	1.844035e-01	1.918247e-02	2.432199e-04	
3.434886e-03	5.372901e-03	9.923234e-02	5.520122e-01	2.401282e+00	4.057462e+00	4.330446e-03	9.928003e-01	2.970301e-01	6.979216e-03	2.533743e-02	7.254338e+00	1.346784e-01	4.028155e-03	1.556395e-04	1.175235e-01	1.644979e-01	2.320704e-02	2.091225e-04	
3.436216e-03	1.160707e-03	9.932791e-02	5.564258e-01	2.427134e+00	4.018469e+00	3.532699e-03	1.603875e+00	3.020940e-01	7.063565e-03	2.454480e-02	7.289471e+00	1.372288e-01	5.163094e-03	8.844336e-05	1.167662e-01	1.586803e-01	3.087310e-02	1.146257e-04	
3.437609e-03	9.925641e-04	1.025242e-01	4.180185e-01	2.430201e+00	2.996719e+00	3.138343e-03	1.849741e+00	3.418047e-01	8.336845e-03	2.423682e-02	8.364847e+00	1.268076e-01	7.277242e-03	9.030650e-05	1.188483e-01	1.714500e-01	4.071400e-02	1.211703e-04	
3.439241e-03	2.373892e-03	1.012694e-01	8.025984e-01	2.387041e+00	5.970942e+00	3.696490e-03	8.367879e-01	2.973612e-01	7.034564e-03	2.570150e-02	7.277308e+00	1.433567e-01	4.287808e-03	1.213257e-04	1.147866e-01	1.861841e-01	2.262914e-02	1.561595e-04	
3.441311e-03	9.581883e-03	1.016768e-01	4.816074e-01	2.377013e+00	3.442015e+00	4.428551e-03	1.103316e+00	3.252385e-01	7.704928e-03	2.381438e-02	7.953126e+00	1.211131e-01	4.525185e-03	1.484125e-04	1.165452e-01	1.907143e-01	2.302882e-02	2.006711e-04	
3.442171e-03	8.283564e-03	1.002998e-01	5.937506e-01	2.397757e+00	4.362060e+00	4.036025e-03	7.818240e-01	3.412247e-01	8.338447e-03	2.372065e-02	8.288216e+00	1.264628e-01	4.968397e-03	2.013384e-04	1.178545e-01	1.651168e-01	2.900485e-02	2.668403e-04	
3.447201e-03	3.179243e-03	9.855091e-02	8.594636e-01	2.360647e+00	6.459049e+00	5.279774e-03	5.870862e-01	2.989486e-01	7.217405e-03	2.544098e-02	7.302199e+00	1.432789e-01	4.521588e-03	1.398975e-04	1.158735e-01	1.806588e-01	2.438544e-02	1.787913e-04	
3.449130e-03	1.136645e-02	1.047746e-01	6.967107e-01	2.377070e+00	5.103070e+00	5.192715e-03	1.239483e+00	3.212618e-01	7.894720e-03	2.461661e-02	7.810079e+00	1.391344e-01	2.719673e-03	1.652482e-04	1.137139e-01	1.624854e-01	1.547104e-02	2.233471e-04	
3.451974e-03	6.784578e-03	9.790464e-02	5.547755e-01	2.429224e+00	4.109743e+00	4.820312e-03	1.313786e+00	3.374896e-01	8.168722e-03	2.421932e-02	8.239673e+00	1.276228e-01	4.739516e-03	1.492342e-04	1.185810e-01	1.548224e-01	2.908318e-02	1.936386e-04	
3.452172e-03	1.864277e-03	1.008968e-01	5.190557e-01	2.393069e+00	3.789752e+00	4.308665e-03	9.860749e-01	3.050912e-01	7.374533e-03	2.304278e-02	7.365167e+00	1.158476e-01	5.923756e-03	1.036516e-04	1.176383e-01	1.581821e-01	3.606307e-02	1.363914e-04	
3.452586e-03	9.589479e-03	9.622241e-02	5.830561e-01	2.394610e+00	4.306746e+00	5.356974e-03	1.612078e+00	3.160195e-01	7.503546e-03	2.315443e-02	7.661869e+00	1.160124e-01	5.165286e-03	1.904346e-04	1.164803e-01	1.577856e-01	3.088849e-02	2.528923e-04	
3.455144e-03	1.489499e-02	9.963157e-02	5.309910e-01	2.387861e+00	3.976107e+00	6.455613e-03	7.449413e-01	3.079691e-01	7.354386e-03	2.491563e-02	7.606552e+00	1.257763e-01	2.833005e-03	3.053248e-04	1.154355e-01	1.533119e-01	1.732033e-02	3.918624e-04	
3.455350e-03	3.189872e-04	1.045870e-01	4.912552e-01	2.424042e+00	3.582249e+00	3.958002e-03	5.734703e-01	2.819614e-01	6.410707e-03	2.595195e-02	6.871014e+00	1.408853e-01	6.495103e-03	8.195846e-05	1.169810e-01	2.027055e-01	3.224847e-02	1.024309e-04	
3.461119e-03	1.817874e-03	1.004081e-01	6.654382e-01	2.403415e+00	4.891639e+00	3.648138e-03	7.510604e-01	2.867169e-01	6.966626e-03	2.464719e-02	6.904234e+00	1.380318e-01	4.397365e-03	9.701603e-05	1.179085e-01	1.721008e-01	2.489915e-02	1.302317e-04	
3.461134e-03	1.244386e-03	1.024317e-01	4.959244e-01	2.405100e+00	3.599150e+00	4.229961e-03	1.076664e+00	3.404612e-01	8.339410e-03	2.487094e-02	8.390252e+00	1.350911e-01	6.583378e-03	1.297559e-04	1.188656e-01	1.807685e-01	3.584456e-02	1.739431e-04	
3.471710e-03	3.986419e-03	1.019445e-01	4.850037e-01	2.356995e+00	3.513813e+00	5.143047e-03	5.047860e-01	3.039744e-01	7.018163e-03	2.453765e-02	7.477453e+00	1.215484e-01	3.491114e-03	2.385171e-04	1.120529e-01	1.625108e-01	2.018107e-02	3.001543e-04	
3.474561e-03	9.533414e-03	1.013577e-01	6.390094e-01	2.405249e+00	4.718002e+00	4.382426e-03	1.282417e+00	3.354858e-01	8.108761e-03	2.295874e-02	8.086349e+00	1.219792e-01	4.308481e-03	2.385201e-04	1.161684e-01	1.600840e-01	2.558514e-02	3.043562e-04	
3.475722e-03	4.503003e-03	1.013459e-01	5.130131e-01	2.396478e+00	3.737756e+00	5.126801e-03	8.767723e-01	3.266740e-01	7.936934e-03	2.530970e-02	7.980689e+00	1.419653e-01	2.687874e-03	2.718492e-04	1.175659e-01	1.404368e-01	1.761130e-02	3.477075e-04	
3.477982e-03	7.055239e-03	1.042994e-01	6.826453e-01	2.376757e+00	4.923345e+00	3.656811e-03	1.398766e+00	2.903396e-01	6.762972e-03	2.459616e-02	7.047465e+00	1.291918e-01	3.433106e-03	1.787770e-04	1.177616e-01	1.697868e-01	1.976937e-02	2.282276e-04	
3.479222e-03	8.768028e-03	1.019689e-01	6.861416e-01	2.409994e+00	5.068866e+00	4.593457e-03	1.989612e+00	3.146345e-01	7.342603e-03	2.573732e-02	7.691789e+00	1.486762e-01	1.554880e-03	2.445931e-04	1.140335e-01	1.452055e-01	9.590835e-03	3.320758e-04	
3.482407e-03	4.023357e-03	1.037001e-01	5.658406e-01	2.367277e+00	4.125756e+00	4.492568e-03	5.007900e-01	3.091887e-01	7.051003e-03	2.458314e-02	7.495257e+00	1.295987e-01	4.811160e-03	2.111688e-04	1.176727e-01	1.679020e-01	2.711043e-02	2.869354e-04	
3.486049e-03	5.196750e-03	1.016084e-01	4.094011e-01	2.395455e+00	2.995646e+00	5.594443e-03	6.489548e-01	3.114661e-01	7.385629e-03	2.501885e-02	7.650240e+00	1.289293e-01	3.476948e-03	2.141508e-04	1.135685e-01	1.658869e-01	1.962590e-02	2.752264e-04	
3.486281e-03	3.798498e-03	1.001700e-01	4.773512e-01	2.400984e+00	3.479210e+00	4.944054e-03	1.302163e+00	3.310479e-01	7.969092e-03	2.384185e-02	8.118136e+00	1.177262e-01	5.864485e-03	1.137258e-04	1.185129e-01	1.669713e-01	3.446859e-02	1.452022e-04	
3.488155e-03	1.408034e-03	9.968006e-02	4.788420e-01	2.415580e+00	3.453040e+00	3.707853e-03	1.317451e+00	3.269667e-01	7.988859e-03	2.249605e-02	8.022909e+00	1.059953e-01	4.878061e-03	1.461409e-04	1.132788e-01	1.348701e-01	3.318302e-02	1.905917e-04	
3.490125e-03	1.638043e-03	1.004604e-01	5.365178e-01	2.377397e+00	3.890124e+00	4.467539e-03	7.436872e-01	3.513996e-01	8.858664e-03	2.310620e-02	8.661007e+00	1.127963e-01	1.217790e-02	1.260059e-04	1.186415e-01	1.666935e-01	6.958902e-02	1.706276e-04	
3.491957e-03	1.063294e-02	9.960491e-02	5.419845e-01	2.387997e+00	3.964232e+00	5.220855e-03	1.335397e+00	3.485439e-01	8.675487e-03	2.393422e-02	8.701539e+00	1.153475e-01	6.749892e-03	1.173261e-04	1.175640e-01	1.690314e-01	3.831472e-02	1.531941e-04	
3.492977e-03	2.891867e-03	1.015212e-01	3.727066e-01	2.451910e+00	2.701624e+00	3.619623e-03	1.916402e+00	3.078687e-01	7.632698e-03	2.358111e-02	7.426491e+00	1.245632e-01	5.779080e-03	1.563263e-04	1.145862e-01	1.578325e-01	3.388210e-02	2.148970e-04	
3.495363e-03	3.532203e-03	1.063345e-01	4.355373e-01	2.390281e+00	3.201921e+00	5.811079e-03	8.643461e-01	2.955141e-01	6.991507e-03	2.442328e-02	7.224358e+00	1.198183e-01	3.995240e-03	1.881091e-04	1.143173e-01	1.399313e-01	2.594806e-02	2.471096e-04	
3.497664e-03	2.514632e-03	1.016312e-01	5.298576e-01	2.394153e+00	3.911323e+00	5.101726e-03	8.889068e-01	3.259138e-01	7.618330e-03	2.482932e-02	8.013567e+00	1.283351e-01	5.011012e-03	1.289932e-04	1.182592e-01	1.714817e-01	2.871175e-02	1.595125e-04	
3.507241e-03	5.097350e-03	1.044743e-01	4.703114e-01	2.372478e+00	3.441742e+00	5.532586e-03	8.174986e-01	3.300126e-01	7.775344e-03	2.431131e-02	8.141572e+00	1.219421e-01	6.557154e-03	2.004678e-04	1.189485e-01	1.643217e-01	3.884860e-02	2.593674e-04	
3.509133e-03	1.983969e-03	1.065868e-01	4.749945e-01	2.385466e+00	3.428505e+00	4.738563e-03	5.826347e-01	3.075374e-01	7.325598e-03	2.476712e-02	7.566758e+00	1.255685e-01	6.080284e-03	2.631544e-04	1.180653e-01	1.792238e-01	3.236749e-02	3.518871e-04	
3.510673e-03	3.099423e-03	9.820000e-02	4.790353e-01	2.442892e+00	3.495802e+00	3.975721e-03	2.420068e+00	3.243471e-01	7.965566e-03	2.329802e-02	7.858263e+00	1.200853e-01	6.178119e-03	6.002990e-05	1.146121e-01	1.677512e-01	3.577185e-02	7.530330e-05	
3.512725e-03	3.843466e-03	1.032919e-01	6.084458e-01	2.413303e+00	4.464345e+00	4.830520e-03	2.449498e+00	3.358775e-01	8.087569e-03	2.395081e-02	8.189760e+00	1.303746e-01	3.465267e-03	1.247622e-04	1.173564e-01	1.517043e-01	2.127804e-02	1.687517e-04	
3.513508e-03	5.974334e-03	1.016908e-01	6.300654e-01	2.381342e+00	4.591761e+00	3.922615e-03	1.134582e+00	3.397042e-01	8.191612e-03	2.437518e-02	8.284586e+00	1.382869e-01	4.349728e-03	1.291124e-04	1.155712e-01	1.537700e-01	2.602580e-02	1.777127e-04	
3.513953e-03	2.954215e-03	1.058104e-01	7.415603e-01	2.366775e+00	5.403523e+00	4.196839e-03	1.332286e+00	3.166115e-01	7.682971e-03	2.371462e-02	7.777428e+00	1.174881e-01	3.353957e-03	1.764905e-04	1.104250e-01	1.435594e-01	2.091652e-02	2.357088e-04	
3.514592e-03	2.209159e-03	1.054267e-01	4.963277e-01	2.379558e+00	3.666134e+00	5.978176e-03	9.386301e-01	2.858442e-01	6.744808e-03	2.479911e-02	7.014659e+00	1.241821e-01	3.241746e-03	3.022135e-04	1.117825e-01	1.403865e-01	2.078013e-02	3.992482e-04	
3.518802e-03	5.883933e-03	1.070713e-01	6.092063e-01	2.380564e+00	4.458135e+00	4.995297e-03	1.259916e+00	3.174479e-01	7.391352e-03	2.625714e-02	7.870515e+00	1.383235e-01	2.344206e-03	2.296330e-04	1.161411e-01	1.587340e-01	1.381898e-02	2.929554e-04	
3.523065e-03	3.950581e-03	1.036289e-01	5.669955e-01	2.422948e+00	4.100907e+00	3.882053e-03	1.550440e+00	3.468742e-01	8.377239e-03	2.459388e-02	8.533377e+00	1.323882e-01	6.189728e-03	9.898551e-05	1.169685e-01	1.796466e-01	3.328589e-02	1.322216e-04	
3.523902e-03	5.306976e-03	1.014625e-01	4.263638e-01	2.397778e+00	3.150826e+00	6.297077e-03	1.022823e+00	3.507687e-01	8.272743e-03	2.355349e-02	8.669539e+00	1.125302e-01	4.265788e-03	2.665332e-04	1.173133e-01	1.527538e-01	2.581242e-02	3.526415e-04	
3.526452e-03	1.673235e-03	1.040112e-01	6.703552e-01	2.405302e+00	4.907755e+00	3.549623e-03	8.424415e-01	2.963601e-01	7.449522e-03	2.327246e-02	7.157805e+00	1.202312e-01	9.838758e-03	9.304119e-05	1.173307e-01	1.875596e-01	5.152860e-02	1.223572e-04	
3.526787e-03	9.438066e-04	9.829919e-02	5.328283e-01	2.430960e+00	3.883159e+00	3.624109e-03	6.500430e-01	2.766478e-01	6.586323e-03	2.465302e-02	6.651030e+00	1.325836e-01	5.253903e-03	1.164420e-04	1.162116e-01	1.740924e-01	2.882444e-02	1.606234e-04	
3.531351e-03	1.398003e-03	1.054385e-01	5.604392e-01	2.408228e+00	4.067452e+00	3.080398e-03	1.014298e+00	3.288301e-01	8.130500e-03	2.364468e-02	7.970101e+00	1.262484e-01	4.915148e-03	2.161905e-04	1.166291e-01	1.454243e-01	3.045063e-02	2.948430e-04	
3.542575e-03	6.346567e-03	9.983629e-02	5.756372e-01	2.372739e+00	4.206257e+00	4.686048e-03	1.277541e+00	3.337343e-01	7.829205e-03	2.374213e-02	8.196528e+00	1.193837e-01	4.741266e-03	2.370863e-04	1.156215e-01	1.457902e-01	3.011915e-02	3.054156e-04	
3.545728e-03	1.274257e-03	1.028683e-01	5.317550e-01	2.402243e+00	3.846567e+00	3.693767e-03	6.051415e-01	3.224857e-01	7.711093e-03	2.517151e-02	7.869373e+00	1.426272e-01	4.588612e-03	1.381687e-04	1.198207e-01	1.768809e-01	2.574249e-02	1.811644e-04	
3.551728e-03	2.179577e-03	1.036327e-01	4.901979e-01	2.382033e+00	3.568134e+00	4.833984e-03	1.055520e+00	3.366131e-01	7.702286e-03	2.456998e-02	8.278010e+00	1.272725e-01	5.459060e-03	1.416706e-04	1.185589e-01	1.767631e-01	2.963437e-02	1.885399e-04	
3.557931e-03	1.337543e-02	9.884194e-02	5.720681e-01	2.375710e+00	4.258967e+00	6.432913e-03	1.122122e+00	3.671464e-01	8.920226e-03	2.361482e-02	9.217762e+00	1.105977e-01	3.171147e-03	3.694216e-04	1.142492e-01	1.314497e-01	2.215900e-02	4.740398e-04	
3.558278e-03	2.137507e-03	1.008062e-01	4.996599e-01	2.397088e+00	3.626527e+00	3.981211e-03	5.090245e-01	3.011997e-01	7.471352e-03	2.458369e-02	7.353881e+00	1.297033e-01	8.679567e-03	1.626596e-04	1.185055e-01	1.782012e-01	4.883115e-02	2.025070e-04	
3.559607e-03	4.614357e-03	1.057292e-01	6.075973e-01	2.403934e+00	4.414598e+00	4.004593e-03	1.237982e+00	3.259402e-01	7.869472e-03	2.390941e-02	7.925122e+00	1.247479e-01	4.853878e-03	1.606058e-04	1.187501e-01	1.700101e-01	2.676870e-02	2.158618e-04	
3.565335e-03	2.804416e-03	1.022315e-01	5.630663e-01	2.378503e+00	4.043465e+00	4.220926e-03	9.986718e-01	3.094463e-01	7.076354e-03	2.496892e-02	7.541040e+00	1.352856e-01	3.505479e-03	1.395374e-04	1.178643e-01	1.643696e-01	2.024149e-02	1.815672e-04	
3.565983e-03	2.591647e-03	1.015204e-01	4.217981e-01	2.413691e+00	3.111888e+00	6.048293e-03	1.445280e+00	3.410005e-01	8.168545e-03	2.439681e-02	8.405510e+00	1.278097e-01	3.575389e-03	1.971412e-04	1.182352e-01	1.499973e-01	2.264545e-02	2.590535e-04	
3.567363e-03	6.798553e-04	1.023984e-01	4.955111e-01	2.387427e+00	3.624160e+00	4.950250e-03	4.332834e-01	2.957144e-01	6.852055e-03	2.555752e-02	7.245919e+00	1.364447e-01	4.110495e-03	2.671107e-04	1.159732e-01	1.519158e-01	2.497515e-02	3.702942e-04	
3.569614e-03	1.361743e-03	1.012556e-01	5.387427e-01	2.393529e+00	3.978889e+00	4.667080e-03	6.949147e-01	3.027121e-01	7.189082e-03	2.529561e-02	7.394182e+00	1.358259e-01	5.910168e-03	8.169252e-05	1.179636e-01	1.997961e-01	2.922831e-02	1.122643e-04	
3.569807e-03	2.052040e-03	1.046104e-01	4.260959e-01	2.397859e+00	3.075019e+00	4.388655e-03	1.722285e+00	3.678289e-01	8.745482e-03	2.394567e-02	9.098187e+00	1.233601e-01	7.164707e-03	1.259256e-04	1.201636e-01	1.485051e-01	4.490867e-02	1.648830e-04	
3.569883e-03	5.836836e-03	9.895776e-02	4.525671e-01	2.430904e+00	3.270029e+00	3.876546e-03	1.976370e+00	3.262930e-01	8.134738e-03	2.274520e-02	7.930195e+00	1.138662e-01	5.958137e-03	1.578461e-04	1.170370e-01	1.497853e-01	3.737311e-02	2.014653e-04	
3.570470e-03	1.713692e-02	1.001864e-01	6.666564e-01	2.411596e+00	4.869892e+00	4.148322e-03	1.558948e+00	3.162477e-01	7.707993e-03	2.467396e-02	7.727895e+00	1.349318e-01	3.221994e-03	1.953136e-04	1.170498e-01	1.548288e-01	1.943824e-02	2.658503e-04	
3.571157e-03	3.571927e-03	9.811119e-02	4.503015e-01	2.422111e+00	3.285418e+00	4.660122e-03	1.378520e+00	3.108041e-01	7.499211e-03	2.264894e-02	7.552394e+00	1.062634e-01	7.209360e-03	1.060088e-04	1.165333e-01	1.533116e-01	4.344914e-02	1.465343e-04	
3.571478e-03	1.153355e-02	1.002487e-01	5.127604e-01	2.406882e+00	3.800776e+00	5.499955e-03	2.105612e+00	3.041504e-01	7.309093e-03	2.341403e-02	7.354865e+00	1.172993e-01	2.915483e-03	2.090979e-04	1.138667e-01	1.319459e-01	2.032917e-02	2.639124e-04	
3.573026e-03	1.653495e-02	1.014855e-01	5.275966e-01	2.363800e+00	3.843906e+00	5.693298e-03	8.071398e-01	3.126697e-01	7.377274e-03	2.387013e-02	7.676382e+00	1.152625e-01	5.167770e-03	2.816055e-04	1.169759e-01	1.439517e-01	3.335093e-02	3.514881e-04	
3.573648e-03	1.480472e-03	1.059857e-01	5.901358e-01	2.384332e+00	4.267350e+00	3.733297e-03	9.664282e-01	3.519139e-01	8.474177e-03	2.415874e-02	8.637931e+00	1.278876e-01	6.442297e-03	1.650162e-04	1.232211e-01	1.591629e-01	3.916763e-02	2.126512e-04	
3.573816e-03	1.546533e-03	1.012632e-01	3.984605e-01	2.410351e+00	2.905422e+00	5.403262e-03	9.269827e-01	3.288586e-01	7.998875e-03	2.451758e-02	8.137080e+00	1.233818e-01	6.422593e-03	1.340002e-04	1.133949e-01	1.623365e-01	3.791567e-02	1.713321e-04	
3.582355e-03	3.213163e-03	1.003977e-01	5.191088e-01	2.394795e+00	3.794248e+00	5.312304e-03	1.081456e+00	3.270248e-01	7.957026e-03	2.371724e-02	8.090815e+00	1.150039e-01	4.437380e-03	1.920169e-04	1.158105e-01	1.356631e-01	3.055655e-02	2.333522e-04	
3.582445e-03	1.077875e-03	1.013981e-01	5.417191e-01	2.431590e+00	3.991397e+00	4.037374e-03	1.545007e+00	3.069897e-01	7.346120e-03	2.430751e-02	7.510741e+00	1.267875e-01	6.384418e-03	9.753170e-05	1.185290e-01	1.601863e-01	3.790402e-02	1.290347e-04	
3.582572e-03	4.438785e-03	9.828767e-02	4.860859e-01	2.430769e+00	3.609506e+00	5.587836e-03	1.836794e+00	3.123984e-01	7.699552e-03	2.378447e-02	7.637620e+00	1.187713e-01	4.645780e-03	1.092291e-04	1.128597e-01	1.487926e-01	2.858012e-02	1.469056e-04	
3.583708e-03	1.291410e-03	1.034788e-01	5.503808e-01	2.396526e+00	3.973958e+00	4.086070e-03	1.476396e+00	3.614353e-01	8.966881e-03	2.378045e-02	9.002506e+00	1.168513e-01	6.155314e-03	1.048520e-04	1.183858e-01	1.633916e-01	3.587132e-02	1.339351e-04	
3.583897e-03	8.741320e-04	1.045393e-01	5.035626e-01	2.391011e+00	3.601871e+00	3.281164e-03	9.651451e-01	2.956990e-01	6.964844e-03	2.615384e-02	7.272995e+00	1.469382e-01	4.832245e-03	1.235880e-04	1.147804e-01	1.752305e-01	2.625467e-02	1.617724e-04	
3.586429e-03	3.017451e-03	1.036667e-01	4.874831e-01	2.338236e+00	3.536424e+00	6.284188e-03	9.483287e-01	3.343648e-01	7.674021e-03	2.494034e-02	8.283849e+00	1.252457e-01	4.093111e-03	3.586310e-04	1.152771e-01	1.249724e-01	2.949551e-02	4.720848e-04	
3.590628e-03	2.853814e-03	9.819545e-02	5.140064e-01	2.379497e+00	3.733975e+00	5.074476e-03	1.057531e+00	3.068748e-01	7.053963e-03	2.526021e-02	7.520628e+00	1.353350e-01	4.341633e-03	9.760317e-05	1.177314e-01	1.722355e-01	2.483043e-02	1.268501e-04	
3.591725e-03	1.441774e-02	1.005249e-01	5.291003e-01	2.434701e+00	3.853878e+00	3.577041e-03	2.469054e+00	3.452668e-01	8.543947e-03	2.334376e-02	8.441322e+00	1.218060e-01	6.681724e-03	1.153240e-04	1.210503e-01	1.713912e-01	3.733563e-02	1.583083e-04	
3.591878e-03	2.233079e-03	1.001673e-01	4.992688e-01	2.377888e+00	3.636436e+00	5.383806e-03	1.249116e+00	3.286625e-01	7.801765e-03	2.412325e-02	8.143100e+00	1.199520e-01	3.331626e-03	2.363315e-04	1.164394e-01	1.286931e-01	2.388919e-02	3.011577e-04	
3.592023e-03	2.080761e-03	1.006120e-01	4.292702e-01	2.440305e+00	3.117828e+00	4.142304e-03	1.978599e+00	3.248570e-01	7.981418e-03	2.349219e-02	7.881512e+00	1.235715e-01	6.657203e-03	1.374306e-04	1.184490e-01	1.623177e-01	3.839406e-02	1.834287e-04	
3.592150e-03	1.677462e-03	1.046529e-01	4.725834e-01	2.430725e+00	3.382945e+00	2.988409e-03	1.980447e+00	3.322087e-01	8.124316e-03	2.459982e-02	8.082694e+00	1.379898e-01	3.675189e-03	1.226509e-04	1.164017e-01	1.642796e-01	2.122716e-02	1.561844e-04	
3.592916e-03	1.762784e-03	1.044398e-01	5.960259e-01	2.383465e+00	4.347505e+00	4.064028e-03	7.872825e-01	3.215833e-01	7.539718e-03	2.638111e-02	7.931342e+00	1.502827e-01	2.611071e-03	2.369164e-04	1.140303e-01	1.604272e-01	1.560872e-02	2.989858e-04	
3.594196e-03	1.923158e-03	1.081679e-01	4.214089e-01	2.369292e+00	3.047732e+00	4.602781e-03	6.657806e-01	3.128486e-01	7.326382e-03	2.502157e-02	7.712069e+00	1.263103e-01	4.360992e-03	3.350863e-04	1.167523e-01	1.493666e-01	2.743398e-02	4.278291e-04	
3.602169e-03	1.636276e-02	9.759956e-02	6.102052e-01	2.424243e+00	4.497769e+00	4.944486e-03	1.277130e+00	2.973926e-01	7.127447e-03	2.419654e-02	7.137585e+00	1.319885e-01	6.058610e-03	9.869475e-05	1.165383e-01	1.795790e-01	3.320222e-02	1.278011e-04	
3.603397e-03	7.281653e-03	1.035787e-01	5.775166e-01	2.375314e+00	4.219946e+00	4.383586e-03	9.987553e-01	3.337590e-01	7.984393e-03	2.447751e-02	8.152231e+00	1.294925e-01	3.630402e-03	1.905833e-04	1.167661e-01	1.639722e-01	2.098893e-02	2.433359e-04	
3.604329e-03	2.912736e-03	9.855728e-02	6.181532e-01	2.379792e+00	4.556873e+00	5.062172e-03	7.065271e-01	2.977951e-01	6.994833e-03	2.594443e-02	7.227083e+00	1.501113e-01	2.328287e-03	2.458949e-04	1.122090e-01	1.592914e-01	1.410568e-02	3.007471e-04	
3.606113e-03	2.737311e-03	1.074110e-01	5.210547e-01	2.353902e+00	3.763827e+00	5.303783e-03	7.032999e-01	3.511102e-01	8.671717e-03	2.392532e-02	8.639748e+00	1.224208e-01	8.736751e-03	1.710663e-04	1.208310e-01	1.626956e-01	5.109719e-02	2.314444e-04	
3.610476e-03	5.620481e-03	1.035827e-01	6.313006e-01	2.411498e+00	4.639291e+00	4.726566e-03	2.301399e+00	3.451762e-01	8.241152e-03	2.357962e-02	8.443275e+00	1.192604e-01	2.416179e-03	1.964643e-04	1.166124e-01	1.473821e-01	1.528496e-02	2.601388e-04	
3.618628e-03	1.039224e-02	1.011487e-01	7.146248e-01	2.343931e+00	5.203316e+00	5.436110e-03	6.751789e-01	2.853795e-01	6.523188e-03	2.416980e-02	6.892218e+00	1.221556e-01	4.006561e-03	1.909703e-04	1.153554e-01	1.894850e-01	2.055472e-02	2.546571e-04	
3.621551e-03	4.652083e-03	1.004569e-01	5.279979e-01	2.422886e+00	3.861464e+00	3.529562e-03	1.226846e+00	3.098954e-01	7.386873e-03	2.380390e-02	7.424150e+00	1.317345e-01	5.957713e-03	1.011772e-04	1.161938e-01	1.682265e-01	3.331129e-02	1.422157e-04	
3.622655e-03	3.108611e-03	1.008981e-01	4.973005e-01	2.396484e+00	3.628174e+00	4.805377e-03	7.184783e-01	3.310230e-01	7.765445e-03	2.449293e-02	8.169559e+00	1.261707e-01	4.542177e-03	2.059460e-04	1.186400e-01	1.603070e-01	2.788018e-02	2.527273e-04	
3.625394e-03	1.967907e-03	1.011330e-01	5.560434e-01	2.389643e+00	4.048820e+00	4.182776e-03	1.543961e+00	3.206021e-01	7.521436e-03	2.347539e-02	7.806724e+00	1.141325e-01	6.605541e-03	7.406393e-05	1.164207e-01	1.690467e-01	3.729412e-02	1.002119e-04	
3.626722e-03	4.747217e-03	1.055146e-01	5.749890e-01	2.376109e+00	4.152105e+00	3.655281e-03	1.051393e+00	3.169290e-01	7.681942e-03	2.377726e-02	7.738708e+00	1.178055e-01	4.867711e-03	2.072482e-04	1.132668e-01	1.564048e-01	2.860873e-02	2.685107e-04	
3.636426e-03	5.555495e-03	9.927080e-02	7.340232e-01	2.351142e+00	5.325733e+00	4.902667e-03	1.452042e+00	3.259712e-01	7.661590e-03	2.357523e-02	7.921083e+00	1.231264e-01	2.937796e-03	2.093480e-04	1.130119e-01	1.527990e-01	1.784786e-02	2.793517e-04	
3.639103e-03	4.703475e-03	9.939517e-02	4.541598e-01	2.429167e+00	3.308014e+00	3.884182e-03	1.244753e+00	3.108352e-01	7.604143e-03	2.415761e-02	7.608448e+00	1.263690e-01	7.291873e-03	1.477068e-04	1.174437e-01	1.620170e-01	4.297668e-02	1.979928e-04	
3.639385e-03	1.828403e-04	1.055262e-01	3.859038e-01	2.401324e+00	2.738232e+00	3.123996e-03	5.921327e-01	3.329688e-01	7.989096e-03	2.556223e-02	8.203585e+00	1.419047e-01	7.957633e-03	1.825001e-04	1.189845e-01	1.703290e-01	4.593911e-02	2.349125e-04	
3.640136e-03	2.216780e-03	1.036346e-01	5.170686e-01	2.436380e+00	3.724943e+00	3.462423e-03	1.919807e+00	3.127886e-01	7.518718e-03	2.349815e-02	7.526317e+00	1.242242e-01	3.285918e-03	1.245020e-04	1.149792e-01	1.532864e-01	1.940193e-02	1.740174e-04	
3.640857e-03	3.546777e-03	1.051332e-01	5.848278e-01	2.399590e+00	4.273407e+00	5.000244e-03	1.305408e+00	3.163064e-01	7.696725e-03	2.571840e-02	7.784525e+00	1.435661e-01	2.448862e-03	2.070267e-04	1.139501e-01	1.473625e-01	1.545117e-02	2.584747e-04	
3.642049e-03	1.174145e-03	1.050208e-01	4.972044e-01	2.433819e+00	3.628227e+00	3.596057e-03	7.639964e-01	3.165087e-01	7.689648e-03	2.437509e-02	7.618348e+00	1.347661e-01	9.362580e-03	8.373321e-05	1.187111e-01	1.887285e-01	4.779865e-02	1.167494e-04	
3.642398e-03	3.899636e-03	1.004006e-01	5.563443e-01	2.371419e+00	4.071330e+00	4.849893e-03	1.239911e+00	3.140413e-01	7.372689e-03	2.328862e-02	7.622989e+00	1.191285e-01	5.540089e-03	1.247231e-04	1.149208e-01	1.871970e-01	2.928996e-02	1.597494e-04	
3.646818e-03	8.413258e-03	1.030743e-01	7.080542e-01	2.397898e+00	5.303805e+00	5.972164e-03	8.615350e-01	2.989818e-01	6.976020e-03	2.549292e-02	7.247710e+00	1.416896e-01	3.148582e-03	1.982618e-04	1.162506e-01	1.727127e-01	1.759563e-02	2.623042e-04	
3.648303e-03	6.388876e-03	1.023788e-01	7.345431e-01	2.370623e+00	5.360871e+00	4.536401e-03	9.990558e-01	3.002317e-01	7.029399e-03	2.474417e-02	7.190840e+00	1.401487e-01	5.038399e-03	8.751941e-05	1.179228e-01	1.943375e-01	2.536913e-02	1.214609e-04	
3.651410e-03	5.980852e-03	9.778998e-02	6.467902e-01	2.388742e+00	4.791805e+00	5.817524e-03	1.239028e+00	3.208567e-01	7.717331e-03	2.438641e-02	7.977855e+00	1.153003e-01	5.671760e-03	7.781712e-05	1.188403e-01	1.626155e-01	3.378755e-02	9.596220e-05	
3.652450e-03	1.705730e-03	1.035776e-01	5.196961e-01	2.430824e+00	3.805586e+00	3.509596e-03	1.659498e+00	3.216201e-01	7.891705e-03	2.372426e-02	7.863196e+00	1.216351e-01	6.570740e-03	1.538621e-04	1.179692e-01	1.578764e-01	4.018621e-02	1.907110e-04	
3.655098e-03	1.025076e-03	1.015155e-01	4.999545e-01	2.415553e+00	3.673052e+00	3.630654e-03	7.732219e-01	3.071593e-01	7.290354e-03	2.475243e-02	7.487731e+00	1.313362e-01	6.047962e-03	9.010360e-05	1.189032e-01	1.616883e-01	3.610333e-02	1.172842e-04	
3.655448e-03	2.191034e-03	1.019594e-01	5.218649e-01	2.408845e+00	3.771062e+00	4.171178e-03	8.947723e-01	3.299099e-01	7.781889e-03	2.490542e-02	8.051838e+00	1.358410e-01	3.963323e-03	1.426743e-04	1.200214e-01	1.545702e-01	2.473270e-02	1.834678e-04	
3.657892e-03	4.020604e-03	1.006516e-01	5.274177e-01	2.413374e+00	3.835617e+00	3.896969e-03	1.153626e+00	3.007497e-01	7.206577e-03	2.423210e-02	7.341588e+00	1.245511e-01	5.779048e-03	1.168268e-04	1.158281e-01	1.691119e-01	3.249780e-02	1.623084e-04	
3.658666e-03	4.002128e-03	1.017844e-01	5.621787e-01	2.380083e+00	4.162482e+00	5.849851e-03	9.056705e-01	3.176832e-01	7.498186e-03	2.475832e-02	7.796935e+00	1.317987e-01	4.093796e-03	2.278292e-04	1.161141e-01	1.578558e-01	2.497112e-02	2.937000e-04	
3.661944e-03	2.124271e-02	1.018776e-01	7.004551e-01	2.392775e+00	5.097504e+00	4.256884e-03	1.651013e+00	3.396540e-01	8.445455e-03	2.400519e-02	8.378881e+00	1.226214e-01	5.160488e-03	1.640053e-04	1.163553e-01	1.685923e-01	2.918000e-02	2.114557e-04	
3.662449e-03	6.850624e-03	1.036729e-01	6.213397e-01	2.393469e+00	4.596397e+00	5.530622e-03	1.023601e+00	2.881747e-01	6.656250e-03	2.397333e-02	6.946414e+00	1.204604e-01	3.968774e-03	1.391073e-04	1.156969e-01	1.564471e-01	2.394222e-02	1.829658e-04	
3.662777e-03	6.134098e-04	1.044677e-01	3.730537e-01	2.430047e+00	2.675403e+00	3.923107e-03	1.403401e+00	2.830337e-01	6.515760e-03	2.568556e-02	6.914528e+00	1.404397e-01	4.122298e-03	1.381313e-04	1.124603e-01	1.579401e-01	2.392188e-02	1.882177e-04	
3.663296e-03	2.002485e-03	9.873566e-02	3.428256e-01	2.450543e+00	2.476448e+00	3.987080e-03	1.796954e+00	3.240072e-01	7.681715e-03	2.321341e-02	7.845355e+00	1.218233e-01	9.499815e-03	1.146542e-04	1.171699e-01	1.596884e-01	5.659925e-02	1.475738e-04	
3.666166e-03	4.708202e-03	1.026360e-01	4.872865e-01	2.413175e+00	3.526145e+00	4.077039e-03	1.125694e+00	3.049590e-01	7.500197e-03	2.366397e-02	7.388834e+00	1.261891e-01	5.392363e-03	2.265413e-04	1.168532e-01	1.565528e-01	3.256809e-02	3.042218e-04	
3.669731e-03	3.151683e-03	1.037250e-01	5.110330e-01	2.375568e+00	3.710864e+00	5.526524e-03	6.930542e-01	3.146659e-01	7.241382e-03	2.541609e-02	7.759848e+00	1.334122e-01	4.539103e-03	1.538801e-04	1.183789e-01	1.792366e-01	2.491026e-02	1.907509e-04	
3.675434e-03	9.311748e-03	1.020422e-01	6.054527e-01	2.397032e+00	4.480373e+00	5.043714e-03	1.431985e+00	2.999378e-01	7.050390e-03	2.434178e-02	7.365386e+00	1.232937e-01	2.175632e-03	1.921821e-04	1.142566e-01	1.363988e-01	1.433831e-02	2.592012e-04	
3.681822e-03	3.416194e-03	1.007571e-01	6.019554e-01	2.393334e+00	4.399428e+00	5.160371e-03	1.013396e+00	2.862909e-01	6.902975e-03	2.487791e-02	7.014427e+00	1.271574e-01	3.747483e-03	1.544061e-04	1.167452e-01	1.604535e-01	2.268317e-02	1.882901e-04	
3.681987e-03	3.254334e-03	1.050329e-01	5.218933e-01	2.407119e+00	3.814095e+00	4.029381e-03	2.982152e+00	3.524150e-01	8.749327e-03	2.326204e-02	8.690564e+00	1.166832e-01	3.677227e-03	1.451710e-04	1.174539e-01	1.422077e-01	2.426896e-02	1.820721e-04	
3.685982e-03	3.078585e-03	9.927952e-02	4.991579e-01	2.382908e+00	3.673660e+00	5.867354e-03	1.176546e+00	3.467754e-01	8.056565e-03	2.473961e-02	8.653304e+00	1.212078e-01	3.333660e-03	2.292312e-04	1.187888e-01	1.350410e-01	2.269459e-02	3.082302e-04	
3.686732e-03	1.565090e-03	1.036610e-01	7.113902e-01	2.386673e+00	5.235326e+00	3.896454e-03	9.644530e-01	2.769095e-01	6.536097e-03	2.558615e-02	6.746405e+00	1.375483e-01	5.232742e-03	8.794531e-05	1.132027e-01	1.699158e-01	3.008494e-02	1.108840e-04	
3.688790e-03	5.569448e-03	1.055839e-01	5.974561e-01	2.373357e+00	4.349061e+00	5.791079e-03	1.767178e+00	3.233666e-01	7.567096e-03	2.483435e-02	7.960443e+00	1.306091e-01	1.830801e-03	1.987000e-04	1.149872e-01	1.342704e-01	1.201534e-02	2.749972e-04	
3.693276e-03	5.405637e-03	1.008486e-01	5.140126e-01	2.419052e+00	3.742323e+00	5.219421e-03	1.360588e+00	2.903308e-01	6.622911e-03	2.430022e-02	7.050375e+00	1.219409e-01	3.776556e-03	2.586572e-04	1.149420e-01	1.360248e-01	2.493447e-02	3.414384e-04	
3.694995e-03	3.521814e-03	1.021259e-01	5.250891e-01	2.359979e+00	3.800762e+00	5.609544e-03	9.498105e-01	3.323563e-01	8.083112e-03	2.442731e-02	8.191623e+00	1.269534e-01	4.175197e-03	2.243676e-04	1.179184e-01	1.414994e-01	2.671282e-02	2.985129e-04	
3.696977e-03	2.618767e-03	9.831620e-02	5.007546e-01	2.437440e+00	3.716755e+00	5.427635e-03	1.297904e+00	3.291544e-01	7.982442e-03	2.532362e-02	8.073587e+00	1.378476e-01	5.778233e-03	2.573305e-04	1.192392e-01	1.519980e-01	3.661679e-02	3.142725e-04	
3.701285e-03	4.577760e-03	1.037492e-01	6.321339e-01	2.411142e+00	4.618201e+00	3.570233e-03	1.656854e+00	3.023632e-01	7.400597e-03	2.324921e-02	7.296782e+00	1.237355e-01	4.684468e-03	1.241831e-04	1.146055e-01	1.758227e-01	2.583345e-02	1.605627e-04	
3.714148e-03	5.142905e-03	1.017087e-01	4.959060e-01	2.395527e+00	3.663436e+00	5.762647e-03	5.304268e-01	3.081251e-01	6.907969e-03	2.522114e-02	7.548690e+00	1.335904e-01	4.442232e-03	1.912820e-04	1.177068e-01	1.822991e-01	2.335729e-02	2.544405e-04	
3.722039e-03	8.596749e-03	1.029463e-01	5.703246e-01	2.359711e+00	4.115392e+00	4.508791e-03	1.613097e+00	3.424391e-01	8.505387e-03	2.400018e-02	8.527362e+00	1.132393e-01	4.402184e-03	1.953698e-04	1.147897e-01	1.460436e-01	2.753144e-02	2.547359e-04	
3.722849e-03	8.616583e-03	1.042355e-01	8.495413e-01	2.343327e+00	6.188153e+00	4.827504e-03	1.034920e+00	2.959267e-01	6.737382e-03	2.500408e-02	7.228561e+00	1.307223e-01	2.898545e-03	1.681376e-04	1.158798e-01	1.760478e-01	1.587949e-02	2.158966e-04	
3.732564e-03	9.280891e-03	1.003281e-01	7.150761e-01	2.356625e+00	5.316497e+00	6.277133e-03	6.604778e-01	3.345317e-01	8.226296e-03	2.443244e-02	8.323138e+00	1.181751e-01	3.370784e-03	3.384922e-04	1.164941e-01	1.447201e-01	2.107776e-02	4.502784e-04	
3.732645e-03	1.206832e-03	9.899498e-02	5.522590e-01	2.369747e+00	3.990239e+00	3.689544e-03	1.271960e+00	3.251037e-01	7.999497e-03	2.365412e-02	8.010657e+00	1.123838e-01	5.218537e-03	9.307188e-05	1.157443e-01	1.520478e-01	3.241412e-02	1.219311e-04	
3.739998e-03	1.096127e-03	1.026254e-01	5.619934e-01	2.411263e+00	4.099787e+00	4.096284e-03	8.725953e-01	3.213112e-01	7.892744e-03	2.363759e-02	7.802465e+00	1.239852e-01	7.191298e-03	1.186624e-04	1.240078e-01	1.714397e-01	4.072724e-02	1.571624e-04	
3.750241e-03	1.063511e-02	9.805137e-02	5.334914e-01	2.391533e+00	3.852672e+00	3.844607e-03	2.695492e+00	3.568528e-01	8.637055e-03	2.281706e-02	8.747589e+00	1.119334e-01	2.268513e-03	2.299798e-04	1.170072e-01	1.290957e-01	1.625392e-02	2.824642e-04	
3.770069e-03	2.646041e-03	9.797426e-02	5.803855e-01	2.410759e+00	4.267174e+00	3.984810e-03	1.971708e+00	3.201482e-01	7.538793e-03	2.287460e-02	7.731653e+00	1.139103e-01	4.530283e-03	1.282473e-04	1.153727e-01	1.524877e-01	2.806957e-02	1.699832e-04	
3.773979e-03	3.881280e-03	1.044493e-01	5.390374e-01	2.424915e+00	3.941745e+00	3.569312e-03	1.531593e+00	3.105751e-01	7.555761e-03	2.416532e-02	7.526995e+00	1.341516e-01	4.117212e-03	1.259583e-04	1.173834e-01	1.757416e-01	2.277133e-02	1.690487e-04	
3.779700e-03	7.447757e-03	9.718935e-02	5.306721e-01	2.469208e+00	3.904723e+00	3.695421e-03	1.643301e+00	2.738148e-01	6.546796e-03	2.492668e-02	6.590619e+00	1.443058e-01	5.010551e-03	7.070957e-05	1.131158e-01	1.872017e-01	2.618081e-02	9.144411e-05	
3.780307e-03	6.638784e-03	1.018598e-01	6.283566e-01	2.395461e+00	4.641042e+00	4.333788e-03	1.575831e+00	3.446176e-01	8.324205e-03	2.345119e-02	8.376983e+00	1.235446e-01	3.850131e-03	1.806764e-04	1.196578e-01	1.591696e-01	2.343073e-02	2.406372e-04	
3.798094e-03	2.441617e-03	1.069526e-01	4.592290e-01	2.388466e+00	3.312653e+00	4.573420e-03	1.023164e+00	3.292593e-01	7.901488e-03	2.351993e-02	8.044976e+00	1.162320e-01	7.215188e-03	1.099541e-04	1.162006e-01	1.743600e-01	3.918614e-02	1.550851e-04	
3.807094e-03	6.473744e-03	1.000828e-01	6.662860e-01	2.384409e+00	4.944027e+00	5.234736e-03	1.136251e+00	3.141291e-01	7.491285e-03	2.434217e-02	7.723727e+00	1.238166e-01	2.682715e-03	1.866689e-04	1.187518e-01	1.468361e-01	1.751597e-02	2.235392e-04	
3.838454e-03	1.961969e-03	1.024705e-01	3.493535e-01	2.384853e+00	2.510996e+00	5.757572e-03	8.024545e-01	3.551575e-01	8.584945e-03	2.329575e-02	8.822665e+00	1.090847e-01	8.655363e-03	2.148262e-04	1.160000e-01	1.504772e-01	5.258210e-02	3.013679e-04	
3.839055e-03	1.833047e-03	1.031655e-01	5.871852e-01	2.394043e+00	4.348104e+00	4.589084e-03	7.777673e-01	3.184903e-01	7.582794e-03	2.463421e-02	7.837549e+00	1.268611e-01	4.949550e-03	1.583223e-04	1.180310e-01	1.644136e-01	2.852440e-02	2.192733e-04	
3.862753e-03	2.547645e-03	1.041774e-01	5.324051e-01	2.404283e+00	3.831320e+00	3.828328e-03	1.044894e+00	3.227556e-01	7.849542e-03	2.433855e-02	7.896224e+00	1.265934e-01	6.344224e-03	1.469327e-04	1.173330e-01	1.789482e-01	3.426057e-02	1.852269e-04	
3.865437e-03	5.157784e-04	1.046978e-01	5.144503e-01	2.396044e+00	3.719967e+00	3.626903e-03	7.067000e-01	3.097441e-01	7.471277e-03	2.437160e-02	7.547554e+00	1.336448e-01	5.881569e-03	1.756606e-04	1.157830e-01	1.759229e-01	3.225123e-02	2.266234e-04	
3.883291e-03	8.584686e-03	9.957563e-02	7.741838e-01	2.440199e+00	5.680973e+00	3.003140e-03	1.086300e+00	2.695771e-01	6.284571e-03	2.478469e-02	6.395019e+00	1.427409e-01	5.311639e-03	9.460941e-05	1.184539e-01	2.130266e-01	2.604599e-02	1.159647e-04	
3.889921e-03	4.793490e-03	9.739370e-02	6.987899e-01	2.428676e+00	5.084253e+00	3.156384e-03	1.414071e+00	2.881222e-01	6.918961e-03	2.295438e-02	6.796349e+00	1.249109e-01	3.554099e-03	2.121066e-04	1.162948e-01	1.700409e-01	2.008732e-02	2.812700e-04	
3.900835e-03	1.450485e-03	1.036552e-01	5.194207e-01	2.381594e+00	3.803043e+00	4.068651e-03	1.327324e+00	3.294703e-01	7.935989e-03	2.316752e-02	8.074472e+00	1.132649e-01	6.319155e-03	1.460921e-04	1.182153e-01	1.444893e-01	4.047918e-02	1.956033e-04	
3.901351e-03	2.219112e-03	9.842198e-02	4.265817e-01	2.408658e+00	3.167183e+00	5.673855e-03	1.260131e+00	3.120364e-01	7.344965e-03	2.509900e-02	7.656297e+00	1.293279e-01	3.174164e-03	1.694091e-04	1.162693e-01	1.492017e-01	2.025292e-02	2.158003e-04	
3.905232e-03	6.267450e-04	1.025376e-01	5.106531e-01	2.440999e+00	3.747865e+00	4.124249e-03	9.578410e-01	2.809652e-01	6.601434e-03	2.574805e-02	6.846489e+00	1.446857e-01	6.293150e-03	8.270584e-05	1.187997e-01	1.962108e-01	3.284950e-02	1.062929e-04	
3.942192e-03	4.095215e-03	1.049076e-01	5.579681e-01	2.415796e+00	4.054390e+00	4.480435e-03	1.278830e+00	3.100375e-01	7.351889e-03	2.381313e-02	7.477838e+00	1.228477e-01	4.762739e-03	1.298402e-04	1.181714e-01	1.609949e-01	2.746008e-02	1.828018e-04	
3.961423e-03	5.707288e-03	1.059661e-01	6.156837e-01	2.381609e+00	4.506666e+00	4.711646e-03	1.021178e+00	3.016832e-01	7.188661e-03	2.515562e-02	7.390115e+00	1.366424e-01	1.880329e-03	3.069684e-04	1.149196e-01	1.527262e-01	1.088485e-02	4.403457e-04	
3.969819e-03	1.640133e-03	1.052908e-01	6.949137e-01	2.372469e+00	5.045580e+00	3.709461e-03	1.184407e+00	3.527044e-01	8.732365e-03	2.429237e-02	8.599601e+00	1.308888e-01	4.512571e-03	1.349890e-04	1.159409e-01	1.589214e-01	2.656731e-02	1.816658e-04	
4.015149e-03	4.265455e-03	1.021323e-01	7.435361e-01	2.386036e+00	5.390152e+00	4.190828e-03	7.778170e-01	3.094195e-01	7.356558e-03	2.472753e-02	7.446316e+00	1.395964e-01	4.594237e-03	1.964447e-04	1.181919e-01	1.552434e-01	2.749110e-02	2.640045e-04	
4.056007e-03	9.413706e-03	9.961404e-02	6.726414e-01	2.387813e+00	4.936633e+00	4.976004e-03	1.310981e+00	3.159866e-01	7.503211e-03	2.458075e-02	7.746098e+00	1.347303e-01	3.245735e-03	1.721308e-04	1.157689e-01	1.544307e-01	1.998624e-02	2.192703e-04	
4.209759e-03	5.458664e-04	1.056264e-01	3.547576e-01	2.424805e+00	2.494220e+00	3.504351e-03	2.399284e+00	3.071171e-01	7.179230e-03	2.501652e-02	7.569585e+00	1.294452e-01	4.426404e-03	1.165036e-04	1.161422e-01	1.334075e-01	2.965843e-02	1.552530e-04	
4.258390e-03	2.556656e-02	9.908119e-02	6.269591e-01	2.398913e+00	4.574374e+00	4.592108e-03	1.362878e+00	3.236532e-01	7.505602e-03	2.260970e-02	7.760255e+00	1.126041e-01	4.556185e-03	1.752637e-04	1.175874e-01	1.556399e-01	2.756164e-02	2.379304e-04	
4.291682e-03	2.492805e-03	1.089560e-01	4.803999e-01	2.387520e+00	3.434216e+00	4.454410e-03	1.101837e+00	3.343605e-01	7.858992e-03	2.550891e-02	8.168798e+00	1.415224e-01	4.323846e-03	2.266037e-04	1.196468e-01	1.612629e-01	2.475922e-02	3.230454e-04	
4.568466e-03	2.369698e-03	1.035466e-01	6.762513e-01	2.410704e+00	4.875673e+00	3.585015e-03	1.613609e+00	2.891817e-01	6.749653e-03	2.474425e-02	7.069346e+00	1.328355e-01	1.999363e-03	1.541903e-04	1.120730e-01	1.606094e-01	1.144790e-02	2.053508e-04	
4.766879e-03	1.595305e-03	1.054811e-01	6.092918e-01	2.363241e+00	4.435186e+00	4.428639e-03	7.204475e-01	3.151402e-01	6.885003e-03	2.543504e-02	7.668472e+00	1.397931e-01	2.254750e-03	2.425907e-04	1.169124e-01	1.633586e-01	1.275582e-02	3.130669e-04	
5.018671e-03	1.232599e-03	1.067059e-01	4.814658e-01	2.406210e+00	3.600192e+00	4.410148e-03	5.100807e-01	3.139418e-01	7.885790e-03	2.477316e-02	7.686539e+00	1.338836e-01	5.360276e-03	1.438187e-04	1.143668e-01	1.846581e-01	2.808003e-02	1.965273e-04	
5.620721e-03	9.697607e-04	1.029226e-01	5.850887e-01	2.393768e+00	4.309266e+00	3.597685e-03	1.596482e+00	3.270071e-01	7.600067e-03	2.403535e-02	7.986181e+00	1.290959e-01	3.615890e-03	1.166254e-04	1.143057e-01	1.588441e-01	2.193049e-02	1.568355e-04	
5.941892e-03	2.388521e-03	1.037189e-01	3.819585e-01	2.435479e+00	2.841923e+00	3.385345e-03	2.637088e+00	3.436730e-01	8.460420e-03	2.333501e-02	8.389909e+00	1.199242e-01	3.935866e-03	1.011810e-04	1.158660e-01	1.429201e-01	2.594991e-02	1.313580e-04	
