f	x(1)	x(2)	x(3)	x(4)	x(5)	x(6)	x(7)	x(8)	x(9)	x(10)	x(11)	x(12)	x(13)	x(14)	x(15)	x(16)	x(17)	x(18)	
3.916427e-03	9.579848e-01	6.088698e+01	2.557870e-01	9.940520e-01	3.191353e+00	1.539808e-01	4.473671e-01	3.815842e-01	9.650431e-03	7.744305e-05	9.440614e+00	1.541188e-04	2.157413e-02	6.768348e-04	1.078855e-01	2.803424e-01	8.222169e-02	9.556275e-04	
3.945250e-03	9.131697e-01	7.793905e+01	1.773576e-01	9.604795e-01	2.249623e+00	1.638486e-01	4.642970e-01	3.870865e-01	9.403302e-03	1.213463e-04	9.763607e+00	2.306708e-04	7.538591e-03	1.114502e-03	1.110144e-01	2.852103e-01	2.806317e-02	1.582005e-03	
3.947217e-03	9.541842e-01	5.173550e+01	2.028971e-01	1.012064e+00	2.499102e+00	1.494081e-01	4.239501e-01	3.758925e-01	9.236376e-03	1.553621e-04	9.463024e+00	2.947658e-04	1.804459e-02	8.175151e-04	1.106143e-01	2.578440e-01	7.290103e-02	1.171753e-03	
3.949030e-03	9.618779e-01	5.093071e+01	1.239299e-01	1.002235e+00	1.517062e+00	1.506512e-01	4.095399e-01	3.714045e-01	9.000587e-03	1.231020e-04	9.391978e+00	2.328127e-04	1.026927e-02	8.568580e-04	1.063431e-01	3.013050e-01	3.682513e-02	1.193539e-03	
3.969932e-03	9.400403e-01	1.066970e+02	2.560107e-01	9.923651e-01	3.243497e+00	1.579732e-01	4.958736e-01	3.743658e-01	9.199611e-03	1.196000e-04	9.440699e+00	2.277708e-04	2.010183e-02	7.122638e-04	1.094143e-01	3.214653e-01	6.946590e-02	1.016875e-03	
3.974437e-03	9.575910e-01	1.444623e+02	2.313079e-01	1.002307e+00	2.829048e+00	1.523928e-01	4.963211e-01	3.493550e-01	8.423621e-03	1.447593e-04	8.774252e+00	2.735099e-04	1.633016e-02	8.474640e-04	1.094662e-01	3.257208e-01	5.767360e-02	1.111435e-03	
3.984644e-03	9.550139e-01	7.888164e+01	2.367269e-01	1.018216e+00	2.940867e+00	1.506264e-01	4.189096e-01	3.796360e-01	9.367169e-03	1.222616e-04	9.376705e+00	2.437728e-04	1.591482e-02	8.361554e-04	1.101826e-01	2.628692e-01	6.335609e-02	1.164385e-03	
3.994876e-03	1.006389e+00	6.338680e+01	2.616815e-01	9.940872e-01	3.268278e+00	1.499140e-01	3.789938e-01	3.683431e-01	9.188047e-03	1.336740e-04	9.129881e+00	2.638806e-04	1.499174e-02	7.953171e-04	1.099704e-01	3.509632e-01	5.053963e-02	1.080667e-03	
4.009523e-03	9.320950e-01	7.131305e+01	1.851660e-01	9.558883e-01	2.327267e+00	1.578046e-01	3.921440e-01	3.393154e-01	8.144555e-03	1.450636e-04	8.490421e+00	2.713338e-04	1.013755e-02	7.920688e-04	1.080040e-01	2.651552e-01	3.970852e-02	1.100418e-03	
4.016559e-03	9.857315e-01	1.809667e+02	2.595045e-01	9.600933e-01	3.296245e+00	1.576936e-01	4.005329e-01	3.208082e-01	7.626421e-03	1.704047e-04	7.949324e+00	3.247741e-04	1.822168e-02	6.275162e-04	1.066727e-01	3.464931e-01	6.048633e-02	8.721747e-04	
4.017182e-03	9.492186e-01	9.863717e+01	1.683022e-01	9.884726e-01	2.074427e+00	1.541396e-01	4.494978e-01	3.630796e-01	9.136644e-03	1.140743e-04	8.954789e+00	2.275883e-04	2.104039e-02	5.903305e-04	1.081420e-01	3.422255e-01	7.084419e-02	8.334414e-04	
4.020341e-03	9.552069e-01	8.153296e+01	1.458633e-01	1.012780e+00	1.786051e+00	1.523670e-01	4.575074e-01	4.070095e-01	1.016755e-02	9.597989e-05	1.042165e+01	1.810729e-04	1.872110e-02	7.778577e-04	1.098925e-01	3.113921e-01	6.619724e-02	1.070644e-03	
4.051946e-03	9.585674e-01	7.526867e+01	2.579529e-01	9.792187e-01	3.216905e+00	1.540792e-01	4.006747e-01	3.233464e-01	7.770581e-03	1.024937e-04	7.898149e+00	2.013612e-04	1.782536e-02	8.074620e-04	1.099362e-01	2.804254e-01	6.835173e-02	1.127790e-03	
4.063242e-03	9.638023e-01	1.005595e+02	2.680313e-01	9.722187e-01	3.353599e+00	1.524665e-01	3.802400e-01	3.038043e-01	7.238295e-03	1.901580e-04	7.446760e+00	3.686374e-04	1.018438e-02	1.011280e-03	1.063896e-01	2.752111e-01	3.913022e-02	1.377161e-03	
4.095800e-03	9.339002e-01	1.297424e+02	2.272274e-01	9.937043e-01	2.886536e+00	1.603038e-01	4.893824e-01	4.048033e-01	9.906573e-03	1.172431e-04	1.029202e+01	2.226674e-04	1.238806e-02	7.881235e-04	1.092352e-01	2.833965e-01	4.652635e-02	1.132661e-03	
4.099278e-03	9.470656e-01	1.072196e+02	3.334304e-01	9.758277e-01	4.171098e+00	1.512283e-01	4.086056e-01	3.452477e-01	8.261577e-03	1.174529e-04	8.608262e+00	2.239524e-04	3.223806e-02	5.424128e-04	1.073139e-01	3.045056e-01	1.158359e-01	7.889567e-04	
4.101341e-03	9.506557e-01	1.026182e+02	2.029352e-01	9.912280e-01	2.482003e+00	1.550668e-01	4.909603e-01	4.124422e-01	1.005409e-02	1.747514e-04	1.055440e+01	3.291460e-04	1.220363e-02	8.198297e-04	1.105382e-01	3.557324e-01	3.948792e-02	1.150857e-03	
4.114352e-03	9.243776e-01	5.961191e+01	2.425092e-01	1.007903e+00	2.991302e+00	1.476865e-01	4.089006e-01	3.439260e-01	8.219419e-03	1.562373e-04	8.714447e+00	2.867109e-04	1.962385e-02	7.280524e-04	1.102325e-01	2.941267e-01	7.299982e-02	9.652115e-04	
4.114446e-03	9.322763e-01	9.764825e+01	2.017521e-01	9.928189e-01	2.575895e+00	1.616320e-01	5.241838e-01	3.746686e-01	9.299161e-03	1.051237e-04	9.371664e+00	2.036106e-04	1.455165e-02	8.011644e-04	1.083172e-01	2.714425e-01	5.666292e-02	1.109202e-03	
4.119663e-03	9.388609e-01	4.024273e+01	1.482771e-01	9.917610e-01	1.809110e+00	1.549181e-01	4.743758e-01	3.615425e-01	8.795871e-03	1.391273e-04	9.188330e+00	2.577376e-04	9.986544e-03	8.298784e-04	1.088814e-01	2.428701e-01	4.109762e-02	1.196233e-03	
4.123938e-03	9.528752e-01	9.812894e+01	2.597859e-01	9.898460e-01	3.186911e+00	1.494910e-01	4.008476e-01	3.487098e-01	8.603733e-03	1.194776e-04	8.774435e+00	2.234006e-04	1.665463e-02	7.689261e-04	1.073172e-01	2.720856e-01	6.482458e-02	1.054246e-03	
4.127044e-03	9.322717e-01	3.598515e+01	1.520365e-01	1.012392e+00	1.846338e+00	1.466950e-01	3.824588e-01	3.744223e-01	8.974051e-03	1.651298e-04	9.354524e+00	3.210522e-04	8.741557e-03	6.973149e-04	1.062607e-01	2.313939e-01	3.727377e-02	9.648955e-04	
4.136395e-03	9.732465e-01	6.487131e+01	2.083068e-01	9.941598e-01	2.581394e+00	1.531959e-01	4.011639e-01	3.845971e-01	9.418530e-03	1.385119e-04	9.672286e+00	2.674875e-04	6.378135e-03	1.525287e-03	1.115028e-01	3.241361e-01	2.252298e-02	2.043462e-03	
4.137507e-03	9.772510e-01	2.793802e+01	2.234553e-01	1.039313e+00	2.766871e+00	1.431264e-01	3.803963e-01	4.229319e-01	1.064374e-02	1.116866e-04	1.069846e+01	2.187356e-04	2.244135e-02	6.562253e-04	1.102534e-01	2.611930e-01	9.251904e-02	8.785034e-04	
4.144255e-03	9.345693e-01	6.537697e+01	1.952217e-01	9.637926e-01	2.454683e+00	1.616037e-01	4.643903e-01	3.565605e-01	8.523580e-03	1.349355e-04	8.943243e+00	2.571319e-04	9.508702e-03	9.559897e-04	1.111975e-01	3.404208e-01	3.166319e-02	1.376039e-03	
4.144759e-03	9.536402e-01	1.280629e+02	3.314031e-01	9.733304e-01	4.348813e+00	1.591150e-01	3.626602e-01	3.631324e-01	8.782869e-03	1.628087e-04	9.016037e+00	3.185365e-04	1.175375e-02	1.116352e-03	1.117283e-01	2.900991e-01	4.396400e-02	1.557526e-03	
4.155612e-03	9.454103e-01	7.378389e+01	1.805303e-01	9.957060e-01	2.254326e+00	1.570489e-01	4.789579e-01	3.689384e-01	9.161240e-03	1.504415e-04	9.087994e+00	2.995166e-04	1.056622e-02	9.345759e-04	1.078341e-01	3.327401e-01	3.586389e-02	1.267807e-03	
4.164975e-03	9.586955e-01	2.313153e+02	3.475635e-01	9.760144e-01	4.457679e+00	1.520073e-01	3.354895e-01	3.349405e-01	7.847642e-03	1.174985e-04	8.387261e+00	2.186633e-04	2.775464e-02	1.029185e-03	1.095164e-01	2.916078e-01	1.018281e-01	1.450042e-03	
4.165357e-03	9.542521e-01	5.122163e+01	2.174367e-01	9.663150e-01	2.777971e+00	1.595634e-01	3.941183e-01	3.400256e-01	8.459144e-03	1.419982e-04	8.473420e+00	2.732439e-04	1.012264e-02	7.858016e-04	1.090573e-01	3.136804e-01	3.640171e-02	1.035425e-03	
4.166522e-03	9.268338e-01	4.142550e+01	1.320134e-01	9.882434e-01	1.635701e+00	1.562012e-01	4.561957e-01	4.147763e-01	1.047370e-02	1.427116e-04	1.031102e+01	2.876845e-04	7.490570e-03	1.037855e-03	1.111880e-01	3.122775e-01	2.722808e-02	1.398413e-03	
4.177410e-03	9.206623e-01	9.945205e+01	1.476962e-01	1.019457e+00	1.773008e+00	1.468627e-01	4.553332e-01	3.744235e-01	8.975240e-03	1.485360e-04	9.468287e+00	2.817783e-04	1.127139e-02	9.641470e-04	1.117326e-01	2.841789e-01	4.318080e-02	1.338986e-03	
4.189542e-03	9.424478e-01	4.687124e+01	2.355253e-01	1.001787e+00	2.883224e+00	1.462255e-01	3.855471e-01	3.886004e-01	9.593460e-03	1.329965e-04	9.745952e+00	2.553552e-04	1.563438e-02	7.723292e-04	1.075280e-01	2.564779e-01	6.407421e-02	1.026216e-03	
4.192970e-03	9.618748e-01	1.260475e+02	2.688175e-01	9.960382e-01	3.354503e+00	1.544465e-01	4.504927e-01	3.499580e-01	8.627022e-03	9.914164e-05	8.708245e+00	1.885621e-04	1.905912e-02	8.689595e-04	1.116058e-01	2.995971e-01	7.115941e-02	1.171240e-03	
4.195653e-03	9.323372e-01	1.276489e+02	2.010797e-01	1.003660e+00	2.529604e+00	1.558336e-01	4.492041e-01	3.868777e-01	9.536392e-03	1.520007e-04	9.640489e+00	2.958021e-04	9.734533e-03	9.685407e-04	1.105613e-01	2.855158e-01	3.699379e-02	1.348617e-03	
4.196098e-03	9.017976e-01	3.083536e+01	1.365068e-01	1.009210e+00	1.684187e+00	1.567221e-01	5.072687e-01	3.904823e-01	9.783250e-03	1.283732e-04	9.895176e+00	2.457446e-04	1.024855e-02	8.466090e-04	1.115382e-01	2.633310e-01	4.023365e-02	1.188874e-03	
4.197535e-03	9.584111e-01	9.099208e+01	2.419221e-01	9.580400e-01	3.010721e+00	1.559301e-01	4.139753e-01	3.523763e-01	8.748817e-03	1.243428e-04	8.709601e+00	2.455578e-04	1.351157e-02	7.952244e-04	1.082440e-01	2.882100e-01	5.097532e-02	1.123943e-03	
4.202153e-03	9.423599e-01	1.310208e+02	2.156926e-01	1.002860e+00	2.642228e+00	1.488651e-01	4.342357e-01	3.428367e-01	8.305604e-03	1.064732e-04	8.651362e+00	1.965686e-04	1.528302e-02	9.740271e-04	1.070036e-01	2.598433e-01	6.143800e-02	1.359244e-03	
4.209356e-03	9.531867e-01	5.134552e+01	1.639468e-01	9.894129e-01	1.997197e+00	1.524640e-01	4.330665e-01	3.669199e-01	8.966505e-03	9.901181e-05	9.253002e+00	1.890628e-04	1.289074e-02	8.514264e-04	1.084286e-01	2.527045e-01	5.335576e-02	1.172024e-03	
4.212554e-03	9.321633e-01	4.844791e+01	2.221686e-01	1.001580e+00	2.804727e+00	1.594387e-01	4.936835e-01	3.977448e-01	1.008037e-02	1.235007e-04	9.916104e+00	2.453649e-04	1.285398e-02	8.186820e-04	1.124165e-01	3.015602e-01	4.740515e-02	1.158745e-03	
4.217269e-03	9.297072e-01	1.755853e+02	2.069354e-01	9.819633e-01	2.606675e+00	1.577392e-01	4.565793e-01	3.972657e-01	9.687015e-03	1.214922e-04	1.002786e+01	2.332563e-04	1.317733e-02	9.081187e-04	1.119359e-01	2.938717e-01	4.950234e-02	1.286844e-03	
4.220536e-03	9.175961e-01	5.823685e+01	1.782695e-01	9.982957e-01	2.205037e+00	1.541189e-01	4.500603e-01	3.731044e-01	8.795927e-03	1.833437e-04	9.240824e+00	3.588303e-04	8.761224e-03	8.817567e-04	1.105753e-01	2.675276e-01	3.444500e-02	1.200983e-03	
4.221264e-03	9.653113e-01	1.629233e+02	1.737936e-01	1.019255e+00	2.180084e+00	1.516824e-01	4.198742e-01	3.200143e-01	7.934954e-03	7.253533e-05	7.907310e+00	1.385263e-04	1.336368e-02	1.110251e-03	1.087753e-01	2.429996e-01	5.731209e-02	1.482384e-03	
4.226151e-03	9.488535e-01	1.440352e+02	2.948657e-01	9.597004e-01	3.799971e+00	1.640609e-01	4.710938e-01	3.711392e-01	9.073084e-03	1.350240e-04	9.279616e+00	2.630898e-04	1.299668e-02	8.766984e-04	1.124572e-01	3.547864e-01	4.281322e-02	1.237754e-03	
4.235204e-03	9.623568e-01	8.457371e+01	1.728463e-01	9.802398e-01	2.208757e+00	1.588897e-01	4.079601e-01	3.712382e-01	9.174376e-03	1.104657e-04	9.417283e+00	2.053239e-04	1.547454e-02	8.574498e-04	1.091056e-01	3.115760e-01	5.572022e-02	1.179702e-03	
4.240093e-03	9.580729e-01	9.383622e+01	2.277424e-01	9.422226e-01	2.936467e+00	1.667514e-01	4.508994e-01	3.915854e-01	1.024938e-02	1.201841e-04	9.805735e+00	2.353337e-04	7.853944e-03	8.956916e-04	1.077130e-01	2.947835e-01	2.831929e-02	1.283114e-03	
4.242882e-03	9.664514e-01	1.296440e+02	2.131279e-01	9.830749e-01	2.770010e+00	1.664459e-01	4.853592e-01	3.516146e-01	8.703126e-03	1.300797e-04	8.722648e+00	2.526585e-04	1.398387e-02	7.314507e-04	1.074693e-01	2.798874e-01	5.406647e-02	9.669639e-04	
4.244704e-03	9.203227e-01	8.686564e+01	1.477493e-01	9.408453e-01	1.875385e+00	1.636595e-01	4.102732e-01	3.338559e-01	7.731473e-03	1.473724e-04	8.343182e+00	2.763382e-04	6.227444e-03	1.172115e-03	1.121090e-01	3.197978e-01	2.173117e-02	1.645755e-03	
4.245199e-03	9.541256e-01	9.043619e+01	2.387727e-01	9.633335e-01	3.018615e+00	1.589664e-01	4.160377e-01	3.253398e-01	7.833713e-03	8.685747e-05	8.057343e+00	1.668786e-04	1.789091e-02	8.967879e-04	1.103281e-01	2.857258e-01	6.754096e-02	1.225049e-03	
4.247539e-03	9.524481e-01	2.536783e+01	1.990349e-01	9.801971e-01	2.514885e+00	1.610494e-01	4.506864e-01	3.826815e-01	9.401148e-03	9.111406e-05	9.611142e+00	1.737690e-04	1.354486e-02	6.958410e-04	1.092307e-01	3.188636e-01	4.709384e-02	9.980503e-04	
4.248434e-03	9.297715e-01	1.414552e+02	1.689450e-01	9.849937e-01	2.136939e+00	1.592760e-01	4.584897e-01	3.354384e-01	8.426320e-03	1.027753e-04	8.236598e+00	2.030965e-04	1.316518e-02	9.665880e-04	1.117339e-01	2.922849e-01	4.882740e-02	1.372684e-03	
4.252152e-03	9.656388e-01	4.436966e+01	1.934599e-01	9.887908e-01	2.451932e+00	1.575858e-01	4.665227e-01	3.715708e-01	9.196754e-03	8.299773e-05	9.332265e+00	1.584060e-04	2.209380e-02	7.760877e-04	1.075700e-01	3.413238e-01	7.546058e-02	1.041245e-03	
4.255616e-03	9.363450e-01	1.172664e+02	1.915132e-01	9.801009e-01	2.352127e+00	1.526269e-01	4.301479e-01	3.708067e-01	9.215170e-03	1.141748e-04	9.430868e+00	2.143924e-04	1.524672e-02	8.469700e-04	1.094062e-01	2.731895e-01	6.044238e-02	1.143363e-03	
4.257349e-03	9.559526e-01	6.447988e+01	1.619416e-01	9.759387e-01	2.010592e+00	1.521741e-01	3.756533e-01	3.088113e-01	7.645574e-03	1.254891e-04	7.666760e+00	2.353308e-04	1.169208e-02	6.357234e-04	1.083268e-01	2.621400e-01	4.722282e-02	8.654151e-04	
4.259931e-03	9.315030e-01	2.384348e+01	1.471455e-01	9.615135e-01	1.852380e+00	1.611855e-01	4.071681e-01	3.551489e-01	8.494973e-03	1.162462e-04	8.890910e+00	2.201999e-04	1.006763e-02	7.677308e-04	1.086228e-01	3.065992e-01	3.491376e-02	1.113208e-03	
4.260764e-03	9.208391e-01	1.966938e+02	2.192731e-01	9.565825e-01	2.724878e+00	1.586598e-01	4.448323e-01	3.310011e-01	7.904783e-03	1.384316e-04	8.152784e+00	2.658373e-04	1.153065e-02	1.125773e-03	1.070171e-01	3.074011e-01	4.138526e-02	1.522574e-03	
4.264032e-03	9.352106e-01	1.878313e+02	2.483181e-01	9.911364e-01	3.189817e+00	1.551540e-01	3.738776e-01	3.151491e-01	7.577666e-03	1.115957e-04	7.663953e+00	2.217410e-04	2.108014e-02	7.448990e-04	1.084714e-01	2.347999e-01	8.917932e-02	1.096949e-03	
4.264810e-03	9.451868e-01	5.679883e+01	1.979021e-01	1.005514e+00	2.400983e+00	1.440750e-01	3.915016e-01	3.677006e-01	8.957206e-03	1.353673e-04	9.125355e+00	2.656296e-04	2.098217e-02	6.599172e-04	1.069849e-01	3.169802e-01	7.510823e-02	8.829915e-04	
4.265554e-03	9.475253e-01	6.286798e+01	2.712790e-01	9.751741e-01	3.398565e+00	1.553664e-01	4.002848e-01	3.935544e-01	9.384563e-03	1.122349e-04	9.806243e+00	2.201093e-04	2.103214e-02	6.946152e-04	1.120361e-01	2.919431e-01	7.885480e-02	9.568684e-04	
4.269028e-03	9.362066e-01	6.667299e+01	1.422470e-01	9.896013e-01	1.717806e+00	1.505501e-01	4.397660e-01	3.853251e-01	9.186170e-03	1.633472e-04	9.636274e+00	3.151439e-04	8.440034e-03	8.551772e-04	1.089555e-01	2.907785e-01	3.190427e-02	1.125023e-03	
4.269664e-03	9.626357e-01	7.156384e+01	3.130703e-01	1.005797e+00	3.953443e+00	1.473603e-01	3.524128e-01	3.194255e-01	7.456929e-03	1.219669e-04	7.816482e+00	2.366510e-04	2.102681e-02	7.529592e-04	1.065148e-01	2.532228e-01	8.720532e-02	1.011633e-03	
4.270422e-03	9.341698e-01	1.506315e+02	2.477140e-01	9.671177e-01	3.166699e+00	1.609082e-01	4.585605e-01	3.191438e-01	8.053368e-03	1.198566e-04	7.889190e+00	2.314321e-04	1.992994e-02	8.119086e-04	1.082579e-01	3.506221e-01	6.516566e-02	1.162806e-03	
4.274116e-03	9.551246e-01	1.099574e+02	2.223730e-01	9.920540e-01	2.781487e+00	1.535199e-01	4.374161e-01	3.901953e-01	9.282949e-03	1.003623e-04	9.869289e+00	1.895570e-04	2.141834e-02	7.611895e-04	1.129122e-01	3.194738e-01	7.844121e-02	1.004181e-03	
4.276330e-03	9.419552e-01	1.394453e+02	2.211339e-01	9.545964e-01	2.850069e+00	1.669868e-01	4.970714e-01	3.466712e-01	8.846622e-03	1.108301e-04	8.538088e+00	2.209771e-04	2.081662e-02	6.639187e-04	1.056496e-01	3.149195e-01	7.244851e-02	9.375576e-04	
4.279843e-03	9.666826e-01	1.319344e+02	2.423599e-01	9.774698e-01	2.960088e+00	1.512292e-01	4.144329e-01	3.300649e-01	8.044863e-03	1.437144e-04	8.063240e+00	2.835071e-04	1.577863e-02	7.752542e-04	1.072452e-01	3.386849e-01	5.231581e-02	1.107235e-03	
4.283792e-03	9.739693e-01	4.586519e+01	1.826035e-01	9.552528e-01	2.293009e+00	1.599494e-01	4.050342e-01	3.880804e-01	9.510105e-03	8.373784e-05	9.697072e+00	1.640206e-04	1.816188e-02	8.293626e-04	1.120304e-01	2.784002e-01	7.102616e-02	1.114360e-03	
4.284945e-03	9.597019e-01	4.811869e+01	1.959862e-01	1.001485e+00	2.457506e+00	1.516790e-01	4.078026e-01	3.518204e-01	8.762330e-03	8.135422e-05	8.679890e+00	1.613459e-04	2.220418e-02	6.909721e-04	1.083103e-01	2.622551e-01	8.954639e-02	9.435678e-04	
4.287329e-03	9.664981e-01	8.726904e+01	2.917970e-01	9.785261e-01	3.715482e+00	1.573070e-01	4.028976e-01	3.320630e-01	7.929025e-03	1.200138e-04	8.396927e+00	2.212609e-04	1.737617e-02	7.914511e-04	1.090883e-01	2.508521e-01	7.086163e-02	1.123473e-03	
4.287738e-03	9.630835e-01	1.030382e+02	2.537258e-01	9.783067e-01	3.177630e+00	1.550820e-01	4.217206e-01	3.239502e-01	7.789730e-03	1.164334e-04	8.140285e+00	2.179864e-04	1.440603e-02	7.901484e-04	1.079916e-01	3.076644e-01	5.195700e-02	1.058600e-03	
4.289199e-03	9.291660e-01	1.443250e+02	1.352215e-01	9.817296e-01	1.706762e+00	1.615437e-01	5.131128e-01	3.281534e-01	7.950083e-03	1.562739e-04	8.164589e+00	2.970809e-04	8.120178e-03	8.979826e-04	1.081960e-01	3.177172e-01	2.867888e-02	1.238130e-03	
4.292313e-03	9.174858e-01	6.500140e+01	2.049054e-01	9.636244e-01	2.615809e+00	1.583697e-01	3.849159e-01	3.745089e-01	9.221611e-03	1.060578e-04	9.464242e+00	2.011609e-04	9.558267e-03	9.879041e-04	1.134432e-01	2.375273e-01	4.060514e-02	1.399725e-03	
4.298756e-03	9.631263e-01	7.237848e+01	1.670095e-01	9.722682e-01	2.095418e+00	1.550640e-01	3.634385e-01	3.399191e-01	8.410733e-03	1.079681e-04	8.377638e+00	2.107475e-04	1.299266e-02	7.833882e-04	1.074660e-01	2.822409e-01	4.971587e-02	1.023418e-03	
4.307073e-03	9.452518e-01	1.172206e+02	2.131563e-01	9.741595e-01	2.697835e+00	1.579740e-01	4.155823e-01	3.311265e-01	8.176476e-03	1.324707e-04	8.081914e+00	2.633393e-04	1.844725e-02	7.017301e-04	1.060685e-01	2.968555e-01	6.915689e-02	9.205883e-04	
4.307410e-03	9.666534e-01	9.677576e+01	2.120303e-01	9.814284e-01	2.693711e+00	1.597527e-01	4.367733e-01	3.274365e-01	7.564902e-03	1.067279e-04	8.226854e+00	1.984298e-04	1.834770e-02	7.149921e-04	1.067793e-01	3.147652e-01	6.358517e-02	1.027093e-03	
4.310603e-03	9.557226e-01	1.001047e+02	2.523438e-01	9.939028e-01	3.184099e+00	1.589481e-01	5.041512e-01	3.977558e-01	9.746114e-03	1.749323e-04	9.942217e+00	3.431264e-04	1.283344e-02	7.431559e-04	1.068017e-01	3.717192e-01	4.024123e-02	1.009197e-03	
4.311712e-03	9.340342e-01	3.461909e+01	1.683718e-01	1.044018e+00	2.045613e+00	1.495707e-01	4.921889e-01	3.884403e-01	9.627973e-03	1.116914e-04	9.831839e+00	2.128252e-04	1.259935e-02	9.730156e-04	1.128044e-01	2.962070e-01	4.560391e-02	1.366364e-03	
4.316030e-03	9.792140e-01	8.326484e+01	2.345250e-01	9.997075e-01	2.985178e+00	1.560500e-01	4.151905e-01	3.212077e-01	8.129871e-03	1.224973e-04	7.914214e+00	2.377886e-04	1.076404e-02	7.787341e-04	1.059946e-01	2.508175e-01	4.322729e-02	1.103340e-03	
4.323159e-03	9.708477e-01	7.427454e+01	1.816069e-01	9.944718e-01	2.236463e+00	1.541037e-01	4.437999e-01	2.986016e-01	7.314934e-03	9.547915e-05	7.426847e+00	1.769950e-04	1.541338e-02	7.538174e-04	1.068934e-01	2.972879e-01	5.623843e-02	1.048239e-03	
4.324126e-03	9.629229e-01	9.415520e+01	3.142425e-01	9.745648e-01	3.920027e+00	1.483812e-01	3.523298e-01	3.356578e-01	8.162162e-03	1.195092e-04	8.320199e+00	2.327645e-04	2.590087e-02	7.156651e-04	1.088304e-01	2.649522e-01	1.052127e-01	9.737996e-04	
4.327186e-03	9.403176e-01	4.868432e+01	2.235281e-01	9.951956e-01	2.753075e+00	1.495397e-01	3.879765e-01	3.422713e-01	8.200692e-03	1.281779e-04	8.486361e+00	2.433809e-04	1.439015e-02	7.863545e-04	1.067563e-01	2.410808e-01	5.983554e-02	1.092778e-03	
4.328010e-03	9.580760e-01	2.920929e+02	2.931988e-01	1.015021e+00	3.738079e+00	1.552181e-01	4.455084e-01	3.421362e-01	7.804641e-03	8.978385e-05	8.567636e+00	1.668914e-04	2.114111e-02	1.127846e-03	1.131628e-01	2.835834e-01	8.091236e-02	1.567367e-03	
4.330032e-03	9.574667e-01	7.132434e+01	1.964036e-01	1.004872e+00	2.514333e+00	1.596784e-01	4.617999e-01	3.475040e-01	8.589909e-03	9.283016e-05	8.441841e+00	1.886900e-04	1.892252e-02	6.247158e-04	1.079880e-01	2.626896e-01	7.519380e-02	8.859646e-04	
4.330317e-03	9.489057e-01	4.399708e+01	1.780516e-01	9.843801e-01	2.189583e+00	1.534445e-01	4.088779e-01	3.390981e-01	8.439465e-03	1.322328e-04	8.507238e+00	2.479145e-04	1.138199e-02	8.822245e-04	1.087976e-01	2.835424e-01	4.387700e-02	1.179011e-03	
4.332481e-03	9.481139e-01	9.484248e+01	2.042188e-01	9.756132e-01	2.588310e+00	1.593579e-01	4.361560e-01	3.697744e-01	8.524914e-03	9.829809e-05	9.433830e+00	1.790288e-04	1.808815e-02	8.371879e-04	1.115512e-01	3.467770e-01	6.206045e-02	1.106403e-03	
4.334325e-03	9.640927e-01	2.014258e+02	1.762052e-01	9.670753e-01	2.215253e+00	1.653550e-01	5.174911e-01	3.843497e-01	9.332424e-03	1.339170e-04	9.511015e+00	2.637787e-04	8.984917e-03	9.416559e-04	1.095440e-01	2.817482e-01	3.415626e-02	1.322125e-03	
4.340918e-03	9.783012e-01	5.773953e+01	2.068349e-01	9.998607e-01	2.553115e+00	1.550751e-01	5.035485e-01	3.501902e-01	8.826281e-03	1.193256e-04	8.810551e+00	2.284810e-04	2.299190e-02	5.374423e-04	1.049688e-01	3.247102e-01	7.978444e-02	7.444189e-04	
4.358303e-03	9.700580e-01	9.570064e+01	2.432842e-01	9.936048e-01	2.978492e+00	1.473932e-01	3.890836e-01	3.324479e-01	7.989426e-03	1.361938e-04	8.449088e+00	2.495790e-04	1.798352e-02	7.601069e-04	1.075712e-01	3.129398e-01	6.499058e-02	9.779569e-04	
4.362152e-03	9.650259e-01	1.554635e+02	2.156503e-01	9.753624e-01	2.661550e+00	1.566107e-01	4.381156e-01	3.604339e-01	8.731747e-03	1.075190e-04	8.863952e+00	2.130491e-04	1.876732e-02	8.008011e-04	1.093169e-01	3.534591e-01	6.267206e-02	1.105316e-03	
4.362811e-03	9.756996e-01	9.500000e+01	2.108527e-01	9.879831e-01	2.571948e+00	1.480532e-01	3.946645e-01	3.554408e-01	8.753038e-03	9.074666e-05	8.702772e+00	1.814088e-04	1.707173e-02	8.689747e-04	1.078425e-01	2.740958e-01	6.850633e-02	1.145453e-03	
4.364091e-03	9.695621e-01	5.939481e+01	3.086512e-01	1.033100e+00	3.819644e+00	1.490892e-01	4.577061e-01	3.547330e-01	8.744769e-03	1.124211e-04	8.944633e+00	2.124160e-04	2.890056e-02	7.079157e-04	1.065352e-01	2.784025e-01	1.096816e-01	9.529741e-04	
4.364881e-03	9.841493e-01	7.619817e+01	2.012374e-01	1.029701e+00	2.465251e+00	1.438299e-01	3.726992e-01	3.028708e-01	7.552945e-03	7.516434e-05	7.442171e+00	1.441159e-04	2.509656e-02	6.639212e-04	1.038229e-01	2.947737e-01	9.119259e-02	9.226446e-04	
4.365508e-03	9.328948e-01	8.006133e+01	2.449651e-01	1.020611e+00	3.038788e+00	1.471140e-01	4.077533e-01	3.294429e-01	7.898440e-03	1.001886e-04	8.292278e+00	1.867585e-04	2.436892e-02	7.250181e-04	1.078836e-01	2.731661e-01	9.221057e-02	1.047989e-03	
4.369191e-03	9.265228e-01	9.671187e+01	1.811914e-01	9.754365e-01	2.307992e+00	1.586127e-01	3.975312e-01	3.348111e-01	8.142668e-03	9.115033e-05	8.347295e+00	1.737317e-04	1.530538e-02	7.510374e-04	1.094993e-01	2.390256e-01	6.408949e-02	1.038475e-03	
4.369838e-03	9.370692e-01	4.796398e+01	1.298569e-01	1.031875e+00	1.585761e+00	1.459994e-01	4.039959e-01	3.855496e-01	9.265455e-03	1.183652e-04	9.888756e+00	2.194036e-04	9.915908e-03	9.129816e-04	1.102368e-01	2.487868e-01	4.189081e-02	1.163854e-03	
4.378250e-03	9.544006e-01	2.476475e+02	3.345656e-01	9.965258e-01	4.183773e+00	1.504991e-01	4.387749e-01	3.390843e-01	8.142126e-03	1.224242e-04	8.383784e+00	2.402747e-04	4.486857e-02	5.487782e-04	1.051465e-01	2.959866e-01	1.652484e-01	7.721678e-04	
4.381549e-03	9.775687e-01	1.964670e+02	3.018227e-01	9.700784e-01	3.895199e+00	1.552181e-01	3.508194e-01	3.124561e-01	7.572550e-03	1.340130e-04	7.843854e+00	2.447727e-04	2.176558e-02	7.420166e-04	1.059366e-01	2.906843e-01	8.030510e-02	1.027860e-03	
4.382702e-03	9.492508e-01	8.692463e+01	2.353667e-01	9.575392e-01	2.944132e+00	1.547721e-01	3.819680e-01	3.333106e-01	7.811685e-03	8.725189e-05	8.252044e+00	1.649324e-04	2.157116e-02	7.237264e-04	1.077417e-01	2.649520e-01	8.714646e-02	9.787094e-04	
4.383293e-03	9.363209e-01	2.226732e+01	1.276672e-01	9.778272e-01	1.584196e+00	1.572858e-01	4.174741e-01	3.868076e-01	9.789473e-03	1.177813e-04	9.574981e+00	2.348070e-04	1.092382e-02	6.015859e-04	1.092183e-01	2.561245e-01	4.520842e-02	7.822094e-04	
4.386009e-03	9.149317e-01	3.115616e+01	1.744107e-01	1.015745e+00	2.145819e+00	1.456498e-01	3.777933e-01	3.848457e-01	9.813703e-03	1.171197e-04	9.658468e+00	2.264976e-04	1.778385e-02	6.226337e-04	1.073480e-01	2.354232e-01	7.713959e-02	8.647760e-04	
4.386085e-03	9.430705e-01	5.830662e+01	1.477156e-01	9.708883e-01	1.864747e+00	1.562433e-01	3.580955e-01	3.884611e-01	9.819803e-03	1.640812e-04	9.917752e+00	3.051166e-04	9.166191e-03	9.527304e-04	1.080588e-01	3.039895e-01	3.333286e-02	1.308229e-03	
4.390040e-03	9.306912e-01	3.784242e+01	1.301188e-01	9.870739e-01	1.648736e+00	1.624524e-01	4.803122e-01	4.171136e-01	1.031592e-02	1.102688e-04	1.051484e+01	2.168380e-04	6.680142e-03	1.045393e-03	1.126960e-01	2.743895e-01	2.576374e-02	1.559542e-03	
4.391134e-03	9.484203e-01	9.559405e+01	2.815198e-01	9.321419e-01	3.607471e+00	1.630834e-01	4.103260e-01	3.675891e-01	8.635814e-03	9.843495e-05	9.121890e+00	1.914113e-04	1.877180e-02	8.651808e-04	1.126311e-01	3.079747e-01	6.692929e-02	1.260193e-03	
4.391625e-03	9.796264e-01	1.980070e+02	3.210917e-01	9.617179e-01	4.050152e+00	1.543167e-01	4.196598e-01	3.605747e-01	8.648425e-03	7.800417e-05	9.166352e+00	1.443996e-04	4.403235e-02	6.703734e-04	1.080033e-01	3.005708e-01	1.630181e-01	9.423823e-04	
4.392016e-03	9.147039e-01	4.179769e+01	1.284831e-01	9.588284e-01	1.624746e+00	1.658789e-01	4.479131e-01	4.034872e-01	9.801926e-03	1.321494e-04	1.032480e+01	2.467420e-04	1.057588e-02	7.487179e-04	1.130026e-01	3.131528e-01	3.820401e-02	1.003816e-03	
4.395194e-03	9.457821e-01	3.744638e+01	1.732697e-01	9.814597e-01	2.137333e+00	1.510300e-01	3.961280e-01	3.527731e-01	8.560831e-03	1.270669e-04	8.832072e+00	2.391833e-04	8.705484e-03	1.024307e-03	1.056766e-01	2.481397e-01	3.663817e-02	1.344117e-03	
4.400528e-03	9.523934e-01	3.048618e+01	1.608858e-01	9.707852e-01	1.975172e+00	1.538825e-01	4.297492e-01	3.613735e-01	8.889901e-03	1.145941e-04	9.085897e+00	2.203506e-04	1.505536e-02	6.202987e-04	1.026684e-01	3.024896e-01	5.350663e-02	8.746212e-04	
4.401274e-03	9.698080e-01	1.176941e+02	1.529333e-01	1.024457e+00	1.849589e+00	1.454002e-01	4.055617e-01	3.131418e-01	7.823743e-03	9.186317e-05	7.796337e+00	1.719595e-04	1.594996e-02	9.333606e-04	1.058764e-01	2.914568e-01	6.046729e-02	1.215562e-03	
4.404972e-03	9.882931e-01	8.826395e+01	2.037823e-01	9.619412e-01	2.604644e+00	1.606384e-01	3.940721e-01	3.608568e-01	9.229369e-03	1.461459e-04	8.831844e+00	2.945472e-04	1.022847e-02	8.415665e-04	1.065508e-01	3.118437e-01	3.531766e-02	1.246479e-03	
4.410033e-03	9.317020e-01	1.033426e+02	1.569735e-01	9.500626e-01	2.002259e+00	1.624800e-01	4.203988e-01	3.471911e-01	8.203119e-03	1.445422e-04	8.674251e+00	2.752240e-04	1.143579e-02	8.748590e-04	1.100758e-01	2.732492e-01	4.404544e-02	1.283505e-03	
4.412096e-03	9.720890e-01	7.458534e+01	2.332397e-01	1.008253e+00	2.928608e+00	1.557912e-01	4.622783e-01	3.715185e-01	9.023223e-03	1.321843e-04	9.250001e+00	2.576851e-04	2.229600e-02	5.558181e-04	1.079919e-01	3.100000e-01	7.659087e-02	8.212085e-04	
4.412471e-03	9.842356e-01	1.385137e+02	2.906455e-01	9.979208e-01	3.575291e+00	1.499145e-01	4.423576e-01	3.592746e-01	8.709001e-03	1.173915e-04	9.324683e+00	2.090971e-04	2.391041e-02	8.515682e-04	1.060866e-01	2.906331e-01	9.020277e-02	1.119204e-03	
4.423111e-03	9.402081e-01	1.696652e+02	1.866642e-01	9.959155e-01	2.341827e+00	1.512528e-01	3.308030e-01	2.970801e-01	7.056398e-03	9.304032e-05	7.391680e+00	1.723180e-04	1.636775e-02	9.329838e-04	1.089174e-01	2.449225e-01	6.838266e-02	1.297145e-03	
4.424543e-03	9.351027e-01	5.783629e+01	1.314027e-01	9.658048e-01	1.650140e+00	1.649996e-01	5.371574e-01	3.575142e-01	8.709002e-03	1.433783e-04	8.995517e+00	2.696380e-04	9.333002e-03	8.957681e-04	1.101385e-01	3.916828e-01	2.776975e-02	1.316345e-03	
4.427405e-03	9.496902e-01	4.351618e+01	1.947348e-01	1.019913e+00	2.375222e+00	1.507589e-01	4.737207e-01	3.846544e-01	9.622925e-03	1.646582e-04	9.686164e+00	3.227096e-04	1.260175e-02	6.711296e-04	1.062254e-01	3.466097e-01	4.214075e-02	8.979582e-04	
4.431038e-03	9.650032e-01	1.298304e+02	3.080088e-01	9.745238e-01	4.025180e+00	1.562602e-01	3.334504e-01	3.216074e-01	7.942865e-03	1.064364e-04	7.967744e+00	2.015656e-04	1.562666e-02	1.111345e-03	1.134760e-01	2.793619e-01	6.216833e-02	1.461621e-03	
4.432956e-03	9.325682e-01	5.448201e+01	1.605521e-01	1.007219e+00	1.986964e+00	1.522272e-01	4.137429e-01	3.588243e-01	9.202469e-03	1.597497e-04	9.070784e+00	3.026471e-04	7.373949e-03	9.731738e-04	1.120802e-01	3.059916e-01	2.696204e-02	1.314825e-03	
4.434524e-03	9.455601e-01	1.140206e+02	3.187835e-01	9.780768e-01	4.065073e+00	1.531305e-01	3.399952e-01	3.192205e-01	7.667557e-03	1.236692e-04	7.955592e+00	2.316191e-04	1.299165e-02	8.904270e-04	1.075520e-01	2.257581e-01	5.538569e-02	1.319343e-03	
4.439675e-03	9.744637e-01	1.424914e+02	1.889997e-01	9.597204e-01	2.395959e+00	1.617528e-01	4.501568e-01	3.523142e-01	8.797496e-03	1.017983e-04	8.666434e+00	1.989036e-04	1.554840e-02	8.919146e-04	1.078933e-01	3.203285e-01	5.406869e-02	1.235953e-03	
4.441593e-03	9.162239e-01	4.032759e+01	1.765975e-01	9.703750e-01	2.211128e+00	1.587936e-01	4.527733e-01	3.765282e-01	9.155248e-03	1.474023e-04	9.403578e+00	2.902973e-04	8.893043e-03	8.942400e-04	1.087890e-01	2.328123e-01	3.857945e-02	1.245783e-03	
4.447234e-03	9.930259e-01	4.425905e+01	2.179590e-01	9.987196e-01	2.713882e+00	1.555134e-01	4.718922e-01	3.576655e-01	8.840250e-03	1.014955e-04	8.952686e+00	1.978078e-04	2.056289e-02	7.423079e-04	1.052329e-01	2.905860e-01	7.685185e-02	1.015276e-03	
4.457541e-03	9.658576e-01	2.189526e+02	2.611511e-01	9.681157e-01	3.275177e+00	1.518892e-01	4.001859e-01	3.368402e-01	8.124276e-03	1.071186e-04	8.357123e+00	2.045878e-04	2.618774e-02	8.048526e-04	1.075893e-01	2.800574e-01	1.013259e-01	1.118509e-03	
4.459893e-03	9.233169e-01	7.536119e+01	1.458376e-01	1.003238e+00	1.786962e+00	1.527453e-01	4.039826e-01	3.390965e-01	8.230550e-03	1.076778e-04	8.483070e+00	2.038185e-04	1.299339e-02	6.593947e-04	1.076440e-01	2.372753e-01	5.435201e-02	9.568620e-04	
4.464385e-03	9.638946e-01	7.647073e+01	2.214179e-01	9.675819e-01	2.767102e+00	1.577284e-01	4.368944e-01	3.895457e-01	9.397034e-03	1.426385e-04	9.961101e+00	2.642558e-04	6.167317e-03	1.147098e-03	1.077739e-01	2.763999e-01	2.450588e-02	1.505721e-03	
4.466043e-03	9.733509e-01	1.272935e+02	2.156715e-01	9.687755e-01	2.700111e+00	1.583681e-01	4.401970e-01	3.727729e-01	9.576469e-03	9.638082e-05	9.336904e+00	1.853232e-04	1.494216e-02	1.004980e-03	1.098375e-01	3.024272e-01	5.505688e-02	1.316674e-03	
4.466056e-03	9.629921e-01	8.139590e+01	2.450577e-01	1.002177e+00	3.025872e+00	1.498883e-01	4.327469e-01	3.632926e-01	8.663437e-03	1.650787e-04	9.130202e+00	3.079620e-04	1.622701e-02	8.080885e-04	1.072168e-01	3.454851e-01	5.337323e-02	1.132406e-03	
4.467286e-03	9.346585e-01	8.196507e+01	1.527241e-01	9.655900e-01	1.912121e+00	1.567542e-01	4.068010e-01	3.252871e-01	7.531165e-03	1.299711e-04	7.944135e+00	2.523803e-04	1.049468e-02	6.650962e-04	1.076895e-01	2.473629e-01	4.264242e-02	9.454661e-04	
4.467712e-03	9.436576e-01	1.181629e+02	3.088578e-01	9.819539e-01	3.996584e+00	1.640341e-01	4.664071e-01	3.609125e-01	8.936791e-03	1.247001e-04	9.045162e+00	2.380039e-04	1.974987e-02	7.050530e-04	1.108217e-01	3.140253e-01	7.119077e-02	9.564913e-04	
4.472834e-03	9.371706e-01	8.628637e+01	1.578835e-01	9.491244e-01	2.034345e+00	1.630779e-01	4.112149e-01	3.684912e-01	9.210200e-03	1.438976e-04	9.159970e+00	2.793943e-04	8.235350e-03	7.716815e-04	1.064666e-01	3.128265e-01	2.893191e-02	1.101281e-03	
4.477183e-03	9.487256e-01	4.982678e+01	1.753754e-01	9.814543e-01	2.172278e+00	1.588678e-01	5.116738e-01	4.113035e-01	1.051798e-02	1.334502e-04	1.069734e+01	2.447153e-04	1.056783e-02	7.688034e-04	1.103704e-01	2.738748e-01	4.027404e-02	1.125986e-03	
4.477772e-03	9.404853e-01	1.186081e+02	2.979278e-01	9.640458e-01	3.857290e+00	1.568132e-01	3.802544e-01	3.498295e-01	8.575243e-03	1.826719e-04	8.509443e+00	3.666603e-04	1.339425e-02	8.619349e-04	1.098984e-01	2.653171e-01	5.250796e-02	1.216184e-03	
4.490326e-03	9.679195e-01	1.444504e+02	2.111882e-01	9.739482e-01	2.626702e+00	1.608329e-01	5.005800e-01	3.229622e-01	7.679352e-03	1.111750e-04	8.104295e+00	2.035550e-04	2.269191e-02	7.581870e-04	1.082992e-01	3.272298e-01	7.782789e-02	1.065417e-03	
4.494625e-03	9.837478e-01	6.587330e+01	2.448404e-01	9.960624e-01	3.104916e+00	1.514292e-01	3.674395e-01	3.517046e-01	8.523390e-03	7.263578e-05	8.570263e+00	1.474020e-04	3.852646e-02	5.354484e-04	1.060679e-01	2.339622e-01	1.660343e-01	7.506275e-04	
4.516068e-03	9.877424e-01	7.151600e+01	2.186476e-01	9.826679e-01	2.714724e+00	1.526080e-01	4.323885e-01	3.860382e-01	9.723264e-03	1.162453e-04	9.730524e+00	2.220212e-04	1.834639e-02	7.829616e-04	1.036410e-01	2.415325e-01	7.759775e-02	1.038158e-03	
4.519134e-03	9.449620e-01	2.802441e+01	1.729623e-01	9.929614e-01	2.172061e+00	1.541620e-01	4.260382e-01	3.385971e-01	8.524468e-03	1.318607e-04	8.424361e+00	2.551184e-04	9.922707e-03	7.744797e-04	1.081144e-01	2.323334e-01	4.377840e-02	1.063807e-03	
4.520373e-03	9.192544e-01	4.995167e+01	1.626167e-01	9.819749e-01	2.025306e+00	1.572148e-01	3.982431e-01	3.567673e-01	8.633841e-03	1.183991e-04	8.690348e+00	2.386401e-04	1.349683e-02	6.520369e-04	1.098340e-01	2.946657e-01	4.933160e-02	9.234151e-04	
4.522459e-03	9.567604e-01	1.475196e+02	2.050914e-01	1.024490e+00	2.547212e+00	1.513256e-01	4.229252e-01	3.403216e-01	8.320001e-03	1.717947e-04	8.618208e+00	3.185783e-04	1.354899e-02	7.929049e-04	1.030759e-01	2.586771e-01	5.270639e-02	1.133604e-03	
4.524969e-03	9.566690e-01	1.126215e+02	2.478829e-01	9.763129e-01	3.243669e+00	1.660346e-01	4.893735e-01	3.636195e-01	9.007007e-03	1.493285e-04	9.222749e+00	2.773811e-04	1.881942e-02	5.852899e-04	1.066729e-01	3.334589e-01	6.189646e-02	8.595813e-04	
4.526356e-03	9.338790e-01	1.047668e+02	1.820329e-01	9.774112e-01	2.327219e+00	1.639096e-01	4.471351e-01	3.667044e-01	9.278678e-03	1.133778e-04	9.176155e+00	2.178954e-04	1.125686e-02	7.959850e-04	1.074601e-01	3.009749e-01	4.068757e-02	1.133408e-03	
4.532683e-03	9.557604e-01	4.747889e+01	1.358170e-01	9.781994e-01	1.715298e+00	1.585037e-01	4.233317e-01	3.557128e-01	8.557149e-03	1.243805e-04	8.856911e+00	2.383302e-04	8.093394e-03	7.482352e-04	1.069976e-01	3.156782e-01	2.748882e-02	1.071751e-03	
4.534271e-03	1.005206e+00	3.249771e+02	3.618514e-01	9.933389e-01	4.663729e+00	1.550410e-01	3.869228e-01	3.363309e-01	8.116507e-03	1.265958e-04	8.252451e+00	2.459431e-04	3.118744e-02	7.776249e-04	1.079315e-01	3.644293e-01	1.024273e-01	1.052080e-03	
4.537218e-03	9.243289e-01	4.245490e+01	1.397542e-01	1.046772e+00	1.686169e+00	1.470201e-01	4.425995e-01	3.509117e-01	8.548061e-03	1.148544e-04	8.776762e+00	2.159646e-04	7.716016e-03	1.056964e-03	1.106690e-01	2.614429e-01	3.124666e-02	1.422697e-03	
4.539299e-03	9.548466e-01	8.289059e+01	2.023681e-01	9.964916e-01	2.494020e+00	1.514531e-01	4.418160e-01	3.817926e-01	1.005975e-02	1.333528e-04	9.681655e+00	2.569012e-04	1.489265e-02	7.365757e-04	1.044634e-01	2.773717e-01	5.770015e-02	9.811829e-04	
4.545698e-03	9.305058e-01	5.867028e+01	1.400686e-01	9.861264e-01	1.694463e+00	1.518580e-01	4.284133e-01	3.955113e-01	1.035187e-02	1.411150e-04	9.820822e+00	2.837436e-04	1.147398e-02	5.930920e-04	1.078814e-01	2.695919e-01	4.539273e-02	8.298485e-04	
4.546464e-03	9.643472e-01	6.119835e+01	1.591813e-01	9.997024e-01	1.938074e+00	1.540907e-01	5.061562e-01	3.947095e-01	1.019707e-02	9.402708e-05	9.699583e+00	1.940930e-04	1.984407e-02	6.097108e-04	1.045466e-01	2.620134e-01	8.041434e-02	8.106716e-04	
4.547118e-03	9.619536e-01	9.202243e+01	1.835200e-01	1.005925e+00	2.264011e+00	1.557828e-01	4.600450e-01	3.398982e-01	8.387574e-03	1.028154e-04	8.432021e+00	2.002691e-04	2.591168e-02	6.157946e-04	1.101361e-01	3.352933e-01	8.941619e-02	8.534791e-04	
4.548592e-03	9.269064e-01	3.595955e+01	1.734877e-01	9.968246e-01	2.131645e+00	1.534377e-01	4.258415e-01	3.425028e-01	8.629850e-03	1.044659e-04	8.316125e+00	2.102363e-04	1.376472e-02	7.780024e-04	1.078936e-01	2.668187e-01	5.326150e-02	1.094694e-03	
4.550352e-03	9.632334e-01	7.117659e+01	1.539392e-01	9.735488e-01	1.974916e+00	1.566866e-01	3.665723e-01	3.516073e-01	8.257933e-03	8.045705e-05	8.772564e+00	1.535419e-04	1.073575e-02	1.033940e-03	1.077450e-01	2.869523e-01	4.019410e-02	1.416315e-03	
4.551208e-03	9.780628e-01	1.522487e+02	2.311523e-01	9.554041e-01	2.934314e+00	1.612803e-01	4.414437e-01	3.569679e-01	9.016506e-03	1.061567e-04	9.021967e+00	1.988870e-04	1.676376e-02	8.366752e-04	1.102867e-01	3.232592e-01	6.027764e-02	1.143952e-03	
4.555415e-03	9.416086e-01	1.175323e+02	1.464065e-01	9.547159e-01	1.849504e+00	1.633834e-01	4.365562e-01	3.469499e-01	8.302150e-03	1.158603e-04	8.664678e+00	2.212639e-04	1.108084e-02	8.165840e-04	1.074375e-01	3.423724e-01	3.550398e-02	1.189668e-03	
4.555872e-03	9.587862e-01	8.794746e+01	1.668966e-01	1.001549e+00	2.099788e+00	1.605973e-01	4.649534e-01	3.743418e-01	8.799952e-03	1.084154e-04	9.348243e+00	2.085750e-04	1.224212e-02	1.073220e-03	1.091771e-01	2.718465e-01	4.660552e-02	1.579170e-03	
4.562750e-03	9.219952e-01	1.581136e+01	2.109174e-01	1.003822e+00	2.619714e+00	1.476871e-01	3.980895e-01	4.081597e-01	9.873691e-03	1.156567e-04	1.028401e+01	2.221321e-04	1.112857e-02	7.436417e-04	1.108147e-01	2.222344e-01	4.929325e-02	1.045270e-03	
4.563424e-03	9.250886e-01	3.271875e+01	1.405021e-01	9.990368e-01	1.732686e+00	1.592727e-01	5.608214e-01	4.174183e-01	1.027367e-02	1.521517e-04	1.060447e+01	2.887346e-04	7.758706e-03	7.792797e-04	1.082528e-01	3.270375e-01	2.685820e-02	1.008704e-03	
4.565969e-03	9.496836e-01	1.221455e+02	2.039945e-01	1.011797e+00	2.501098e+00	1.517898e-01	4.946604e-01	3.609218e-01	9.081054e-03	1.290336e-04	9.012385e+00	2.479426e-04	1.409376e-02	7.344177e-04	1.029015e-01	2.826748e-01	5.318725e-02	9.513728e-04	
4.567237e-03	9.695701e-01	6.045877e+01	1.767579e-01	1.010871e+00	2.160031e+00	1.458875e-01	3.848480e-01	3.468946e-01	8.398910e-03	1.214981e-04	8.589965e+00	2.397180e-04	1.432179e-02	6.677853e-04	1.065499e-01	2.455254e-01	6.095211e-02	8.837807e-04	
4.569103e-03	9.380057e-01	8.081932e+01	1.944459e-01	9.477432e-01	2.405394e+00	1.569491e-01	4.039146e-01	3.490202e-01	8.075046e-03	1.230734e-04	8.562947e+00	2.431210e-04	1.032239e-02	9.174226e-04	1.095871e-01	2.944264e-01	3.846860e-02	1.296290e-03	
4.569215e-03	9.476626e-01	8.843122e+01	2.030180e-01	9.934534e-01	2.536522e+00	1.549199e-01	4.634001e-01	3.755881e-01	9.295590e-03	9.695208e-05	9.523496e+00	1.852530e-04	1.673931e-02	8.226165e-04	1.099665e-01	3.195291e-01	5.975642e-02	1.124175e-03	
4.573549e-03	9.659344e-01	1.173770e+02	1.673303e-01	1.052511e+00	2.026633e+00	1.425949e-01	4.130466e-01	3.170063e-01	7.861538e-03	8.832651e-05	7.877996e+00	1.646993e-04	1.497459e-02	9.079540e-04	1.087936e-01	2.741148e-01	5.945297e-02	1.166984e-03	
4.577062e-03	9.919268e-01	1.717497e+02	2.665671e-01	9.745675e-01	3.352741e+00	1.537956e-01	3.585290e-01	3.248025e-01	7.925732e-03	8.181466e-05	7.985298e+00	1.602167e-04	3.113597e-02	7.683350e-04	1.091057e-01	2.779668e-01	1.196342e-01	1.056082e-03	
4.594884e-03	9.227377e-01	3.898775e+01	1.922614e-01	1.001439e+00	2.375178e+00	1.506899e-01	4.442497e-01	3.463176e-01	8.266766e-03	1.546521e-04	8.694763e+00	2.921890e-04	8.009396e-03	9.330466e-04	1.077932e-01	2.812955e-01	3.011191e-02	1.248188e-03	
4.599177e-03	9.938015e-01	1.686426e+02	3.033691e-01	1.007601e+00	3.708235e+00	1.470782e-01	4.226054e-01	3.152506e-01	7.751988e-03	1.408621e-04	8.012371e+00	2.561250e-04	2.613669e-02	7.419395e-04	1.073097e-01	3.133118e-01	9.292013e-02	1.015664e-03	
4.604031e-03	9.411263e-01	5.832892e+01	2.353190e-01	9.809160e-01	2.953254e+00	1.510830e-01	3.694346e-01	3.544102e-01	8.449758e-03	1.482185e-04	9.197730e+00	2.585161e-04	1.211222e-02	8.870267e-04	1.109266e-01	3.375188e-01	4.146525e-02	1.185243e-03	
4.606567e-03	9.521636e-01	6.445050e+01	1.609675e-01	1.028723e+00	1.959280e+00	1.503388e-01	4.827332e-01	3.592802e-01	8.870796e-03	1.294036e-04	8.897642e+00	2.547715e-04	1.312187e-02	7.279666e-04	1.037276e-01	2.554253e-01	5.412227e-02	9.666959e-04	
4.611545e-03	9.828651e-01	1.270042e+02	2.831138e-01	9.742629e-01	3.583415e+00	1.533407e-01	3.813063e-01	3.253317e-01	8.003088e-03	1.183631e-04	8.003485e+00	2.267562e-04	2.485985e-02	6.505744e-04	1.052509e-01	3.118464e-01	8.938297e-02	8.864725e-04	
4.619108e-03	9.525724e-01	5.431372e+01	1.966907e-01	1.012460e+00	2.480137e+00	1.564757e-01	4.677196e-01	3.809898e-01	8.870541e-03	1.627157e-04	9.696373e+00	3.066315e-04	9.350077e-03	8.242995e-04	1.102114e-01	3.300231e-01	3.255895e-02	1.119504e-03	
4.621046e-03	9.460414e-01	7.654093e+01	1.795951e-01	9.933560e-01	2.269724e+00	1.571161e-01	4.271541e-01	3.449404e-01	8.828327e-03	1.137575e-04	8.623969e+00	2.173061e-04	1.040272e-02	8.686053e-04	1.092180e-01	2.667409e-01	4.026521e-02	1.191284e-03	
4.623285e-03	9.427905e-01	1.522873e+02	1.637908e-01	9.796768e-01	2.076466e+00	1.591300e-01	4.496671e-01	3.308531e-01	7.954358e-03	1.122848e-04	8.104675e+00	2.164803e-04	1.100818e-02	9.817507e-04	1.082892e-01	3.085665e-01	3.912002e-02	1.377142e-03	
4.627180e-03	9.745217e-01	1.608966e+02	2.557593e-01	9.592186e-01	3.246368e+00	1.550462e-01	3.426001e-01	3.261376e-01	7.463645e-03	9.093163e-05	7.998697e+00	1.738612e-04	1.717957e-02	9.824704e-04	1.087699e-01	2.727583e-01	6.574820e-02	1.430473e-03	
4.629979e-03	9.756745e-01	1.643338e+02	3.341932e-01	9.869070e-01	4.190013e+00	1.544523e-01	4.574739e-01	3.697132e-01	9.537967e-03	1.094612e-04	9.045332e+00	2.220157e-04	2.441156e-02	7.242492e-04	1.080187e-01	2.933367e-01	9.433928e-02	9.553168e-04	
4.633598e-03	9.486120e-01	2.621385e+01	2.350205e-01	9.873050e-01	2.990231e+00	1.535057e-01	3.776248e-01	3.781150e-01	9.884037e-03	1.024248e-04	9.362844e+00	2.049588e-04	1.574937e-02	6.922690e-04	1.105163e-01	2.458925e-01	6.386903e-02	1.016086e-03	
4.640809e-03	9.484828e-01	2.815927e+01	1.413694e-01	1.012392e+00	1.751627e+00	1.490621e-01	3.686129e-01	3.904200e-01	9.473592e-03	1.042536e-04	9.630612e+00	2.077785e-04	1.043766e-02	8.622093e-04	1.114238e-01	2.379354e-01	4.368227e-02	1.212941e-03	
4.642427e-03	9.468355e-01	4.490431e+01	1.545704e-01	9.762116e-01	1.883971e+00	1.523988e-01	3.695208e-01	3.748227e-01	9.340233e-03	1.079839e-04	9.252970e+00	2.165441e-04	1.009658e-02	8.308525e-04	1.086268e-01	2.923386e-01	3.725475e-02	1.148353e-03	
4.642823e-03	9.362331e-01	6.531630e+01	2.449227e-01	1.001071e+00	3.038320e+00	1.487760e-01	4.070817e-01	3.335749e-01	8.148975e-03	1.673122e-04	8.249076e+00	3.281921e-04	1.007747e-02	9.326475e-04	1.103112e-01	3.014027e-01	3.681437e-02	1.270930e-03	
4.646031e-03	9.691146e-01	7.764370e+01	2.577249e-01	1.001206e+00	3.244730e+00	1.510160e-01	3.932566e-01	3.702240e-01	8.830316e-03	7.210311e-05	9.105336e+00	1.434199e-04	2.481027e-02	9.366628e-04	1.120821e-01	2.814133e-01	9.969625e-02	1.178257e-03	
4.646288e-03	9.390118e-01	8.732677e+01	1.633051e-01	1.008947e+00	2.080722e+00	1.533279e-01	3.825413e-01	3.394433e-01	7.948644e-03	1.079891e-04	8.372617e+00	2.066051e-04	1.062592e-02	8.985060e-04	1.173145e-01	2.830578e-01	4.104258e-02	1.237532e-03	
4.646625e-03	9.886812e-01	3.551204e+01	2.189189e-01	1.015544e+00	2.639998e+00	1.486390e-01	4.835071e-01	4.032877e-01	1.039638e-02	1.372138e-04	1.036342e+01	2.592051e-04	1.115423e-02	8.139391e-04	1.079629e-01	2.878199e-01	4.306205e-02	1.101995e-03	
4.649790e-03	9.344669e-01	4.946276e+01	2.261451e-01	9.775040e-01	2.843951e+00	1.606391e-01	4.800817e-01	3.713754e-01	8.768189e-03	1.220313e-04	9.067059e+00	2.453913e-04	1.470494e-02	7.782711e-04	1.089327e-01	3.098589e-01	5.337900e-02	1.046628e-03	
4.654873e-03	9.654624e-01	5.007756e+01	1.713833e-01	9.770126e-01	2.152904e+00	1.569639e-01	4.630834e-01	3.764335e-01	8.801824e-03	1.483265e-04	9.498767e+00	2.794045e-04	7.622162e-03	1.050962e-03	1.102101e-01	3.496344e-01	2.569709e-02	1.399210e-03	
4.660802e-03	9.599061e-01	5.610329e+01	2.117633e-01	9.606979e-01	2.668777e+00	1.571068e-01	3.990124e-01	3.579546e-01	8.942768e-03	1.047877e-04	8.866302e+00	2.022333e-04	1.513352e-02	8.714905e-04	1.062631e-01	2.982990e-01	5.470450e-02	1.178881e-03	
4.668392e-03	9.665898e-01	1.503125e+02	1.798660e-01	9.609667e-01	2.317193e+00	1.643813e-01	4.324347e-01	3.472995e-01	8.425648e-03	1.214894e-04	8.744220e+00	2.302161e-04	8.155952e-03	9.925149e-04	1.128009e-01	2.692018e-01	3.225452e-02	1.422987e-03	
4.672149e-03	9.313614e-01	9.216571e+01	2.146482e-01	9.862055e-01	2.665109e+00	1.483534e-01	3.763076e-01	3.509250e-01	8.408014e-03	1.033901e-04	8.667547e+00	1.992679e-04	2.479497e-02	6.352035e-04	1.087403e-01	3.108751e-01	8.738865e-02	8.780105e-04	
4.674857e-03	9.243940e-01	5.223657e+01	1.885459e-01	9.955801e-01	2.382168e+00	1.581864e-01	4.828762e-01	3.502600e-01	8.657178e-03	1.013737e-04	8.750741e+00	1.943993e-04	1.700796e-02	6.664664e-04	1.096835e-01	2.626314e-01	6.589994e-02	9.416848e-04	
4.675793e-03	9.613506e-01	1.139469e+02	2.439633e-01	9.963627e-01	3.001803e+00	1.526099e-01	4.451265e-01	3.333804e-01	8.416530e-03	1.094763e-04	8.186822e+00	2.124589e-04	1.837159e-02	8.848901e-04	1.121633e-01	2.831158e-01	7.044486e-02	1.268322e-03	
4.692681e-03	9.340614e-01	8.021204e+01	1.702538e-01	9.622436e-01	2.148696e+00	1.582184e-01	4.180303e-01	3.786369e-01	9.596138e-03	1.144600e-04	9.385762e+00	2.277644e-04	1.027858e-02	9.033904e-04	1.126076e-01	2.988284e-01	3.853215e-02	1.296005e-03	
4.695253e-03	9.697257e-01	2.798359e+02	3.144345e-01	9.523833e-01	4.035238e+00	1.689981e-01	5.324381e-01	3.627269e-01	9.219571e-03	1.331521e-04	9.063854e+00	2.600650e-04	1.846682e-02	8.052364e-04	1.091914e-01	3.510479e-01	6.055074e-02	1.135757e-03	
4.699276e-03	9.345963e-01	7.249075e+01	1.802255e-01	9.509151e-01	2.236352e+00	1.626440e-01	4.721866e-01	3.756789e-01	9.532395e-03	1.416563e-04	9.375847e+00	2.758155e-04	9.213899e-03	1.034113e-03	1.088547e-01	3.437189e-01	3.149419e-02	1.405936e-03	
4.702628e-03	9.661413e-01	1.066713e+02	2.890625e-01	1.020239e+00	3.618561e+00	1.506272e-01	4.432772e-01	3.443320e-01	8.532554e-03	1.608934e-04	8.634773e+00	3.070577e-04	1.313874e-02	8.042589e-04	1.080810e-01	3.156807e-01	4.839911e-02	1.053503e-03	
4.711385e-03	9.340884e-01	7.445365e+01	2.423607e-01	9.649961e-01	3.135923e+00	1.570912e-01	3.877565e-01	3.724632e-01	9.039417e-03	9.727140e-05	9.429246e+00	1.814764e-04	1.675216e-02	9.637718e-04	1.094302e-01	2.770497e-01	6.425888e-02	1.315586e-03	
4.712438e-03	9.308101e-01	3.491634e+01	1.639881e-01	9.939373e-01	2.021079e+00	1.526063e-01	4.591269e-01	4.170204e-01	1.055688e-02	1.190578e-04	1.046713e+01	2.307991e-04	1.207034e-02	7.826241e-04	1.090208e-01	2.416243e-01	5.048722e-02	1.105291e-03	
4.713529e-03	9.258971e-01	1.230091e+02	1.882560e-01	9.293928e-01	2.388882e+00	1.646107e-01	4.549755e-01	3.368266e-01	8.186868e-03	1.216474e-04	8.264820e+00	2.407978e-04	1.771789e-02	6.329760e-04	1.039658e-01	3.043803e-01	6.398391e-02	9.004496e-04	
4.715601e-03	9.214102e-01	3.892600e+01	1.564612e-01	9.896598e-01	2.013614e+00	1.639014e-01	4.169513e-01	3.509225e-01	8.390057e-03	1.599787e-04	8.810868e+00	3.035434e-04	6.102585e-03	7.928254e-04	1.105491e-01	2.878006e-01	2.217949e-02	1.166219e-03	
4.743068e-03	9.656665e-01	1.166555e+02	2.549540e-01	1.038756e+00	3.109958e+00	1.446337e-01	4.421466e-01	3.153582e-01	7.713467e-03	1.476495e-04	7.708322e+00	2.865251e-04	1.619788e-02	8.158686e-04	1.050409e-01	3.045203e-01	5.928471e-02	1.118504e-03	
4.789328e-03	9.277459e-01	4.914209e+01	2.297028e-01	9.722659e-01	2.980222e+00	1.608066e-01	3.900542e-01	3.939674e-01	9.797039e-03	7.754163e-05	1.006238e+01	1.425255e-04	1.472879e-02	8.316783e-04	1.123512e-01	3.117043e-01	5.266229e-02	1.180851e-03	
4.792625e-03	9.298728e-01	8.885802e+01	1.820556e-01	9.669015e-01	2.319791e+00	1.595953e-01	4.355847e-01	3.409924e-01	8.009430e-03	8.675190e-05	8.541076e+00	1.615249e-04	1.575213e-02	1.043454e-03	1.143614e-01	4.187883e-01	4.760193e-02	1.506499e-03	
4.877203e-03	9.277746e-01	5.889293e+01	2.224283e-01	9.444750e-01	2.848230e+00	1.673986e-01	4.990400e-01	3.517791e-01	8.720175e-03	1.037474e-04	8.702801e+00	1.999439e-04	1.595318e-02	6.493357e-04	1.088545e-01	3.309637e-01	5.229926e-02	9.421454e-04	
4.891164e-03	1.002958e+00	5.221792e+01	2.041277e-01	1.014484e+00	2.524835e+00	1.471655e-01	3.882506e-01	3.554858e-01	8.701427e-03	6.958765e-05	8.827264e+00	1.370961e-04	2.317902e-02	7.556860e-04	1.067550e-01	2.881923e-01	9.054728e-02	1.014216e-03	
4.910682e-03	9.544181e-01	2.987587e+01	1.884881e-01	1.039728e+00	2.357724e+00	1.555673e-01	4.921165e-01	4.337658e-01	1.091475e-02	1.135644e-04	1.116602e+01	2.120577e-04	1.427827e-02	8.859410e-04	1.108450e-01	3.565115e-01	4.594620e-02	1.288075e-03	
4.946672e-03	9.364199e-01	8.204018e+01	1.871863e-01	1.014039e+00	2.333125e+00	1.532116e-01	4.413816e-01	3.528560e-01	8.700507e-03	1.591477e-04	8.829310e+00	3.114577e-04	9.112785e-03	1.006360e-03	1.068507e-01	2.884279e-01	3.350812e-02	1.434105e-03	
5.100307e-03	9.472641e-01	1.079388e+02	2.272106e-01	9.863095e-01	2.842350e+00	1.467201e-01	3.487408e-01	3.420671e-01	7.673325e-03	9.115832e-05	8.757645e+00	1.614861e-04	2.736981e-02	8.067370e-04	1.101042e-01	2.718695e-01	1.097931e-01	1.086834e-03	
5.199957e-03	9.597872e-01	3.113888e+01	1.790049e-01	1.027620e+00	2.256390e+00	1.548627e-01	5.400714e-01	3.794672e-01	9.915143e-03	1.257620e-04	9.591555e+00	2.396345e-04	1.158717e-02	9.510383e-04	1.079412e-01	2.983877e-01	4.370531e-02	1.274127e-03	
5.256169e-03	9.614524e-01	1.045655e+02	2.017941e-01	9.880107e-01	2.422114e+00	1.525198e-01	4.749245e-01	4.024708e-01	1.003221e-02	8.197621e-05	1.017123e+01	1.557542e-04	3.137630e-02	6.547851e-04	1.054184e-01	2.803412e-01	1.218483e-01	8.787927e-04	
5.338172e-03	9.682799e-01	1.161030e+02	2.022127e-01	9.930849e-01	2.497112e+00	1.504100e-01	4.088494e-01	3.678207e-01	8.343027e-03	1.077749e-04	9.155902e+00	2.056826e-04	1.438478e-02	8.664010e-04	1.051110e-01	2.535630e-01	5.964403e-02	1.189622e-03	
