f	x(1)	x(2)	x(3)	x(4)	x(5)	x(6)	x(7)	x(8)	x(9)	x(10)	x(11)	x(12)	x(13)	x(14)	x(15)	x(16)	x(17)	x(18)	
3.651478e-03	1.912062e-03	1.008696e-01	4.066448e-02	2.538162e+00	2.839446e-01	1.454752e-04	2.656351e-02	1.002081e-01	2.108182e-03	7.222647e-03	2.333573e+00	1.638686e-02	2.255902e+00	2.894595e-04	1.149209e-01	6.555008e-01	1.195277e+01	3.853298e-04	
3.657125e-03	1.544361e-03	1.005162e-01	1.039991e-01	2.563475e+00	7.395900e-01	3.008598e-04	6.161905e-02	1.020647e-01	2.170830e-03	7.529465e-03	2.363879e+00	1.749519e-02	2.509228e+00	3.856040e-04	1.170266e-01	7.490655e-01	1.369742e+01	4.933042e-04	
3.735677e-03	1.406614e-03	9.931468e-02	1.120075e-01	2.524983e+00	7.860821e-01	1.875917e-04	8.878065e-02	1.005293e-01	2.159166e-03	7.172229e-03	2.362488e+00	1.583739e-02	2.524032e+00	1.974948e-04	1.157726e-01	7.775109e-01	1.342896e+01	2.539329e-04	
3.751587e-03	1.323032e-03	1.001394e-01	1.014211e-01	2.499551e+00	7.025671e-01	2.234349e-04	2.262330e-02	1.423184e-01	2.978612e-03	6.244082e-03	3.332798e+00	1.395018e-02	2.480098e+00	1.152131e-04	1.126158e-01	7.696296e-01	1.224857e+01	1.536561e-04	
3.753091e-03	4.324352e-04	1.031543e-01	5.450914e-02	2.531492e+00	3.790120e-01	1.303203e-04	1.110984e-01	8.820526e-02	1.815026e-03	8.414693e-03	2.051863e+00	1.958377e-02	2.959523e+00	3.342316e-04	1.132381e-01	8.138860e-01	1.879112e+01	4.182309e-04	
3.756753e-03	2.489337e-03	9.493508e-02	5.530935e-02	2.536500e+00	3.905878e-01	4.024591e-04	2.983741e-02	1.289301e-01	2.795471e-03	8.087094e-03	2.997230e+00	1.946428e-02	2.363653e+00	2.588027e-04	1.157312e-01	7.681501e-01	1.231462e+01	3.191928e-04	
3.757611e-03	5.982359e-04	1.001982e-01	1.537491e-01	2.537323e+00	1.087066e+00	1.462281e-04	3.949583e-02	1.140629e-01	2.478884e-03	7.220828e-03	2.667253e+00	1.623853e-02	2.528670e+00	1.906430e-04	1.145367e-01	8.370620e-01	1.221594e+01	2.470378e-04	
3.757668e-03	6.899918e-04	9.939023e-02	9.155907e-02	2.574729e+00	6.493583e-01	1.996476e-04	3.067820e-02	1.022439e-01	2.232378e-03	7.517244e-03	2.382348e+00	1.741064e-02	2.364931e+00	2.277878e-04	1.166245e-01	8.004427e-01	1.147337e+01	2.905230e-04	
3.761870e-03	1.061755e-03	9.906553e-02	8.634850e-02	2.540331e+00	6.026509e-01	2.043383e-04	3.863378e-02	9.697932e-02	2.080979e-03	7.978783e-03	2.264050e+00	1.847925e-02	2.708927e+00	2.538169e-04	1.133031e-01	8.406967e-01	1.450994e+01	3.280245e-04	
3.769388e-03	5.281916e-04	9.926882e-02	9.519626e-02	2.540919e+00	6.646082e-01	1.815756e-04	4.009568e-02	1.098516e-01	2.343925e-03	6.872378e-03	2.534865e+00	1.597552e-02	2.494331e+00	1.802877e-04	1.137640e-01	7.333555e-01	1.304124e+01	2.362439e-04	
3.770373e-03	7.728158e-04	9.951113e-02	9.617624e-02	2.518516e+00	6.666387e-01	2.138697e-04	7.574849e-02	1.105792e-01	2.353826e-03	6.754559e-03	2.549096e+00	1.580623e-02	2.516876e+00	1.179028e-04	1.161067e-01	8.366282e-01	1.253824e+01	1.508618e-04	
3.795788e-03	5.500664e-04	1.000996e-01	2.481789e-01	2.514714e+00	1.729019e+00	1.364401e-04	9.283158e-02	1.036936e-01	2.178705e-03	7.431273e-03	2.408168e+00	1.728302e-02	2.670752e+00	1.829007e-04	1.135358e-01	9.395754e-01	1.250998e+01	2.372413e-04	
3.813423e-03	3.601486e-04	1.029834e-01	6.899881e-02	2.487838e+00	4.764160e-01	8.500353e-05	4.966305e-02	1.195686e-01	2.580554e-03	7.291754e-03	2.811023e+00	1.643166e-02	2.487144e+00	2.117237e-04	1.116781e-01	7.657349e-01	1.234194e+01	2.855641e-04	
3.842223e-03	4.249606e-04	1.002421e-01	5.186041e-02	2.555383e+00	3.664314e-01	1.018377e-04	6.652419e-02	9.562704e-02	2.016032e-03	7.830212e-03	2.223447e+00	1.813478e-02	2.739024e+00	1.989300e-04	1.154997e-01	8.660785e-01	1.502825e+01	2.519609e-04	
3.847534e-03	2.871886e-04	9.694733e-02	1.180178e-01	2.514529e+00	8.162851e-01	1.009788e-04	4.007840e-02	1.547883e-01	3.392228e-03	7.109839e-03	3.670399e+00	1.615721e-02	2.448425e+00	1.446113e-04	1.099960e-01	8.874765e-01	1.077420e+01	1.875084e-04	
3.864260e-03	5.944781e-04	1.015645e-01	6.580702e-02	2.545583e+00	4.568756e-01	1.039502e-04	5.931919e-02	8.340867e-02	1.719190e-03	7.396817e-03	1.914643e+00	1.716970e-02	2.875113e+00	2.002035e-04	1.143731e-01	8.728633e-01	1.548449e+01	2.645634e-04	
3.865246e-03	8.782918e-04	1.004678e-01	1.435317e-01	2.494048e+00	9.917079e-01	1.400684e-04	5.775966e-02	1.083461e-01	2.347561e-03	7.332840e-03	2.514174e+00	1.688179e-02	2.505937e+00	2.021382e-04	1.132405e-01	8.084289e-01	1.190534e+01	2.749781e-04	
3.876873e-03	4.728381e-04	1.045679e-01	3.933178e-02	2.524905e+00	2.719658e-01	9.074672e-05	5.465372e-02	9.399995e-02	1.943460e-03	8.066322e-03	2.180629e+00	1.901968e-02	2.898009e+00	2.496224e-04	1.129372e-01	8.286293e-01	1.667540e+01	3.264152e-04	
3.876957e-03	2.193125e-03	1.028921e-01	6.588537e-02	2.542343e+00	4.616598e-01	3.779578e-04	5.599229e-02	1.005642e-01	2.097353e-03	7.774111e-03	2.324556e+00	1.848891e-02	2.636415e+00	2.195344e-04	1.149670e-01	7.966684e-01	1.438119e+01	2.828983e-04	
3.877061e-03	3.859989e-04	9.974465e-02	3.050998e-02	2.558780e+00	2.145549e-01	1.077905e-04	4.408356e-02	1.199143e-01	2.472188e-03	7.791551e-03	2.823302e+00	1.781114e-02	2.434176e+00	2.608898e-04	1.159234e-01	7.059053e-01	1.381019e+01	3.310571e-04	
3.888679e-03	4.979667e-04	1.006344e-01	9.582507e-02	2.538394e+00	6.752194e-01	9.133743e-05	6.340991e-02	1.038183e-01	2.151660e-03	8.227784e-03	2.432375e+00	1.903518e-02	2.475688e+00	2.851014e-04	1.127039e-01	7.339937e-01	1.328105e+01	3.586831e-04	
3.890645e-03	2.435574e-03	1.019275e-01	4.051721e-02	2.542545e+00	2.829797e-01	2.760662e-04	7.570012e-02	8.762343e-02	1.851510e-03	7.634456e-03	2.042273e+00	1.751211e-02	2.919666e+00	2.706395e-04	1.150530e-01	8.298503e-01	1.720390e+01	3.525363e-04	
3.891338e-03	6.504908e-04	9.964045e-02	5.902019e-02	2.503658e+00	4.065414e-01	1.660437e-04	6.117445e-02	1.025107e-01	2.077139e-03	7.936542e-03	2.392431e+00	1.825899e-02	2.464495e+00	4.309325e-04	1.169924e-01	7.839713e-01	1.259549e+01	5.488336e-04	
3.903333e-03	9.832423e-04	1.021984e-01	7.566621e-02	2.556083e+00	5.368310e-01	1.624330e-04	1.899728e-02	9.037662e-02	1.975067e-03	7.523182e-03	2.113789e+00	1.688203e-02	2.355188e+00	3.167448e-04	1.134256e-01	7.699984e-01	1.136044e+01	4.052362e-04	
3.919338e-03	7.757824e-04	1.037314e-01	5.863384e-02	2.510882e+00	4.087759e-01	9.218577e-05	3.134827e-02	1.080325e-01	2.267282e-03	7.670540e-03	2.526463e+00	1.742423e-02	2.429392e+00	2.682658e-04	1.148660e-01	8.447502e-01	1.155314e+01	3.268034e-04	
3.923611e-03	9.413062e-04	1.034431e-01	7.995468e-02	2.522131e+00	5.660410e-01	2.276705e-04	2.507834e-02	1.085357e-01	2.377403e-03	7.234447e-03	2.499790e+00	1.705184e-02	2.453852e+00	2.521498e-04	1.152408e-01	7.960122e-01	1.185862e+01	3.387387e-04	
3.924579e-03	9.034552e-04	9.958372e-02	4.087377e-02	2.546079e+00	2.867713e-01	1.214567e-04	5.129888e-02	9.965754e-02	2.200107e-03	6.886879e-03	2.276132e+00	1.629741e-02	2.687510e+00	1.227380e-04	1.165591e-01	8.094077e-01	1.515161e+01	1.621274e-04	
3.926866e-03	7.101775e-04	9.930096e-02	8.444848e-02	2.531709e+00	5.880101e-01	1.574498e-04	2.779537e-02	1.115284e-01	2.331578e-03	7.202434e-03	2.601980e+00	1.653885e-02	2.338602e+00	1.760771e-04	1.150453e-01	8.221013e-01	1.108277e+01	2.238394e-04	
3.936253e-03	9.438018e-04	1.011749e-01	1.077900e-01	2.535554e+00	7.494148e-01	1.953281e-04	8.142565e-02	9.915278e-02	2.089878e-03	7.488063e-03	2.307497e+00	1.719436e-02	2.623489e+00	1.892069e-04	1.137396e-01	8.891771e-01	1.319624e+01	2.288840e-04	
3.937117e-03	6.747790e-04	1.032787e-01	6.724846e-02	2.541415e+00	4.689142e-01	1.562269e-04	5.808569e-02	9.950326e-02	1.977065e-03	7.012469e-03	2.329549e+00	1.548863e-02	2.824360e+00	1.703637e-04	1.148894e-01	8.143644e-01	1.664418e+01	2.146406e-04	
3.937370e-03	1.429932e-03	9.840417e-02	3.934674e-02	2.522732e+00	2.755129e-01	1.609702e-04	3.785777e-02	1.214608e-01	2.728561e-03	7.174333e-03	2.786039e+00	1.739100e-02	2.352768e+00	1.609928e-04	1.168579e-01	7.376514e-01	1.221049e+01	2.068521e-04	
3.937493e-03	6.438581e-04	1.001364e-01	1.120357e-01	2.509250e+00	7.862480e-01	2.095627e-04	1.030176e-01	7.624660e-02	1.596744e-03	7.203832e-03	1.758864e+00	1.653602e-02	2.708612e+00	2.217778e-04	1.143369e-01	8.489109e-01	1.423522e+01	2.928988e-04	
3.938324e-03	2.293126e-04	1.002915e-01	6.814754e-02	2.508210e+00	4.712859e-01	7.036340e-05	4.822371e-02	8.480462e-02	1.829374e-03	7.982658e-03	1.991947e+00	1.809624e-02	2.800753e+00	3.160222e-04	1.100660e-01	7.848395e-01	1.622843e+01	4.089275e-04	
3.941408e-03	6.987710e-04	1.013958e-01	7.691901e-02	2.520036e+00	5.345041e-01	2.517404e-04	5.863327e-02	1.019827e-01	2.279612e-03	6.902439e-03	2.327132e+00	1.654103e-02	2.790765e+00	2.011058e-04	1.151882e-01	9.114253e-01	1.345964e+01	2.804534e-04	
3.943993e-03	7.479379e-04	1.041234e-01	7.007057e-02	2.511466e+00	4.831111e-01	1.200033e-04	7.498946e-02	9.127103e-02	1.977065e-03	6.767126e-03	2.132391e+00	1.489275e-02	2.445004e+00	3.046767e-04	1.140142e-01	6.567012e-01	1.423436e+01	4.012481e-04	
3.944652e-03	2.472325e-03	1.000554e-01	7.866126e-02	2.497559e+00	5.437679e-01	3.999557e-04	8.273580e-02	9.589686e-02	2.052998e-03	6.979893e-03	2.181977e+00	1.690622e-02	2.553722e+00	2.383727e-04	1.137655e-01	7.721177e-01	1.382967e+01	3.037240e-04	
3.946905e-03	5.400794e-04	1.012601e-01	7.492437e-02	2.560404e+00	5.205868e-01	9.962007e-05	4.256319e-02	1.356398e-01	2.933664e-03	7.073325e-03	3.174572e+00	1.626007e-02	2.593578e+00	1.426421e-04	1.125025e-01	7.655467e-01	1.413356e+01	1.797550e-04	
3.952916e-03	9.916329e-04	9.495278e-02	2.856237e-02	2.536152e+00	1.990735e-01	2.648509e-04	9.586001e-02	1.081926e-01	2.306851e-03	8.176979e-03	2.496983e+00	1.956208e-02	2.482217e+00	3.003461e-04	1.160044e-01	6.177658e-01	1.697650e+01	3.814430e-04	
3.957657e-03	6.811042e-04	9.847498e-02	1.238806e-01	2.563030e+00	8.812539e-01	1.668062e-04	2.202273e-02	1.118881e-01	2.384148e-03	7.439938e-03	2.676795e+00	1.592395e-02	2.476926e+00	2.313190e-04	1.155314e-01	8.345379e-01	1.192464e+01	2.929200e-04	
3.957676e-03	7.663040e-04	9.764119e-02	1.069784e-01	2.538265e+00	7.530487e-01	1.775628e-04	3.217176e-02	1.019917e-01	2.258655e-03	7.204223e-03	2.370750e+00	1.647853e-02	2.757674e+00	1.455451e-04	1.130938e-01	8.954243e-01	1.359188e+01	1.907132e-04	
3.968932e-03	4.245536e-04	1.039251e-01	2.457095e-01	2.571453e+00	1.750030e+00	9.718620e-05	4.534395e-02	1.022491e-01	2.079694e-03	7.572186e-03	2.391214e+00	1.720094e-02	2.432510e+00	4.127482e-04	1.169584e-01	6.910581e-01	1.366831e+01	5.359614e-04	
3.972057e-03	1.418169e-03	1.021018e-01	2.727123e-02	2.552401e+00	1.910180e-01	1.563956e-04	4.627010e-02	9.890957e-02	2.109068e-03	7.685609e-03	2.268792e+00	1.831426e-02	2.528657e+00	2.467259e-04	1.157313e-01	7.017231e-01	1.478551e+01	3.088868e-04	
3.973157e-03	6.729434e-04	1.009302e-01	6.441379e-02	2.497142e+00	4.419376e-01	1.190436e-04	8.472135e-02	7.876791e-02	1.595126e-03	8.052193e-03	1.809829e+00	1.920740e-02	2.717966e+00	3.028891e-04	1.131564e-01	7.695003e-01	1.563128e+01	3.971073e-04	
3.977492e-03	3.748428e-04	9.928954e-02	6.308222e-02	2.549783e+00	4.448536e-01	1.702747e-04	6.000078e-02	1.064401e-01	2.399815e-03	8.020423e-03	2.466417e+00	1.939644e-02	2.809347e+00	1.954853e-04	1.136508e-01	9.472738e-01	1.459635e+01	2.462590e-04	
3.983139e-03	1.683582e-04	1.056989e-01	1.281162e-01	2.543550e+00	8.985900e-01	4.770394e-05	4.716063e-02	1.011533e-01	2.149773e-03	7.143441e-03	2.339642e+00	1.624790e-02	2.602135e+00	1.348217e-04	1.166734e-01	8.646203e-01	1.282266e+01	1.774355e-04	
3.983880e-03	9.831811e-04	1.019851e-01	1.104936e-01	2.513378e+00	7.666622e-01	8.321608e-05	2.036758e-02	1.011459e-01	2.224229e-03	6.864956e-03	2.337769e+00	1.576842e-02	2.456585e+00	1.501545e-04	1.128721e-01	7.852720e-01	1.191515e+01	2.042630e-04	
3.988490e-03	7.188230e-04	1.044632e-01	1.447830e-01	2.531211e+00	1.024184e+00	1.646345e-04	3.790797e-02	1.061278e-01	2.233803e-03	7.712100e-03	2.480022e+00	1.745442e-02	2.663276e+00	2.627249e-04	1.145277e-01	9.099820e-01	1.213826e+01	3.454467e-04	
3.988917e-03	7.158183e-04	1.015086e-01	9.646408e-02	2.544087e+00	6.784086e-01	1.768313e-04	6.573722e-02	8.511224e-02	1.791398e-03	7.521913e-03	1.974637e+00	1.689300e-02	2.769981e+00	2.661763e-04	1.163223e-01	9.602031e-01	1.347009e+01	3.390995e-04	
3.990553e-03	4.787241e-04	1.012069e-01	7.865198e-02	2.531689e+00	5.525103e-01	1.137106e-04	4.427177e-02	1.017601e-01	2.122083e-03	8.341149e-03	2.346037e+00	2.024767e-02	2.768580e+00	2.332815e-04	1.143281e-01	9.599603e-01	1.270043e+01	3.205098e-04	
3.993775e-03	6.648021e-04	9.940304e-02	4.742638e-02	2.536298e+00	3.281654e-01	1.341583e-04	5.751926e-02	8.821557e-02	1.839958e-03	7.395066e-03	2.059461e+00	1.642578e-02	2.683823e+00	2.872579e-04	1.160323e-01	8.387572e-01	1.409128e+01	3.793369e-04	
3.998947e-03	1.270535e-03	1.027893e-01	3.606390e-02	2.532066e+00	2.527775e-01	1.780836e-04	6.570106e-02	1.031692e-01	2.295301e-03	7.343684e-03	2.374178e+00	1.752036e-02	2.469076e+00	1.525350e-04	1.178452e-01	7.519700e-01	1.323899e+01	1.954795e-04	
4.006325e-03	9.937613e-04	1.015277e-01	4.772761e-02	2.536118e+00	3.310922e-01	1.014088e-04	4.412551e-02	9.755640e-02	2.070667e-03	7.830538e-03	2.241714e+00	1.870627e-02	2.731283e+00	2.212531e-04	1.142907e-01	8.065002e-01	1.570296e+01	2.711017e-04	
4.009277e-03	6.290766e-04	1.042631e-01	6.789687e-02	2.552254e+00	4.779451e-01	1.068918e-04	5.120647e-02	1.047766e-01	2.260984e-03	7.484231e-03	2.428835e+00	1.756404e-02	2.475369e+00	1.848645e-04	1.156144e-01	8.099135e-01	1.228828e+01	2.449109e-04	
4.021724e-03	2.301068e-03	1.015447e-01	6.285927e-02	2.516196e+00	4.325582e-01	2.865439e-04	1.087800e-01	7.752627e-02	1.609111e-03	7.104823e-03	1.786938e+00	1.610705e-02	2.594170e+00	3.669945e-04	1.131377e-01	6.932423e-01	1.545443e+01	4.683969e-04	
4.037643e-03	1.350852e-03	9.885214e-02	6.998387e-02	2.536000e+00	4.932071e-01	2.109730e-04	7.176272e-02	7.050324e-02	1.429416e-03	7.974731e-03	1.623716e+00	1.854016e-02	2.683009e+00	4.085709e-04	1.152030e-01	7.401957e-01	1.683851e+01	5.059602e-04	
4.049071e-03	3.877121e-04	1.018416e-01	5.909240e-02	2.533897e+00	4.115112e-01	1.370183e-04	8.682298e-02	1.058162e-01	2.264082e-03	8.855683e-03	2.449297e+00	2.137249e-02	2.909397e+00	2.022892e-04	1.125907e-01	9.748970e-01	1.384174e+01	2.667441e-04	
4.050400e-03	3.382444e-04	1.037780e-01	6.226228e-02	2.489322e+00	4.280915e-01	9.168189e-05	6.337805e-02	9.163547e-02	1.918303e-03	8.732320e-03	2.104011e+00	2.121078e-02	2.817216e+00	3.296578e-04	1.101238e-01	9.181059e-01	1.405396e+01	4.224523e-04	
4.055011e-03	5.361120e-04	9.917513e-02	9.091315e-02	2.523873e+00	6.259215e-01	8.027929e-05	5.331955e-02	9.567126e-02	2.060981e-03	6.991346e-03	2.217595e+00	1.591620e-02	2.601723e+00	1.723577e-04	1.133163e-01	7.726324e-01	1.441630e+01	2.138472e-04	
4.055783e-03	8.458625e-04	1.011800e-01	8.139007e-02	2.574770e+00	5.793326e-01	3.058591e-04	1.141031e-01	9.925443e-02	2.219974e-03	8.067509e-03	2.278161e+00	1.945974e-02	2.526062e+00	2.001763e-04	1.177476e-01	8.182358e-01	1.250308e+01	2.687912e-04	
4.060604e-03	7.658274e-04	9.909070e-02	6.940328e-02	2.543948e+00	4.839180e-01	1.373222e-04	3.370693e-02	1.323688e-01	2.912983e-03	7.678952e-03	3.080100e+00	1.821501e-02	2.619414e+00	1.831961e-04	1.113746e-01	8.329474e-01	1.294181e+01	2.503055e-04	
4.063516e-03	9.725067e-04	1.002102e-01	8.776470e-02	2.577666e+00	6.248699e-01	1.972670e-04	7.411668e-02	1.175382e-01	2.504719e-03	7.538493e-03	2.786017e+00	1.691651e-02	2.453552e+00	2.781432e-04	1.140768e-01	7.478664e-01	1.338753e+01	3.435205e-04	
4.064555e-03	2.833121e-04	1.035061e-01	1.257355e-01	2.505905e+00	8.747257e-01	7.206356e-05	1.285627e-01	1.013223e-01	2.179001e-03	7.108404e-03	2.349788e+00	1.655317e-02	2.659718e+00	1.782834e-04	1.127039e-01	8.764418e-01	1.347974e+01	2.304341e-04	
4.071995e-03	1.421686e-03	1.030407e-01	9.658356e-02	2.517214e+00	6.780129e-01	3.472870e-04	1.069670e-01	8.999004e-02	1.995548e-03	8.248969e-03	2.084574e+00	1.964793e-02	2.941139e+00	2.958692e-04	1.141088e-01	9.544405e-01	1.494010e+01	4.098106e-04	
4.072172e-03	2.950849e-04	1.021340e-01	1.121635e-01	2.499752e+00	7.754784e-01	8.834867e-05	5.305172e-02	9.708808e-02	2.111746e-03	7.515440e-03	2.284165e+00	1.691314e-02	2.552948e+00	3.330547e-04	1.104390e-01	8.718422e-01	1.248212e+01	4.103330e-04	
4.075875e-03	2.826012e-03	9.967849e-02	6.115276e-02	2.526688e+00	4.312264e-01	3.367839e-04	3.990985e-02	1.064887e-01	2.244790e-03	6.728462e-03	2.519821e+00	1.468026e-02	2.563660e+00	1.745753e-04	1.140425e-01	7.372926e-01	1.439649e+01	2.241990e-04	
4.076017e-03	6.293058e-04	9.815865e-02	7.765618e-02	2.557620e+00	5.483888e-01	2.204693e-04	8.223215e-02	1.019470e-01	2.122133e-03	8.848583e-03	2.343124e+00	2.180638e-02	2.712860e+00	3.803046e-04	1.107607e-01	8.636285e-01	1.346868e+01	4.961017e-04	
4.081889e-03	9.174142e-04	9.925723e-02	5.198273e-02	2.530478e+00	3.616513e-01	9.355678e-05	5.074102e-02	1.165612e-01	2.373070e-03	6.533549e-03	2.697391e+00	1.483477e-02	2.484281e+00	1.610360e-04	1.120051e-01	7.304039e-01	1.381947e+01	2.042489e-04	
4.082267e-03	1.020456e-03	1.010256e-01	7.696222e-02	2.567918e+00	5.507207e-01	3.395523e-04	5.308978e-02	1.028286e-01	2.206156e-03	8.014549e-03	2.410855e+00	1.820286e-02	2.469628e+00	4.116549e-04	1.165667e-01	7.721963e-01	1.223412e+01	5.413583e-04	
4.089452e-03	5.735661e-04	1.023972e-01	1.002703e-01	2.559450e+00	7.123312e-01	2.029425e-04	6.835115e-02	9.119416e-02	2.058976e-03	8.067163e-03	2.080145e+00	2.013277e-02	2.742946e+00	3.048952e-04	1.143446e-01	8.731618e-01	1.406718e+01	3.991440e-04	
4.090852e-03	9.000431e-04	9.905517e-02	6.888531e-02	2.520276e+00	4.764505e-01	1.498254e-04	6.229955e-02	1.055069e-01	2.154990e-03	6.854231e-03	2.452442e+00	1.557486e-02	2.573673e+00	1.662688e-04	1.133563e-01	7.359303e-01	1.551144e+01	1.993796e-04	
4.103590e-03	1.269167e-03	9.912385e-02	7.291621e-02	2.543928e+00	5.137405e-01	1.705574e-04	5.329018e-02	7.513028e-02	1.543525e-03	7.556000e-03	1.731524e+00	1.748899e-02	2.648287e+00	3.085154e-04	1.170010e-01	8.839434e-01	1.355015e+01	4.083359e-04	
4.107785e-03	7.685910e-04	1.034648e-01	4.418418e-02	2.556827e+00	3.114440e-01	1.157185e-04	6.993275e-02	9.713936e-02	1.975422e-03	7.698861e-03	2.233327e+00	1.828375e-02	2.525355e+00	1.957075e-04	1.155386e-01	7.033857e-01	1.403769e+01	2.617130e-04	
4.109540e-03	1.300793e-03	1.011598e-01	7.174691e-02	2.531542e+00	5.078317e-01	2.121025e-04	3.206816e-02	8.259639e-02	1.689551e-03	8.462059e-03	1.933915e+00	1.917660e-02	2.621856e+00	3.848935e-04	1.133532e-01	7.765982e-01	1.486175e+01	4.841673e-04	
4.111717e-03	6.498515e-04	1.006815e-01	7.302784e-02	2.537687e+00	5.079761e-01	1.145204e-04	5.986564e-02	9.493160e-02	2.035492e-03	7.615003e-03	2.207783e+00	1.730273e-02	2.473664e+00	2.001618e-04	1.159601e-01	7.842492e-01	1.278789e+01	2.623163e-04	
4.120450e-03	3.321343e-04	9.986871e-02	7.156834e-02	2.538425e+00	5.022168e-01	8.727237e-05	6.382525e-02	9.853977e-02	2.075828e-03	7.336189e-03	2.263230e+00	1.737357e-02	2.405816e+00	2.518283e-04	1.142971e-01	7.161200e-01	1.348137e+01	3.029932e-04	
4.121577e-03	1.259366e-03	1.016801e-01	5.097066e-02	2.557991e+00	3.570053e-01	2.317656e-04	7.147947e-02	7.548142e-02	1.601850e-03	7.433883e-03	1.717207e+00	1.752913e-02	2.669922e+00	2.851357e-04	1.175195e-01	8.353582e-01	1.445060e+01	3.747086e-04	
4.123873e-03	6.578655e-04	9.921752e-02	1.341622e-01	2.521809e+00	9.298113e-01	1.566318e-04	6.541064e-02	9.642867e-02	2.012728e-03	7.499907e-03	2.278465e+00	1.636157e-02	2.808460e+00	2.781526e-04	1.124032e-01	9.599053e-01	1.385199e+01	3.409748e-04	
4.124278e-03	2.377752e-03	1.009628e-01	3.950509e-02	2.552294e+00	2.767928e-01	7.197955e-04	5.501128e-02	9.821961e-02	2.065098e-03	7.051062e-03	2.302071e+00	1.564418e-02	2.658252e+00	1.937675e-04	1.190143e-01	8.783843e-01	1.362594e+01	2.476797e-04	
4.126752e-03	1.170435e-03	9.919972e-02	1.142069e-01	2.538106e+00	7.986069e-01	2.692676e-04	4.497421e-02	1.031929e-01	2.250713e-03	7.544269e-03	2.421883e+00	1.728288e-02	2.551678e+00	2.965606e-04	1.139342e-01	8.502972e-01	1.281118e+01	3.791038e-04	
4.139739e-03	4.017664e-04	1.026995e-01	5.446024e-02	2.512129e+00	3.747833e-01	6.509798e-05	6.644914e-02	1.022675e-01	2.118033e-03	6.770138e-03	2.323949e+00	1.605623e-02	2.416858e+00	1.839184e-04	1.158675e-01	7.265038e-01	1.310475e+01	2.370688e-04	
4.140149e-03	1.491515e-03	9.853939e-02	8.024374e-02	2.519759e+00	5.549466e-01	3.266745e-04	8.620968e-02	1.218182e-01	2.626917e-03	6.760423e-03	2.809657e+00	1.608436e-02	2.442170e+00	2.491936e-04	1.156903e-01	7.118561e-01	1.341151e+01	3.202786e-04	
4.141997e-03	1.344338e-03	9.960848e-02	5.606450e-02	2.519948e+00	3.907080e-01	2.053611e-04	4.346113e-02	1.153343e-01	2.600953e-03	6.875044e-03	2.711910e+00	1.539843e-02	2.523353e+00	1.583689e-04	1.158438e-01	7.751884e-01	1.438271e+01	1.882501e-04	
4.144561e-03	3.076051e-04	9.977930e-02	6.662520e-02	2.530425e+00	4.575114e-01	6.220729e-05	5.708421e-02	1.322320e-01	2.747682e-03	7.356676e-03	3.097118e+00	1.692420e-02	2.395636e+00	2.286285e-04	1.132947e-01	6.761105e-01	1.321570e+01	3.043936e-04	
4.144749e-03	5.014110e-04	9.964905e-02	8.914995e-02	2.545136e+00	6.179807e-01	9.601685e-05	4.512014e-02	9.988468e-02	2.222325e-03	7.859870e-03	2.327092e+00	1.828099e-02	2.491299e+00	1.822421e-04	1.149588e-01	8.098644e-01	1.265686e+01	2.294309e-04	
4.146990e-03	6.820865e-04	1.026543e-01	1.087591e-01	2.552327e+00	7.723412e-01	1.336847e-04	3.192777e-02	1.164503e-01	2.594110e-03	7.320538e-03	2.738773e+00	1.670950e-02	2.391363e+00	1.461897e-04	1.142461e-01	7.473713e-01	1.208779e+01	1.931562e-04	
4.146997e-03	1.025651e-03	1.005729e-01	5.733724e-02	2.540929e+00	4.027167e-01	1.438222e-04	2.265882e-02	1.158824e-01	2.374499e-03	6.256095e-03	2.691320e+00	1.376668e-02	2.279453e+00	2.660843e-04	1.153924e-01	6.664060e-01	1.222951e+01	3.490566e-04	
4.147764e-03	4.090049e-04	1.005030e-01	7.057460e-02	2.543366e+00	4.952948e-01	1.276470e-04	6.610876e-02	1.008056e-01	2.059258e-03	8.015471e-03	2.349476e+00	1.819807e-02	2.859517e+00	1.983720e-04	1.140723e-01	9.755413e-01	1.429008e+01	2.590054e-04	
4.148996e-03	9.649487e-04	1.029163e-01	5.033742e-02	2.560346e+00	3.539392e-01	1.487883e-04	4.838855e-02	1.049180e-01	2.302389e-03	8.127163e-03	2.450313e+00	1.923438e-02	2.749282e+00	1.748415e-04	1.155401e-01	8.961053e-01	1.325160e+01	2.358669e-04	
4.149679e-03	1.391154e-03	1.009268e-01	7.167905e-02	2.550803e+00	5.075561e-01	2.596175e-04	5.391534e-02	1.059172e-01	2.295941e-03	7.709057e-03	2.464650e+00	1.789239e-02	2.499559e+00	2.902081e-04	1.180200e-01	7.956867e-01	1.218399e+01	4.103059e-04	
4.164511e-03	2.305141e-04	1.055184e-01	8.277837e-02	2.515183e+00	5.774786e-01	6.623844e-05	6.881944e-02	1.053608e-01	2.218908e-03	7.328334e-03	2.404635e+00	1.764237e-02	2.500270e+00	2.327256e-04	1.133781e-01	7.827614e-01	1.181466e+01	3.322102e-04	
4.164942e-03	4.682405e-04	1.028724e-01	1.630703e-01	2.537923e+00	1.153568e+00	9.780463e-05	3.825087e-02	1.081634e-01	2.314448e-03	7.181624e-03	2.526263e+00	1.655798e-02	2.520542e+00	2.086301e-04	1.108826e-01	7.493092e-01	1.320130e+01	2.752759e-04	
4.179333e-03	1.953764e-03	1.004387e-01	3.767331e-02	2.539691e+00	2.650648e-01	3.494786e-04	4.094021e-02	7.729120e-02	1.718604e-03	7.925664e-03	1.789732e+00	1.840948e-02	2.359401e+00	2.822617e-04	1.192936e-01	6.807698e-01	1.393685e+01	3.471769e-04	
4.179840e-03	1.282854e-03	1.009899e-01	6.468831e-02	2.562503e+00	4.601777e-01	3.002442e-04	5.604204e-02	1.037167e-01	2.152456e-03	7.351535e-03	2.402417e+00	1.668403e-02	2.395635e+00	2.876965e-04	1.191927e-01	7.448836e-01	1.212634e+01	3.823653e-04	
4.184094e-03	7.945813e-04	1.027368e-01	6.358869e-02	2.510451e+00	4.406083e-01	1.263442e-04	7.880480e-02	9.558266e-02	2.036455e-03	7.508037e-03	2.192657e+00	1.747449e-02	2.532025e+00	2.298280e-04	1.164748e-01	8.200476e-01	1.266788e+01	2.987784e-04	
4.186721e-03	1.090754e-03	1.015232e-01	5.816347e-02	2.514045e+00	4.026834e-01	2.026895e-04	5.385784e-02	8.944331e-02	1.837785e-03	7.846664e-03	2.091853e+00	1.784250e-02	2.514660e+00	4.421195e-04	1.159605e-01	7.837138e-01	1.430684e+01	5.375018e-04	
4.186808e-03	1.761660e-03	1.006857e-01	8.115067e-02	2.524314e+00	5.686853e-01	3.621530e-04	6.181107e-02	8.627075e-02	1.840869e-03	6.614225e-03	1.946876e+00	1.565950e-02	2.424729e+00	1.713418e-04	1.170385e-01	7.474391e-01	1.288924e+01	2.200838e-04	
4.188052e-03	3.628735e-04	9.917241e-02	1.159928e-01	2.526697e+00	8.151197e-01	1.842361e-04	5.827970e-02	1.064601e-01	2.291867e-03	8.762962e-03	2.486056e+00	2.062217e-02	2.985306e+00	2.936497e-04	1.097865e-01	9.947363e-01	1.477517e+01	3.723767e-04	
4.190296e-03	3.772789e-04	1.024410e-01	8.022265e-02	2.551403e+00	5.653664e-01	8.217269e-05	6.420460e-02	1.000427e-01	2.142146e-03	7.130897e-03	2.321713e+00	1.655138e-02	2.510662e+00	2.554443e-04	1.183382e-01	7.770880e-01	1.344586e+01	3.362278e-04	
4.190690e-03	3.533846e-03	1.017438e-01	3.505458e-02	2.504545e+00	2.404279e-01	2.822845e-04	3.332389e-02	7.551131e-02	1.563396e-03	7.170677e-03	1.749326e+00	1.597105e-02	2.438517e+00	3.158169e-04	1.155189e-01	6.190944e-01	1.562669e+01	3.994968e-04	
4.193074e-03	1.785323e-03	1.003129e-01	6.328407e-02	2.541977e+00	4.476640e-01	5.298271e-04	8.278313e-02	8.659450e-02	1.898207e-03	7.299504e-03	2.018744e+00	1.646823e-02	2.472323e+00	2.928684e-04	1.179213e-01	7.186664e-01	1.418134e+01	3.866801e-04	
4.201486e-03	6.867367e-04	1.017938e-01	7.094464e-02	2.530078e+00	4.915576e-01	1.326740e-04	4.524788e-02	1.113089e-01	2.326465e-03	7.995438e-03	2.594660e+00	1.884019e-02	2.578328e+00	2.461480e-04	1.120844e-01	7.477305e-01	1.464042e+01	3.197527e-04	
4.213762e-03	7.544708e-04	9.966056e-02	8.301564e-02	2.542759e+00	5.829228e-01	1.455184e-04	3.833469e-02	1.356407e-01	2.894484e-03	7.434071e-03	3.148978e+00	1.743319e-02	2.477328e+00	1.630998e-04	1.169237e-01	8.656887e-01	1.177218e+01	2.205911e-04	
4.214735e-03	2.808221e-04	1.018530e-01	1.678994e-01	2.530568e+00	1.164267e+00	8.649805e-05	9.106163e-02	1.141212e-01	2.405207e-03	6.399317e-03	2.658126e+00	1.417179e-02	2.456775e+00	2.410526e-04	1.149701e-01	7.320526e-01	1.385005e+01	2.977412e-04	
4.217193e-03	9.110444e-04	1.015410e-01	9.497950e-02	2.506468e+00	6.543226e-01	1.037492e-04	3.367008e-02	9.486599e-02	2.098274e-03	7.382918e-03	2.168025e+00	1.799663e-02	2.687630e+00	2.149332e-04	1.153259e-01	8.254963e-01	1.360757e+01	2.917445e-04	
4.226495e-03	6.041272e-04	9.808334e-02	6.860438e-02	2.586545e+00	4.879807e-01	1.255663e-04	6.666690e-02	9.623514e-02	1.952224e-03	7.879536e-03	2.292667e+00	1.698106e-02	2.507012e+00	2.968349e-04	1.144694e-01	7.082105e-01	1.502738e+01	3.507354e-04	
4.228844e-03	1.487331e-03	1.014450e-01	8.957402e-02	2.541102e+00	6.360055e-01	2.558057e-04	4.033784e-02	1.080885e-01	2.390316e-03	7.554230e-03	2.526288e+00	1.758541e-02	2.468245e+00	1.864993e-04	1.149743e-01	8.224225e-01	1.218919e+01	2.427585e-04	
4.237032e-03	4.398130e-04	1.017985e-01	1.215118e-01	2.523463e+00	8.443372e-01	7.078151e-05	2.493552e-02	1.506733e-01	3.408105e-03	7.724924e-03	3.536927e+00	1.826891e-02	2.561974e+00	1.710128e-04	1.136589e-01	9.404273e-01	1.043485e+01	2.512809e-04	
4.240333e-03	1.367201e-03	9.772945e-02	1.627106e-01	2.530879e+00	1.145404e+00	2.529864e-04	4.603000e-02	1.080866e-01	2.182374e-03	6.680448e-03	2.558221e+00	1.420595e-02	2.534784e+00	1.704318e-04	1.158766e-01	9.338628e-01	1.129933e+01	2.109654e-04	
4.242244e-03	2.378162e-03	1.042585e-01	4.940106e-02	2.532165e+00	3.446068e-01	3.267297e-04	6.171822e-02	9.318496e-02	1.868213e-03	7.670148e-03	2.173543e+00	1.737124e-02	2.763768e+00	2.887147e-04	1.146078e-01	7.927605e-01	1.477933e+01	3.811976e-04	
4.244479e-03	5.721390e-04	9.969200e-02	6.899314e-02	2.566295e+00	4.906138e-01	2.029268e-04	4.023316e-02	1.105621e-01	2.349629e-03	7.154117e-03	2.611711e+00	1.598503e-02	2.534026e+00	1.839339e-04	1.147647e-01	8.629632e-01	1.211835e+01	2.402061e-04	
4.246662e-03	8.290576e-04	1.021254e-01	6.984654e-02	2.486712e+00	4.870718e-01	1.612831e-04	5.701623e-02	8.815455e-02	1.915289e-03	6.789769e-03	2.006474e+00	1.618508e-02	2.488045e+00	1.637669e-04	1.142479e-01	7.580049e-01	1.356592e+01	2.097768e-04	
4.250123e-03	1.177881e-03	1.032974e-01	6.646288e-02	2.547883e+00	4.620202e-01	2.272992e-04	2.724988e-02	1.072390e-01	2.347214e-03	7.236327e-03	2.505651e+00	1.662612e-02	2.560748e+00	1.753316e-04	1.156015e-01	7.789823e-01	1.348247e+01	2.274010e-04	
4.254288e-03	1.563951e-03	1.023054e-01	7.498216e-02	2.530624e+00	5.247027e-01	2.011621e-04	7.542921e-02	8.238871e-02	1.666572e-03	7.638477e-03	1.896523e+00	1.742197e-02	2.661582e+00	3.182856e-04	1.175465e-01	7.479923e-01	1.659281e+01	3.905761e-04	
4.259755e-03	7.067271e-04	9.777187e-02	9.851689e-02	2.555891e+00	6.949699e-01	2.007521e-04	7.466315e-02	1.003200e-01	2.064389e-03	7.521292e-03	2.396056e+00	1.627850e-02	2.530875e+00	2.639981e-04	1.149451e-01	7.807055e-01	1.349033e+01	3.342006e-04	
4.265301e-03	1.456652e-03	9.832982e-02	5.912043e-02	2.511463e+00	4.092512e-01	2.589268e-04	2.903301e-02	1.251319e-01	2.635807e-03	7.005871e-03	2.918473e+00	1.622828e-02	2.718244e+00	1.773356e-04	1.111714e-01	8.702586e-01	1.398545e+01	2.175164e-04	
4.266573e-03	1.383858e-03	1.031450e-01	4.151422e-02	2.506417e+00	2.863336e-01	2.126238e-04	2.841969e-02	9.623819e-02	2.158743e-03	8.193647e-03	2.241473e+00	1.919326e-02	2.757366e+00	2.901285e-04	1.143037e-01	8.252831e-01	1.523929e+01	3.858173e-04	
4.267211e-03	2.370136e-03	9.590718e-02	9.870320e-02	2.535449e+00	6.931439e-01	6.628415e-04	7.160330e-02	8.699563e-02	1.865119e-03	7.876196e-03	2.011493e+00	1.828922e-02	2.700940e+00	2.511036e-04	1.160150e-01	9.752054e-01	1.291894e+01	3.083407e-04	
4.271449e-03	5.919972e-04	1.006515e-01	8.626626e-02	2.518985e+00	6.045165e-01	1.788513e-04	2.962428e-02	1.027828e-01	2.121352e-03	7.510270e-03	2.446353e+00	1.626467e-02	2.523340e+00	2.728802e-04	1.135761e-01	8.114480e-01	1.210007e+01	3.736153e-04	
4.280521e-03	6.591880e-04	1.028953e-01	9.496228e-02	2.512724e+00	6.643932e-01	1.414829e-04	5.136872e-02	1.092370e-01	2.352402e-03	7.210676e-03	2.548307e+00	1.678871e-02	2.601991e+00	1.924962e-04	1.120212e-01	8.124569e-01	1.315476e+01	2.515534e-04	
4.286783e-03	9.720009e-04	9.852658e-02	7.224983e-02	2.522105e+00	4.991407e-01	3.344230e-04	6.177046e-02	1.277750e-01	2.844439e-03	6.578795e-03	2.971513e+00	1.527845e-02	2.489984e+00	2.080765e-04	1.133766e-01	7.677150e-01	1.297689e+01	2.577979e-04	
4.287794e-03	1.402416e-03	9.497042e-02	5.675569e-02	2.506754e+00	3.921839e-01	3.111026e-04	5.156175e-02	1.088663e-01	2.264057e-03	8.069780e-03	2.527017e+00	1.922367e-02	2.750992e+00	3.074657e-04	1.135411e-01	9.364140e-01	1.351200e+01	4.175612e-04	
4.298247e-03	1.505588e-03	9.968673e-02	6.648114e-02	2.492143e+00	4.581984e-01	2.276167e-04	5.265435e-02	1.016757e-01	1.994942e-03	6.844217e-03	2.351491e+00	1.530965e-02	2.371357e+00	2.609443e-04	1.152554e-01	6.526006e-01	1.375380e+01	3.369218e-04	
4.300325e-03	2.038154e-03	9.562213e-02	6.387780e-02	2.591165e+00	4.525099e-01	3.528965e-04	2.860948e-02	1.343149e-01	3.001062e-03	6.414040e-03	3.132843e+00	1.463460e-02	2.418513e+00	1.721650e-04	1.128173e-01	7.139344e-01	1.355007e+01	2.070993e-04	
4.300974e-03	2.224519e-03	1.002747e-01	6.892450e-02	2.530089e+00	4.887044e-01	2.347473e-04	7.183062e-02	1.014509e-01	2.221671e-03	6.638729e-03	2.356850e+00	1.481523e-02	2.349636e+00	2.355810e-04	1.162809e-01	6.728571e-01	1.358617e+01	2.925272e-04	
4.302270e-03	2.160370e-03	9.745444e-02	1.257886e-01	2.517846e+00	8.740109e-01	4.124188e-04	9.503021e-02	8.488637e-02	1.735153e-03	7.185093e-03	1.959430e+00	1.675675e-02	2.787117e+00	1.816102e-04	1.129159e-01	9.321347e-01	1.422454e+01	2.316040e-04	
4.306960e-03	8.910251e-04	9.967066e-02	2.989346e-02	2.516770e+00	2.050613e-01	1.001394e-04	3.854772e-02	1.350491e-01	2.890893e-03	7.847392e-03	3.118129e+00	1.920887e-02	2.807353e+00	2.240951e-04	1.110035e-01	8.227246e-01	1.514678e+01	3.146696e-04	
4.307919e-03	7.369411e-04	1.022615e-01	5.982672e-02	2.535174e+00	4.142868e-01	1.363708e-04	4.202179e-02	1.145431e-01	2.457729e-03	7.722808e-03	2.718680e+00	1.728012e-02	2.443312e+00	3.566148e-04	1.142265e-01	6.833739e-01	1.506311e+01	4.288737e-04	
4.308225e-03	7.974726e-04	1.060207e-01	3.395421e-02	2.525885e+00	2.340220e-01	1.679327e-04	5.046721e-02	9.332575e-02	1.850347e-03	9.113657e-03	2.174084e+00	2.130209e-02	2.538932e+00	3.569950e-04	1.164838e-01	7.229870e-01	1.481186e+01	4.476881e-04	
4.311274e-03	6.355688e-04	1.012446e-01	1.223473e-01	2.516045e+00	8.658223e-01	2.148404e-04	4.264272e-02	9.848287e-02	2.007781e-03	7.054464e-03	2.296635e+00	1.579508e-02	2.422099e+00	2.935246e-04	1.139644e-01	7.922393e-01	1.128669e+01	3.849538e-04	
4.312325e-03	9.266663e-04	1.059684e-01	6.150046e-02	2.521114e+00	4.259375e-01	1.257081e-04	9.489980e-02	8.470627e-02	1.815071e-03	7.514231e-03	1.955963e+00	1.768452e-02	2.673116e+00	2.352586e-04	1.165988e-01	7.411628e-01	1.605729e+01	3.146151e-04	
4.313410e-03	6.126831e-04	1.044395e-01	5.216447e-02	2.519980e+00	3.587667e-01	6.303902e-05	6.062368e-02	6.447569e-02	1.368311e-03	7.359373e-03	1.491054e+00	1.638524e-02	2.907925e+00	1.551974e-04	1.150788e-01	7.756025e-01	1.777053e+01	2.077227e-04	
4.316650e-03	6.037088e-04	1.013660e-01	5.828808e-02	2.548754e+00	4.099272e-01	1.297063e-04	1.213540e-01	8.816734e-02	1.834737e-03	7.080555e-03	2.002302e+00	1.721984e-02	2.672528e+00	1.568680e-04	1.143930e-01	7.012817e-01	1.670155e+01	2.069449e-04	
4.319213e-03	2.259296e-03	1.016603e-01	3.898015e-02	2.585529e+00	2.768204e-01	1.626992e-04	1.346817e-02	1.187282e-01	2.603324e-03	7.232893e-03	2.746228e+00	1.683493e-02	2.438867e+00	2.118740e-04	1.156753e-01	7.193577e-01	1.365054e+01	2.549560e-04	
4.324913e-03	6.972901e-04	9.868515e-02	7.647048e-02	2.576408e+00	5.371078e-01	2.867757e-04	6.742326e-02	1.209773e-01	2.518833e-03	7.806221e-03	2.852183e+00	1.791915e-02	2.418116e+00	3.302805e-04	1.160814e-01	7.785244e-01	1.226116e+01	4.338348e-04	
4.325458e-03	7.597729e-04	1.016073e-01	1.243325e-01	2.500909e+00	8.663406e-01	1.512110e-04	5.686315e-02	7.715673e-02	1.627861e-03	7.207976e-03	1.814038e+00	1.572988e-02	2.436325e+00	3.629136e-04	1.149403e-01	6.984165e-01	1.302561e+01	5.017361e-04	
4.327760e-03	2.443458e-03	1.041871e-01	7.313430e-02	2.542176e+00	5.147020e-01	2.202600e-04	3.985622e-02	8.876860e-02	1.909962e-03	7.181280e-03	2.071180e+00	1.577176e-02	2.633887e+00	2.275562e-04	1.128763e-01	7.073981e-01	1.507594e+01	3.015968e-04	
4.332625e-03	8.405327e-04	9.719957e-02	5.094573e-02	2.530944e+00	3.558869e-01	2.394221e-04	7.806274e-02	1.118216e-01	2.383212e-03	6.928881e-03	2.578737e+00	1.631899e-02	2.397206e+00	1.589037e-04	1.213680e-01	6.687990e-01	1.387139e+01	2.192020e-04	
4.336391e-03	5.673079e-04	9.915178e-02	1.237453e-01	2.535308e+00	8.754438e-01	1.811601e-04	3.935208e-02	1.077833e-01	2.467280e-03	7.858936e-03	2.487929e+00	1.869413e-02	2.718423e+00	1.692426e-04	1.126386e-01	1.023410e+00	1.250289e+01	2.155939e-04	
4.342354e-03	1.429516e-03	1.011098e-01	4.288239e-02	2.520233e+00	2.967197e-01	1.900577e-04	4.404642e-02	8.765709e-02	1.845961e-03	7.259820e-03	2.074088e+00	1.591916e-02	2.677782e+00	1.663043e-04	1.131518e-01	7.719211e-01	1.590233e+01	2.081439e-04	
4.343725e-03	6.387291e-04	9.601821e-02	6.515028e-02	2.555754e+00	4.586672e-01	1.785752e-04	4.457926e-02	1.307429e-01	2.955521e-03	7.404271e-03	3.025957e+00	1.745739e-02	2.503039e+00	1.947211e-04	1.142833e-01	8.153452e-01	1.279387e+01	2.500249e-04	
4.345704e-03	1.149080e-03	1.010382e-01	4.793431e-02	2.512691e+00	3.294804e-01	1.541511e-04	8.746852e-02	8.794257e-02	1.698300e-03	7.307952e-03	2.057433e+00	1.611607e-02	2.735673e+00	2.651709e-04	1.124589e-01	7.674863e-01	1.648432e+01	3.228294e-04	
4.347329e-03	6.995177e-04	9.988444e-02	6.252545e-02	2.557917e+00	4.391290e-01	1.835338e-04	9.178083e-02	9.508348e-02	2.133239e-03	7.939650e-03	2.201163e+00	1.901982e-02	2.625022e+00	2.692772e-04	1.162792e-01	7.640550e-01	1.544919e+01	3.273789e-04	
4.350953e-03	1.326813e-03	1.013373e-01	3.442704e-02	2.510279e+00	2.355978e-01	1.142539e-04	4.372421e-02	1.111743e-01	2.178502e-03	6.959450e-03	2.583286e+00	1.580233e-02	2.527405e+00	3.125390e-04	1.147916e-01	7.259971e-01	1.445397e+01	3.939420e-04	
4.351188e-03	1.736574e-03	1.020822e-01	5.699208e-02	2.533769e+00	4.029866e-01	3.203077e-04	3.815869e-02	8.432555e-02	1.651148e-03	7.262486e-03	1.970643e+00	1.581910e-02	2.731520e+00	2.643194e-04	1.131608e-01	7.378888e-01	1.727723e+01	3.320900e-04	
4.354348e-03	6.578732e-04	1.025738e-01	5.161373e-02	2.562789e+00	3.656218e-01	1.410186e-04	5.268484e-02	1.037802e-01	2.179212e-03	8.094092e-03	2.410052e+00	1.876885e-02	2.658339e+00	2.164126e-04	1.153343e-01	9.188610e-01	1.335513e+01	2.766341e-04	
4.359159e-03	1.243128e-03	1.069447e-01	7.878282e-02	2.515317e+00	5.483425e-01	1.424057e-04	4.798764e-02	7.536213e-02	1.642698e-03	7.351411e-03	1.764316e+00	1.612784e-02	2.452682e+00	2.351974e-04	1.181938e-01	7.115221e-01	1.396069e+01	3.006932e-04	
4.362841e-03	1.669688e-03	9.784502e-02	1.021809e-01	2.543434e+00	7.178793e-01	3.201140e-04	4.202122e-02	1.126336e-01	2.328653e-03	7.008322e-03	2.665684e+00	1.499942e-02	2.478934e+00	1.934289e-04	1.160868e-01	8.474884e-01	1.224508e+01	2.297938e-04	
4.380775e-03	4.570608e-04	9.740289e-02	1.347038e-01	2.550280e+00	9.544437e-01	1.695460e-04	2.649500e-02	1.061199e-01	2.458522e-03	7.649340e-03	2.440987e+00	1.882500e-02	2.743533e+00	1.629137e-04	1.118874e-01	9.435193e-01	1.289754e+01	2.247769e-04	
4.383937e-03	2.541205e-03	9.645263e-02	1.046459e-01	2.504169e+00	7.264587e-01	2.445030e-04	2.599051e-02	1.176464e-01	2.642397e-03	6.244347e-03	2.762886e+00	1.397495e-02	2.486410e+00	1.557207e-04	1.082424e-01	7.905756e-01	1.158291e+01	2.112089e-04	
4.387922e-03	1.279852e-03	1.036836e-01	7.902262e-02	2.549404e+00	5.527625e-01	1.869237e-04	4.909133e-02	9.555007e-02	2.116574e-03	8.269074e-03	2.252517e+00	1.888110e-02	2.501956e+00	3.854938e-04	1.142183e-01	8.098063e-01	1.319894e+01	4.641926e-04	
4.388295e-03	8.020752e-04	1.011632e-01	6.967178e-02	2.532524e+00	4.813517e-01	1.261763e-04	5.993158e-02	9.408346e-02	2.067202e-03	7.305957e-03	2.208148e+00	1.653087e-02	2.525572e+00	2.201629e-04	1.155874e-01	6.911525e-01	1.527273e+01	2.772311e-04	
4.391488e-03	1.636369e-03	9.809566e-02	5.881330e-02	2.512019e+00	4.123423e-01	3.836114e-04	6.538274e-02	9.862084e-02	2.184029e-03	7.338855e-03	2.283262e+00	1.723874e-02	2.565730e+00	1.448797e-04	1.146872e-01	8.642216e-01	1.317887e+01	1.889483e-04	
4.393705e-03	2.236894e-04	1.005661e-01	6.649857e-02	2.531548e+00	4.594230e-01	5.591082e-05	4.787304e-02	8.496764e-02	1.678452e-03	7.294680e-03	1.986551e+00	1.632081e-02	2.512498e+00	2.831117e-04	1.131878e-01	6.997078e-01	1.473188e+01	3.648451e-04	
4.393971e-03	4.773876e-04	9.944414e-02	6.518985e-02	2.511550e+00	4.509872e-01	6.059205e-05	5.358937e-02	9.710740e-02	1.976900e-03	7.351742e-03	2.203642e+00	1.763415e-02	2.843083e+00	1.628675e-04	1.129443e-01	8.894110e-01	1.491119e+01	2.185303e-04	
4.395402e-03	1.902643e-03	1.012531e-01	4.704270e-02	2.558464e+00	3.293994e-01	3.296364e-04	4.412555e-02	1.132439e-01	2.306430e-03	7.655714e-03	2.668158e+00	1.676062e-02	2.612525e+00	2.316605e-04	1.172336e-01	7.769665e-01	1.448308e+01	2.927517e-04	
4.400669e-03	3.735413e-04	9.986776e-02	9.995852e-02	2.504070e+00	6.842078e-01	1.140411e-04	1.236437e-01	1.190429e-01	2.351338e-03	6.817836e-03	2.774437e+00	1.542723e-02	2.554926e+00	2.241095e-04	1.115849e-01	7.731921e-01	1.346921e+01	2.857936e-04	
4.401232e-03	2.527155e-03	9.850365e-02	6.611994e-02	2.566402e+00	4.714105e-01	9.421558e-04	1.019823e-01	9.317566e-02	1.977017e-03	8.222106e-03	2.171387e+00	1.878871e-02	2.620794e+00	4.990098e-04	1.172606e-01	8.023408e-01	1.468563e+01	5.960149e-04	
4.401430e-03	8.602757e-04	1.018153e-01	5.412217e-02	2.514861e+00	3.735047e-01	1.397996e-04	5.819760e-02	1.134362e-01	2.534891e-03	7.368924e-03	2.650248e+00	1.718460e-02	2.490233e+00	2.974929e-04	1.129140e-01	6.889602e-01	1.490783e+01	3.871795e-04	
4.406283e-03	5.728649e-04	1.036412e-01	1.090510e-01	2.546531e+00	7.644410e-01	1.621273e-04	7.638465e-02	9.293921e-02	1.961140e-03	7.511220e-03	2.166747e+00	1.717426e-02	2.479495e+00	3.090173e-04	1.127683e-01	7.641388e-01	1.346015e+01	3.916353e-04	
4.406939e-03	7.555395e-04	1.025253e-01	7.153140e-02	2.563010e+00	5.064336e-01	2.264332e-04	4.706145e-02	1.170501e-01	2.503847e-03	7.509794e-03	2.711277e+00	1.727310e-02	2.512507e+00	2.875546e-04	1.160626e-01	7.832180e-01	1.313833e+01	3.567417e-04	
4.410543e-03	1.952543e-03	9.697046e-02	7.658982e-02	2.572761e+00	5.409441e-01	3.177233e-04	3.114808e-02	1.115467e-01	2.281740e-03	7.897356e-03	2.599914e+00	1.819755e-02	2.567737e+00	3.998969e-04	1.123163e-01	7.879746e-01	1.291729e+01	5.461207e-04	
4.411075e-03	4.386156e-04	1.016252e-01	1.056688e-01	2.520736e+00	7.508209e-01	1.154284e-04	3.166067e-02	1.246486e-01	2.650851e-03	7.101817e-03	2.934454e+00	1.591533e-02	2.523753e+00	2.005803e-04	1.114064e-01	7.736119e-01	1.328281e+01	2.518419e-04	
4.412453e-03	3.944365e-04	1.046403e-01	6.242643e-02	2.535104e+00	4.355180e-01	7.686359e-05	3.410920e-02	1.042338e-01	2.177814e-03	7.464646e-03	2.380247e+00	1.800013e-02	2.786221e+00	1.681562e-04	1.143297e-01	8.672650e-01	1.341815e+01	2.296993e-04	
4.412992e-03	3.178715e-03	1.008911e-01	2.885972e-02	2.555884e+00	2.056965e-01	4.348389e-04	6.640553e-02	8.609207e-02	1.848730e-03	7.695268e-03	1.983592e+00	1.806415e-02	2.526351e+00	4.404254e-04	1.173207e-01	7.680789e-01	1.432497e+01	5.279897e-04	
4.416636e-03	1.056140e-03	1.003284e-01	1.039199e-01	2.569647e+00	7.496391e-01	4.072597e-04	4.763212e-02	1.063603e-01	2.328013e-03	7.970557e-03	2.465926e+00	1.861380e-02	2.601458e+00	2.284713e-04	1.140998e-01	8.569222e-01	1.335089e+01	2.809073e-04	
4.420531e-03	5.511341e-04	1.006201e-01	1.045526e-01	2.473594e+00	7.241848e-01	1.992508e-04	9.322335e-02	9.536733e-02	1.908970e-03	6.997727e-03	2.213972e+00	1.556544e-02	2.585368e+00	3.362599e-04	1.106099e-01	8.013043e-01	1.248349e+01	4.515034e-04	
4.427609e-03	1.148945e-03	1.033045e-01	4.169801e-02	2.546075e+00	2.938233e-01	1.078581e-04	3.293790e-02	1.356105e-01	3.115790e-03	7.106780e-03	3.152227e+00	1.655450e-02	2.350460e+00	2.274172e-04	1.128727e-01	6.237108e-01	1.427655e+01	2.930679e-04	
4.433405e-03	1.806416e-04	1.009344e-01	7.955580e-02	2.492230e+00	5.501473e-01	4.021566e-05	4.235745e-02	7.821100e-02	1.589421e-03	7.735294e-03	1.808334e+00	1.809881e-02	2.956104e+00	3.023130e-04	1.129532e-01	9.065074e-01	1.580285e+01	4.006103e-04	
4.456758e-03	2.428352e-04	1.007332e-01	9.431706e-02	2.514517e+00	6.482013e-01	1.090925e-04	8.087665e-02	9.771782e-02	1.959970e-03	7.171709e-03	2.272625e+00	1.592546e-02	2.829736e+00	1.800950e-04	1.143469e-01	8.767941e-01	1.496363e+01	2.422584e-04	
4.458473e-03	1.211782e-03	1.020456e-01	1.199403e-01	2.549051e+00	8.450242e-01	3.694476e-04	8.734989e-02	7.086223e-02	1.489033e-03	7.552076e-03	1.669715e+00	1.664244e-02	2.600791e+00	3.011021e-04	1.165270e-01	8.143330e-01	1.415320e+01	3.658973e-04	
4.459142e-03	1.354789e-03	1.017926e-01	5.860745e-02	2.489248e+00	4.089372e-01	2.458887e-04	6.228655e-02	1.052794e-01	2.360996e-03	7.067024e-03	2.389508e+00	1.709418e-02	2.873736e+00	1.374961e-04	1.144234e-01	9.082134e-01	1.483185e+01	1.876645e-04	
4.460080e-03	1.736752e-03	1.021938e-01	8.294906e-02	2.541748e+00	5.841624e-01	2.266562e-04	4.319741e-02	1.025527e-01	2.369390e-03	7.462527e-03	2.412590e+00	1.703752e-02	2.485162e+00	1.953653e-04	1.137399e-01	7.429691e-01	1.301697e+01	2.563802e-04	
4.462858e-03	5.975118e-04	1.038696e-01	1.011395e-01	2.580223e+00	7.147456e-01	1.461203e-04	1.014182e-01	1.105644e-01	2.371397e-03	8.044435e-03	2.627578e+00	1.809512e-02	2.284591e+00	3.415934e-04	1.196840e-01	6.842870e-01	1.291604e+01	4.168009e-04	
4.464210e-03	1.355377e-03	1.016748e-01	5.769613e-02	2.548710e+00	4.043081e-01	2.490953e-04	6.363715e-02	8.463412e-02	1.782113e-03	8.022933e-03	1.957982e+00	1.828109e-02	2.542930e+00	3.788745e-04	1.169933e-01	7.753676e-01	1.392097e+01	4.847228e-04	
4.468016e-03	6.082265e-04	1.010287e-01	1.500896e-01	2.514676e+00	1.042769e+00	2.910365e-04	1.578706e-01	6.972058e-02	1.444452e-03	8.575416e-03	1.628453e+00	1.921030e-02	3.008310e+00	4.061451e-04	1.108475e-01	8.712223e-01	1.731918e+01	5.204861e-04	
4.472133e-03	6.545259e-04	9.844098e-02	1.035758e-01	2.521018e+00	7.270281e-01	1.655609e-04	6.641698e-02	7.896423e-02	1.629973e-03	7.484821e-03	1.821881e+00	1.717300e-02	2.883453e+00	2.555720e-04	1.128478e-01	9.137021e-01	1.548072e+01	3.114581e-04	
4.479646e-03	1.606581e-03	9.944897e-02	9.354160e-02	2.518667e+00	6.557168e-01	2.423186e-04	1.447188e-01	7.075547e-02	1.480650e-03	8.602434e-03	1.606751e+00	2.094342e-02	2.800011e+00	3.256510e-04	1.113468e-01	8.541502e-01	1.468322e+01	4.326289e-04	
4.483592e-03	4.346978e-04	1.009061e-01	1.136355e-01	2.519348e+00	8.058260e-01	1.163751e-04	8.971091e-02	9.121941e-02	1.895414e-03	6.894285e-03	2.105206e+00	1.575742e-02	2.518177e+00	2.283118e-04	1.140881e-01	7.410453e-01	1.409399e+01	2.871426e-04	
4.484281e-03	6.628301e-04	1.000719e-01	1.133363e-01	2.541781e+00	8.085734e-01	1.409483e-04	7.327727e-02	6.883707e-02	1.439951e-03	7.386244e-03	1.584660e+00	1.700288e-02	2.761856e+00	1.866683e-04	1.149003e-01	8.089608e-01	1.615979e+01	2.447893e-04	
4.485015e-03	1.849977e-03	9.830163e-02	8.168365e-02	2.592021e+00	5.767871e-01	2.032937e-04	1.907226e-02	1.156651e-01	2.418138e-03	6.746042e-03	2.696009e+00	1.529767e-02	2.455434e+00	1.524819e-04	1.132886e-01	7.469402e-01	1.311499e+01	1.827138e-04	
4.485358e-03	1.929577e-03	9.987375e-02	6.176584e-02	2.548942e+00	4.339748e-01	2.711273e-04	3.863559e-02	9.626907e-02	2.113371e-03	8.077098e-03	2.264685e+00	1.846064e-02	2.599754e+00	2.565562e-04	1.153369e-01	8.367224e-01	1.345903e+01	3.077545e-04	
4.493065e-03	2.123703e-03	1.005103e-01	7.485945e-02	2.523493e+00	5.155232e-01	1.689664e-04	3.353065e-02	9.233320e-02	2.045851e-03	7.298241e-03	2.163958e+00	1.643555e-02	2.346776e+00	3.223094e-04	1.157005e-01	7.417667e-01	1.220865e+01	4.015803e-04	
4.505257e-03	8.331880e-04	9.660984e-02	8.190236e-02	2.530557e+00	5.745277e-01	2.641306e-04	4.103237e-02	1.034327e-01	2.158238e-03	6.850492e-03	2.434096e+00	1.465231e-02	2.491146e+00	1.928222e-04	1.159354e-01	8.295361e-01	1.210533e+01	2.533914e-04	
4.517856e-03	1.395148e-03	1.027508e-01	5.721776e-02	2.533140e+00	3.995230e-01	1.918709e-04	3.517969e-02	1.094759e-01	2.313606e-03	6.397599e-03	2.569608e+00	1.405949e-02	2.455183e+00	2.095191e-04	1.129440e-01	7.659339e-01	1.272901e+01	2.463281e-04	
4.517864e-03	3.390980e-03	9.833929e-02	3.855018e-02	2.534605e+00	2.675616e-01	4.726026e-04	5.942803e-02	8.174266e-02	1.772116e-03	8.432722e-03	1.906219e+00	1.995043e-02	2.705517e+00	3.663381e-04	1.163326e-01	8.267526e-01	1.538981e+01	4.641462e-04	
4.525883e-03	2.828301e-04	1.005950e-01	1.288033e-01	2.537637e+00	9.108639e-01	9.741987e-05	4.146764e-02	1.079361e-01	2.262087e-03	7.991071e-03	2.485216e+00	1.885597e-02	2.704780e+00	2.266486e-04	1.111227e-01	9.076017e-01	1.308457e+01	2.884692e-04	
4.548620e-03	1.294043e-03	1.020188e-01	1.619888e-01	2.531996e+00	1.140980e+00	2.452192e-04	6.155426e-02	9.387934e-02	2.130781e-03	7.097326e-03	2.160642e+00	1.636903e-02	2.612863e+00	2.278470e-04	1.116718e-01	8.735735e-01	1.300800e+01	2.824087e-04	
4.548985e-03	7.074011e-04	1.009522e-01	6.993295e-02	2.497544e+00	4.775693e-01	1.560892e-04	7.937249e-02	8.830715e-02	1.884236e-03	6.928439e-03	2.068951e+00	1.530172e-02	2.776297e+00	1.936179e-04	1.117098e-01	7.661497e-01	1.703064e+01	2.318216e-04	
4.558694e-03	1.174749e-03	9.881812e-02	1.080026e-01	2.544515e+00	7.586391e-01	4.601751e-04	4.664032e-02	1.164032e-01	2.435613e-03	8.771602e-03	2.696128e+00	2.104914e-02	2.662708e+00	2.747847e-04	1.151717e-01	8.860441e-01	1.342654e+01	3.639724e-04	
4.561464e-03	8.486862e-04	1.063813e-01	6.243329e-02	2.509998e+00	4.317650e-01	1.188865e-04	7.092027e-02	8.569729e-02	1.872246e-03	6.489912e-03	1.962706e+00	1.464830e-02	2.574129e+00	1.565181e-04	1.141842e-01	7.253492e-01	1.489320e+01	1.965409e-04	
4.587342e-03	9.321470e-04	1.011890e-01	9.053333e-02	2.548357e+00	6.283411e-01	1.803998e-04	6.660619e-02	8.194094e-02	1.651203e-03	7.804417e-03	1.905745e+00	1.742404e-02	2.673847e+00	2.661954e-04	1.135657e-01	7.543515e-01	1.426118e+01	3.607234e-04	
4.626901e-03	1.947746e-03	1.027150e-01	7.499654e-02	2.477704e+00	5.104155e-01	1.468455e-04	4.493518e-02	9.521929e-02	2.042535e-03	6.178749e-03	2.208059e+00	1.397662e-02	2.705226e+00	1.388271e-04	1.118574e-01	7.417239e-01	1.702094e+01	1.777657e-04	
4.638973e-03	2.801598e-03	1.004177e-01	7.248119e-02	2.557084e+00	5.174842e-01	3.565450e-04	3.766468e-02	1.049383e-01	2.131421e-03	7.787888e-03	2.472324e+00	1.749707e-02	2.384854e+00	2.694258e-04	1.160003e-01	8.190011e-01	1.032922e+01	3.659993e-04	
4.654771e-03	4.802462e-04	1.023594e-01	1.050535e-01	2.514381e+00	7.261848e-01	6.881130e-05	9.367069e-02	8.403942e-02	1.622233e-03	7.034521e-03	1.928052e+00	1.592330e-02	2.910695e+00	1.540569e-04	1.136100e-01	8.228563e-01	1.733021e+01	1.938796e-04	
4.670201e-03	1.827203e-03	1.001786e-01	4.734640e-02	2.522191e+00	3.299729e-01	2.278252e-04	5.828952e-02	9.610910e-02	2.052413e-03	7.130630e-03	2.242096e+00	1.568392e-02	2.373366e+00	1.953824e-04	1.137704e-01	7.070019e-01	1.297386e+01	2.518454e-04	
4.681229e-03	1.158791e-03	9.413924e-02	7.629936e-02	2.538344e+00	5.389379e-01	2.425399e-04	2.322527e-02	1.358668e-01	2.841917e-03	6.571628e-03	3.205048e+00	1.477094e-02	2.268484e+00	2.090950e-04	1.119785e-01	7.095582e-01	1.080945e+01	2.753129e-04	
4.705388e-03	7.527484e-04	9.815398e-02	5.351016e-02	2.546156e+00	3.769284e-01	1.641809e-04	3.615581e-02	1.331993e-01	2.902473e-03	7.958448e-03	3.042006e+00	1.980914e-02	2.517341e+00	1.834481e-04	1.126461e-01	7.928179e-01	1.267601e+01	2.296180e-04	
4.885234e-03	1.081014e-03	1.023891e-01	4.435544e-02	2.479901e+00	3.060545e-01	1.785576e-04	4.798014e-02	9.080436e-02	2.066285e-03	6.907054e-03	2.086707e+00	1.583782e-02	2.583468e+00	2.089565e-04	1.135219e-01	6.650589e-01	1.624166e+01	2.615361e-04	
4.891625e-03	1.227670e-03	1.011186e-01	1.133883e-01	2.498699e+00	7.844554e-01	2.677656e-04	5.033442e-02	9.265331e-02	1.893594e-03	6.722924e-03	2.157980e+00	1.465453e-02	2.553397e+00	1.922891e-04	1.135875e-01	8.755191e-01	1.105014e+01	2.522242e-04	
5.416395e-03	1.148789e-03	1.027566e-01	6.317491e-02	2.536285e+00	4.431185e-01	1.764770e-04	3.466075e-02	1.221138e-01	2.601679e-03	7.474191e-03	2.791379e+00	1.770501e-02	2.336312e+00	2.661498e-04	1.127170e-01	7.508546e-01	1.107768e+01	3.630858e-04	
