f	x(1)	x(2)	x(3)	x(4)	x(5)	x(6)	x(7)	x(8)	x(9)	x(10)	x(11)	x(12)	x(13)	x(14)	x(15)	x(16)	x(17)	x(18)	
4.342782e-01	4.372359e-03	1.467153e-05	1.366475e-04	1.629608e+00	3.281548e-03	5.166272e-04	1.608963e-04	1.151072e+01	2.845636e-01	9.564854e-05	9.955456e+02	1.052776e+02	4.484493e-05	3.594663e-03	1.732894e-02	8.662738e-02	5.719202e+02	2.283952e-03	
4.344663e-01	1.292659e-02	1.436002e-05	1.794505e-04	1.835690e+00	3.999819e-03	2.439372e-04	9.093254e-05	1.153586e+01	2.834801e-01	2.697500e-04	9.869816e+02	1.969076e+02	3.423840e-05	3.799960e-03	1.682575e-02	2.602568e-02	3.547273e+02	2.377863e-03	
4.344920e-01	1.062801e-02	1.498459e-05	2.420559e-04	1.878135e+00	5.219167e-03	2.803991e-04	1.062241e-04	1.135450e+01	2.876012e-01	1.114263e-04	9.920183e+02	1.275143e+02	3.468218e-05	2.396342e-03	1.644200e-02	5.020758e-02	2.444201e+02	1.456195e-03	
4.345363e-01	3.560097e-02	1.439788e-05	1.259370e-04	1.775284e+00	2.767795e-03	2.952473e-04	1.068206e-04	1.145156e+01	2.848305e-01	7.033354e-05	9.910545e+02	7.544727e+01	4.071642e-05	2.742164e-03	1.754778e-02	2.081264e-02	4.820465e+02	1.712158e-03	
4.345662e-01	2.565664e-02	1.408892e-05	1.840793e-04	1.806617e+00	3.930201e-03	2.434632e-04	9.170543e-05	1.143634e+01	2.784064e-01	1.048865e-04	9.908826e+02	1.031477e+02	3.122785e-05	2.681194e-03	1.759862e-02	2.509075e-02	4.015881e+02	1.735256e-03	
4.345690e-01	4.933600e-02	1.416782e-05	1.502683e-04	1.977180e+00	3.192955e-03	3.502383e-04	1.417711e-04	1.137588e+01	2.816945e-01	8.805942e-05	9.971675e+02	1.689554e+02	3.530455e-05	4.134788e-03	1.657232e-02	3.489196e-02	5.062699e+02	2.512406e-03	
4.345704e-01	1.607819e-02	1.320223e-05	1.530677e-04	2.018719e+00	3.252983e-03	2.730876e-04	1.145648e-04	1.125385e+01	2.910164e-01	9.100820e-05	9.906857e+02	1.285418e+02	2.762157e-05	2.553342e-03	1.704753e-02	6.557933e-02	4.107444e+02	1.542169e-03	
4.345710e-01	2.022065e-02	1.474329e-05	1.047209e-04	1.970403e+00	2.232791e-03	2.676294e-04	1.073521e-04	1.146683e+01	2.794116e-01	8.412616e-05	9.927029e+02	1.239062e+02	3.734323e-05	2.369835e-03	1.773173e-02	7.968385e-02	6.440568e+02	1.459292e-03	
4.345738e-01	7.285502e-02	1.410996e-05	4.062136e-04	1.565669e+00	1.097016e-02	4.054391e-04	1.148040e-04	1.165993e+01	2.780725e-01	5.536079e-05	9.919334e+02	1.857427e+02	2.695746e-05	3.783984e-03	1.650806e-02	3.589333e-02	5.699337e+02	2.339303e-03	
4.345781e-01	4.417190e-03	1.466589e-05	2.697419e-04	1.885614e+00	5.736216e-03	5.513923e-04	2.286289e-04	1.143535e+01	2.883159e-01	3.053430e-04	9.917556e+02	1.601461e+02	4.685758e-05	3.997961e-03	1.679020e-02	7.146160e-02	6.516859e+02	2.527380e-03	
4.345932e-01	4.984897e-02	1.499903e-05	2.241502e-04	1.999761e+00	4.824986e-03	2.231282e-04	9.292955e-05	1.155945e+01	2.716491e-01	1.767984e-04	9.856021e+02	3.921236e+02	3.724285e-05	2.088943e-03	1.813454e-02	2.061809e-02	6.290832e+02	1.309578e-03	
4.345961e-01	1.529814e-02	1.660601e-05	2.215679e-04	1.976337e+00	4.492888e-03	2.718250e-04	1.168200e-04	1.144119e+01	2.860291e-01	1.581822e-04	9.848707e+02	1.594427e+02	3.315938e-05	5.584453e-03	1.647995e-02	3.037354e-02	9.048399e+02	3.450218e-03	
4.345974e-01	1.783958e-02	1.554522e-05	2.360012e-04	2.052451e+00	4.889779e-03	1.980048e-04	8.735904e-05	1.147266e+01	2.773483e-01	1.042668e-04	9.922659e+02	1.080556e+02	3.404152e-05	2.827298e-03	1.725526e-02	2.640126e-02	8.760289e+02	1.770418e-03	
4.345997e-01	4.862565e-02	1.765613e-05	1.135777e-04	1.814504e+00	2.450863e-03	2.210316e-04	8.209792e-05	1.169370e+01	2.789077e-01	5.811214e-05	9.911485e+02	1.540016e+02	3.780753e-05	3.636924e-03	1.777771e-02	3.080973e-02	4.982751e+02	2.336129e-03	
4.346066e-01	9.935461e-03	1.430047e-05	1.597283e-04	2.028308e+00	3.530786e-03	2.800957e-04	1.123361e-04	1.149204e+01	2.806183e-01	2.014116e-04	9.900973e+02	2.005765e+02	3.624901e-05	2.445963e-03	1.661549e-02	1.338260e-01	6.376822e+02	1.443877e-03	
4.346069e-01	2.355616e-02	1.562583e-05	2.980587e-04	1.829982e+00	6.419977e-03	2.946339e-04	1.192943e-04	1.147178e+01	2.755394e-01	2.107395e-04	9.906623e+02	3.184151e+02	3.525371e-05	5.935626e-03	1.605629e-02	4.474565e-02	5.068742e+02	3.850943e-03	
4.346075e-01	1.412032e-02	1.311620e-05	1.389864e-04	2.118515e+00	2.879290e-03	1.988629e-04	9.154008e-05	1.140012e+01	2.808431e-01	1.366690e-04	9.826669e+02	2.515511e+02	2.439743e-05	2.381731e-03	1.734697e-02	6.860167e-02	7.660815e+02	1.478534e-03	
4.346174e-01	1.386661e-02	1.720127e-05	2.880979e-04	1.948875e+00	5.884274e-03	3.115594e-04	1.328531e-04	1.164616e+01	2.740424e-01	1.215934e-04	9.897221e+02	3.544874e+02	3.157652e-05	3.765407e-03	1.679203e-02	7.004461e-02	7.555411e+02	2.319960e-03	
4.346234e-01	7.921031e-03	1.354335e-05	1.935374e-04	2.122820e+00	4.018700e-03	1.775487e-04	8.199305e-05	1.156853e+01	2.764062e-01	1.052220e-04	9.878782e+02	2.643619e+02	2.541042e-05	2.800334e-03	1.715822e-02	6.615499e-02	3.268612e+02	1.735360e-03	
4.346245e-01	6.700756e-03	1.356313e-05	1.848982e-04	1.982529e+00	3.886078e-03	2.438841e-04	1.079154e-04	1.147935e+01	2.768321e-01	1.317246e-04	9.830908e+02	1.497044e+02	3.145095e-05	4.343596e-03	1.765607e-02	6.255216e-02	4.825478e+02	2.862980e-03	
4.346258e-01	2.649951e-02	1.480137e-05	1.363380e-04	2.031576e+00	3.010920e-03	2.447365e-04	1.037563e-04	1.159726e+01	2.612989e-01	8.410497e-05	9.978483e+02	1.085039e+02	3.287147e-05	3.971351e-03	1.805281e-02	2.590972e-02	4.102942e+02	2.506018e-03	
4.346296e-01	2.040997e-02	1.487012e-05	3.157821e-04	2.082093e+00	6.616058e-03	3.680711e-04	1.637518e-04	1.164660e+01	2.755805e-01	1.367734e-04	9.932320e+02	1.034317e+02	3.789353e-05	4.486216e-03	1.755529e-02	3.422312e-02	6.083368e+02	2.811266e-03	
4.346374e-01	1.737410e-02	1.219639e-05	2.717666e-04	1.949102e+00	5.868704e-03	2.063240e-04	8.132275e-05	1.154833e+01	2.852237e-01	6.309336e-05	9.940669e+02	1.323854e+02	3.560201e-05	3.664014e-03	1.748327e-02	3.202204e-02	5.423101e+02	2.300404e-03	
4.346405e-01	1.069082e-02	1.491578e-05	1.237862e-04	2.080171e+00	2.654033e-03	3.740334e-04	1.660518e-04	1.168215e+01	2.779168e-01	5.320949e-05	9.982326e+02	1.729034e+02	4.226246e-05	2.447305e-03	1.820066e-02	9.405944e-02	6.210241e+02	1.569269e-03	
4.346450e-01	2.316418e-02	1.663339e-05	1.826402e-04	2.065360e+00	3.853615e-03	4.004342e-04	1.820853e-04	1.162693e+01	2.776977e-01	9.331790e-05	9.923867e+02	1.953387e+02	2.828430e-05	4.259177e-03	1.742377e-02	1.037967e-01	6.176441e+02	2.690102e-03	
4.346503e-01	2.019725e-02	1.627928e-05	1.465856e-04	2.147488e+00	2.961574e-03	2.716673e-04	1.286137e-04	1.151097e+01	2.850552e-01	8.924938e-05	9.948779e+02	5.560726e+02	3.204269e-05	2.576142e-03	1.701819e-02	6.239746e-02	2.700324e+02	1.587532e-03	
4.346548e-01	1.131920e-01	1.516824e-05	1.570317e-04	2.002649e+00	3.354409e-03	1.891636e-04	7.720189e-05	1.137787e+01	2.897188e-01	5.196436e-05	9.892440e+02	2.577399e+02	3.824165e-05	2.410665e-03	1.720514e-02	5.272257e-02	6.458328e+02	1.495134e-03	
4.346570e-01	2.001555e-02	1.494520e-05	2.165022e-04	2.128228e+00	4.312645e-03	1.697357e-04	8.056202e-05	1.150303e+01	2.857709e-01	9.804675e-05	9.876768e+02	3.575149e+02	2.590303e-05	2.676510e-03	1.696528e-02	4.064456e-02	4.972394e+02	1.651409e-03	
4.346615e-01	5.451989e-03	1.189701e-05	1.766024e-04	2.207495e+00	3.644677e-03	2.778288e-04	1.355399e-04	1.154397e+01	2.730843e-01	1.836989e-04	9.973779e+02	9.478548e+01	3.307440e-05	2.806942e-03	1.753078e-02	7.461959e-02	3.534230e+02	1.740769e-03	
4.346638e-01	2.349006e-02	1.398703e-05	1.193475e-04	1.865290e+00	2.667748e-03	2.953239e-04	1.105555e-04	1.166918e+01	2.749154e-01	1.043702e-04	9.918309e+02	1.135955e+02	4.265297e-05	3.815343e-03	1.841946e-02	6.350847e-02	8.841850e+02	2.518624e-03	
4.346709e-01	3.207085e-02	1.441869e-05	3.502437e-04	1.929619e+00	7.604398e-03	2.318182e-04	8.906135e-05	1.164854e+01	2.758341e-01	8.804628e-05	9.914121e+02	1.022326e+02	4.130784e-05	4.013123e-03	1.676124e-02	3.192252e-02	8.308111e+02	2.455906e-03	
4.346732e-01	2.241244e-02	1.430338e-05	1.760249e-04	1.907963e+00	3.823048e-03	2.181213e-04	8.464964e-05	1.153657e+01	2.742842e-01	1.011118e-04	9.909904e+02	2.723579e+02	3.981413e-05	3.465531e-03	1.666993e-02	3.220450e-02	9.027188e+02	2.170033e-03	
4.346740e-01	4.443117e-03	1.407675e-05	1.050112e-04	2.007841e+00	2.137946e-03	2.259008e-04	9.707886e-05	1.138905e+01	2.879361e-01	1.352922e-04	9.864904e+02	2.650056e+02	2.649608e-05	3.629459e-03	1.712242e-02	5.560192e-02	5.826013e+02	2.196006e-03	
4.346783e-01	3.147584e-02	1.496361e-05	1.986604e-04	1.904524e+00	4.081015e-03	2.321466e-04	9.625487e-05	1.149719e+01	2.859506e-01	1.336818e-04	9.851784e+02	2.359556e+02	3.730616e-05	2.366219e-03	1.775746e-02	3.327846e-02	4.700425e+02	1.529673e-03	
4.346793e-01	4.390809e-02	1.604764e-05	2.388314e-04	1.869614e+00	5.031939e-03	3.181641e-04	1.232415e-04	1.162387e+01	2.691052e-01	8.818832e-05	9.943384e+02	1.571251e+02	2.882551e-05	4.243584e-03	1.741377e-02	3.063780e-02	8.987025e+02	2.711367e-03	
4.346801e-01	1.496721e-02	1.743001e-05	2.437747e-04	2.183227e+00	4.844349e-03	2.241818e-04	1.073190e-04	1.143175e+01	2.946700e-01	8.542507e-05	9.905233e+02	3.944853e+02	2.406086e-05	2.817236e-03	1.587466e-02	4.800453e-02	3.436477e+02	1.646367e-03	
4.346826e-01	4.153693e-02	1.527303e-05	1.458770e-04	1.966269e+00	2.942343e-03	2.565963e-04	1.136256e-04	1.144322e+01	2.800888e-01	5.976101e-05	9.950052e+02	2.153514e+02	3.739609e-05	3.942584e-03	1.759630e-02	5.014727e-02	8.036786e+02	2.530220e-03	
4.346830e-01	5.188306e-02	1.723282e-05	1.354223e-04	2.166401e+00	2.632627e-03	1.164035e-04	5.920153e-05	1.124966e+01	2.872257e-01	8.330048e-05	9.945708e+02	1.473611e+02	3.280769e-05	2.213893e-03	1.665475e-02	3.038200e-02	5.091907e+02	1.375557e-03	
4.346847e-01	1.015298e-02	1.607161e-05	3.678018e-04	2.198039e+00	7.369333e-03	3.869281e-04	1.946000e-04	1.156668e+01	2.737790e-01	1.130195e-04	9.869089e+02	1.301087e+02	2.790491e-05	2.667504e-03	1.706067e-02	1.717764e-01	6.769545e+02	1.668950e-03	
4.346847e-01	9.662267e-03	1.421492e-05	1.797334e-04	1.768100e+00	4.588645e-03	3.667355e-04	1.121713e-04	1.160608e+01	2.750629e-01	7.758915e-05	9.899087e+02	1.401264e+02	3.887090e-05	2.561776e-03	1.716971e-02	6.329220e-02	8.007522e+02	1.530697e-03	
4.346872e-01	1.743756e-02	1.468924e-05	1.149963e-04	2.069743e+00	2.378801e-03	2.207449e-04	9.503281e-05	1.159860e+01	2.889720e-01	9.089295e-05	9.982444e+02	1.656365e+02	2.311006e-05	4.194508e-03	1.671901e-02	3.492565e-02	3.450636e+02	2.522129e-03	
4.346921e-01	1.781920e-03	1.270505e-05	1.533811e-04	2.100281e+00	3.345457e-03	2.215890e-04	9.544885e-05	1.153384e+01	2.679435e-01	2.161419e-04	9.986121e+02	1.015725e+02	2.988088e-05	4.692074e-03	1.784738e-02	9.106254e-02	9.755573e+02	2.952473e-03	
4.346933e-01	1.118337e-02	1.504715e-05	1.885145e-04	2.066541e+00	3.925756e-03	3.396252e-04	1.565605e-04	1.160642e+01	2.668873e-01	9.303967e-05	9.950373e+02	8.884238e+01	4.910347e-05	3.565416e-03	1.711594e-02	6.009932e-02	6.568813e+02	2.211400e-03	
4.346952e-01	1.237997e-02	1.618440e-05	1.392924e-04	2.041504e+00	2.919726e-03	2.151121e-04	9.654466e-05	1.169420e+01	2.790965e-01	6.306864e-05	9.990284e+02	2.678429e+02	3.155934e-05	3.102985e-03	1.691225e-02	7.750601e-02	6.962111e+02	1.908069e-03	
4.346964e-01	3.428530e-02	1.873365e-05	1.759991e-04	2.091001e+00	3.453699e-03	1.925254e-04	9.534735e-05	1.143273e+01	2.950204e-01	6.875623e-05	9.892870e+02	2.138922e+02	3.203313e-05	3.961969e-03	1.639100e-02	1.853061e-02	5.212835e+02	2.490116e-03	
4.346971e-01	2.238514e-02	1.621988e-05	1.430128e-04	2.182906e+00	2.917907e-03	1.854986e-04	9.148362e-05	1.123495e+01	2.907768e-01	1.772931e-04	9.849796e+02	2.231783e+02	5.025124e-05	1.647049e-03	1.702709e-02	4.740929e-02	3.960812e+02	1.025851e-03	
4.346972e-01	1.039183e-02	1.613536e-05	1.180922e-04	2.172740e+00	2.350244e-03	1.662109e-04	8.409383e-05	1.141085e+01	2.903405e-01	1.102785e-04	9.910416e+02	3.176008e+02	3.070271e-05	2.732257e-03	1.688109e-02	5.645048e-02	2.363365e+02	1.724122e-03	
4.346973e-01	2.590180e-02	1.784538e-05	2.656338e-04	2.069204e+00	5.297959e-03	2.978033e-04	1.361086e-04	1.168559e+01	2.820834e-01	1.292941e-04	9.933485e+02	1.818933e+02	2.713583e-05	4.271152e-03	1.606503e-02	3.525192e-02	3.241105e+02	2.562575e-03	
4.347002e-01	2.771786e-02	1.467875e-05	3.239265e-04	1.994114e+00	6.502277e-03	2.305382e-04	1.077242e-04	1.170506e+01	2.706987e-01	9.636389e-05	9.890817e+02	3.041992e+02	2.460194e-05	4.576210e-03	1.736135e-02	4.648909e-02	4.808096e+02	2.991897e-03	
4.347055e-01	1.902184e-02	1.609698e-05	2.620024e-04	2.121404e+00	5.132695e-03	2.512635e-04	1.221151e-04	1.148141e+01	2.773604e-01	2.379534e-04	9.875136e+02	1.510939e+02	2.650707e-05	3.248076e-03	1.682215e-02	2.573322e-02	7.593286e+02	1.982575e-03	
4.347088e-01	6.774840e-03	1.501639e-05	3.460098e-04	2.106716e+00	6.907300e-03	2.101470e-04	1.000944e-04	1.160037e+01	2.720653e-01	1.209766e-04	9.831173e+02	2.115555e+02	2.533693e-05	2.204937e-03	1.790214e-02	6.807699e-02	3.074813e+02	1.398316e-03	
4.347168e-01	3.186675e-02	1.563214e-05	3.694853e-04	2.194426e+00	6.960632e-03	1.294002e-04	6.757354e-05	1.140343e+01	2.775184e-01	3.536399e-04	9.818729e+02	1.769523e+02	2.537298e-05	3.932157e-03	1.611499e-02	5.818493e-02	3.942187e+02	2.378699e-03	
4.347203e-01	3.275317e-02	1.320634e-05	2.010437e-04	2.155664e+00	4.202050e-03	1.810321e-04	8.662030e-05	1.144531e+01	2.778733e-01	1.572647e-04	9.913493e+02	2.517512e+02	3.611043e-05	1.602144e-03	1.747919e-02	4.730195e-02	7.432096e+02	9.922331e-04	
4.347207e-01	7.084358e-03	1.359815e-05	2.578522e-04	1.953103e+00	5.371656e-03	2.336799e-04	1.013672e-04	1.150101e+01	2.686186e-01	7.034077e-05	9.921175e+02	1.953052e+02	1.792697e-05	3.925701e-03	1.692582e-02	9.720720e-02	7.003199e+02	2.430085e-03	
4.347256e-01	1.042213e-02	1.611143e-05	1.355199e-04	2.216230e+00	2.783701e-03	2.551202e-04	1.243373e-04	1.138173e+01	3.033999e-01	7.915098e-05	9.874273e+02	1.218093e+02	2.740458e-05	2.818747e-03	1.673702e-02	4.827528e-02	3.605327e+02	1.704437e-03	
4.347270e-01	1.140232e-02	1.612289e-05	1.543987e-04	2.130780e+00	3.161220e-03	1.820111e-04	8.768670e-05	1.142501e+01	2.964996e-01	1.225963e-04	9.877944e+02	1.718069e+02	2.340846e-05	3.592247e-03	1.698336e-02	3.094348e-02	3.036878e+02	2.217285e-03	
4.347289e-01	7.538638e-03	1.336502e-05	1.040127e-04	2.093856e+00	2.139918e-03	3.078264e-04	1.359400e-04	1.145310e+01	2.855928e-01	1.300827e-04	9.882994e+02	1.267795e+02	3.856248e-05	2.809728e-03	1.769303e-02	1.133969e-01	6.806909e+02	1.756714e-03	
4.347312e-01	6.675156e-03	1.551840e-05	2.044174e-04	2.132400e+00	4.268723e-03	2.937680e-04	1.328869e-04	1.175094e+01	2.779364e-01	8.867576e-05	9.928075e+02	1.704422e+02	2.763349e-05	3.116801e-03	1.738809e-02	4.189371e-02	4.241133e+02	1.878157e-03	
4.347322e-01	3.565842e-02	1.468457e-05	1.707913e-04	2.140936e+00	3.581599e-03	2.025114e-04	9.485237e-05	1.148351e+01	2.724887e-01	2.492923e-04	9.853807e+02	2.262870e+02	2.698703e-05	5.233848e-03	1.678434e-02	3.692341e-02	2.681985e+02	3.154697e-03	
4.347323e-01	7.411281e-03	1.522508e-05	1.818526e-04	2.179267e+00	3.777294e-03	1.606218e-04	7.963358e-05	1.153874e+01	2.630686e-01	1.074789e-04	9.822335e+02	1.828474e+02	3.194787e-05	2.767091e-03	1.765795e-02	3.779771e-02	5.764016e+02	1.781382e-03	
4.347355e-01	4.678664e-02	1.649715e-05	2.450798e-04	2.273975e+00	4.678366e-03	2.084056e-04	1.167586e-04	1.150216e+01	2.768199e-01	5.959487e-05	9.897884e+02	3.272350e+02	2.992814e-05	4.179336e-03	1.674833e-02	5.628080e-02	3.370897e+02	2.616409e-03	
4.347387e-01	3.005849e-02	1.673922e-05	2.679420e-04	1.977400e+00	5.650068e-03	2.839432e-04	1.148868e-04	1.142036e+01	2.914529e-01	7.846699e-05	9.868500e+02	1.862234e+02	3.060276e-05	2.422144e-03	1.683502e-02	4.769424e-02	6.533820e+02	1.497578e-03	
4.347402e-01	1.759580e-02	1.670616e-05	7.061639e-05	2.222204e+00	1.390843e-03	2.017578e-04	1.011684e-04	1.150700e+01	2.882282e-01	1.302637e-04	9.864599e+02	1.502041e+02	3.953863e-05	3.576598e-03	1.728981e-02	2.093278e-02	3.723483e+02	2.212813e-03	
4.347439e-01	8.497662e-03	1.178871e-05	1.769964e-04	1.934122e+00	4.163099e-03	2.339341e-04	8.967453e-05	1.143786e+01	2.607568e-01	1.249340e-04	9.917786e+02	8.843340e+01	3.654515e-05	2.580196e-03	1.808751e-02	1.329663e-01	6.279421e+02	1.606639e-03	
4.347498e-01	3.568910e-02	1.671418e-05	1.117544e-04	2.207975e+00	2.133154e-03	1.625853e-04	8.444079e-05	1.139949e+01	2.810968e-01	2.634126e-04	9.820912e+02	2.561278e+02	2.312389e-05	4.354177e-03	1.642981e-02	3.463196e-02	5.237394e+02	2.613686e-03	
4.347539e-01	9.789597e-03	1.665309e-05	1.571123e-04	2.212213e+00	2.980070e-03	2.796833e-04	1.476992e-04	1.151825e+01	2.848632e-01	1.408541e-04	9.839872e+02	1.375648e+02	3.162292e-05	3.982436e-03	1.680435e-02	2.680529e-02	3.395558e+02	2.467770e-03	
4.347579e-01	9.598133e-03	1.671393e-05	2.438622e-04	2.244321e+00	4.649558e-03	1.855521e-04	9.830472e-05	1.121868e+01	2.945068e-01	1.698546e-04	9.808006e+02	2.991702e+02	2.359441e-05	2.656501e-03	1.617105e-02	5.245919e-02	3.332605e+02	1.575338e-03	
4.347595e-01	2.119813e-02	1.526563e-05	8.274025e-05	2.178092e+00	1.633591e-03	2.060474e-04	1.088969e-04	1.156384e+01	2.783817e-01	8.942067e-05	9.872611e+02	1.157420e+02	2.924575e-05	3.641852e-03	1.721066e-02	4.240323e-02	3.135038e+02	2.346467e-03	
4.347600e-01	5.217541e-03	1.275513e-05	1.774901e-04	2.057914e+00	3.538011e-03	3.677031e-04	1.781044e-04	1.146583e+01	2.854209e-01	9.124435e-05	9.903492e+02	1.352612e+02	2.531996e-05	2.589556e-03	1.688394e-02	1.505085e-01	3.255488e+02	1.623575e-03	
4.347644e-01	1.352069e-02	1.215259e-05	3.130826e-04	2.184936e+00	6.130760e-03	1.511511e-04	7.679853e-05	1.136189e+01	2.626764e-01	1.899737e-04	9.865963e+02	1.367538e+02	2.537234e-05	3.290634e-03	1.742490e-02	7.659765e-02	2.830127e+02	2.058025e-03	
4.347688e-01	9.095105e-03	1.447736e-05	2.904495e-04	2.189901e+00	5.540525e-03	1.890170e-04	1.025966e-04	1.159476e+01	2.744452e-01	5.934882e-05	9.881185e+02	1.822761e+02	3.612471e-05	3.635668e-03	1.644361e-02	5.939193e-02	5.422282e+02	2.324479e-03	
4.347688e-01	3.978827e-02	1.469576e-05	1.105577e-04	2.015901e+00	2.230701e-03	2.084837e-04	9.310304e-05	1.158474e+01	2.682563e-01	1.161869e-04	9.819349e+02	1.438212e+02	4.135907e-05	2.913349e-03	1.734745e-02	1.641807e-02	7.930865e+02	1.889006e-03	
4.347717e-01	6.208225e-02	1.816258e-05	1.475792e-04	2.360219e+00	2.941365e-03	1.857885e-04	9.944605e-05	1.135578e+01	2.796936e-01	2.069785e-04	9.879612e+02	2.398685e+02	3.504860e-05	2.154637e-03	1.738214e-02	1.156901e-02	7.622421e+02	1.318013e-03	
4.347756e-01	2.109859e-02	1.409947e-05	1.687116e-04	1.966715e+00	3.418386e-03	2.975081e-04	1.370843e-04	1.150141e+01	2.794266e-01	8.121385e-05	9.882389e+02	3.402354e+02	2.748731e-05	4.525582e-03	1.700339e-02	4.808987e-02	6.100083e+02	2.893218e-03	
4.347757e-01	7.759166e-03	1.428192e-05	1.615624e-04	2.215981e+00	3.151735e-03	1.534163e-04	8.285581e-05	1.149777e+01	2.820490e-01	1.915871e-04	9.940470e+02	2.809467e+02	3.454678e-05	4.449797e-03	1.750738e-02	4.702013e-02	2.675006e+02	2.861126e-03	
4.347801e-01	1.628180e-02	1.580542e-05	2.438269e-04	2.116789e+00	4.689534e-03	1.762944e-04	9.232876e-05	1.147525e+01	2.719660e-01	5.567763e-05	9.883809e+02	1.970873e+02	2.885650e-05	5.058244e-03	1.652539e-02	5.641479e-02	6.729064e+02	3.190602e-03	
4.347805e-01	1.994842e-02	1.372539e-05	1.918002e-04	2.168223e+00	3.726762e-03	1.982173e-04	9.421576e-05	1.149195e+01	2.794188e-01	8.328604e-05	9.886988e+02	2.043332e+02	2.269641e-05	3.674203e-03	1.663310e-02	4.283165e-02	5.241661e+02	2.162633e-03	
4.347816e-01	6.907296e-03	1.479101e-05	1.314830e-04	2.154124e+00	2.765961e-03	3.339404e-04	1.435878e-04	1.142758e+01	2.911589e-01	1.324787e-04	9.918478e+02	1.331530e+02	2.579204e-05	3.399811e-03	1.743300e-02	5.964396e-02	5.434078e+02	2.025920e-03	
4.347829e-01	1.366377e-02	1.310144e-05	1.683559e-04	1.814549e+00	3.468621e-03	2.274703e-04	8.550282e-05	1.155117e+01	2.665113e-01	1.056722e-04	9.896536e+02	1.493323e+02	3.912371e-05	2.121716e-03	1.740913e-02	8.236116e-02	5.610049e+02	1.332715e-03	
4.347841e-01	1.067388e-02	1.578875e-05	2.702065e-04	2.279567e+00	4.909438e-03	2.782113e-04	1.636401e-04	1.124195e+01	2.903339e-01	1.508109e-04	9.924034e+02	3.044757e+02	3.731277e-05	2.700877e-03	1.602937e-02	1.102013e-01	5.150747e+02	1.665969e-03	
4.347866e-01	8.371288e-03	1.593977e-05	3.598729e-04	2.364023e+00	6.810781e-03	1.565422e-04	8.887125e-05	1.134341e+01	2.754531e-01	2.843026e-04	9.851972e+02	1.862078e+02	3.190359e-05	1.909642e-03	1.655611e-02	6.182601e-02	4.835360e+02	1.140846e-03	
4.347909e-01	2.099875e-02	1.387639e-05	1.572564e-04	2.326337e+00	3.036965e-03	1.512096e-04	8.695951e-05	1.132444e+01	2.920561e-01	1.027591e-04	9.891568e+02	2.445940e+02	2.764170e-05	3.158736e-03	1.675814e-02	3.251505e-02	3.435069e+02	1.970875e-03	
4.347936e-01	5.325321e-02	1.750137e-05	1.948548e-04	2.211715e+00	3.899027e-03	2.036031e-04	1.063617e-04	1.143361e+01	2.881891e-01	5.631114e-05	9.922151e+02	2.167777e+02	2.352489e-05	3.526875e-03	1.672601e-02	3.887055e-02	5.340902e+02	2.170714e-03	
4.347962e-01	4.708103e-03	1.570090e-05	1.323893e-04	2.036937e+00	2.699387e-03	3.855373e-04	1.794944e-04	1.163754e+01	2.912243e-01	1.237556e-04	9.919676e+02	8.260185e+01	2.746889e-05	4.601707e-03	1.730047e-02	7.601680e-02	7.967802e+02	3.009483e-03	
4.347964e-01	2.073546e-02	1.487426e-05	3.879315e-04	2.148959e+00	7.604576e-03	1.231787e-04	6.277530e-05	1.133251e+01	2.874103e-01	1.439523e-04	9.860762e+02	1.594195e+02	3.429124e-05	1.860328e-03	1.629917e-02	1.528252e-02	4.147912e+02	1.127543e-03	
4.347978e-01	1.644938e-02	1.434561e-05	1.712532e-04	2.157608e+00	3.457272e-03	1.501473e-04	7.015973e-05	1.140337e+01	2.762812e-01	2.273108e-04	9.824692e+02	1.516349e+02	2.712448e-05	3.202223e-03	1.665000e-02	2.405116e-02	4.607890e+02	1.865332e-03	
4.347995e-01	3.949594e-03	1.638113e-05	2.577430e-04	2.136337e+00	5.615932e-03	3.174359e-04	1.386574e-04	1.141824e+01	2.975590e-01	1.058927e-04	9.895844e+02	2.497927e+02	3.214639e-05	3.435643e-03	1.600360e-02	8.195137e-02	3.345444e+02	2.019187e-03	
4.348002e-01	1.337643e-02	1.685119e-05	3.530107e-04	2.160564e+00	6.530210e-03	2.725734e-04	1.444028e-04	1.146977e+01	2.754977e-01	3.573843e-04	9.915497e+02	1.259723e+02	3.208103e-05	5.407356e-03	1.656869e-02	1.676387e-02	7.673300e+02	3.367561e-03	
4.348040e-01	1.028395e-02	1.413511e-05	1.875237e-04	2.124517e+00	3.766566e-03	2.887461e-04	1.422756e-04	1.129342e+01	2.808246e-01	2.326877e-04	9.895889e+02	1.204378e+02	3.327343e-05	3.358131e-03	1.662184e-02	1.249178e-01	6.773371e+02	2.046538e-03	
4.348045e-01	1.799939e-02	1.281531e-05	2.330547e-04	1.755601e+00	4.923074e-03	2.053707e-04	7.332855e-05	1.144348e+01	2.693153e-01	1.478716e-04	9.936989e+02	2.973554e+02	3.854295e-05	2.238546e-03	1.730127e-02	3.177442e-02	7.014990e+02	1.432572e-03	
4.348077e-01	3.063458e-02	1.441615e-05	1.573401e-04	2.109146e+00	3.255118e-03	1.663221e-04	7.972630e-05	1.137277e+01	2.919014e-01	1.407293e-04	9.937922e+02	2.093168e+02	2.492652e-05	3.082375e-03	1.668888e-02	2.391623e-02	2.974604e+02	1.886196e-03	
4.348111e-01	3.316427e-02	1.605403e-05	1.934177e-04	2.346702e+00	3.677394e-03	1.767539e-04	9.936908e-05	1.136387e+01	2.930082e-01	1.464598e-04	9.930240e+02	2.022276e+02	2.649871e-05	2.779552e-03	1.702705e-02	2.487580e-02	2.091600e+02	1.676728e-03	
4.348140e-01	7.736447e-03	1.503826e-05	3.700356e-04	2.366427e+00	7.032703e-03	2.199953e-04	1.285120e-04	1.121294e+01	2.961142e-01	2.084847e-04	9.824989e+02	1.983291e+02	3.055275e-05	2.731866e-03	1.638800e-02	6.919066e-02	6.264761e+02	1.645259e-03	
4.348141e-01	9.537120e-03	1.343855e-05	1.160468e-04	2.381273e+00	2.261316e-03	2.189176e-04	1.180005e-04	1.151469e+01	2.811249e-01	1.131850e-04	9.957665e+02	1.263784e+02	2.608373e-05	3.846341e-03	1.686237e-02	2.751751e-01	7.342006e+02	2.245275e-03	
4.348160e-01	4.280376e-03	1.333162e-05	1.696485e-04	2.127064e+00	3.551705e-03	3.073421e-04	1.480681e-04	1.158159e+01	2.740820e-01	8.567680e-05	9.948349e+02	1.029380e+02	4.252296e-05	2.205313e-03	1.692415e-02	9.150911e-02	3.893231e+02	1.419827e-03	
4.348180e-01	1.161379e-02	1.385850e-05	2.578859e-04	2.390874e+00	5.061960e-03	2.508893e-04	1.355460e-04	1.140157e+01	2.827523e-01	2.998778e-04	9.886795e+02	1.297597e+02	2.441192e-05	4.335687e-03	1.662666e-02	6.507723e-02	3.329680e+02	2.513381e-03	
4.348191e-01	6.545522e-03	1.611938e-05	1.172092e-04	2.121281e+00	2.309232e-03	1.979678e-04	1.014156e-04	1.157754e+01	2.860220e-01	7.457874e-05	9.889052e+02	1.638852e+02	2.949368e-05	4.627857e-03	1.728693e-02	5.175352e-02	6.370569e+02	2.971090e-03	
4.348204e-01	1.300509e-02	1.385103e-05	1.760035e-04	2.225582e+00	3.338653e-03	2.861223e-04	1.553139e-04	1.150046e+01	2.814866e-01	5.239552e-05	9.982114e+02	1.591506e+02	3.096586e-05	2.762166e-03	1.755389e-02	1.335768e-01	7.613986e+02	1.795538e-03	
4.348231e-01	2.022550e-02	1.401580e-05	1.334222e-04	2.194220e+00	2.566827e-03	2.576618e-04	1.257299e-04	1.142442e+01	2.867826e-01	1.221970e-04	9.954785e+02	1.560785e+02	2.785929e-05	2.302352e-03	1.652238e-02	2.222102e-01	5.720954e+02	1.339550e-03	
4.348254e-01	9.714680e-03	1.399741e-05	1.758618e-04	2.264608e+00	3.399972e-03	2.512257e-04	1.342527e-04	1.136632e+01	2.727725e-01	2.058495e-04	9.871011e+02	1.343954e+02	3.219304e-05	3.538967e-03	1.828481e-02	7.225024e-02	4.448497e+02	2.273729e-03	
4.348263e-01	5.016141e-03	1.526078e-05	2.068987e-04	2.164403e+00	4.106721e-03	2.322366e-04	1.188255e-04	1.143609e+01	2.916281e-01	5.754667e-05	9.905987e+02	1.047739e+02	1.792216e-05	3.396617e-03	1.628515e-02	4.346331e-02	2.736339e+02	2.055092e-03	
4.348278e-01	6.597453e-03	1.803484e-05	1.247686e-04	2.147212e+00	2.526590e-03	2.384227e-04	1.109800e-04	1.141225e+01	2.822111e-01	2.184604e-04	9.863955e+02	1.096140e+02	2.750769e-05	3.381600e-03	1.737529e-02	4.390392e-02	3.661171e+02	2.010629e-03	
4.348319e-01	9.074689e-03	1.636488e-05	2.005203e-04	2.021602e+00	4.072729e-03	3.586401e-04	1.502728e-04	1.162886e+01	2.734097e-01	6.989078e-05	9.911708e+02	2.304985e+02	3.751824e-05	3.050924e-03	1.711623e-02	9.455482e-02	6.385130e+02	1.864307e-03	
4.348336e-01	8.607551e-03	1.504345e-05	1.824424e-04	2.297428e+00	3.728902e-03	2.494771e-04	1.245205e-04	1.183131e+01	2.722256e-01	3.005218e-05	9.938695e+02	9.268948e+01	4.575191e-05	4.512376e-03	1.789059e-02	5.047176e-02	5.431163e+02	2.771946e-03	
4.348345e-01	3.963230e-03	1.618160e-05	1.702150e-04	2.424744e+00	3.167236e-03	2.040354e-04	1.244189e-04	1.148978e+01	2.819917e-01	1.961625e-04	9.951766e+02	1.389103e+02	2.272415e-05	3.068208e-03	1.593543e-02	7.095504e-02	6.716556e+02	1.860555e-03	
4.348377e-01	1.223264e-02	1.584124e-05	4.007502e-04	2.321982e+00	8.366978e-03	1.725065e-04	8.482241e-05	1.124439e+01	2.780573e-01	1.111901e-04	9.905673e+02	7.204255e+01	3.903433e-05	2.867725e-03	1.710016e-02	1.445427e-02	7.418767e+02	1.706765e-03	
4.348398e-01	1.064754e-02	1.471737e-05	1.105438e-04	2.104224e+00	2.176191e-03	1.901060e-04	9.372343e-05	1.144194e+01	2.852546e-01	1.595190e-04	9.839137e+02	3.611756e+02	3.769913e-05	3.036616e-03	1.713577e-02	4.044123e-02	7.319407e+02	1.881470e-03	
4.348456e-01	2.106829e-02	1.403025e-05	5.525099e-05	2.117856e+00	1.185383e-03	2.220150e-04	9.356601e-05	1.162063e+01	2.816488e-01	1.125014e-04	9.874992e+02	1.287590e+02	3.780448e-05	2.497241e-03	1.939200e-02	3.036339e-02	4.465860e+02	1.534162e-03	
4.348458e-01	1.491469e-02	1.348578e-05	7.110199e-05	2.240116e+00	1.398903e-03	1.926273e-04	1.058315e-04	1.152999e+01	2.633704e-01	1.844932e-04	9.949527e+02	9.311812e+01	2.410470e-05	3.619728e-03	1.782202e-02	3.452573e-02	2.344279e+02	2.335179e-03	
4.348470e-01	1.144193e-02	1.792624e-05	1.127102e-04	2.278888e+00	2.230038e-03	2.487429e-04	1.336101e-04	1.153024e+01	2.958757e-01	4.123459e-05	9.902914e+02	1.555428e+02	2.144796e-05	3.480726e-03	1.703993e-02	8.085672e-02	3.792630e+02	2.196107e-03	
4.348473e-01	1.166876e-02	1.486333e-05	1.179022e-04	2.211444e+00	2.343739e-03	1.254560e-04	6.483416e-05	1.149340e+01	2.801576e-01	1.380701e-04	9.863859e+02	2.081167e+02	2.449238e-05	3.259718e-03	1.736041e-02	2.249193e-02	3.096436e+02	2.006087e-03	
4.348504e-01	2.356037e-03	1.670443e-05	1.687676e-04	2.501972e+00	3.284288e-03	1.912173e-04	1.122625e-04	1.122432e+01	2.907683e-01	2.364754e-04	9.858548e+02	9.512149e+01	2.120832e-05	2.898514e-03	1.631457e-02	1.151750e-01	2.689554e+02	1.693490e-03	
4.348512e-01	3.437833e-02	1.368718e-05	2.310797e-04	1.772616e+00	4.634304e-03	2.746314e-04	1.046563e-04	1.151748e+01	2.789187e-01	1.569687e-04	9.878861e+02	1.807315e+02	4.446390e-05	2.764725e-03	1.677914e-02	4.109983e-02	5.480334e+02	1.709755e-03	
4.348545e-01	2.095715e-02	1.765533e-05	1.177844e-04	2.142656e+00	2.445352e-03	2.717177e-04	1.319834e-04	1.151273e+01	2.930257e-01	5.565501e-05	9.882820e+02	1.257329e+02	2.613981e-05	3.804685e-03	1.728038e-02	2.987855e-02	5.305592e+02	2.357232e-03	
4.348571e-01	8.926543e-03	1.325455e-05	2.990624e-04	2.148334e+00	5.926651e-03	1.280977e-04	6.333921e-05	1.143487e+01	2.680316e-01	2.553345e-04	9.895060e+02	1.294313e+02	3.060783e-05	1.814933e-03	1.750726e-02	4.041484e-02	2.344930e+02	1.118661e-03	
4.348572e-01	2.112065e-02	1.724959e-05	1.633855e-04	2.066063e+00	3.326941e-03	3.458897e-04	1.634044e-04	1.166807e+01	2.812607e-01	8.386557e-05	9.876351e+02	2.596213e+02	2.069998e-05	2.612860e-03	1.646055e-02	6.778686e-02	2.483103e+02	1.584526e-03	
4.348575e-01	1.048744e-02	1.385767e-05	1.520790e-04	2.097430e+00	3.042302e-03	2.796860e-04	1.410415e-04	1.152854e+01	2.814255e-01	6.253737e-05	9.970681e+02	1.013026e+02	2.865934e-05	4.153741e-03	1.750465e-02	1.023307e-01	4.780793e+02	2.679773e-03	
4.348597e-01	1.340353e-02	1.746811e-05	1.734949e-04	2.040733e+00	3.521672e-03	3.237424e-04	1.339597e-04	1.147285e+01	2.916817e-01	1.725719e-04	9.919110e+02	2.204053e+02	2.961384e-05	3.129153e-03	1.711043e-02	5.603434e-02	5.032700e+02	1.862220e-03	
4.348617e-01	2.345821e-03	1.717261e-05	1.806354e-04	2.329885e+00	3.520661e-03	3.027678e-04	1.727673e-04	1.130295e+01	3.026928e-01	1.358474e-04	9.870505e+02	3.015779e+02	2.502964e-05	3.870476e-03	1.599670e-02	1.593638e-01	4.954408e+02	2.370888e-03	
4.348618e-01	1.640639e-02	1.498483e-05	1.116156e-04	2.339878e+00	2.101370e-03	1.183013e-04	6.492036e-05	1.154587e+01	2.753896e-01	2.027916e-04	9.897313e+02	2.147687e+02	2.087196e-05	3.600591e-03	1.738511e-02	4.573436e-02	2.993113e+02	2.175483e-03	
4.348669e-01	3.469804e-03	1.597770e-05	1.440033e-04	2.354471e+00	2.971461e-03	1.658544e-04	8.189459e-05	1.137680e+01	2.891459e-01	8.424991e-05	9.896131e+02	2.787308e+02	2.550647e-05	1.736490e-03	1.714474e-02	6.561526e-02	3.021825e+02	9.933771e-04	
4.348672e-01	5.966929e-03	1.551269e-05	1.689863e-04	2.391940e+00	3.455313e-03	2.672486e-04	1.397587e-04	1.161807e+01	2.766368e-01	1.144520e-04	9.890545e+02	1.258138e+02	3.712922e-05	4.121896e-03	1.713643e-02	4.856061e-02	4.539578e+02	2.417121e-03	
4.348686e-01	1.866702e-02	1.583427e-05	2.529158e-04	1.969727e+00	5.756118e-03	2.777384e-04	1.076246e-04	1.148452e+01	2.804061e-01	1.336486e-04	9.885077e+02	3.627397e+02	3.531987e-05	3.264137e-03	1.618158e-02	4.025756e-02	5.731926e+02	1.987071e-03	
4.348709e-01	1.457101e-02	1.744277e-05	2.862467e-04	2.245015e+00	5.421644e-03	2.396927e-04	1.336698e-04	1.134817e+01	2.840061e-01	2.204698e-04	9.941207e+02	1.980058e+02	3.206061e-05	2.643522e-03	1.649257e-02	6.129086e-02	4.903781e+02	1.611507e-03	
4.348710e-01	9.509036e-03	1.545011e-05	2.517925e-04	2.419659e+00	4.635771e-03	1.639479e-04	1.033196e-04	1.131506e+01	2.818972e-01	1.485793e-04	9.859208e+02	7.583083e+01	2.829004e-05	2.904243e-03	1.679625e-02	2.717516e-02	5.812455e+02	1.788200e-03	
4.348734e-01	2.844363e-02	1.292257e-05	2.112703e-04	2.199912e+00	4.378490e-03	1.639136e-04	8.390914e-05	1.158204e+01	2.670316e-01	1.128926e-04	9.901037e+02	2.517156e+02	2.834081e-05	3.215807e-03	1.702454e-02	4.954109e-02	2.521405e+02	2.009514e-03	
4.348735e-01	4.219735e-02	1.484619e-05	1.822437e-04	2.473596e+00	3.457189e-03	1.304690e-04	7.611918e-05	1.135366e+01	2.846985e-01	1.347577e-04	9.865393e+02	2.381836e+02	2.891573e-05	2.383365e-03	1.688971e-02	3.032481e-02	7.256196e+02	1.391107e-03	
4.348777e-01	9.255538e-03	1.502930e-05	1.939017e-04	2.445049e+00	3.762143e-03	2.088636e-04	1.221739e-04	1.150290e+01	2.792793e-01	1.182351e-04	9.919750e+02	1.694205e+02	2.463652e-05	3.718203e-03	1.635247e-02	6.055495e-02	3.612626e+02	2.179726e-03	
4.348862e-01	1.314561e-02	1.510514e-05	1.434303e-04	2.556106e+00	2.538694e-03	1.715121e-04	1.209817e-04	1.127245e+01	2.890311e-01	2.276669e-04	9.836218e+02	1.452490e+02	2.436974e-05	2.856105e-03	1.658668e-02	7.447988e-02	4.577908e+02	1.764952e-03	
4.348871e-01	1.433314e-02	1.438983e-05	1.946625e-04	2.283386e+00	3.635708e-03	1.560475e-04	8.908988e-05	1.134245e+01	2.851224e-01	1.591315e-04	9.893175e+02	1.438627e+02	2.523087e-05	2.394076e-03	1.746692e-02	4.590107e-02	3.102800e+02	1.558283e-03	
4.348885e-01	5.333120e-03	1.512639e-05	2.713710e-04	2.160469e+00	5.354654e-03	3.116129e-04	1.574205e-04	1.149687e+01	2.797700e-01	1.276361e-04	9.917919e+02	1.434708e+02	3.321641e-05	3.898693e-03	1.716158e-02	7.179932e-02	7.444209e+02	2.382318e-03	
4.348914e-01	2.021466e-02	1.394541e-05	2.244598e-04	2.209780e+00	4.685008e-03	1.883818e-04	9.642279e-05	1.171418e+01	2.683516e-01	7.301966e-05	9.952230e+02	8.986658e+01	3.616188e-05	2.764768e-03	1.721014e-02	4.359556e-02	9.521824e+02	1.744707e-03	
4.348919e-01	1.190537e-02	1.391620e-05	1.694859e-04	2.158725e+00	3.480703e-03	2.183261e-04	1.072092e-04	1.145530e+01	2.896608e-01	8.680475e-05	9.989921e+02	2.329967e+02	3.257139e-05	2.789871e-03	1.698951e-02	6.377334e-02	3.250405e+02	1.691283e-03	
4.348954e-01	5.364924e-03	1.531896e-05	3.834967e-04	2.200889e+00	7.712972e-03	3.098688e-04	1.491939e-04	1.133367e+01	2.971769e-01	9.220196e-05	9.926619e+02	1.633348e+02	2.920045e-05	3.162597e-03	1.600461e-02	5.175055e-02	4.304111e+02	1.915043e-03	
4.349007e-01	1.289645e-02	1.556120e-05	2.622200e-04	2.383451e+00	5.221094e-03	1.702532e-04	9.708705e-05	1.139424e+01	2.724181e-01	1.345204e-04	9.981796e+02	2.020043e+02	3.037029e-05	2.032296e-03	1.679070e-02	7.687265e-02	3.229068e+02	1.229586e-03	
4.349030e-01	1.044040e-02	1.634050e-05	1.206048e-04	2.210107e+00	2.528999e-03	2.532833e-04	1.246635e-04	1.151356e+01	2.846018e-01	2.085709e-04	9.954713e+02	1.748240e+02	2.693600e-05	2.617355e-03	1.768707e-02	2.595913e-02	6.376033e+02	1.602435e-03	
4.349033e-01	5.314998e-03	1.406830e-05	2.029009e-04	2.418912e+00	4.133170e-03	1.483566e-04	7.887572e-05	1.133390e+01	2.810818e-01	2.023995e-04	9.957080e+02	3.235951e+02	2.584581e-05	2.752534e-03	1.683749e-02	1.798715e-01	3.302311e+02	1.586177e-03	
4.349048e-01	9.160929e-03	1.568069e-05	8.528956e-05	2.562015e+00	1.674974e-03	1.919927e-04	1.178289e-04	1.141663e+01	2.899357e-01	6.788710e-05	9.857102e+02	1.354012e+02	2.838400e-05	3.616252e-03	1.730166e-02	6.619254e-02	7.196590e+02	2.165386e-03	
4.349049e-01	3.314727e-02	1.517527e-05	1.242143e-04	2.059694e+00	2.459279e-03	2.149776e-04	1.084535e-04	1.145566e+01	2.764249e-01	1.296014e-04	9.829375e+02	9.916442e+01	3.479912e-05	3.461681e-03	1.759068e-02	3.212922e-02	4.784472e+02	2.278002e-03	
4.349060e-01	4.048464e-02	1.578326e-05	7.814382e-05	2.194556e+00	1.561240e-03	2.467704e-04	1.158542e-04	1.147577e+01	2.797365e-01	1.282374e-04	9.876012e+02	9.707078e+01	3.772337e-05	2.816024e-03	1.873100e-02	1.512328e-02	3.160533e+02	1.740109e-03	
4.349083e-01	4.172055e-02	1.546685e-05	1.165739e-04	2.370329e+00	2.386135e-03	1.969555e-04	1.097730e-04	1.135048e+01	2.740901e-01	1.306842e-04	9.897626e+02	9.188118e+01	3.830236e-05	2.017469e-03	1.766547e-02	2.131756e-02	4.360252e+02	1.268038e-03	
4.349084e-01	7.897812e-03	1.659206e-05	2.811152e-04	2.179629e+00	5.544011e-03	2.079492e-04	1.068994e-04	1.123904e+01	2.840113e-01	1.418983e-04	9.880279e+02	1.469995e+02	2.919834e-05	3.480883e-03	1.648908e-02	3.929981e-02	4.770706e+02	2.094042e-03	
4.349113e-01	4.091424e-03	1.600084e-05	1.230634e-04	2.185629e+00	2.405256e-03	2.324137e-04	1.291727e-04	1.148797e+01	2.837797e-01	1.409294e-04	9.925480e+02	9.549565e+01	3.344187e-05	4.177458e-03	1.669051e-02	8.375237e-02	5.053776e+02	2.701123e-03	
4.349141e-01	1.578365e-02	1.352607e-05	1.961646e-04	2.323895e+00	3.952775e-03	2.282918e-04	1.214961e-04	1.160916e+01	2.789969e-01	1.968120e-04	9.851606e+02	3.854792e+02	3.986919e-05	3.989694e-03	1.713954e-02	5.338573e-02	4.645931e+02	2.503679e-03	
4.349147e-01	1.529175e-02	1.547690e-05	2.367253e-04	2.362570e+00	4.753441e-03	1.892104e-04	9.542467e-05	1.148499e+01	2.839305e-01	1.763819e-04	9.817594e+02	4.057508e+02	3.356236e-05	2.579357e-03	1.638626e-02	4.003902e-02	8.533309e+02	1.448041e-03	
4.349170e-01	1.721636e-02	1.787124e-05	1.173770e-04	2.120030e+00	2.468912e-03	4.108154e-04	1.998721e-04	1.134553e+01	2.989343e-01	7.648756e-05	9.890353e+02	2.898238e+02	3.638728e-05	3.384682e-03	1.611864e-02	1.068918e-01	7.179086e+02	2.116703e-03	
4.349205e-01	8.800137e-03	1.436623e-05	2.140765e-04	2.313890e+00	4.375400e-03	1.955419e-04	9.834156e-05	1.163122e+01	2.743590e-01	9.667812e-05	9.950584e+02	1.675424e+02	4.001186e-05	2.804845e-03	1.696971e-02	3.954980e-02	6.084609e+02	1.622643e-03	
4.349275e-01	1.040330e-02	1.530632e-05	2.164307e-04	2.425111e+00	4.099785e-03	1.842004e-04	1.156947e-04	1.154402e+01	2.793216e-01	1.553756e-04	9.866634e+02	1.958638e+02	2.544547e-05	2.449003e-03	1.676794e-02	8.350621e-02	3.307974e+02	1.511855e-03	
4.349292e-01	4.534846e-02	1.628423e-05	2.185232e-04	2.232700e+00	4.344237e-03	2.398172e-04	1.248661e-04	1.138461e+01	2.862616e-01	1.630833e-04	9.834527e+02	2.387108e+02	3.454065e-05	2.786379e-03	1.604606e-02	2.051565e-02	2.439030e+02	1.632860e-03	
4.349344e-01	6.075914e-03	1.497535e-05	2.704819e-04	2.087005e+00	5.567792e-03	2.797358e-04	1.384519e-04	1.145927e+01	2.806306e-01	1.607210e-04	9.891797e+02	1.349125e+02	2.951062e-05	5.578441e-03	1.599351e-02	6.303467e-02	2.842376e+02	3.450484e-03	
4.349440e-01	3.104953e-02	1.517474e-05	1.965467e-04	2.113542e+00	4.039847e-03	2.058861e-04	1.013394e-04	1.164314e+01	2.814449e-01	1.396472e-04	9.837691e+02	1.061135e+02	2.588860e-05	4.079139e-03	1.670667e-02	1.909938e-02	5.453407e+02	2.520961e-03	
4.349452e-01	3.361956e-03	1.287919e-05	1.720190e-04	2.341316e+00	3.490783e-03	2.016137e-04	1.119770e-04	1.129891e+01	2.897812e-01	1.311598e-04	9.975714e+02	1.575446e+02	2.695853e-05	4.373019e-03	1.695958e-02	9.582158e-02	3.228126e+02	2.673787e-03	
4.349477e-01	2.346555e-02	1.352752e-05	1.927296e-04	2.261754e+00	3.992653e-03	1.056813e-04	5.656164e-05	1.146984e+01	2.701817e-01	1.403063e-04	9.804054e+02	1.054486e+02	2.371508e-05	2.452322e-03	1.789182e-02	4.036890e-02	3.019483e+02	1.576464e-03	
4.349477e-01	1.352836e-02	1.677816e-05	9.816986e-05	2.445782e+00	1.881671e-03	2.795313e-04	1.751699e-04	1.140919e+01	2.872431e-01	1.783335e-04	9.856941e+02	7.480160e+01	3.860187e-05	3.304357e-03	1.811798e-02	4.539874e-02	4.090347e+02	2.173874e-03	
4.349494e-01	1.991371e-02	1.489244e-05	2.103466e-04	1.783081e+00	4.446091e-03	3.097141e-04	1.086058e-04	1.151837e+01	2.726014e-01	1.129220e-04	9.893405e+02	1.103020e+02	2.832735e-05	2.184907e-03	1.789198e-02	3.796528e-02	6.352442e+02	1.364646e-03	
4.349524e-01	7.979079e-03	1.796456e-05	1.261889e-04	2.377145e+00	2.467946e-03	2.912834e-04	1.731720e-04	1.135628e+01	2.815420e-01	1.754467e-04	9.885810e+02	1.826259e+02	3.989352e-05	3.456437e-03	1.723088e-02	3.795583e-02	2.774570e+02	2.156401e-03	
4.349535e-01	1.194100e-02	1.383615e-05	1.032707e-04	2.378100e+00	2.079001e-03	2.070919e-04	1.135086e-04	1.144436e+01	2.776199e-01	1.688858e-04	9.918179e+02	1.333754e+02	2.736273e-05	3.225226e-03	1.797774e-02	7.771336e-02	3.282710e+02	1.954631e-03	
4.349555e-01	2.983416e-02	1.799694e-05	2.476310e-04	2.204155e+00	4.675652e-03	1.992617e-04	1.095531e-04	1.145347e+01	2.950806e-01	7.027155e-05	9.844603e+02	2.374091e+02	1.757156e-05	4.734796e-03	1.541592e-02	4.110864e-02	4.484873e+02	2.799000e-03	
4.349605e-01	7.108318e-03	1.499778e-05	1.557786e-04	2.518745e+00	3.053893e-03	2.543034e-04	1.445939e-04	1.120359e+01	2.883395e-01	2.547403e-04	9.877689e+02	2.044254e+02	2.756558e-05	2.687908e-03	1.621805e-02	8.359735e-02	3.744500e+02	1.507950e-03	
4.349699e-01	2.304187e-02	1.522808e-05	1.847349e-04	2.592910e+00	3.486207e-03	2.124329e-04	1.286329e-04	1.143385e+01	2.849591e-01	1.409669e-04	9.957197e+02	2.172117e+02	3.704190e-05	3.328531e-03	1.770208e-02	3.203210e-02	4.910012e+02	1.988559e-03	
4.349699e-01	7.774278e-03	1.341351e-05	1.261422e-04	2.243035e+00	2.456241e-03	2.765840e-04	1.610948e-04	1.143120e+01	2.800670e-01	2.608631e-04	9.870169e+02	9.982516e+01	2.792922e-05	3.040723e-03	1.719956e-02	6.624648e-02	3.058196e+02	2.016251e-03	
4.349771e-01	5.594062e-03	1.978870e-05	3.765980e-04	2.319112e+00	6.601957e-03	2.774457e-04	1.771267e-04	1.136965e+01	2.858853e-01	2.203034e-04	9.823974e+02	2.382498e+02	2.191718e-05	2.367634e-03	1.624790e-02	7.056297e-02	3.602508e+02	1.472293e-03	
4.349823e-01	4.545398e-03	1.492827e-05	1.637519e-04	2.117784e+00	3.455821e-03	1.886588e-04	8.081212e-05	1.153057e+01	2.697800e-01	1.589159e-04	9.865236e+02	1.231487e+02	2.318332e-05	2.291533e-03	1.746331e-02	4.310899e-02	3.573355e+02	1.316252e-03	
4.349839e-01	8.173652e-03	1.604650e-05	1.194996e-04	2.670777e+00	2.231989e-03	2.192567e-04	1.450255e-04	1.147287e+01	2.955834e-01	1.450713e-04	9.924659e+02	3.045984e+02	3.011495e-05	3.121567e-03	1.647150e-02	7.303664e-02	3.369532e+02	1.838550e-03	
4.349871e-01	2.208915e-02	1.658612e-05	1.433370e-04	2.279432e+00	2.942756e-03	2.515592e-04	1.193750e-04	1.170281e+01	2.914263e-01	5.381715e-05	9.946710e+02	1.883882e+02	2.927002e-05	3.908114e-03	1.644179e-02	4.472369e-02	2.371270e+02	2.193619e-03	
4.349882e-01	1.906881e-02	1.524473e-05	9.965332e-05	2.580006e+00	1.946332e-03	2.105672e-04	1.309524e-04	1.147737e+01	2.860618e-01	1.496883e-04	9.903423e+02	1.785742e+02	3.086720e-05	3.166709e-03	1.745972e-02	4.936586e-02	4.570056e+02	1.876133e-03	
4.349904e-01	1.797039e-02	1.634216e-05	5.625425e-05	2.406663e+00	1.236352e-03	1.691545e-04	7.926120e-05	1.134502e+01	2.919658e-01	7.477686e-05	9.905459e+02	1.065979e+02	3.763753e-05	1.877200e-03	1.812287e-02	2.119440e-02	6.215919e+02	1.083010e-03	
4.350014e-01	3.649638e-02	1.707101e-05	1.240603e-04	2.238360e+00	2.455386e-03	1.292999e-04	7.101717e-05	1.138735e+01	2.830538e-01	8.085475e-05	9.822800e+02	3.666630e+02	3.454251e-05	2.004981e-03	1.719271e-02	1.642850e-02	3.393556e+02	1.256704e-03	
4.350034e-01	2.405590e-02	1.983086e-05	3.361772e-04	2.223248e+00	6.372158e-03	2.247725e-04	1.084226e-04	1.134599e+01	2.929810e-01	2.645231e-04	9.822333e+02	1.947310e+02	3.035351e-05	2.761351e-03	1.619835e-02	3.336747e-02	5.670606e+02	1.608406e-03	
4.350050e-01	3.003303e-03	1.441128e-05	3.097643e-04	2.431029e+00	6.212705e-03	2.383154e-04	1.354980e-04	1.149290e+01	2.887821e-01	8.999490e-05	9.887792e+02	1.160786e+02	2.998834e-05	3.114209e-03	1.827567e-02	4.597463e-02	5.512907e+02	1.901999e-03	
4.350058e-01	3.489319e-02	1.340039e-05	1.522600e-04	2.534499e+00	2.874786e-03	1.632030e-04	9.750409e-05	1.140177e+01	2.712428e-01	3.443211e-04	9.835476e+02	2.548772e+02	2.362723e-05	4.270184e-03	1.708877e-02	3.023241e-02	4.942484e+02	2.465588e-03	
4.350076e-01	8.467292e-03	1.582386e-05	2.795235e-04	2.694824e+00	5.096967e-03	1.382400e-04	1.043242e-04	1.125196e+01	2.882890e-01	2.128907e-04	9.886371e+02	2.646059e+02	2.345650e-05	2.417356e-03	1.593745e-02	9.425543e-02	2.648302e+02	1.460941e-03	
4.350080e-01	7.171263e-03	1.491457e-05	1.438034e-04	2.112674e+00	3.100210e-03	3.286374e-04	1.318150e-04	1.162843e+01	2.761341e-01	1.252402e-04	9.872112e+02	1.074360e+02	3.379424e-05	2.274382e-03	1.872770e-02	6.790715e-02	5.233704e+02	1.383026e-03	
4.350165e-01	2.563134e-02	1.506460e-05	2.685014e-04	2.103579e+00	5.460452e-03	2.039394e-04	9.576995e-05	1.142943e+01	2.787748e-01	1.356398e-04	9.891126e+02	1.602425e+02	1.805191e-05	4.364156e-03	1.650316e-02	5.363157e-02	6.412243e+02	2.555857e-03	
4.350168e-01	2.238708e-02	1.743509e-05	2.355244e-04	1.971201e+00	5.156948e-03	3.333559e-04	1.306877e-04	1.159149e+01	2.820700e-01	1.316325e-04	9.933123e+02	1.884383e+02	3.780784e-05	3.939338e-03	1.665309e-02	4.151947e-02	9.853109e+02	2.447727e-03	
4.350278e-01	2.480898e-02	1.648042e-05	1.849115e-04	2.361440e+00	3.567154e-03	1.105849e-04	6.380340e-05	1.128324e+01	2.922925e-01	1.827939e-04	9.963315e+02	2.051071e+02	2.791498e-05	4.290709e-03	1.623571e-02	2.225939e-02	2.927988e+02	2.518546e-03	
4.350296e-01	1.524169e-02	1.754798e-05	1.369186e-04	2.080931e+00	2.884432e-03	2.697191e-04	1.102685e-04	1.139021e+01	2.862049e-01	1.191620e-04	9.792720e+02	1.698720e+02	5.142107e-05	2.452287e-03	1.748555e-02	3.092641e-02	6.853979e+02	1.492445e-03	
4.350299e-01	1.231617e-02	1.382997e-05	1.653704e-04	2.273345e+00	3.116024e-03	1.370337e-04	8.051611e-05	1.142482e+01	2.864647e-01	1.181094e-04	9.880535e+02	1.761360e+02	1.815320e-05	4.122441e-03	1.627653e-02	4.924328e-02	2.401495e+02	2.522801e-03	
4.350309e-01	7.440993e-03	1.378546e-05	1.937929e-04	2.455602e+00	3.462567e-03	1.435359e-04	1.025993e-04	1.136647e+01	2.899518e-01	1.180627e-04	9.880815e+02	1.452210e+02	2.470721e-05	3.999225e-03	1.611015e-02	1.120267e-01	3.823850e+02	2.537568e-03	
4.350320e-01	2.795011e-02	1.794919e-05	2.156561e-04	1.890614e+00	5.279353e-03	2.733825e-04	9.999638e-05	1.160892e+01	2.861936e-01	7.381722e-05	9.920157e+02	1.930377e+02	3.467376e-05	3.472042e-03	1.679782e-02	4.068123e-02	5.464397e+02	2.168583e-03	
4.350360e-01	7.384660e-03	1.793515e-05	1.424228e-04	2.364548e+00	2.583948e-03	1.610053e-04	1.004642e-04	1.138766e+01	2.892915e-01	2.500273e-04	9.867166e+02	1.095828e+02	2.198042e-05	3.147495e-03	1.608870e-02	4.034247e-02	2.785565e+02	1.882808e-03	
4.350386e-01	2.785042e-03	1.569249e-05	1.523434e-04	2.678318e+00	2.891932e-03	2.212117e-04	1.512977e-04	1.150834e+01	2.789939e-01	1.097014e-04	9.884933e+02	1.664546e+02	2.421371e-05	3.477710e-03	1.699902e-02	6.670534e-02	3.141391e+02	2.049860e-03	
4.350407e-01	6.692647e-03	1.625925e-05	1.525378e-04	2.437399e+00	2.955688e-03	1.543831e-04	9.333590e-05	1.140864e+01	2.835124e-01	2.279749e-04	9.850827e+02	2.415434e+02	2.668769e-05	2.143093e-03	1.702597e-02	4.198551e-02	3.034998e+02	1.288913e-03	
4.350504e-01	2.821795e-02	1.563263e-05	3.626835e-04	2.218466e+00	7.462285e-03	2.013990e-04	1.058905e-04	1.153167e+01	2.754479e-01	9.835943e-05	9.861091e+02	2.905865e+02	2.623657e-05	3.064918e-03	1.701197e-02	5.273657e-02	4.966314e+02	1.898809e-03	
4.350509e-01	6.033713e-02	1.616331e-05	1.768862e-04	1.696501e+00	3.741795e-03	3.954696e-04	1.316602e-04	1.142538e+01	2.815242e-01	1.073681e-04	9.903181e+02	2.192741e+02	3.384990e-05	4.077426e-03	1.627231e-02	2.805508e-02	4.815909e+02	2.510820e-03	
4.350519e-01	1.058587e-02	1.536499e-05	1.903764e-04	2.152372e+00	3.917873e-03	2.613490e-04	1.378375e-04	1.162992e+01	2.832668e-01	6.361238e-05	9.969250e+02	1.687719e+02	3.059185e-05	3.197415e-03	1.750807e-02	4.742018e-02	4.131693e+02	2.144481e-03	
4.350596e-01	1.137993e-02	1.421211e-05	1.156253e-04	2.346457e+00	2.167299e-03	1.519713e-04	9.209687e-05	1.128179e+01	2.855393e-01	1.845211e-04	9.890360e+02	1.033875e+02	2.891313e-05	2.980768e-03	1.692686e-02	4.742218e-02	2.251116e+02	1.833435e-03	
4.350833e-01	4.175170e-02	1.645853e-05	2.029975e-04	1.958819e+00	3.935128e-03	3.360992e-04	1.469938e-04	1.135353e+01	2.858344e-01	1.225169e-04	9.929863e+02	1.559804e+02	4.946816e-05	4.240165e-03	1.643344e-02	1.435638e-02	8.456034e+02	2.497699e-03	
4.350885e-01	5.520947e-03	1.892713e-05	2.916668e-04	2.843825e+00	4.970370e-03	1.393781e-04	1.083835e-04	1.117736e+01	2.976053e-01	2.334781e-04	9.872521e+02	1.340688e+02	2.133227e-05	2.285977e-03	1.632280e-02	6.618810e-02	4.383702e+02	1.324918e-03	
4.350919e-01	4.414888e-03	1.556151e-05	2.717427e-04	2.541365e+00	5.078682e-03	2.388294e-04	1.635754e-04	1.146277e+01	2.844476e-01	1.174203e-04	9.984445e+02	2.158221e+02	2.564220e-05	3.643948e-03	1.680927e-02	1.057387e-01	5.966462e+02	2.222336e-03	
4.350950e-01	6.138507e-02	1.618878e-05	2.099797e-04	2.311364e+00	4.043364e-03	1.479508e-04	8.972267e-05	1.139572e+01	2.800362e-01	3.208258e-04	9.807007e+02	1.441908e+02	2.950308e-05	3.064039e-03	1.691575e-02	2.788183e-02	2.547051e+02	1.950245e-03	
4.350967e-01	5.618129e-02	1.728870e-05	2.962351e-04	2.172131e+00	6.035786e-03	1.845534e-04	9.241580e-05	1.164580e+01	2.816439e-01	9.018742e-05	9.913154e+02	2.176507e+02	1.949334e-05	6.230670e-03	1.586691e-02	1.987473e-02	4.416405e+02	3.650088e-03	
4.350981e-01	1.649666e-02	1.759820e-05	1.590473e-04	2.597643e+00	2.772763e-03	1.631666e-04	1.155772e-04	1.149293e+01	2.799464e-01	9.380039e-05	9.891632e+02	1.628619e+02	2.719428e-05	3.212003e-03	1.827762e-02	3.870086e-02	2.972658e+02	2.047715e-03	
4.351123e-01	5.649108e-04	1.359382e-05	3.088760e-04	2.902400e+00	5.495776e-03	1.746914e-04	1.390470e-04	1.124890e+01	2.817799e-01	3.556245e-04	9.840513e+02	1.960010e+02	2.054187e-05	2.984431e-03	1.630089e-02	1.967118e-01	3.600677e+02	1.765312e-03	
4.351393e-01	4.881648e-02	1.556830e-05	1.600089e-04	1.874400e+00	3.559171e-03	3.889700e-04	1.345296e-04	1.166381e+01	2.788908e-01	5.927430e-05	9.965722e+02	1.044297e+02	2.633021e-05	5.520240e-03	1.725020e-02	7.388101e-02	3.392542e+02	3.350982e-03	
4.351635e-01	8.454948e-03	1.671111e-05	1.441370e-04	2.592362e+00	2.840037e-03	1.537538e-04	9.745943e-05	1.152560e+01	2.865033e-01	2.514081e-04	9.871641e+02	1.116724e+02	2.700098e-05	2.837485e-03	1.683201e-02	8.868059e-02	2.692911e+02	1.658405e-03	
4.351978e-01	1.067426e-02	1.413286e-05	2.590805e-04	2.017258e+00	5.148810e-03	3.085547e-04	1.327595e-04	1.163436e+01	2.800795e-01	5.219419e-05	9.945412e+02	2.146638e+02	3.097530e-05	4.254266e-03	1.690137e-02	6.317886e-02	6.092510e+02	2.683160e-03	
4.352497e-01	1.225890e-02	1.520664e-05	1.170248e-04	1.716070e+00	2.438560e-03	3.965240e-04	1.470960e-04	1.158937e+01	2.716682e-01	1.050247e-04	9.910358e+02	1.246402e+02	5.214889e-05	2.274095e-03	1.870558e-02	4.512997e-02	9.010023e+02	1.608947e-03	
4.352754e-01	3.990689e-03	1.310481e-05	2.023268e-04	2.231141e+00	4.124301e-03	1.348938e-04	7.021994e-05	1.154413e+01	2.788424e-01	9.664701e-05	9.946215e+02	8.100947e+01	2.445675e-05	2.194878e-03	1.760681e-02	5.343503e-02	2.377080e+02	1.333056e-03	
4.353036e-01	5.717602e-03	1.659119e-05	1.652282e-04	2.858285e+00	3.025625e-03	1.654227e-04	1.160891e-04	1.148172e+01	2.885860e-01	1.653198e-04	9.818780e+02	2.621458e+02	2.813452e-05	2.717115e-03	1.667799e-02	6.032748e-02	5.986402e+02	1.571871e-03	
