f	x(1)	x(2)	x(3)	x(4)	x(5)	x(6)	x(7)	x(8)	x(9)	x(10)	x(11)	x(12)	x(13)	x(14)	x(15)	x(16)	x(17)	x(18)	
4.397444e-03	9.275558e-01	1.122118e+00	5.361817e-03	2.525873e+00	3.723353e-02	5.599564e-04	2.996813e-01	9.346956e-02	1.986136e-03	1.909283e-02	2.181651e+00	6.656728e-02	8.848531e-04	8.159639e+00	1.079130e-01	7.118418e-01	2.427245e-03	1.211486e+01	
4.490783e-03	8.958819e-01	1.303071e+00	2.760187e-03	2.525043e+00	1.916241e-02	8.982910e-04	6.729452e-01	9.725228e-02	2.028225e-03	1.893676e-02	2.262592e+00	6.629972e-02	1.035514e-03	7.273663e+00	1.112314e-01	9.302477e-01	2.566480e-03	1.001673e+01	
4.493138e-03	9.155228e-01	1.566080e+00	2.256465e-03	2.535592e+00	1.581372e-02	1.149430e-03	9.494549e-01	7.666704e-02	1.635018e-03	1.987846e-02	1.778564e+00	7.232999e-02	1.334311e-03	6.297054e+00	1.052956e-01	8.936027e-01	3.183350e-03	9.103230e+00	
4.569734e-03	9.279672e-01	7.315371e-01	2.628793e-03	2.525790e+00	1.821111e-02	5.212365e-04	1.179409e+00	8.231082e-02	1.730881e-03	2.081213e-02	1.934536e+00	7.510552e-02	1.357857e-03	7.097292e+00	1.067440e-01	8.006961e-01	3.546479e-03	9.949285e+00	
4.581264e-03	9.230837e-01	1.897734e+00	3.153631e-03	2.550204e+00	2.218254e-02	7.804875e-04	7.559120e-01	1.058876e-01	2.322458e-03	1.821755e-02	2.475567e+00	6.241545e-02	1.534484e-03	4.283184e+00	1.107389e-01	7.999316e-01	3.743229e-03	5.828800e+00	
4.605233e-03	9.154510e-01	1.365453e+00	3.417592e-03	2.596261e+00	2.430538e-02	1.046358e-03	2.914482e-01	6.760386e-02	1.491676e-03	2.072596e-02	1.570007e+00	7.840535e-02	1.441055e-03	7.913087e+00	1.061193e-01	6.597546e-01	4.099967e-03	1.077600e+01	
4.627770e-03	9.466646e-01	1.117547e+00	7.100033e-03	2.549784e+00	5.020443e-02	3.513827e-04	1.177358e-01	9.288848e-02	1.995490e-03	1.960214e-02	2.205742e+00	6.527854e-02	1.162837e-03	7.868032e+00	1.070355e-01	8.918970e-01	2.984757e-03	1.051385e+01	
4.637660e-03	8.865810e-01	1.189677e+00	2.111707e-03	2.524088e+00	1.467699e-02	9.360444e-04	1.105818e+00	8.756605e-02	1.800594e-03	2.119961e-02	2.081947e+00	7.273846e-02	6.327332e-04	4.881112e+00	1.103530e-01	9.146508e-01	1.475956e-03	6.491758e+00	
4.651595e-03	9.105016e-01	9.496991e-01	1.715108e-03	2.553297e+00	1.193493e-02	8.396789e-04	1.205565e+00	9.012321e-02	1.899171e-03	2.108010e-02	2.152901e+00	7.207079e-02	7.304479e-04	6.121652e+00	1.084258e-01	1.007598e+00	1.680912e-03	8.274655e+00	
4.662183e-03	9.083465e-01	1.338477e+00	4.391454e-03	2.537448e+00	3.100715e-02	1.031958e-03	3.848349e-01	1.028189e-01	2.181983e-03	1.930219e-02	2.406201e+00	6.719208e-02	8.610524e-04	7.357789e+00	1.051010e-01	1.033950e+00	1.963396e-03	1.044379e+01	
4.664769e-03	8.840689e-01	1.572851e+00	1.377912e-03	2.580806e+00	9.679005e-03	2.387156e-04	7.226650e-01	1.013357e-01	2.176298e-03	1.982649e-02	2.407926e+00	6.654344e-02	7.673905e-04	6.831565e+00	1.148678e-01	7.727908e-01	2.025319e-03	9.486705e+00	
4.671504e-03	9.230189e-01	8.801450e-01	5.003630e-03	2.570969e+00	3.545799e-02	5.788762e-04	1.229542e+00	9.802716e-02	2.114103e-03	2.023259e-02	2.289525e+00	7.361544e-02	1.063974e-03	5.472442e+00	1.107525e-01	8.938017e-01	2.561801e-03	7.713632e+00	
4.678968e-03	8.690735e-01	1.325145e+00	3.384608e-03	2.543283e+00	2.352575e-02	5.333808e-04	7.242919e-01	8.217542e-02	1.763955e-03	2.056067e-02	1.948556e+00	7.022865e-02	7.084164e-04	5.933340e+00	1.120757e-01	9.371376e-01	1.673453e-03	8.351290e+00	
4.680510e-03	9.068636e-01	2.056022e+00	1.575469e-03	2.510363e+00	1.100896e-02	1.161893e-03	1.650358e+00	8.231850e-02	1.742639e-03	2.090837e-02	1.964129e+00	7.027861e-02	9.018528e-04	6.195518e+00	1.093965e-01	8.380319e-01	2.194039e-03	8.855374e+00	
4.683227e-03	8.493942e-01	1.089000e+00	3.949734e-03	2.507634e+00	2.741268e-02	6.096906e-04	4.363098e-01	1.156374e-01	2.474514e-03	1.897753e-02	2.698535e+00	6.633703e-02	1.268502e-03	6.445862e+00	1.071172e-01	1.137236e+00	2.819771e-03	9.235360e+00	
4.687690e-03	9.421017e-01	1.757866e+00	1.347510e-03	2.596096e+00	9.648660e-03	7.269532e-04	3.526553e-01	8.836054e-02	1.902335e-03	2.055428e-02	2.070533e+00	7.566712e-02	1.272825e-03	7.755684e+00	1.096822e-01	9.300863e-01	3.260904e-03	1.017833e+01	
4.690679e-03	9.272024e-01	2.196349e+00	3.945590e-03	2.539278e+00	2.748154e-02	4.050786e-04	8.636464e-01	1.161234e-01	2.526865e-03	1.818875e-02	2.729094e+00	6.057146e-02	1.335876e-03	4.920747e+00	1.128108e-01	7.097205e-01	3.598196e-03	6.253491e+00	
4.701401e-03	9.592920e-01	1.503176e+00	2.638563e-03	2.542705e+00	1.845379e-02	6.089144e-04	4.540378e-01	1.035284e-01	2.181036e-03	1.914457e-02	2.436246e+00	6.445515e-02	1.358378e-03	4.565674e+00	1.097786e-01	7.814324e-01	3.306871e-03	6.489272e+00	
4.701882e-03	9.386066e-01	1.194212e+00	3.374363e-03	2.579283e+00	2.391137e-02	9.270849e-04	6.716707e-01	9.967390e-02	2.170721e-03	1.982459e-02	2.371583e+00	6.569225e-02	5.696548e-04	5.355010e+00	1.121043e-01	8.943131e-01	1.377431e-03	7.038494e+00	
4.703829e-03	8.892903e-01	1.318464e+00	1.823550e-03	2.533503e+00	1.277813e-02	9.220660e-04	2.307196e+00	7.232691e-02	1.498085e-03	2.014175e-02	1.696417e+00	6.802818e-02	8.743714e-04	6.772810e+00	1.071923e-01	7.663335e-01	2.249162e-03	9.656884e+00	
4.705788e-03	8.821434e-01	8.150514e-01	1.710525e-03	2.530999e+00	1.202558e-02	9.557206e-04	1.007207e+00	9.594606e-02	1.966937e-03	2.219423e-02	2.306261e+00	7.905267e-02	9.487369e-04	7.269037e+00	1.112194e-01	8.240385e-01	2.511441e-03	9.734011e+00	
4.707965e-03	8.990994e-01	1.382691e+00	6.790486e-03	2.511669e+00	4.781394e-02	7.575866e-04	2.572051e-01	1.217179e-01	2.668626e-03	1.900170e-02	2.874874e+00	6.546388e-02	1.114384e-03	5.293840e+00	1.101142e-01	9.648692e-01	2.599715e-03	7.129297e+00	
4.710796e-03	9.235155e-01	1.586765e+00	3.703098e-03	2.592888e+00	2.652640e-02	1.609991e-03	1.513964e+00	9.857978e-02	2.064066e-03	1.936185e-02	2.325991e+00	6.576806e-02	1.153780e-03	4.691048e+00	1.077030e-01	8.327316e-01	2.743838e-03	6.486995e+00	
4.716846e-03	9.123127e-01	1.878333e+00	4.598544e-03	2.503788e+00	3.194715e-02	1.103831e-03	1.181076e+00	1.132032e-01	2.397743e-03	1.838808e-02	2.672551e+00	6.070217e-02	6.934617e-04	4.728052e+00	1.098303e-01	9.200027e-01	1.577106e-03	6.461362e+00	
4.733720e-03	8.982577e-01	2.093302e+00	1.849075e-03	2.563729e+00	1.298225e-02	8.845482e-04	1.455708e+00	1.123549e-01	2.470414e-03	1.924752e-02	2.634553e+00	6.736991e-02	9.818954e-04	5.297003e+00	1.112909e-01	7.409757e-01	2.523727e-03	7.038993e+00	
4.737328e-03	9.694297e-01	1.693812e+00	2.161510e-03	2.547427e+00	1.510584e-02	5.501528e-04	1.131054e+00	8.189259e-02	1.724706e-03	1.920796e-02	1.904370e+00	6.631716e-02	9.105522e-04	4.513228e+00	1.100237e-01	8.287573e-01	2.201194e-03	6.215674e+00	
4.756974e-03	9.076465e-01	1.540229e+00	3.575659e-03	2.535425e+00	2.475803e-02	6.151421e-04	4.997352e-01	1.377954e-01	2.777199e-03	1.949315e-02	3.279328e+00	6.606816e-02	8.675459e-04	5.775597e+00	1.086726e-01	1.032070e+00	1.973166e-03	8.044585e+00	
4.761069e-03	9.132866e-01	8.584934e-01	1.924465e-03	2.568821e+00	1.341826e-02	2.912270e-04	5.961639e-01	9.237217e-02	1.921984e-03	1.845739e-02	2.228390e+00	5.529955e-02	9.097476e-04	6.234472e+00	1.101331e-01	6.799651e-01	2.579329e-03	8.008382e+00	
4.763209e-03	8.966486e-01	1.470417e+00	7.056992e-03	2.516413e+00	4.960468e-02	1.505732e-03	4.877922e-01	1.304885e-01	2.834856e-03	1.965735e-02	3.090766e+00	6.786328e-02	6.630894e-04	4.409798e+00	1.066992e-01	1.259209e+00	1.329648e-03	6.227144e+00	
4.766824e-03	8.854826e-01	1.221902e+00	3.121100e-03	2.499152e+00	2.164570e-02	8.519237e-04	1.193527e+00	9.712176e-02	2.082513e-03	1.868542e-02	2.252509e+00	6.651071e-02	9.760536e-04	4.691126e+00	1.095719e-01	8.125075e-01	2.294517e-03	7.205423e+00	
4.767546e-03	9.229772e-01	2.379246e+00	8.162680e-03	2.506560e+00	5.635946e-02	7.462465e-04	3.143345e-01	1.294960e-01	2.868811e-03	1.954867e-02	3.056540e+00	6.997464e-02	1.217599e-03	4.164332e+00	1.090229e-01	1.026108e+00	2.724322e-03	5.525229e+00	
4.767548e-03	9.308051e-01	1.222453e+00	2.322759e-03	2.535469e+00	1.631319e-02	8.168217e-04	1.172495e+00	1.118231e-01	2.374025e-03	1.945934e-02	2.665470e+00	6.456136e-02	5.961776e-04	5.220642e+00	1.116521e-01	8.374253e-01	1.528092e-03	6.372474e+00	
4.768915e-03	9.421283e-01	1.180338e+00	4.575045e-03	2.536369e+00	3.221599e-02	9.385940e-04	3.172701e-01	9.923307e-02	2.127177e-03	2.027909e-02	2.382037e+00	6.807391e-02	7.159688e-04	7.023031e+00	1.096047e-01	8.835240e-01	1.789987e-03	9.616014e+00	
4.769118e-03	9.139512e-01	1.977486e+00	4.545660e-03	2.549283e+00	3.213427e-02	9.196019e-04	7.285750e-01	1.010211e-01	2.212116e-03	1.932276e-02	2.374176e+00	6.682722e-02	7.639896e-04	5.288394e+00	1.120501e-01	8.968079e-01	1.755481e-03	7.880543e+00	
4.769583e-03	9.076624e-01	2.007059e+00	3.851753e-03	2.549344e+00	2.704492e-02	6.246843e-04	8.837206e-01	1.038017e-01	2.254857e-03	2.060328e-02	2.431863e+00	7.614299e-02	9.299153e-04	3.832282e+00	1.142154e-01	8.149433e-01	2.205401e-03	5.212655e+00	
4.773837e-03	9.362346e-01	1.886230e+00	2.664984e-03	2.562239e+00	1.871311e-02	9.742648e-04	5.326486e-01	1.076070e-01	2.277635e-03	2.022746e-02	2.537178e+00	7.269472e-02	8.476187e-04	5.109492e+00	1.144870e-01	1.192471e+00	1.800258e-03	7.134452e+00	
4.791764e-03	9.162489e-01	8.091301e-01	7.804252e-03	2.568521e+00	5.455931e-02	1.370792e-03	4.573683e-01	8.975863e-02	1.882457e-03	2.029376e-02	2.113208e+00	7.173721e-02	6.536902e-04	7.313206e+00	1.049462e-01	1.053783e+00	1.492062e-03	1.050423e+01	
4.792067e-03	9.030117e-01	9.716987e-01	2.997028e-03	2.493574e+00	2.080321e-02	1.054529e-03	7.463172e-01	1.188591e-01	2.578613e-03	2.132905e-02	2.854197e+00	7.737950e-02	1.270606e-03	5.432790e+00	1.060690e-01	1.211386e+00	2.649924e-03	7.578965e+00	
4.792477e-03	9.117731e-01	1.317829e+00	4.792116e-03	2.497658e+00	3.298501e-02	7.913635e-04	5.976784e-01	1.030533e-01	2.176736e-03	2.064473e-02	2.447372e+00	7.096849e-02	6.761102e-04	6.148927e+00	1.106095e-01	7.464060e-01	1.834581e-03	7.876670e+00	
4.797672e-03	9.317206e-01	1.416593e+00	2.816762e-03	2.609861e+00	2.002051e-02	6.165575e-04	4.031452e-01	9.641295e-02	2.043612e-03	2.055668e-02	2.245663e+00	7.840734e-02	1.423388e-03	5.282092e+00	1.087802e-01	9.781700e-01	3.141073e-03	7.953832e+00	
4.799640e-03	9.689210e-01	1.801665e+00	3.056395e-03	2.486403e+00	2.086902e-02	4.935901e-04	6.210324e-01	8.704152e-02	1.874985e-03	2.105587e-02	2.030981e+00	7.996775e-02	1.229427e-03	4.941971e+00	1.092982e-01	7.030620e-01	3.182641e-03	7.068783e+00	
4.811872e-03	9.634039e-01	2.050928e+00	4.137610e-03	2.537805e+00	2.877416e-02	3.659185e-04	5.081064e-01	8.457738e-02	1.875215e-03	1.922437e-02	1.993206e+00	6.469124e-02	1.479242e-03	5.527098e+00	1.092126e-01	9.577626e-01	3.469480e-03	7.827961e+00	
4.815439e-03	8.568617e-01	9.292614e-01	3.358931e-03	2.493086e+00	2.324027e-02	7.113878e-04	1.020829e+00	8.716298e-02	1.813265e-03	2.100936e-02	2.096858e+00	6.866988e-02	7.611124e-04	6.530489e+00	1.089473e-01	7.570029e-01	1.932009e-03	9.381331e+00	
4.818587e-03	9.041975e-01	1.271859e+00	2.868031e-03	2.523341e+00	1.987713e-02	1.329178e-03	2.863437e+00	9.168134e-02	1.870593e-03	1.887148e-02	2.157651e+00	6.289575e-02	1.137633e-03	5.678695e+00	1.091693e-01	6.849117e-01	3.116818e-03	7.614214e+00	
4.828407e-03	9.159050e-01	1.226923e+00	4.392662e-03	2.528585e+00	3.080943e-02	5.549016e-04	6.439319e-01	1.109542e-01	2.301717e-03	2.079174e-02	2.670483e+00	7.002217e-02	6.810772e-04	3.875445e+00	1.137721e-01	6.795569e-01	1.782403e-03	5.072751e+00	
4.834529e-03	8.915959e-01	1.337957e+00	4.394782e-03	2.506567e+00	3.028901e-02	1.231577e-03	8.541450e-01	1.031202e-01	2.114273e-03	2.029140e-02	2.469117e+00	6.860166e-02	9.978212e-04	5.429688e+00	1.079792e-01	1.032764e+00	2.210068e-03	7.732420e+00	
4.843546e-03	8.771803e-01	1.133877e+00	1.630706e-03	2.513800e+00	1.136335e-02	8.902042e-04	2.304483e+00	8.135876e-02	1.634387e-03	2.110721e-02	1.921004e+00	7.337531e-02	7.977187e-04	6.193169e+00	1.114158e-01	6.240130e-01	2.223177e-03	8.583798e+00	
4.852590e-03	8.714558e-01	1.053925e+00	3.145220e-03	2.545648e+00	2.182149e-02	8.564589e-04	5.785471e-01	1.163905e-01	2.542006e-03	2.025330e-02	2.781567e+00	7.001709e-02	1.296554e-03	5.296916e+00	1.124929e-01	7.614587e-01	3.326543e-03	7.376293e+00	
4.856336e-03	9.596778e-01	1.135692e+00	3.223170e-03	2.550027e+00	2.241966e-02	7.486799e-04	1.313324e+00	8.858416e-02	1.890239e-03	2.022431e-02	2.075725e+00	7.270957e-02	7.655753e-04	4.915169e+00	1.055860e-01	9.325492e-01	1.806363e-03	6.314376e+00	
4.860198e-03	9.348421e-01	1.490111e+00	1.472637e-03	2.597283e+00	1.052106e-02	6.189553e-04	1.089386e+00	8.904232e-02	1.872643e-03	1.960260e-02	2.128894e+00	6.244175e-02	8.462498e-04	6.405338e+00	1.071490e-01	7.836359e-01	2.222178e-03	7.996233e+00	
4.868356e-03	9.089875e-01	9.816504e-01	6.880772e-03	2.522277e+00	4.732939e-02	7.129403e-04	4.643996e-01	9.515415e-02	2.027329e-03	2.149054e-02	2.246456e+00	8.151786e-02	1.061299e-03	6.111982e+00	1.073702e-01	7.983762e-01	2.657008e-03	8.244046e+00	
4.870523e-03	8.858393e-01	1.324410e+00	4.286576e-03	2.512913e+00	2.968100e-02	3.927480e-04	8.116985e-01	1.056033e-01	2.290665e-03	2.031615e-02	2.492623e+00	7.272506e-02	1.350255e-03	4.177708e+00	1.089735e-01	9.037590e-01	3.184536e-03	5.564997e+00	
4.874742e-03	8.900336e-01	1.290074e+00	4.048051e-03	2.570448e+00	2.847169e-02	7.938411e-04	5.309228e-01	8.328106e-02	1.755424e-03	1.934607e-02	1.957145e+00	6.720989e-02	7.410719e-04	7.971805e+00	1.097726e-01	8.070783e-01	1.952767e-03	1.108792e+01	
4.885573e-03	8.997137e-01	9.047133e-01	2.230444e-03	2.596095e+00	1.573654e-02	6.419563e-04	9.297789e-01	8.557010e-02	1.848140e-03	1.939177e-02	2.007698e+00	6.608240e-02	9.481205e-04	7.065215e+00	1.110948e-01	9.450938e-01	2.313403e-03	9.298753e+00	
4.885591e-03	8.741256e-01	1.089179e+00	6.427786e-03	2.551545e+00	4.512001e-02	1.786873e-03	8.139980e-01	9.986431e-02	2.140299e-03	1.939602e-02	2.322519e+00	6.990419e-02	1.934937e-03	6.708015e+00	1.052319e-01	9.878349e-01	4.387911e-03	1.042852e+01	
4.893056e-03	9.439910e-01	1.512318e+00	9.788843e-03	2.546633e+00	6.801376e-02	4.913438e-04	4.064583e-01	8.202822e-02	1.766025e-03	1.816268e-02	1.886094e+00	6.232348e-02	1.015401e-03	6.417751e+00	1.085662e-01	6.971362e-01	2.706133e-03	9.196450e+00	
4.894887e-03	8.816904e-01	1.725129e+00	2.492594e-03	2.491630e+00	1.737840e-02	8.485170e-04	1.798898e+00	1.072181e-01	2.228218e-03	1.858112e-02	2.538838e+00	6.015816e-02	1.305723e-03	4.874793e+00	1.090199e-01	7.558525e-01	3.209133e-03	6.752099e+00	
4.900685e-03	9.268233e-01	1.479721e+00	3.697360e-03	2.576097e+00	2.575804e-02	6.333235e-04	6.117909e-01	9.951296e-02	2.069124e-03	2.039624e-02	2.337333e+00	7.344502e-02	9.704366e-04	4.339356e+00	1.125595e-01	9.429795e-01	2.257589e-03	5.629987e+00	
4.909631e-03	9.451978e-01	8.931595e-01	2.831763e-03	2.525337e+00	1.962820e-02	5.956934e-04	9.508861e-01	1.013863e-01	2.097857e-03	2.047792e-02	2.435037e+00	6.775704e-02	6.572186e-04	6.190994e+00	1.058744e-01	7.876405e-01	1.739482e-03	7.488693e+00	
4.911650e-03	9.171749e-01	1.782538e+00	3.455493e-03	2.553588e+00	2.411328e-02	8.462633e-04	9.292354e-01	9.057695e-02	1.987393e-03	1.884671e-02	2.117480e+00	6.548998e-02	1.196050e-03	5.873879e+00	1.137307e-01	7.184845e-01	3.095003e-03	8.868241e+00	
4.914164e-03	9.509546e-01	2.866086e+00	1.309310e-02	2.521253e+00	9.165540e-02	1.018735e-03	3.087647e-01	1.135450e-01	2.439990e-03	1.853637e-02	2.677704e+00	6.306267e-02	7.654567e-04	5.241521e+00	1.083210e-01	9.048245e-01	1.864849e-03	6.931823e+00	
4.914273e-03	8.744889e-01	1.007750e+00	6.877634e-03	2.604637e+00	4.880512e-02	7.119313e-04	5.878111e-01	9.007039e-02	1.965181e-03	2.022262e-02	2.112049e+00	7.142992e-02	9.254850e-04	5.988948e+00	1.104415e-01	9.035152e-01	2.135840e-03	8.789578e+00	
4.917017e-03	9.116986e-01	2.853134e+00	7.157540e-03	2.516857e+00	4.969936e-02	8.202660e-04	6.266376e-01	9.574439e-02	2.112531e-03	1.860931e-02	2.210751e+00	6.620844e-02	1.576481e-03	5.219299e+00	1.092739e-01	9.464736e-01	3.550934e-03	7.371621e+00	
4.918659e-03	9.630980e-01	2.058742e+00	6.424874e-03	2.531893e+00	4.509632e-02	1.064706e-03	2.562638e+00	8.037751e-02	1.776242e-03	2.045230e-02	1.877647e+00	7.675644e-02	7.551089e-04	3.601204e+00	1.120523e-01	9.270218e-01	1.721642e-03	4.908813e+00	
4.920013e-03	8.870805e-01	8.004643e-01	2.705172e-03	2.519254e+00	1.876222e-02	7.317586e-04	5.713000e-01	1.117512e-01	2.373512e-03	2.053649e-02	2.631155e+00	7.303496e-02	1.117724e-03	5.392684e+00	1.088312e-01	8.460884e-01	2.751929e-03	7.446638e+00	
4.920312e-03	9.075928e-01	1.072200e+00	5.400551e-03	2.493851e+00	3.758712e-02	1.230734e-03	8.109610e-01	1.088679e-01	2.280114e-03	2.033930e-02	2.601734e+00	6.948300e-02	1.463190e-03	4.391997e+00	1.105638e-01	6.814815e-01	3.775086e-03	6.469953e+00	
4.924862e-03	9.505903e-01	1.622102e+00	3.110752e-03	2.568826e+00	2.232989e-02	1.891845e-03	7.839544e-01	1.161045e-01	2.523157e-03	1.962950e-02	2.711961e+00	7.182281e-02	9.038669e-04	3.819256e+00	1.126458e-01	8.012467e-01	2.120401e-03	5.683918e+00	
4.932372e-03	9.170391e-01	1.643721e+00	1.583475e-03	2.504754e+00	1.097945e-02	8.561315e-04	1.414644e+00	8.178242e-02	1.700863e-03	1.992167e-02	1.912161e+00	7.119105e-02	1.476161e-03	3.764827e+00	1.076266e-01	8.627726e-01	3.364809e-03	5.081882e+00	
4.939535e-03	9.207515e-01	7.331225e-01	8.465527e-03	2.504924e+00	5.889766e-02	5.330444e-04	2.528203e-01	8.239695e-02	1.710546e-03	2.002777e-02	1.954131e+00	6.783984e-02	9.720239e-04	7.706291e+00	1.070557e-01	8.561493e-01	2.462424e-03	1.098172e+01	
4.940943e-03	9.754565e-01	1.807093e+00	4.208214e-03	2.562194e+00	2.935502e-02	4.975810e-04	2.917495e-01	9.641671e-02	2.102398e-03	2.021723e-02	2.269296e+00	7.359871e-02	6.734603e-04	6.981916e+00	1.122019e-01	1.073223e+00	1.585065e-03	9.412110e+00	
4.942541e-03	9.191248e-01	5.755685e-01	2.199225e-03	2.530350e+00	1.533933e-02	4.198259e-04	1.746442e+00	6.900938e-02	1.440188e-03	1.991358e-02	1.609222e+00	7.055595e-02	1.743971e-03	5.554437e+00	1.049036e-01	9.534208e-01	4.085881e-03	7.632749e+00	
4.944993e-03	9.428061e-01	1.378079e+00	5.286203e-03	2.613775e+00	3.791493e-02	8.026392e-04	4.632216e-01	1.174267e-01	2.450481e-03	2.132086e-02	2.785024e+00	7.659130e-02	5.953584e-04	5.970490e+00	1.092590e-01	1.202503e+00	1.282458e-03	8.308896e+00	
4.947415e-03	9.250955e-01	1.473113e+00	6.699603e-03	2.538386e+00	4.694745e-02	9.058403e-04	3.400986e-01	1.133817e-01	2.552090e-03	1.986915e-02	2.700826e+00	6.997729e-02	1.076101e-03	4.891897e+00	1.109909e-01	8.996549e-01	2.611781e-03	6.364821e+00	
4.952327e-03	8.994425e-01	1.864086e+00	1.765043e-03	2.574031e+00	1.265819e-02	1.089998e-03	3.128672e+00	8.888546e-02	1.867925e-03	2.067957e-02	2.110135e+00	7.153487e-02	9.165311e-04	5.523576e+00	1.122240e-01	9.050100e-01	2.168037e-03	7.793154e+00	
4.959783e-03	9.320863e-01	1.958634e+00	9.384326e-03	2.525124e+00	6.432111e-02	4.488647e-04	4.866659e-01	9.316358e-02	2.030853e-03	1.923764e-02	2.201640e+00	6.516097e-02	9.193382e-04	5.332793e+00	1.103494e-01	7.895163e-01	2.267019e-03	7.657081e+00	
4.963402e-03	8.942766e-01	6.643880e-01	3.949604e-03	2.530891e+00	2.743628e-02	8.122046e-04	1.601616e+00	8.866809e-02	1.842359e-03	1.958673e-02	2.072077e+00	6.728782e-02	1.200893e-03	5.300921e+00	1.079808e-01	7.112368e-01	3.147289e-03	6.932044e+00	
4.967001e-03	8.919299e-01	2.463885e+00	5.592630e-03	2.519535e+00	3.927778e-02	5.930858e-04	5.410534e-01	1.005236e-01	2.211620e-03	2.052014e-02	2.377190e+00	7.291990e-02	8.933908e-04	5.277203e+00	1.093339e-01	9.242096e-01	2.088144e-03	7.477391e+00	
4.971679e-03	8.567267e-01	1.766870e+00	1.781611e-03	2.515944e+00	1.235046e-02	9.882600e-04	8.048793e-01	1.162734e-01	2.517454e-03	2.059956e-02	2.804004e+00	6.985082e-02	1.336230e-03	4.879014e+00	1.093744e-01	8.409116e-01	3.223825e-03	6.519753e+00	
4.972965e-03	8.960167e-01	1.166984e+00	3.126565e-03	2.498296e+00	2.205289e-02	1.613022e-03	7.854392e-01	9.476511e-02	2.054000e-03	2.025271e-02	2.249893e+00	7.025454e-02	1.682259e-03	6.044344e+00	1.040872e-01	1.188813e+00	3.647475e-03	8.578027e+00	
4.974975e-03	9.690578e-01	1.618299e+00	9.459859e-03	2.576962e+00	6.733883e-02	6.171845e-04	2.608828e-01	1.062621e-01	2.375839e-03	1.877750e-02	2.473125e+00	6.707005e-02	1.164669e-03	4.754501e+00	1.120910e-01	9.416563e-01	2.712623e-03	6.901447e+00	
4.977787e-03	9.080422e-01	1.290886e+00	1.928451e-03	2.553545e+00	1.346844e-02	2.381511e-04	9.863886e-01	8.231941e-02	1.796436e-03	1.957192e-02	1.902421e+00	7.273124e-02	1.109981e-03	5.572958e+00	1.111343e-01	8.080816e-01	2.869754e-03	7.617420e+00	
4.985242e-03	9.393569e-01	1.838450e+00	4.377705e-03	2.552731e+00	3.062320e-02	7.869178e-04	1.527965e+00	9.407703e-02	1.949404e-03	1.956345e-02	2.182899e+00	7.012666e-02	1.033277e-03	4.572256e+00	1.099529e-01	7.592284e-01	2.598205e-03	6.435210e+00	
4.988507e-03	9.176635e-01	2.195503e+00	3.302796e-03	2.565437e+00	2.327394e-02	7.109337e-04	7.974954e-01	9.133579e-02	1.965344e-03	2.041741e-02	2.179401e+00	6.893951e-02	9.658644e-04	5.302370e+00	1.084625e-01	1.024735e+00	2.204482e-03	6.624003e+00	
4.993083e-03	9.085854e-01	1.215100e+00	3.544560e-03	2.525309e+00	2.431968e-02	5.522132e-04	3.300567e-01	1.066717e-01	2.291420e-03	1.912475e-02	2.483077e+00	6.772702e-02	1.448677e-03	7.519557e+00	1.090552e-01	8.871880e-01	3.532408e-03	1.088181e+01	
4.996555e-03	8.860136e-01	2.029773e+00	1.382578e-03	2.511155e+00	9.561728e-03	5.110977e-04	1.619942e+00	8.533499e-02	1.664365e-03	2.095274e-02	2.017541e+00	7.198660e-02	1.031598e-03	3.986568e+00	1.136100e-01	7.075804e-01	2.651742e-03	5.336476e+00	
4.999993e-03	9.413086e-01	1.531498e+00	7.361216e-03	2.532505e+00	5.089422e-02	7.255741e-04	5.613651e-01	1.290095e-01	2.794988e-03	1.960698e-02	3.049114e+00	7.124978e-02	7.987472e-04	5.078299e+00	1.113288e-01	9.853345e-01	1.798953e-03	7.089182e+00	
5.003464e-03	9.008704e-01	1.542468e+00	6.603101e-03	2.513343e+00	4.699845e-02	1.684713e-03	9.933199e-01	9.842673e-02	2.141764e-03	2.023366e-02	2.305887e+00	7.385090e-02	9.013556e-04	5.352043e+00	1.086056e-01	8.229017e-01	2.169339e-03	7.925856e+00	
5.007092e-03	8.814933e-01	1.359930e+00	7.144702e-03	2.566880e+00	5.069356e-02	7.000337e-04	4.241951e-01	1.006913e-01	2.186294e-03	1.933546e-02	2.321311e+00	7.150000e-02	8.476788e-04	5.499022e+00	1.090710e-01	9.194795e-01	1.966604e-03	8.244795e+00	
5.011715e-03	9.887086e-01	1.225796e+00	3.197282e-03	2.538097e+00	2.246453e-02	1.250721e-03	9.679464e-01	1.035089e-01	2.131191e-03	2.130303e-02	2.492474e+00	7.255430e-02	3.694218e-04	4.095758e+00	1.121549e-01	8.075952e-01	9.086648e-04	5.561318e+00	
5.012587e-03	8.873522e-01	1.721686e+00	5.906676e-03	2.512165e+00	4.117256e-02	8.792543e-04	1.166256e+00	1.041228e-01	2.226080e-03	1.938863e-02	2.416013e+00	7.066466e-02	9.323635e-04	3.598476e+00	1.135340e-01	8.817557e-01	2.077639e-03	5.154940e+00	
5.012673e-03	8.500856e-01	1.747168e+00	1.810999e-03	2.439727e+00	1.236227e-02	1.292421e-03	2.993304e+00	1.238178e-01	2.546791e-03	1.969032e-02	2.914211e+00	6.856699e-02	1.211762e-03	3.524062e+00	1.115329e-01	7.542393e-01	2.877744e-03	5.128027e+00	
5.013212e-03	9.487858e-01	1.686525e+00	6.631864e-03	2.563845e+00	4.632996e-02	9.799793e-04	3.672031e-01	1.053759e-01	2.253078e-03	1.997050e-02	2.471347e+00	7.396099e-02	8.596153e-04	5.395016e+00	1.106246e-01	9.124569e-01	2.100267e-03	6.981410e+00	
5.015272e-03	8.860786e-01	9.727512e-01	1.683810e-03	2.573340e+00	1.194861e-02	1.599411e-03	1.457658e+00	9.069232e-02	1.897551e-03	2.102475e-02	2.175243e+00	7.254751e-02	6.639558e-04	4.155285e+00	1.078631e-01	9.912752e-01	1.435439e-03	5.759370e+00	
5.018436e-03	8.714142e-01	1.406448e+00	4.295044e-03	2.536136e+00	3.004851e-02	1.177021e-03	5.713297e-01	1.299192e-01	2.761315e-03	2.035822e-02	3.093644e+00	7.017022e-02	1.223758e-03	4.789837e+00	1.115152e-01	7.821110e-01	3.045690e-03	6.735105e+00	
5.020172e-03	8.936296e-01	1.274573e+00	6.115379e-03	2.579786e+00	4.371527e-02	8.051176e-04	2.523929e-01	1.295389e-01	2.703319e-03	2.204176e-02	3.107638e+00	7.899799e-02	7.864486e-04	5.329243e+00	1.146209e-01	1.331305e+00	1.615527e-03	7.781490e+00	
5.021596e-03	8.954447e-01	6.660055e-01	3.333704e-03	2.609973e+00	2.393853e-02	7.136638e-04	3.540943e-01	1.006018e-01	2.234930e-03	2.100332e-02	2.374008e+00	7.664769e-02	1.070831e-03	7.332666e+00	1.110755e-01	8.244122e-01	2.730681e-03	1.032171e+01	
5.025840e-03	9.728414e-01	3.714414e+00	5.096349e-03	2.634356e+00	3.661486e-02	6.677539e-04	4.529191e-01	8.774667e-02	1.899126e-03	2.151521e-02	2.057330e+00	8.126380e-02	8.288845e-04	5.551874e+00	1.150283e-01	9.119110e-01	1.993726e-03	7.359280e+00	
5.026824e-03	9.055917e-01	1.024439e+00	1.213346e-03	2.512218e+00	8.481582e-03	6.900147e-04	1.443140e+00	8.757704e-02	1.821394e-03	2.005715e-02	2.056116e+00	6.919450e-02	1.274199e-03	7.462377e+00	1.093350e-01	8.927968e-01	3.100844e-03	1.084604e+01	
5.027142e-03	9.627948e-01	1.995218e+00	4.449099e-03	2.535959e+00	3.116006e-02	5.000285e-04	3.439257e-01	1.029496e-01	2.253951e-03	1.938288e-02	2.382643e+00	7.288182e-02	1.412475e-03	6.802789e+00	1.100132e-01	9.047938e-01	3.420308e-03	9.546168e+00	
5.028046e-03	8.862778e-01	1.236428e+00	1.659331e-03	2.540481e+00	1.164490e-02	4.792173e-04	7.857987e-01	8.419060e-02	1.819542e-03	2.025338e-02	1.953518e+00	7.434658e-02	1.345095e-03	5.700642e+00	1.117193e-01	9.679130e-01	3.070823e-03	7.951894e+00	
5.040238e-03	8.238614e-01	7.115798e-01	1.567878e-03	2.462787e+00	1.095910e-02	2.150039e-03	3.863723e+00	1.144363e-01	2.363315e-03	1.882799e-02	2.727208e+00	5.910428e-02	1.519304e-03	4.254176e+00	1.061476e-01	9.071931e-01	3.391236e-03	5.989704e+00	
5.044866e-03	8.584032e-01	7.839840e-01	1.802163e-03	2.508053e+00	1.251137e-02	8.661843e-04	2.521749e+00	9.235214e-02	2.003532e-03	1.842794e-02	2.170499e+00	6.049988e-02	1.203779e-03	6.679893e+00	1.116705e-01	7.963776e-01	3.242680e-03	8.163406e+00	
5.047850e-03	8.845845e-01	1.547545e+00	4.130017e-03	2.485280e+00	2.890669e-02	2.155210e-03	6.054163e-01	1.077778e-01	2.350162e-03	2.007482e-02	2.547329e+00	7.052968e-02	1.700671e-03	5.173174e+00	1.042698e-01	9.535639e-01	3.888989e-03	7.294339e+00	
5.055969e-03	9.375604e-01	1.734844e+00	2.922661e-03	2.599410e+00	2.068976e-02	9.432957e-04	5.114259e-01	1.265836e-01	2.711188e-03	2.132769e-02	3.034756e+00	7.650782e-02	6.685459e-04	4.333767e+00	1.173045e-01	8.152446e-01	1.713882e-03	5.291887e+00	
5.058873e-03	8.700035e-01	1.173212e+00	2.490014e-03	2.528091e+00	1.769219e-02	1.595315e-03	6.816779e-01	1.198794e-01	2.679108e-03	2.125263e-02	2.838048e+00	7.867030e-02	1.488989e-03	4.689847e+00	1.097045e-01	1.002010e+00	3.193331e-03	6.968102e+00	
5.060975e-03	8.829031e-01	7.228748e-01	2.218158e-03	2.576520e+00	1.574305e-02	8.364321e-04	8.076216e-01	9.904114e-02	1.943037e-03	2.180815e-02	2.392965e+00	7.431522e-02	8.997614e-04	6.025502e+00	1.086937e-01	9.048343e-01	2.265260e-03	7.268486e+00	
5.061302e-03	8.647039e-01	7.574880e-01	3.017308e-03	2.516865e+00	2.085216e-02	3.455487e-04	7.537409e-01	7.377172e-02	1.581255e-03	1.923154e-02	1.729860e+00	6.402810e-02	1.235198e-03	8.827687e+00	1.042992e-01	8.638094e-01	3.094979e-03	1.243608e+01	
5.063067e-03	9.119418e-01	1.226262e+00	4.570994e-03	2.518687e+00	3.189134e-02	2.307122e-03	6.443380e-01	1.099929e-01	2.290565e-03	1.864407e-02	2.563581e+00	6.428838e-02	1.301280e-03	4.824536e+00	1.065619e-01	9.414150e-01	2.902076e-03	6.803618e+00	
5.069970e-03	9.660055e-01	1.285762e+00	2.163617e-03	2.606954e+00	1.543784e-02	7.108171e-04	2.100909e-01	1.305842e-01	2.760816e-03	1.831746e-02	3.073222e+00	6.040422e-02	1.311948e-03	7.269077e+00	1.125525e-01	9.774855e-01	3.227215e-03	1.047717e+01	
5.074661e-03	8.729922e-01	1.002011e+00	1.540159e-03	2.594169e+00	1.095075e-02	5.396856e-04	6.687999e-01	9.692974e-02	2.110116e-03	1.945102e-02	2.318356e+00	6.155155e-02	8.789876e-04	7.981231e+00	1.137413e-01	9.005973e-01	2.291057e-03	1.104777e+01	
5.077382e-03	9.543503e-01	1.146190e+00	3.128333e-03	2.566383e+00	2.219696e-02	3.890584e-04	4.153455e-01	8.550737e-02	1.806075e-03	1.960910e-02	2.026579e+00	6.507504e-02	8.540507e-04	5.290996e+00	1.108624e-01	7.761934e-01	2.232138e-03	7.144531e+00	
5.098713e-03	8.989654e-01	1.011039e+00	2.330379e-03	2.522861e+00	1.643683e-02	8.434872e-04	5.256965e-01	1.172741e-01	2.528448e-03	2.074136e-02	2.807322e+00	7.352358e-02	8.990084e-04	5.536037e+00	1.055089e-01	1.159009e+00	1.958711e-03	7.077870e+00	
5.099356e-03	9.031252e-01	1.371394e+00	6.327778e-03	2.499576e+00	4.432736e-02	1.104331e-03	1.217496e+00	9.746378e-02	2.083385e-03	1.984834e-02	2.282102e+00	6.927717e-02	1.173971e-03	4.611632e+00	1.111881e-01	8.663597e-01	2.830816e-03	6.419522e+00	
5.102065e-03	8.655140e-01	7.006478e-01	1.225194e-03	2.506767e+00	8.431090e-03	7.378986e-04	2.941649e+00	1.023301e-01	2.099000e-03	1.932465e-02	2.423116e+00	6.505452e-02	9.769162e-04	6.029262e+00	1.145334e-01	7.754407e-01	2.501213e-03	9.079033e+00	
5.103123e-03	9.093604e-01	1.402816e+00	2.910498e-03	2.535539e+00	2.062798e-02	8.324558e-04	6.399907e-01	8.521157e-02	1.803279e-03	2.075862e-02	2.000703e+00	7.353798e-02	7.356575e-04	6.020662e+00	1.084456e-01	7.416626e-01	1.939916e-03	7.781792e+00	
5.103997e-03	9.085579e-01	2.774160e+00	3.445504e-03	2.572601e+00	2.443120e-02	1.531870e-03	1.274022e+00	1.028593e-01	2.190940e-03	1.957010e-02	2.426551e+00	6.881191e-02	1.257491e-03	3.644980e+00	1.146074e-01	8.860197e-01	2.910003e-03	4.884084e+00	
5.105011e-03	9.078577e-01	1.088274e+00	4.243692e-03	2.531795e+00	2.962349e-02	7.782229e-04	1.868754e+00	9.287657e-02	1.895568e-03	2.097312e-02	2.200591e+00	7.314043e-02	6.381128e-04	4.671839e+00	1.151528e-01	7.187920e-01	1.768659e-03	5.710793e+00	
5.107844e-03	9.170691e-01	1.202505e+00	2.113857e-03	2.558074e+00	1.493362e-02	5.776959e-04	2.469273e-01	1.081474e-01	2.223284e-03	1.912888e-02	2.521765e+00	6.818992e-02	2.182138e-03	6.933403e+00	1.101845e-01	1.013007e+00	5.035714e-03	9.893646e+00	
5.109446e-03	9.053131e-01	2.389007e+00	3.052851e-03	2.532421e+00	2.113049e-02	4.054475e-04	9.485031e-01	9.464579e-02	2.030271e-03	1.988784e-02	2.198166e+00	7.221673e-02	9.465603e-04	6.142670e+00	1.146501e-01	7.779897e-01	2.549500e-03	7.936556e+00	
5.109493e-03	8.872328e-01	1.019559e+00	2.247984e-03	2.560916e+00	1.587776e-02	7.082205e-04	1.105235e+00	6.987282e-02	1.525979e-03	2.059118e-02	1.643485e+00	7.144945e-02	1.496688e-03	6.670938e+00	1.080463e-01	9.227556e-01	3.624610e-03	8.595741e+00	
5.113625e-03	8.798682e-01	9.704342e-01	3.386869e-03	2.580225e+00	2.365475e-02	5.421808e-04	4.705626e-01	1.002256e-01	2.120041e-03	2.247916e-02	2.382004e+00	8.270336e-02	7.695377e-04	7.173788e+00	1.149198e-01	8.598170e-01	1.953826e-03	1.013269e+01	
5.115912e-03	9.320463e-01	2.457132e+00	3.596978e-03	2.530780e+00	2.530029e-02	6.956273e-04	6.000139e-01	1.218801e-01	2.599321e-03	2.135120e-02	2.961279e+00	7.248951e-02	6.770524e-04	3.651231e+00	1.166228e-01	7.913471e-01	1.647460e-03	4.857163e+00	
5.119494e-03	8.964513e-01	7.898448e-01	1.827600e-03	2.489821e+00	1.242926e-02	7.657692e-04	9.643874e-01	1.069937e-01	2.234264e-03	1.902059e-02	2.558685e+00	6.153039e-02	1.359554e-03	5.241841e+00	1.087012e-01	7.497463e-01	3.584690e-03	6.904045e+00	
5.120363e-03	8.796061e-01	1.324796e+00	2.245777e-03	2.540025e+00	1.571359e-02	1.134019e-03	1.025736e+00	1.002610e-01	2.108339e-03	1.976697e-02	2.370173e+00	6.821075e-02	7.113283e-04	4.470072e+00	1.076968e-01	9.815797e-01	1.585355e-03	6.450936e+00	
5.120524e-03	9.260140e-01	7.329528e-01	3.288905e-03	2.608433e+00	2.342497e-02	7.091368e-04	2.865995e-01	1.018436e-01	2.133060e-03	2.205623e-02	2.483323e+00	7.512623e-02	8.522764e-04	6.247816e+00	1.120556e-01	8.728760e-01	2.170173e-03	7.924113e+00	
5.122703e-03	9.545953e-01	1.402390e+00	5.108466e-03	2.497381e+00	3.505558e-02	7.925313e-04	1.200649e+00	8.117186e-02	1.676408e-03	1.975175e-02	1.898299e+00	7.127341e-02	1.099060e-03	5.226199e+00	1.080076e-01	7.358192e-01	2.809799e-03	7.445137e+00	
5.128405e-03	9.490636e-01	2.732636e+00	6.356434e-03	2.492459e+00	4.382174e-02	6.818128e-04	3.270223e-01	1.034989e-01	2.251757e-03	1.980926e-02	2.444494e+00	7.099288e-02	7.782887e-04	5.219567e+00	1.106445e-01	1.083889e+00	1.752817e-03	7.339895e+00	
5.131504e-03	9.140591e-01	2.588966e+00	5.701563e-03	2.591383e+00	3.998820e-02	9.037720e-04	5.818521e-01	9.291648e-02	1.992810e-03	1.935553e-02	2.169499e+00	6.775998e-02	1.381024e-03	5.023259e+00	1.116763e-01	8.021530e-01	3.455588e-03	6.586701e+00	
5.138855e-03	9.557069e-01	2.373264e+00	2.598629e-03	2.540807e+00	1.805947e-02	9.598504e-04	1.734283e+00	6.907935e-02	1.495729e-03	1.916764e-02	1.575067e+00	7.414998e-02	2.206759e-03	5.383855e+00	1.067293e-01	8.773401e-01	5.330803e-03	7.488526e+00	
5.139524e-03	8.804953e-01	8.736995e-01	2.463255e-03	2.511627e+00	1.700258e-02	1.222513e-03	7.629397e-01	9.509167e-02	2.002251e-03	2.142811e-02	2.280580e+00	7.458484e-02	1.016895e-03	4.545906e+00	1.108947e-01	1.062630e+00	2.214825e-03	6.608670e+00	
5.143396e-03	9.170080e-01	1.314305e+00	2.841231e-03	2.578510e+00	1.993016e-02	1.173331e-03	1.282550e+00	7.651384e-02	1.671153e-03	2.056853e-02	1.790186e+00	7.583983e-02	1.310507e-03	5.428874e+00	1.092683e-01	8.218008e-01	3.328355e-03	7.186553e+00	
5.145010e-03	8.852680e-01	9.740177e-01	3.337698e-03	2.561919e+00	2.329275e-02	1.237137e-03	5.925338e-01	8.676536e-02	1.892316e-03	2.150157e-02	2.068124e+00	7.709026e-02	7.503018e-04	7.047718e+00	1.085869e-01	9.919208e-01	1.770412e-03	1.032636e+01	
5.146453e-03	9.210640e-01	1.236848e+00	2.995440e-03	2.493895e+00	2.051948e-02	5.466138e-04	2.659912e+00	8.120620e-02	1.737276e-03	1.981518e-02	1.905722e+00	6.662579e-02	9.935234e-04	5.179142e+00	1.088464e-01	6.700705e-01	2.677688e-03	7.072423e+00	
5.155861e-03	9.123461e-01	1.151847e+00	4.396262e-03	2.502596e+00	3.026914e-02	1.115915e-03	1.210679e+00	1.043503e-01	2.135570e-03	1.982132e-02	2.513394e+00	6.449687e-02	7.385660e-04	3.641502e+00	1.072269e-01	8.845722e-01	1.694248e-03	4.939247e+00	
5.160163e-03	9.173166e-01	1.315508e+00	2.615631e-03	2.583758e+00	1.843206e-02	8.285299e-04	5.682017e-01	8.685386e-02	1.767759e-03	2.126724e-02	2.033369e+00	7.700394e-02	1.101888e-03	7.265750e+00	1.081037e-01	8.198400e-01	2.746977e-03	1.027749e+01	
5.161702e-03	9.498940e-01	1.416232e+00	6.793646e-03	2.559685e+00	4.844765e-02	7.667821e-04	1.902246e-01	9.667705e-02	2.221019e-03	1.872853e-02	2.254008e+00	6.598223e-02	9.076117e-04	7.143816e+00	1.080229e-01	9.428460e-01	2.247306e-03	9.271068e+00	
5.161794e-03	9.324048e-01	1.597350e+00	4.165686e-03	2.551535e+00	2.939065e-02	5.405313e-04	6.578499e-01	9.253844e-02	1.968176e-03	1.911734e-02	2.149172e+00	6.960445e-02	1.085446e-03	4.981749e+00	1.076956e-01	9.238735e-01	2.603271e-03	6.399683e+00	
5.169088e-03	9.152018e-01	1.442891e+00	5.179986e-03	2.558064e+00	3.588352e-02	3.626883e-04	2.439893e-01	1.105448e-01	2.419192e-03	2.039275e-02	2.632076e+00	7.082972e-02	1.024165e-03	5.820056e+00	1.131342e-01	9.956958e-01	2.323911e-03	8.122736e+00	
5.169305e-03	8.501890e-01	1.221456e+00	1.877868e-03	2.583822e+00	1.326508e-02	8.540856e-04	1.873961e+00	9.251925e-02	2.009051e-03	2.093767e-02	2.184143e+00	7.359214e-02	1.041098e-03	6.804601e+00	1.121782e-01	7.600281e-01	2.662619e-03	9.584834e+00	
5.188510e-03	9.352903e-01	1.277344e+00	4.813077e-03	2.540619e+00	3.301939e-02	6.911004e-04	3.724002e-01	1.088543e-01	2.336937e-03	2.000185e-02	2.555855e+00	7.155053e-02	1.191713e-03	6.148436e+00	1.098199e-01	7.941508e-01	3.095992e-03	8.069244e+00	
5.193484e-03	8.728108e-01	1.377611e+00	3.690558e-03	2.518892e+00	2.553021e-02	1.459179e-03	1.475231e+00	1.115999e-01	2.341212e-03	1.988694e-02	2.661299e+00	6.807938e-02	1.315419e-03	4.706018e+00	1.081439e-01	9.844566e-01	3.033255e-03	6.052663e+00	
5.194683e-03	8.784364e-01	8.843165e-01	9.220964e-04	2.518883e+00	6.327875e-03	9.416041e-04	2.096074e+00	9.657404e-02	1.934504e-03	2.010112e-02	2.329887e+00	6.338662e-02	1.141260e-03	5.674385e+00	1.092575e-01	8.417131e-01	2.856488e-03	7.634419e+00	
5.195717e-03	8.800061e-01	1.381558e+00	7.412928e-03	2.549341e+00	5.277179e-02	1.239088e-03	5.558117e-01	1.201223e-01	2.545636e-03	1.890140e-02	2.836215e+00	6.188714e-02	9.279671e-04	6.130965e+00	1.091667e-01	8.531434e-01	2.333566e-03	8.127429e+00	
5.205974e-03	9.384033e-01	2.270842e+00	2.457841e-03	2.602799e+00	1.728794e-02	1.226082e-03	1.792804e+00	1.016792e-01	2.119822e-03	1.985050e-02	2.401660e+00	6.801674e-02	7.570747e-04	3.823651e+00	1.140620e-01	7.604779e-01	1.863760e-03	5.280408e+00	
5.212322e-03	9.054427e-01	1.546705e+00	1.954801e-03	2.501838e+00	1.367895e-02	1.028547e-03	2.384843e+00	1.100459e-01	2.252700e-03	2.062119e-02	2.594352e+00	7.278056e-02	1.173763e-03	4.083183e+00	1.092325e-01	7.372895e-01	2.905855e-03	5.416992e+00	
5.215077e-03	9.106371e-01	2.464101e+00	9.492281e-03	2.522597e+00	6.723402e-02	6.599160e-04	3.246310e-01	9.582382e-02	2.019694e-03	1.832102e-02	2.260334e+00	5.860767e-02	8.181138e-04	5.457074e+00	1.077871e-01	7.300532e-01	2.062461e-03	7.636168e+00	
5.223328e-03	8.650049e-01	8.961315e-01	2.211722e-03	2.552552e+00	1.558495e-02	1.458500e-03	9.921169e-01	1.164617e-01	2.503549e-03	1.901070e-02	2.775513e+00	6.063741e-02	9.957745e-04	5.265762e+00	1.108561e-01	7.268063e-01	2.447634e-03	7.770566e+00	
5.223710e-03	8.906841e-01	5.327814e-01	3.947152e-03	2.507936e+00	2.710441e-02	4.559977e-04	3.369423e-01	1.068530e-01	2.304902e-03	2.030493e-02	2.566864e+00	6.904599e-02	8.670184e-04	6.949481e+00	1.061619e-01	9.009226e-01	2.208575e-03	8.512030e+00	
5.226285e-03	8.710092e-01	9.809427e-01	1.205751e-03	2.567627e+00	8.376147e-03	5.669390e-04	9.444686e-01	9.229553e-02	1.962117e-03	2.060462e-02	2.207741e+00	7.022167e-02	1.069087e-03	7.262648e+00	1.125837e-01	8.787829e-01	2.742289e-03	9.362195e+00	
5.238592e-03	9.749521e-01	2.037218e+00	6.363087e-03	2.571255e+00	4.503506e-02	1.128931e-03	5.537613e-01	8.650844e-02	1.921617e-03	1.997308e-02	2.053931e+00	6.823193e-02	1.034127e-03	4.913983e+00	1.063183e-01	8.454608e-01	2.443373e-03	6.480910e+00	
5.242311e-03	8.929205e-01	2.511268e+00	6.264608e-03	2.546511e+00	4.327127e-02	5.780873e-04	6.141179e-01	9.636991e-02	2.160701e-03	1.952696e-02	2.251673e+00	7.128812e-02	1.444498e-03	5.067158e+00	1.122706e-01	1.174227e+00	3.049880e-03	7.411513e+00	
5.243479e-03	8.917584e-01	1.458011e+00	2.680908e-03	2.507410e+00	1.886616e-02	9.285423e-04	1.347363e+00	9.280369e-02	2.082304e-03	1.714372e-02	2.137976e+00	5.885582e-02	1.492679e-03	4.142957e+00	1.111211e-01	6.892098e-01	3.765121e-03	6.211178e+00	
5.244666e-03	9.351926e-01	1.172767e+00	3.200178e-03	2.578186e+00	2.228223e-02	1.232023e-03	5.510377e-01	9.430850e-02	1.979183e-03	2.005968e-02	2.243067e+00	6.781640e-02	7.296920e-04	5.761872e+00	1.114870e-01	8.437198e-01	1.802380e-03	7.775427e+00	
5.248409e-03	8.973070e-01	6.326950e-01	4.002107e-03	2.561328e+00	2.821884e-02	4.388032e-04	2.320971e-01	8.967940e-02	1.884753e-03	2.035050e-02	2.136001e+00	6.978866e-02	7.536186e-04	6.418333e+00	1.110988e-01	9.086880e-01	1.891778e-03	7.991290e+00	
5.252333e-03	9.363052e-01	1.434115e+00	1.932378e-03	2.559316e+00	1.345002e-02	7.139503e-04	2.470692e+00	5.744535e-02	1.195347e-03	1.946533e-02	1.314964e+00	6.929380e-02	8.526468e-04	6.651532e+00	1.066531e-01	7.184525e-01	2.208034e-03	9.867403e+00	
5.252583e-03	9.546349e-01	1.738956e+00	3.219692e-03	2.538108e+00	2.285336e-02	1.680283e-03	3.967571e+00	6.801505e-02	1.448237e-03	2.043416e-02	1.581111e+00	7.481452e-02	7.508027e-04	4.033904e+00	1.087253e-01	7.368868e-01	1.943977e-03	5.317118e+00	
5.255201e-03	9.686724e-01	2.202514e+00	4.162752e-03	2.496119e+00	2.894534e-02	1.095190e-03	1.881066e+00	8.772072e-02	1.861589e-03	1.989953e-02	2.085568e+00	6.806512e-02	1.191893e-03	3.197302e+00	1.086768e-01	7.254600e-01	2.947037e-03	4.157339e+00	
5.266475e-03	9.109690e-01	1.095201e+00	4.319493e-03	2.556089e+00	3.034323e-02	1.392724e-03	3.711737e-01	1.183144e-01	2.480882e-03	2.038424e-02	2.807298e+00	7.130851e-02	9.683693e-04	6.232550e+00	1.069685e-01	9.374994e-01	2.400946e-03	8.149141e+00	
5.269265e-03	8.828440e-01	2.069143e+00	2.005933e-03	2.531631e+00	1.397190e-02	9.186051e-04	1.210693e+00	1.087890e-01	2.447122e-03	1.843848e-02	2.504544e+00	6.563867e-02	2.212902e-03	5.164754e+00	1.098920e-01	9.047108e-01	5.124744e-03	7.354941e+00	
5.269837e-03	9.144527e-01	1.424692e+00	6.761656e-03	2.577953e+00	4.820028e-02	1.256994e-03	4.594953e-01	1.246013e-01	2.660179e-03	2.032382e-02	2.996754e+00	7.057152e-02	1.018815e-03	4.412456e+00	1.129654e-01	9.280232e-01	2.424892e-03	5.877650e+00	
5.280971e-03	8.799072e-01	1.138095e+00	1.754671e-03	2.468886e+00	1.220745e-02	1.157892e-03	1.022098e+00	1.247948e-01	2.554858e-03	1.877237e-02	2.945945e+00	6.210503e-02	1.892590e-03	4.844788e+00	1.066321e-01	1.023595e+00	4.246878e-03	6.227598e+00	
5.294147e-03	9.101046e-01	8.385090e-01	2.821529e-03	2.516271e+00	1.956172e-02	4.655522e-04	7.781552e-01	7.183057e-02	1.622300e-03	1.805995e-02	1.636389e+00	6.547360e-02	1.515942e-03	8.329178e+00	1.071432e-01	9.173628e-01	3.651455e-03	1.318712e+01	
5.294275e-03	9.618120e-01	1.114186e+00	3.699789e-03	2.570496e+00	2.596086e-02	4.904910e-04	3.412451e-01	1.139531e-01	2.347239e-03	2.043230e-02	2.763257e+00	6.774071e-02	8.244993e-04	5.803166e+00	1.137297e-01	7.870320e-01	2.200225e-03	7.521191e+00	
5.298961e-03	9.291393e-01	8.281671e-01	4.874454e-03	2.575884e+00	3.468328e-02	9.077300e-04	7.246572e-01	1.004027e-01	2.124527e-03	1.904603e-02	2.380913e+00	6.295563e-02	5.748227e-04	5.812352e+00	1.094860e-01	9.740323e-01	1.345368e-03	8.663289e+00	
5.303476e-03	9.365365e-01	1.338532e+00	4.435768e-03	2.556696e+00	3.081879e-02	3.075925e-04	5.401284e-01	9.432348e-02	2.055116e-03	1.833269e-02	2.210176e+00	6.290325e-02	1.032606e-03	5.688075e+00	1.101910e-01	7.328293e-01	2.746606e-03	7.221353e+00	
5.325093e-03	9.230841e-01	9.830886e-01	7.272010e-04	2.566736e+00	5.057542e-03	5.070503e-04	5.405137e-01	9.649575e-02	2.009257e-03	2.075347e-02	2.296478e+00	7.215706e-02	9.436525e-04	7.058988e+00	1.154160e-01	8.837014e-01	2.529377e-03	8.547310e+00	
5.327928e-03	9.411178e-01	1.315182e+00	1.336866e-03	2.570865e+00	9.306425e-03	7.811983e-04	1.167770e+00	7.405308e-02	1.657141e-03	2.055456e-02	1.740086e+00	7.535520e-02	1.200004e-03	5.825472e+00	1.120597e-01	6.671368e-01	3.341968e-03	7.763534e+00	
5.330026e-03	9.422710e-01	1.250483e+00	6.228080e-03	2.512595e+00	4.282331e-02	1.508973e-03	1.162896e+00	1.058948e-01	2.201866e-03	1.881518e-02	2.511524e+00	6.247083e-02	1.013172e-03	3.809325e+00	1.063581e-01	7.801809e-01	2.443918e-03	5.208291e+00	
5.342511e-03	9.743492e-01	3.357167e+00	6.479660e-03	2.540537e+00	4.466792e-02	5.669241e-04	1.046142e+00	7.469093e-02	1.535914e-03	1.918342e-02	1.740811e+00	6.545034e-02	7.805674e-04	4.911887e+00	1.111525e-01	7.551855e-01	1.957579e-03	6.494299e+00	
5.348991e-03	9.172124e-01	1.865018e+00	2.045198e-03	2.549147e+00	1.455398e-02	1.127926e-03	1.103977e+00	9.253380e-02	2.008205e-03	2.049571e-02	2.163237e+00	7.340876e-02	1.240964e-03	5.210734e+00	1.072916e-01	1.043305e+00	2.708747e-03	7.620743e+00	
5.349926e-03	9.154657e-01	8.884012e-01	2.543362e-03	2.523734e+00	1.729186e-02	2.536099e-04	8.128177e-01	7.280809e-02	1.498371e-03	2.024464e-02	1.702424e+00	7.017921e-02	9.119870e-04	7.202760e+00	1.093110e-01	8.625950e-01	2.263038e-03	1.023927e+01	
5.360282e-03	9.588199e-01	2.482685e+00	5.086301e-03	2.551834e+00	3.566197e-02	1.171891e-03	8.539801e-01	1.177665e-01	2.448614e-03	1.952643e-02	2.795061e+00	6.808653e-02	7.714143e-04	4.078549e+00	1.087970e-01	9.104167e-01	1.835005e-03	5.249465e+00	
5.364233e-03	9.539081e-01	2.048913e+00	2.828506e-03	2.625887e+00	2.002720e-02	5.102283e-04	8.280558e-01	8.876580e-02	1.918164e-03	1.914341e-02	2.061950e+00	7.041910e-02	8.882219e-04	5.279171e+00	1.149150e-01	7.852442e-01	2.272456e-03	7.404503e+00	
5.374930e-03	9.254828e-01	2.199441e+00	2.175094e-03	2.534712e+00	1.546522e-02	1.101090e-03	1.041791e+00	1.003334e-01	2.212447e-03	1.955251e-02	2.406993e+00	6.345047e-02	1.739739e-03	6.083526e+00	1.071346e-01	9.450857e-01	4.077454e-03	8.898416e+00	
5.385398e-03	9.473803e-01	1.053483e+00	1.116137e-02	2.518120e+00	7.809530e-02	6.239401e-04	2.495420e-01	1.269032e-01	2.711945e-03	2.083456e-02	3.002776e+00	7.532340e-02	1.123381e-03	4.250570e+00	1.088431e-01	1.046880e+00	2.541006e-03	5.677502e+00	
5.407766e-03	8.969867e-01	7.662057e-01	2.865300e-03	2.526314e+00	1.983456e-02	7.371536e-04	7.592373e-01	9.868180e-02	2.077909e-03	1.918636e-02	2.318167e+00	6.392400e-02	8.928401e-04	7.503046e+00	1.102814e-01	8.486818e-01	2.182949e-03	1.144887e+01	
5.438531e-03	9.474970e-01	1.013878e+00	3.653677e-03	2.565797e+00	2.539809e-02	8.337625e-04	1.329904e+00	7.435940e-02	1.580721e-03	1.997920e-02	1.738407e+00	7.251675e-02	8.475003e-04	5.447007e+00	1.117686e-01	7.276568e-01	2.221688e-03	7.949882e+00	
5.444616e-03	9.132077e-01	1.017456e+00	2.252812e-03	2.524051e+00	1.568243e-02	1.595849e-03	8.535040e-01	8.479313e-02	1.793814e-03	2.070104e-02	2.006737e+00	7.061337e-02	1.203701e-03	6.393716e+00	1.060468e-01	9.205441e-01	2.869706e-03	9.390278e+00	
5.445556e-03	9.265919e-01	1.313576e+00	4.562216e-03	2.562849e+00	3.208794e-02	1.501934e-03	7.663306e-01	1.164627e-01	2.477806e-03	1.971088e-02	2.740670e+00	7.073650e-02	8.738283e-04	4.876812e+00	1.105994e-01	9.656174e-01	2.010221e-03	7.235219e+00	
5.468001e-03	9.068244e-01	1.990183e+00	1.406722e-03	2.526136e+00	9.788934e-03	7.875644e-04	1.787729e+00	7.254020e-02	1.539802e-03	2.127752e-02	1.696720e+00	7.609188e-02	1.191711e-03	4.480111e+00	1.104040e-01	1.116801e+00	2.522155e-03	5.982434e+00	
5.471251e-03	8.900440e-01	5.746429e-01	1.243001e-03	2.543359e+00	8.565904e-03	1.336448e-03	9.095192e-01	1.326433e-01	2.757846e-03	2.083067e-02	3.188831e+00	7.378434e-02	1.303361e-03	4.875043e+00	1.089964e-01	1.155751e+00	2.774009e-03	6.923780e+00	
5.476131e-03	8.758902e-01	9.227832e-01	4.072247e-03	2.507845e+00	2.829719e-02	4.892507e-04	1.230709e+00	7.989886e-02	1.645416e-03	1.986565e-02	1.886833e+00	6.772948e-02	9.378931e-04	6.450009e+00	1.108461e-01	8.401417e-01	2.406406e-03	9.335680e+00	
5.477265e-03	8.718357e-01	1.403731e+00	5.256014e-03	2.488160e+00	3.594818e-02	7.215005e-04	9.306568e-01	8.565670e-02	1.797843e-03	2.106085e-02	2.062280e+00	7.181123e-02	9.243285e-04	3.942045e+00	1.065232e-01	9.121518e-01	2.090774e-03	5.372986e+00	
5.484078e-03	9.206634e-01	1.062007e+00	4.862878e-03	2.476651e+00	3.356497e-02	1.849106e-03	1.081942e+00	9.703224e-02	2.035161e-03	2.008378e-02	2.279462e+00	7.327475e-02	1.614161e-03	4.327236e+00	1.034053e-01	1.135699e+00	3.236245e-03	6.287536e+00	
5.485962e-03	9.113436e-01	9.531616e-01	2.230377e-03	2.551153e+00	1.539146e-02	7.997362e-04	1.406603e+00	8.480515e-02	1.789500e-03	2.164046e-02	1.998225e+00	8.233667e-02	9.688755e-04	4.426965e+00	1.094872e-01	8.729654e-01	2.299978e-03	6.256858e+00	
5.486764e-03	8.928296e-01	2.040826e+00	3.132920e-03	2.592806e+00	2.198352e-02	5.384218e-04	1.752705e-01	1.151727e-01	2.525805e-03	2.026983e-02	2.747382e+00	7.219815e-02	1.380228e-03	6.910303e+00	1.126319e-01	1.053516e+00	3.199536e-03	1.023921e+01	
5.500584e-03	9.565942e-01	8.166215e-01	3.017988e-03	2.587632e+00	2.151821e-02	5.322471e-04	8.522756e-01	8.286522e-02	1.706823e-03	1.861124e-02	1.923382e+00	6.461703e-02	1.359038e-03	5.326731e+00	1.095450e-01	8.050876e-01	3.504512e-03	7.318286e+00	
5.514770e-03	9.312936e-01	2.722221e+00	6.726491e-03	2.521601e+00	4.751143e-02	5.149640e-04	7.899993e-01	9.218357e-02	2.068058e-03	1.728036e-02	2.107009e+00	6.038340e-02	1.269961e-03	4.975295e+00	1.112738e-01	7.214006e-01	3.372267e-03	6.622691e+00	
5.545339e-03	8.956356e-01	1.118384e+00	4.632554e-03	2.570298e+00	3.300242e-02	8.295998e-04	5.417451e-01	8.426845e-02	1.803102e-03	1.959214e-02	2.011001e+00	6.293973e-02	1.388758e-03	6.127324e+00	1.040772e-01	9.202664e-01	3.414759e-03	8.098321e+00	
5.573227e-03	9.843339e-01	1.720193e+00	4.653385e-03	2.548766e+00	3.260674e-02	5.257115e-04	2.225608e-01	7.588735e-02	1.576531e-03	1.855981e-02	1.733211e+00	6.636448e-02	1.289798e-03	5.916861e+00	1.059443e-01	7.522384e-01	3.269991e-03	8.057023e+00	
5.640068e-03	9.245585e-01	1.288319e+00	3.316987e-03	2.535749e+00	2.356218e-02	5.981578e-04	9.618498e-01	9.777893e-02	2.094836e-03	1.889344e-02	2.261879e+00	6.619983e-02	1.227018e-03	6.487928e+00	1.080978e-01	1.017615e+00	2.826948e-03	9.699663e+00	
5.643919e-03	9.270630e-01	1.297622e+00	5.230058e-03	2.587770e+00	3.759198e-02	5.537259e-04	1.344999e-01	1.151682e-01	2.556009e-03	1.764807e-02	2.631716e+00	6.614650e-02	1.833477e-03	7.295832e+00	1.065774e-01	9.852470e-01	4.234551e-03	1.077276e+01	
5.843086e-03	9.344888e-01	9.971636e-01	2.784873e-03	2.530867e+00	1.957825e-02	9.995547e-04	1.533964e+00	6.678766e-02	1.372081e-03	2.208620e-02	1.617910e+00	7.497304e-02	6.443202e-04	5.676225e+00	1.077706e-01	7.152123e-01	1.772137e-03	7.411005e+00	
5.863268e-03	9.052917e-01	1.076963e+00	1.717428e-03	2.459429e+00	1.165630e-02	1.413927e-03	4.014379e+00	8.126408e-02	1.666372e-03	2.063552e-02	1.932567e+00	7.222815e-02	1.087191e-03	4.062251e+00	1.064878e-01	8.090409e-01	2.469575e-03	5.948058e+00	
5.867133e-03	9.260473e-01	1.481239e+00	6.638947e-03	2.511778e+00	4.609376e-02	7.139941e-04	1.162800e+00	9.151156e-02	1.939443e-03	1.888383e-02	2.160076e+00	6.152305e-02	8.201344e-04	4.656563e+00	1.064414e-01	7.481724e-01	2.120258e-03	6.409387e+00	
5.897292e-03	8.549936e-01	9.617778e-01	2.480102e-03	2.543887e+00	1.709413e-02	4.804009e-04	6.173337e-01	1.010421e-01	2.009397e-03	1.895187e-02	2.422080e+00	6.057091e-02	1.179178e-03	5.528170e+00	1.098128e-01	8.240389e-01	2.787856e-03	7.796882e+00	
6.016729e-03	8.749974e-01	1.512210e+00	2.529539e-03	2.512631e+00	1.781438e-02	1.446568e-03	1.470168e+00	9.292066e-02	1.816625e-03	2.089493e-02	2.213372e+00	7.042334e-02	1.280931e-03	4.099702e+00	1.078412e-01	1.027798e+00	2.733764e-03	5.241432e+00	
6.345645e-03	8.699150e-01	7.195471e-01	1.905140e-03	2.512027e+00	1.337776e-02	6.286722e-04	5.961468e-01	1.284221e-01	2.607886e-03	2.096227e-02	3.133974e+00	6.915245e-02	7.772311e-04	6.354354e+00	1.104180e-01	1.038516e+00	1.797884e-03	7.942952e+00	
6.348223e-03	8.890093e-01	1.522178e+00	1.348826e-03	2.513789e+00	9.441567e-03	6.919159e-04	1.113740e+00	9.413230e-02	1.953339e-03	2.105164e-02	2.324963e+00	6.562248e-02	7.850825e-04	5.373360e+00	1.116298e-01	1.084339e+00	1.801974e-03	6.533653e+00	
8.383294e-03	8.954417e-01	9.814069e-01	3.479554e-03	2.524080e+00	2.335499e-02	9.319677e-04	4.320088e-01	1.230285e-01	2.732132e-03	2.368205e-02	3.033051e+00	8.540170e-02	7.115653e-04	5.707771e+00	1.111043e-01	1.162346e+00	1.558284e-03	6.988331e+00	
