f	x(1)	x(2)	x(3)	x(4)	x(5)	x(6)	x(7)	x(8)	x(9)	x(10)	x(11)	x(12)	x(13)	x(14)	x(15)	x(16)	x(17)	x(18)	
4.303998e-01	9.514793e+02	2.427396e-05	1.303275e-02	4.497885e-02	1.074618e+00	1.329491e+00	2.420738e+02	1.017015e+01	3.083970e-01	2.013885e-05	9.985671e+02	3.302845e-01	1.798070e-04	8.494380e-05	1.014024e-03	3.631527e+00	1.566815e+01	6.073420e-05	
4.304045e-01	6.334207e+02	2.284216e-05	1.680304e-02	4.516597e-02	1.391319e+00	1.332970e+00	3.986273e+02	1.018583e+01	3.032703e-01	6.747061e-05	9.996357e+02	4.525549e-01	2.298375e-04	1.107710e-04	1.009055e-03	3.787338e+00	3.354925e+01	7.880577e-05	
4.304052e-01	4.619138e+02	2.639394e-05	1.541452e-02	4.284860e-02	1.278693e+00	1.335741e+00	2.760302e+02	1.010972e+01	3.078119e-01	1.408046e-04	9.993534e+02	6.417448e-01	2.570711e-04	7.422011e-05	9.485404e-04	2.432439e+00	1.560282e+02	5.291203e-05	
4.304068e-01	6.040828e+02	2.396031e-05	1.803559e-02	4.147730e-02	1.490424e+00	1.337629e+00	3.327591e+02	1.010629e+01	3.103566e-01	2.515092e-05	9.944629e+02	2.965362e-01	9.879474e-05	7.124707e-05	8.779308e-04	2.081434e+00	5.262429e+01	5.044774e-05	
4.304074e-01	5.483930e+02	2.329813e-05	1.611489e-02	4.464031e-02	1.303812e+00	1.313200e+00	5.642848e+02	1.015791e+01	3.051883e-01	4.934406e-05	9.963988e+02	4.109941e-01	1.494078e-04	6.024792e-05	9.910288e-04	2.450068e+00	3.884886e+01	4.311793e-05	
4.304076e-01	7.527161e+02	2.519361e-05	1.254443e-02	4.460246e-02	1.044111e+00	1.341540e+00	2.886719e+02	1.016625e+01	3.051970e-01	1.990269e-05	9.945957e+02	4.116548e-01	1.221322e-04	4.856589e-05	1.042052e-03	3.938769e+00	5.307806e+01	3.489137e-05	
4.304082e-01	5.554672e+02	2.254196e-05	1.163785e-02	4.690596e-02	9.404449e-01	1.315034e+00	3.393078e+02	1.014708e+01	3.081550e-01	2.666689e-05	9.969853e+02	3.809127e-01	1.345257e-04	5.499599e-05	1.032296e-03	3.389120e+00	4.066304e+01	3.934480e-05	
4.304091e-01	3.779742e+02	2.611059e-05	1.489449e-02	4.222908e-02	1.267983e+00	1.353676e+00	2.595695e+02	1.010068e+01	3.064369e-01	4.648854e-05	9.952021e+02	8.957678e-01	1.775950e-04	8.746634e-05	9.454353e-04	4.086638e+00	3.470502e+01	6.242150e-05	
4.304092e-01	5.668900e+02	2.188328e-05	9.605527e-03	4.728316e-02	7.747578e-01	1.321566e+00	2.504271e+02	1.019825e+01	3.047370e-01	2.479389e-05	9.972723e+02	7.172704e-01	6.857121e-05	6.482370e-05	1.031637e-03	2.524776e+00	3.844841e+01	4.594213e-05	
4.304093e-01	5.958458e+02	2.564760e-05	1.790387e-02	4.547299e-02	1.474099e+00	1.332089e+00	2.379135e+02	1.014711e+01	3.109838e-01	3.481744e-05	9.958048e+02	3.619956e-01	1.341822e-04	1.017087e-04	1.020071e-03	2.243383e+00	2.518369e+01	7.213892e-05	
4.304098e-01	4.236507e+02	2.293378e-05	1.600766e-02	4.034585e-02	1.348484e+00	1.345697e+00	3.111853e+02	1.003779e+01	3.100615e-01	3.060453e-05	9.966614e+02	4.700898e-01	1.437176e-04	8.896572e-05	8.738591e-04	1.137773e+00	5.683032e+01	6.360183e-05	
4.304099e-01	5.198657e+02	2.194617e-05	1.944105e-02	4.975304e-02	1.576499e+00	1.310447e+00	3.473417e+02	1.018455e+01	3.103657e-01	4.339642e-05	9.999603e+02	2.987870e-01	8.373069e-05	9.715056e-05	1.083813e-03	1.676560e+00	2.379937e+01	6.843410e-05	
4.304100e-01	5.096122e+02	2.391432e-05	1.285382e-02	4.399334e-02	1.058390e+00	1.330221e+00	5.323686e+02	1.013218e+01	3.102827e-01	2.528112e-05	9.998439e+02	3.003211e-01	1.395996e-04	7.582314e-05	9.848870e-04	2.484726e+00	6.452581e+01	5.381998e-05	
4.304102e-01	6.559900e+02	2.533875e-05	1.380168e-02	4.422844e-02	1.152209e+00	1.344968e+00	3.155169e+02	1.015368e+01	3.108001e-01	4.006145e-05	9.923643e+02	3.031844e-01	1.318825e-04	7.199835e-05	9.612187e-04	3.204869e+00	6.134115e+01	5.064696e-05	
4.304108e-01	4.698784e+02	2.444705e-05	1.474775e-02	4.433389e-02	1.216597e+00	1.330295e+00	4.125088e+02	1.017126e+01	3.089351e-01	6.214949e-05	9.926107e+02	5.606689e-01	1.349278e-04	5.152712e-05	9.987792e-04	5.196259e+00	5.483209e+01	3.681112e-05	
4.304114e-01	7.781838e+02	2.528234e-05	1.348690e-02	4.693894e-02	1.123488e+00	1.332640e+00	3.263540e+02	1.012774e+01	3.118699e-01	3.803389e-05	9.988547e+02	2.955726e-01	9.397354e-05	4.868266e-05	1.094391e-03	4.860424e+00	9.203336e+01	3.475459e-05	
4.304118e-01	4.538847e+02	2.334860e-05	1.414506e-02	4.521761e-02	1.153550e+00	1.325481e+00	3.397860e+02	1.018499e+01	3.015162e-01	4.304167e-05	9.954952e+02	4.513279e-01	2.972089e-04	5.298329e-05	1.031395e-03	7.356632e+00	4.939436e+01	3.798518e-05	
4.304118e-01	4.654171e+02	2.336398e-05	1.387608e-02	4.816054e-02	1.137447e+00	1.323559e+00	3.587060e+02	1.016419e+01	3.046082e-01	4.941381e-05	9.934826e+02	5.725140e-01	2.738403e-04	4.214187e-05	1.044952e-03	5.984578e+00	1.056455e+02	2.972026e-05	
4.304119e-01	4.232768e+02	2.462098e-05	1.929898e-02	4.042436e-02	1.617001e+00	1.340040e+00	3.102851e+02	1.010580e+01	3.076020e-01	1.514639e-04	9.988554e+02	5.466780e-01	3.833657e-04	7.537332e-05	8.926196e-04	2.186770e+00	1.534433e+02	5.389697e-05	
4.304120e-01	4.630426e+02	2.567799e-05	2.026957e-02	4.352811e-02	1.654356e+00	1.319699e+00	2.938276e+02	1.008408e+01	3.121517e-01	7.879722e-05	9.947104e+02	2.630248e-01	1.653233e-04	8.691896e-05	9.668077e-04	2.251946e+00	6.455815e+01	6.247009e-05	
4.304121e-01	4.717268e+02	2.191018e-05	2.645491e-02	4.434374e-02	2.208501e+00	1.333662e+00	2.012349e+02	1.020056e+01	3.052988e-01	5.256641e-05	9.964616e+02	5.213358e-01	2.015772e-04	1.057384e-04	9.931592e-04	3.330902e+00	5.200561e+01	7.539733e-05	
4.304121e-01	9.454070e+02	2.733544e-05	1.540496e-02	4.467911e-02	1.262637e+00	1.329192e+00	3.069623e+02	1.010860e+01	3.081714e-01	3.432924e-05	9.935540e+02	4.547228e-01	1.782567e-04	5.972037e-05	9.984507e-04	2.731142e+00	4.507932e+01	4.276697e-05	
4.304122e-01	6.832536e+02	2.621436e-05	1.074636e-02	4.713754e-02	9.022935e-01	1.345648e+00	3.098659e+02	1.012758e+01	3.099187e-01	5.744404e-05	9.974533e+02	2.944824e-01	1.088965e-04	5.091775e-05	1.108555e-03	6.082763e+00	2.701683e+01	3.651752e-05	
4.304126e-01	4.068976e+02	2.847751e-05	1.495954e-02	4.318230e-02	1.206315e+00	1.314895e+00	3.104252e+02	1.011434e+01	3.111906e-01	6.261847e-05	9.946568e+02	3.292221e-01	9.094455e-05	6.214984e-05	9.376317e-04	1.756756e+00	1.486648e+02	4.453555e-05	
4.304129e-01	4.546289e+02	2.436708e-05	1.598598e-02	4.886812e-02	1.320799e+00	1.330725e+00	2.784521e+02	1.020191e+01	3.107497e-01	6.166969e-05	9.980752e+02	9.729584e-01	3.707402e-04	5.475236e-05	1.131974e-03	8.935818e+00	2.557330e+01	3.897675e-05	
4.304129e-01	7.649780e+02	2.416096e-05	1.502248e-02	4.646033e-02	1.239727e+00	1.328744e+00	3.105075e+02	1.015361e+01	3.054757e-01	9.118458e-05	9.956364e+02	4.673536e-01	2.551582e-04	8.079820e-05	1.047718e-03	2.398158e+00	8.787402e+01	5.793856e-05	
4.304130e-01	3.612872e+02	2.132996e-05	1.277876e-02	5.190910e-02	1.031265e+00	1.314510e+00	4.105005e+02	1.015715e+01	3.100504e-01	4.989598e-05	9.954005e+02	3.974469e-01	7.653545e-05	5.220260e-05	1.132651e-03	4.301510e+00	3.053100e+01	3.640757e-05	
4.304131e-01	7.446235e+02	2.637855e-05	1.745145e-02	4.187621e-02	1.460294e+00	1.335377e+00	3.015483e+02	1.015495e+01	3.089785e-01	4.906802e-05	9.934057e+02	3.624207e-01	2.154274e-04	6.621144e-05	9.349248e-04	1.600319e+00	6.947372e+01	4.752761e-05	
4.304132e-01	6.550046e+02	2.554638e-05	1.035846e-02	5.183405e-02	8.394467e-01	1.314278e+00	3.965564e+02	1.013611e+01	3.132311e-01	4.505008e-05	9.958292e+02	3.110142e-01	1.213729e-04	5.971195e-05	1.170507e-03	5.872920e+00	5.939853e+01	4.229379e-05	
4.304132e-01	8.083594e+02	2.062263e-05	1.926025e-02	4.663153e-02	1.617497e+00	1.335678e+00	2.466650e+02	1.018326e+01	3.077146e-01	2.455951e-05	9.927026e+02	5.364460e-01	2.920126e-04	7.470755e-05	1.051046e-03	2.688939e+00	4.129500e+01	5.299367e-05	
4.304135e-01	6.273573e+02	3.069447e-05	1.795194e-02	4.140866e-02	1.523491e+00	1.351027e+00	3.378829e+02	1.003973e+01	3.172412e-01	6.939324e-05	9.990057e+02	3.360970e-01	1.338202e-04	8.937658e-05	8.917447e-04	3.401162e+00	1.059868e+02	6.341716e-05	
4.304135e-01	5.721157e+02	2.419780e-05	1.316016e-02	4.759216e-02	1.081341e+00	1.332166e+00	2.994364e+02	1.015573e+01	3.059285e-01	1.225439e-04	9.933472e+02	4.235280e-01	1.824617e-04	1.117167e-04	1.026713e-03	3.810935e+00	7.497145e+01	7.852357e-05	
4.304138e-01	7.722227e+02	2.592227e-05	1.294162e-02	4.429573e-02	1.075964e+00	1.338937e+00	3.218829e+02	1.022536e+01	3.076626e-01	3.357563e-05	9.987115e+02	6.048043e-01	1.229294e-04	6.573567e-05	9.723884e-04	2.099915e+00	1.983533e+01	4.647078e-05	
4.304138e-01	3.941101e+02	2.594033e-05	1.853920e-02	4.457528e-02	1.514498e+00	1.320378e+00	3.748083e+02	1.012622e+01	3.091796e-01	8.715081e-05	9.941419e+02	4.987822e-01	8.922360e-05	8.157337e-05	9.860014e-04	1.842383e+00	8.814915e+01	5.858296e-05	
4.304140e-01	5.949474e+02	2.534745e-05	1.870110e-02	4.334147e-02	1.521896e+00	1.326005e+00	3.608179e+02	1.009682e+01	3.095097e-01	7.308853e-05	9.966564e+02	5.881250e-01	2.078936e-04	6.774538e-05	9.462156e-04	2.184886e+00	1.116101e+02	4.799299e-05	
4.304141e-01	4.505464e+02	2.771380e-05	1.882533e-02	4.222288e-02	1.582493e+00	1.340515e+00	1.820975e+02	1.015055e+01	3.040506e-01	1.444320e-04	9.947438e+02	7.936275e-01	1.968297e-04	5.361896e-05	9.757398e-04	3.397478e+00	7.950859e+01	3.867457e-05	
4.304141e-01	5.658081e+02	2.508663e-05	1.435656e-02	4.767750e-02	1.136679e+00	1.294957e+00	4.650108e+02	1.009044e+01	3.126064e-01	7.071337e-05	9.970805e+02	2.294324e-01	1.262015e-04	9.064408e-05	1.039718e-03	4.674663e+00	5.509416e+01	6.451829e-05	
4.304141e-01	6.154346e+02	2.710566e-05	1.552845e-02	4.529035e-02	1.276744e+00	1.327766e+00	3.761629e+02	1.008341e+01	3.145168e-01	7.327879e-05	9.945358e+02	6.447518e-01	3.048022e-04	5.825367e-05	1.011772e-03	6.728435e+00	5.899548e+01	4.134527e-05	
4.304146e-01	5.589154e+02	2.061512e-05	1.397744e-02	4.761866e-02	1.123493e+00	1.319169e+00	3.274888e+02	1.015269e+01	3.121587e-01	3.638833e-05	9.991473e+02	3.405134e-01	1.471580e-04	8.765316e-05	1.068198e-03	2.408121e+00	2.980610e+01	6.220161e-05	
4.304149e-01	3.767823e+02	2.530785e-05	1.456524e-02	4.578967e-02	1.212626e+00	1.341827e+00	3.166865e+02	1.013863e+01	3.093208e-01	2.577264e-05	9.940276e+02	5.039913e-01	1.258560e-04	5.688882e-05	1.037362e-03	3.983738e+00	3.468254e+01	4.065313e-05	
4.304149e-01	3.766718e+02	2.438704e-05	1.746752e-02	4.427978e-02	1.475385e+00	1.346381e+00	2.578891e+02	1.016167e+01	3.124975e-01	2.220908e-05	9.947497e+02	7.640450e-01	2.124801e-04	8.130891e-05	1.032276e-03	2.985067e+00	4.683671e+01	5.822326e-05	
4.304150e-01	3.859153e+02	2.492168e-05	1.232678e-02	4.147453e-02	1.029822e+00	1.329368e+00	4.808894e+02	1.019212e+01	3.020981e-01	3.309820e-05	9.966230e+02	5.618761e-01	1.158078e-04	8.065488e-05	9.769124e-04	2.499385e+00	9.807059e+01	5.910038e-05	
4.304151e-01	4.044843e+02	2.333997e-05	1.312456e-02	4.300577e-02	1.067567e+00	1.328923e+00	5.490305e+02	1.011119e+01	3.039064e-01	4.332881e-05	9.970015e+02	6.500025e-01	3.390091e-04	3.764055e-05	9.073870e-04	1.653610e+00	1.304642e+02	2.654934e-05	
4.304152e-01	5.407800e+02	2.539204e-05	2.133342e-02	4.797674e-02	1.745924e+00	1.320619e+00	2.346436e+02	1.015499e+01	3.033169e-01	9.650855e-05	9.934469e+02	3.193937e-01	1.817880e-04	7.003119e-05	1.059781e-03	2.202408e+00	1.214712e+02	4.957149e-05	
4.304153e-01	5.289325e+02	2.595793e-05	7.891460e-03	4.470618e-02	6.418843e-01	1.335807e+00	5.821869e+02	1.016881e+01	3.099964e-01	2.052991e-05	9.978772e+02	4.401857e-01	4.879540e-05	4.046776e-05	1.008523e-03	2.296247e+00	9.041788e+01	2.869609e-05	
4.304153e-01	5.931970e+02	2.446228e-05	1.815972e-02	4.318537e-02	1.442221e+00	1.301666e+00	3.500804e+02	1.009948e+01	3.070032e-01	1.123253e-04	9.963384e+02	5.897448e-01	2.965462e-04	8.666405e-05	9.102509e-04	1.433342e+00	9.485271e+01	6.179825e-05	
4.304154e-01	3.796103e+02	2.212256e-05	2.212742e-02	4.842421e-02	1.845856e+00	1.336008e+00	2.202012e+02	1.016245e+01	3.153299e-01	3.317856e-05	9.970545e+02	5.235013e-01	3.278438e-04	1.199303e-04	1.076549e-03	4.379137e+00	3.115927e+01	8.444401e-05	
4.304155e-01	3.017171e+02	2.558892e-05	1.551610e-02	4.390506e-02	1.322068e+00	1.355431e+00	3.583472e+02	1.015781e+01	3.027786e-01	8.709165e-05	9.934424e+02	6.534103e-01	1.718618e-04	5.771111e-05	1.004411e-03	1.981050e+00	1.326931e+02	4.106474e-05	
4.304155e-01	5.860849e+02	2.895894e-05	1.372230e-02	4.496150e-02	1.087416e+00	1.300990e+00	3.997806e+02	1.008503e+01	3.129674e-01	4.694949e-05	9.952741e+02	2.836239e-01	1.630597e-04	5.721440e-05	9.238579e-04	3.919314e+00	3.599465e+01	4.027096e-05	
4.304156e-01	7.107334e+02	2.560877e-05	1.642763e-02	4.445874e-02	1.328696e+00	1.314666e+00	3.255550e+02	1.016416e+01	3.094037e-01	2.364265e-05	9.955266e+02	3.749004e-01	1.141533e-04	6.140148e-05	1.006781e-03	2.700694e+00	7.961277e+01	4.439031e-05	
4.304159e-01	8.060383e+02	2.861319e-05	1.461607e-02	4.622005e-02	1.196741e+00	1.337689e+00	3.119708e+02	1.010529e+01	3.142391e-01	5.594471e-05	9.956541e+02	3.664009e-01	1.291908e-04	5.060151e-05	9.923468e-04	1.526972e+00	1.024902e+02	3.552793e-05	
4.304160e-01	7.782666e+02	2.198541e-05	1.341151e-02	4.737091e-02	1.066587e+00	1.317728e+00	3.831664e+02	1.013488e+01	3.100709e-01	5.714202e-05	9.983679e+02	1.935937e-01	1.016108e-04	6.896023e-05	9.905498e-04	4.567211e+00	5.000664e+01	4.793511e-05	
4.304160e-01	4.506469e+02	2.065008e-05	1.272879e-02	4.323581e-02	1.087140e+00	1.348117e+00	4.038173e+02	1.014125e+01	3.075996e-01	4.724101e-05	9.982282e+02	3.007396e-01	1.427714e-04	7.709360e-05	9.779828e-04	5.513290e+00	4.258697e+01	5.553433e-05	
4.304161e-01	5.850724e+02	2.453572e-05	1.267286e-02	4.346691e-02	1.024143e+00	1.314121e+00	3.923652e+02	1.018231e+01	3.021405e-01	5.222839e-05	9.970765e+02	6.139162e-01	1.141361e-04	5.793140e-05	9.678759e-04	1.251591e+00	1.311097e+02	4.197779e-05	
4.304161e-01	3.924659e+02	2.726691e-05	1.169355e-02	4.632624e-02	9.769240e-01	1.341136e+00	3.664918e+02	1.016851e+01	3.008232e-01	1.086269e-04	9.940278e+02	4.528329e-01	3.325047e-04	5.512850e-05	1.092395e-03	7.746957e+00	9.699683e+01	3.973795e-05	
4.304161e-01	4.527843e+02	2.436674e-05	1.855415e-02	4.739923e-02	1.512532e+00	1.331778e+00	3.009066e+02	1.009807e+01	3.122931e-01	6.828137e-05	9.920494e+02	6.288754e-01	1.347887e-04	7.363340e-05	9.917882e-04	1.633854e+00	9.778358e+01	5.114470e-05	
4.304162e-01	5.250952e+02	2.438159e-05	1.775154e-02	4.476520e-02	1.532029e+00	1.367597e+00	2.572050e+02	1.018815e+01	3.051512e-01	4.980328e-05	9.945883e+02	5.014500e-01	7.783783e-05	6.640727e-05	1.010685e-03	3.938056e+00	8.103824e+01	4.683432e-05	
4.304162e-01	5.365670e+02	2.407022e-05	1.537941e-02	4.801176e-02	1.243420e+00	1.312958e+00	2.855192e+02	1.014226e+01	3.081281e-01	6.853387e-05	9.925635e+02	3.520313e-01	7.029488e-05	3.969998e-05	1.052340e-03	3.341879e+00	7.328206e+01	2.830594e-05	
4.304164e-01	4.954993e+02	2.688763e-05	2.941491e-02	4.601573e-02	2.391561e+00	1.310772e+00	2.145940e+02	1.014923e+01	3.060813e-01	1.049132e-04	9.955836e+02	4.610299e-01	1.678347e-04	1.170345e-04	1.000410e-03	1.535476e+00	9.090976e+01	8.317156e-05	
4.304165e-01	3.895055e+02	2.515741e-05	1.798579e-02	4.511297e-02	1.495329e+00	1.326283e+00	2.732537e+02	1.016839e+01	3.058408e-01	7.216263e-05	9.927325e+02	9.293251e-01	1.882990e-04	5.860146e-05	1.015252e-03	1.475818e+00	9.064454e+01	4.213877e-05	
4.304168e-01	3.920742e+02	2.526596e-05	1.701493e-02	4.940733e-02	1.398433e+00	1.322340e+00	3.294205e+02	1.021520e+01	3.044133e-01	1.104324e-04	9.946128e+02	9.232161e-01	2.663420e-04	5.127801e-05	1.113452e-03	5.398437e+00	5.937916e+01	3.643598e-05	
4.304169e-01	4.156366e+02	2.427483e-05	1.413244e-02	5.048434e-02	1.174917e+00	1.327899e+00	2.320711e+02	1.020666e+01	3.040545e-01	6.653462e-05	9.930803e+02	5.057697e-01	1.403322e-04	7.154560e-05	1.207161e-03	4.133630e+00	5.726717e+01	5.118012e-05	
4.304170e-01	3.899425e+02	2.710250e-05	1.211811e-02	4.691202e-02	1.000798e+00	1.330113e+00	5.307822e+02	1.011998e+01	3.143192e-01	3.194101e-05	9.970004e+02	3.986925e-01	2.111996e-04	4.229798e-05	1.036668e-03	8.885184e+00	4.134298e+01	3.016106e-05	
4.304171e-01	8.184053e+02	2.806391e-05	1.334611e-02	4.886837e-02	1.090746e+00	1.325797e+00	3.439702e+02	1.017705e+01	3.119528e-01	6.609710e-05	9.945910e+02	3.178288e-01	2.247931e-04	6.722187e-05	1.105809e-03	8.324316e+00	3.611167e+01	4.781173e-05	
4.304172e-01	3.722526e+02	2.329171e-05	1.855107e-02	4.293407e-02	1.508974e+00	1.322327e+00	2.979519e+02	1.010046e+01	3.106877e-01	4.380324e-05	9.933153e+02	2.959363e-01	1.435060e-04	1.242131e-04	8.966345e-04	2.643026e+00	4.468479e+01	8.720502e-05	
4.304173e-01	6.724373e+02	2.440226e-05	1.547875e-02	4.195869e-02	1.321342e+00	1.353059e+00	3.543069e+02	1.010579e+01	3.049995e-01	4.819601e-05	9.984427e+02	3.707498e-01	1.628245e-04	5.001827e-05	9.185682e-04	3.167555e+00	8.763752e+01	3.545711e-05	
4.304173e-01	5.096214e+02	2.281459e-05	1.888867e-02	4.362891e-02	1.591334e+00	1.347902e+00	2.010620e+02	1.014619e+01	2.999035e-01	8.161998e-05	9.926856e+02	4.351298e-01	8.669269e-05	8.932061e-05	9.903465e-04	1.357837e+00	8.340511e+01	6.353049e-05	
4.304174e-01	5.881978e+02	2.545925e-05	1.472135e-02	4.203773e-02	1.247193e+00	1.362317e+00	2.869060e+02	1.016047e+01	3.027884e-01	6.225489e-05	9.960634e+02	5.006771e-01	1.730322e-04	7.538908e-05	9.480911e-04	1.341555e+00	1.252616e+02	5.337275e-05	
4.304174e-01	5.125931e+02	2.780879e-05	2.246015e-02	4.722437e-02	1.899751e+00	1.348251e+00	1.932503e+02	1.017908e+01	3.025374e-01	8.316714e-05	9.984180e+02	7.725690e-01	1.692694e-04	6.102753e-05	1.101905e-03	3.516622e+00	5.204581e+01	4.347157e-05	
4.304174e-01	3.727910e+02	2.330660e-05	1.704918e-02	4.562353e-02	1.423138e+00	1.343948e+00	2.569756e+02	1.018349e+01	3.045754e-01	1.539307e-04	9.948750e+02	8.256092e-01	3.999247e-04	7.145437e-05	1.005659e-03	3.146692e+00	4.214080e+01	5.027693e-05	
4.304176e-01	3.679096e+02	2.525655e-05	2.176664e-02	4.451690e-02	1.807705e+00	1.332813e+00	2.700859e+02	1.004350e+01	3.162167e-01	5.948837e-05	9.975055e+02	6.873890e-01	2.297519e-04	8.485470e-05	9.492065e-04	2.880967e+00	4.567889e+01	5.952346e-05	
4.304176e-01	8.235750e+02	2.779829e-05	2.196476e-02	4.313250e-02	1.888892e+00	1.360711e+00	2.484826e+02	1.016699e+01	3.089510e-01	6.075867e-05	9.959443e+02	3.885400e-01	2.841485e-04	4.354858e-05	1.021100e-03	3.760497e+00	1.436947e+02	3.123015e-05	
4.304178e-01	3.421961e+02	2.986915e-05	2.412169e-02	4.298050e-02	2.068927e+00	1.351864e+00	2.073782e+02	1.008518e+01	3.088232e-01	8.145170e-05	9.949755e+02	8.036469e-01	2.341339e-04	5.463931e-05	9.763308e-04	3.183935e+00	7.092035e+01	3.907231e-05	
4.304179e-01	4.995594e+02	2.536042e-05	1.581326e-02	4.304526e-02	1.349763e+00	1.352609e+00	3.591313e+02	1.010087e+01	3.156710e-01	2.558293e-05	9.996082e+02	4.151331e-01	1.911785e-04	7.310050e-05	9.920310e-04	4.723615e+00	2.914611e+01	5.273513e-05	
4.304179e-01	6.464876e+02	2.906484e-05	1.642817e-02	4.584190e-02	1.320988e+00	1.307195e+00	2.597909e+02	1.017752e+01	3.106418e-01	6.340099e-05	9.952489e+02	5.674274e-01	2.693076e-04	7.811221e-05	1.021677e-03	2.670993e+00	5.586253e+01	5.584472e-05	
4.304181e-01	6.058689e+02	2.583572e-05	1.876432e-02	4.737157e-02	1.521761e+00	1.305239e+00	3.483001e+02	1.012829e+01	3.064547e-01	5.363506e-05	9.939761e+02	5.582355e-01	2.004973e-04	6.765418e-05	1.053941e-03	2.663830e+00	3.740970e+01	4.832247e-05	
4.304182e-01	5.950740e+02	2.407009e-05	2.244913e-02	4.469882e-02	1.861399e+00	1.317625e+00	3.547583e+02	1.014967e+01	3.045130e-01	7.827543e-05	9.974767e+02	3.521193e-01	1.389127e-04	8.255844e-05	1.003005e-03	9.184877e-01	8.243998e+01	5.941312e-05	
4.304183e-01	5.166637e+02	2.572891e-05	1.147558e-02	4.579855e-02	9.720731e-01	1.360120e+00	3.480671e+02	1.017457e+01	3.036689e-01	1.031014e-04	9.918999e+02	4.963684e-01	4.060665e-04	4.752410e-05	1.058044e-03	7.052875e+00	8.059181e+01	3.372665e-05	
4.304183e-01	3.493409e+02	2.474863e-05	1.674875e-02	4.223851e-02	1.419380e+00	1.345733e+00	3.014781e+02	1.011038e+01	3.090303e-01	5.142623e-05	9.931672e+02	6.177648e-01	2.491666e-04	8.216008e-05	9.602559e-04	1.615429e+00	1.460400e+02	5.871721e-05	
4.304183e-01	4.276672e+02	2.249954e-05	1.834455e-02	4.735159e-02	1.484897e+00	1.308069e+00	4.243688e+02	1.009277e+01	3.108829e-01	5.688701e-05	9.926792e+02	7.210915e-01	2.736663e-04	7.583344e-05	1.079246e-03	3.765710e+00	3.685375e+01	5.443395e-05	
4.304185e-01	5.499194e+02	2.487459e-05	2.103748e-02	4.200768e-02	1.728343e+00	1.331844e+00	4.355408e+02	1.013812e+01	3.074899e-01	4.005871e-05	9.939625e+02	4.874629e-01	2.499220e-04	8.307823e-05	9.318516e-04	3.120906e+00	7.386263e+01	5.917290e-05	
4.304188e-01	5.379388e+02	2.530762e-05	1.699798e-02	4.270252e-02	1.453249e+00	1.357402e+00	3.010818e+02	1.013837e+01	3.123790e-01	4.320145e-05	9.979766e+02	7.240217e-01	3.495515e-04	6.941612e-05	9.696875e-04	3.559541e+00	4.333095e+01	4.915971e-05	
4.304189e-01	3.405000e+02	2.931433e-05	2.152565e-02	4.407893e-02	1.759427e+00	1.313387e+00	2.659907e+02	1.018454e+01	3.044502e-01	3.077421e-05	9.925752e+02	6.565279e-01	1.008318e-04	7.602864e-05	1.011040e-03	2.310600e+00	9.168792e+01	5.521573e-05	
4.304190e-01	4.267573e+02	2.600573e-05	2.267366e-02	4.514101e-02	1.883489e+00	1.331593e+00	3.863764e+02	1.012928e+01	3.101719e-01	1.093751e-04	9.996253e+02	5.530903e-01	8.640625e-04	8.087135e-05	9.887675e-04	2.232137e+00	9.911996e+01	5.699331e-05	
4.304192e-01	3.587204e+02	2.547953e-05	2.233966e-02	4.736412e-02	1.835928e+00	1.324721e+00	2.435806e+02	1.014128e+01	3.110719e-01	1.425611e-04	9.922091e+02	5.884410e-01	4.179500e-04	7.374383e-05	1.071016e-03	3.880857e+00	6.296194e+01	5.239214e-05	
4.304193e-01	4.853747e+02	2.434970e-05	2.380574e-02	4.629847e-02	1.896381e+00	1.290229e+00	3.096532e+02	1.012705e+01	3.079404e-01	6.448310e-05	9.947287e+02	3.265747e-01	1.629266e-04	5.769667e-05	1.006374e-03	2.000752e+00	6.061961e+01	4.133717e-05	
4.304193e-01	8.899677e+02	2.367283e-05	2.606050e-02	4.408604e-02	2.239279e+00	1.355086e+00	1.977186e+02	1.012746e+01	3.093278e-01	6.591366e-05	9.933794e+02	2.711220e-01	2.412126e-04	1.166415e-04	9.555812e-04	1.806645e+00	5.761148e+01	8.220910e-05	
4.304194e-01	5.668851e+02	2.369950e-05	2.636696e-02	4.538428e-02	2.191122e+00	1.336191e+00	2.872122e+02	1.007974e+01	3.127293e-01	7.441483e-05	9.950702e+02	4.323027e-01	3.123750e-04	9.008128e-05	9.335946e-04	1.592803e+00	5.693631e+01	6.243561e-05	
4.304194e-01	6.237348e+02	2.508496e-05	1.967070e-02	4.729875e-02	1.636189e+00	1.323633e+00	2.936040e+02	1.018947e+01	3.069152e-01	5.813164e-05	9.917130e+02	4.348570e-01	1.402702e-04	9.424048e-05	1.097137e-03	5.128020e+00	3.818920e+01	6.757716e-05	
4.304195e-01	6.055816e+02	2.544868e-05	1.477895e-02	4.652226e-02	1.166429e+00	1.308697e+00	2.771667e+02	1.014370e+01	3.106400e-01	5.091928e-05	9.975973e+02	4.123482e-01	1.700193e-04	5.449387e-05	9.696626e-04	4.950485e+00	6.525676e+01	3.834706e-05	
4.304197e-01	4.656463e+02	2.993597e-05	1.999091e-02	4.633027e-02	1.654531e+00	1.337809e+00	2.263762e+02	1.013180e+01	3.091076e-01	9.863714e-05	9.928813e+02	5.684024e-01	1.829561e-04	5.744076e-05	1.024606e-03	7.946876e+00	6.199789e+01	4.032368e-05	
4.304198e-01	3.539515e+02	2.867220e-05	1.592300e-02	4.528594e-02	1.334422e+00	1.330587e+00	2.194943e+02	1.014374e+01	3.052410e-01	6.750300e-05	9.937577e+02	6.855510e-01	9.858200e-05	6.956094e-05	1.036390e-03	3.848615e+00	6.365497e+01	4.996689e-05	
4.304198e-01	5.251650e+02	3.491189e-05	2.085761e-02	4.113634e-02	1.757012e+00	1.342843e+00	2.388485e+02	1.012214e+01	3.078007e-01	3.678490e-05	9.942587e+02	6.161407e-01	2.069641e-04	6.645101e-05	9.260260e-04	1.260116e+00	1.604561e+02	4.753343e-05	
4.304198e-01	3.987144e+02	2.628665e-05	2.088455e-02	4.723874e-02	1.720036e+00	1.324476e+00	2.719990e+02	1.015121e+01	3.160218e-01	5.426780e-05	9.951881e+02	6.179174e-01	2.977039e-04	7.790463e-05	1.049469e-03	8.523874e+00	5.396435e+01	5.523068e-05	
4.304198e-01	6.017607e+02	2.086749e-05	1.380769e-02	4.549655e-02	1.101655e+00	1.319406e+00	3.343845e+02	1.010335e+01	3.089582e-01	4.252755e-05	9.982252e+02	6.210088e-01	1.628471e-04	6.575578e-05	9.473552e-04	2.162273e+00	4.763995e+01	4.627260e-05	
4.304199e-01	6.716969e+02	2.450945e-05	2.497559e-02	5.093063e-02	2.047897e+00	1.319428e+00	2.321273e+02	1.015667e+01	3.102766e-01	1.024961e-04	9.911560e+02	7.694439e-01	1.030838e-04	4.131285e-05	1.107838e-03	2.463747e+00	7.572423e+01	2.883585e-05	
4.304199e-01	5.026665e+02	2.332454e-05	1.828916e-02	4.524891e-02	1.531639e+00	1.334353e+00	3.101816e+02	1.017161e+01	3.034117e-01	5.916843e-05	9.939869e+02	2.903863e-01	1.608963e-04	1.377914e-04	1.020430e-03	1.841541e+00	7.948332e+01	9.918382e-05	
4.304199e-01	6.339251e+02	2.446054e-05	1.316354e-02	4.322720e-02	1.073448e+00	1.320003e+00	3.196973e+02	1.011842e+01	3.094928e-01	5.843839e-05	9.969951e+02	4.039247e-01	1.701240e-04	5.450289e-05	9.989104e-04	8.094219e+00	4.284029e+01	3.923604e-05	
4.304199e-01	5.196810e+02	2.694673e-05	1.728801e-02	4.264098e-02	1.437993e+00	1.335744e+00	3.139977e+02	1.009017e+01	3.091199e-01	9.221228e-05	9.940225e+02	4.777012e-01	1.892238e-04	5.148875e-05	1.000903e-03	2.260117e+00	1.089845e+02	3.738518e-05	
4.304199e-01	5.645826e+02	1.937686e-05	1.662056e-02	4.968852e-02	1.304563e+00	1.293983e+00	5.741068e+02	1.022269e+01	3.010525e-01	3.548347e-05	9.945982e+02	2.797270e-01	9.975599e-05	6.421515e-05	1.085383e-03	3.189560e+00	3.172300e+01	4.562637e-05	
4.304200e-01	4.102912e+02	2.421790e-05	1.467325e-02	4.313851e-02	1.220974e+00	1.331666e+00	5.570998e+02	1.021994e+01	3.067683e-01	2.935286e-05	9.975480e+02	4.943466e-01	2.272939e-04	6.004465e-05	9.469226e-04	4.806072e+00	4.806273e+01	4.282222e-05	
4.304200e-01	5.675339e+02	2.534126e-05	1.326468e-02	4.581649e-02	1.063473e+00	1.324153e+00	3.406621e+02	1.015516e+01	3.077676e-01	4.337026e-05	9.941215e+02	4.190843e-01	1.642453e-04	6.853869e-05	9.420806e-04	2.060133e+00	5.359763e+01	4.766495e-05	
4.304201e-01	6.282884e+02	3.264602e-05	1.695703e-02	4.465039e-02	1.412998e+00	1.340988e+00	2.694481e+02	1.014651e+01	3.044549e-01	1.336517e-04	9.939672e+02	4.589996e-01	2.450522e-04	4.036543e-05	9.730394e-04	6.464095e+00	1.062805e+02	2.861776e-05	
4.304202e-01	6.354456e+02	2.449034e-05	1.137602e-02	4.629889e-02	9.174384e-01	1.328960e+00	2.627201e+02	1.013491e+01	3.065033e-01	1.014152e-04	9.953012e+02	2.324562e-01	1.045562e-04	8.736696e-05	9.966130e-04	1.187136e+00	1.261814e+02	6.148392e-05	
4.304202e-01	4.547552e+02	2.150679e-05	1.615244e-02	4.234353e-02	1.379075e+00	1.357904e+00	3.806373e+02	1.008666e+01	3.100979e-01	5.645693e-05	9.962867e+02	4.867365e-01	3.210385e-04	9.428732e-05	9.355254e-04	3.421857e+00	3.913165e+01	6.752846e-05	
4.304202e-01	4.254769e+02	3.020634e-05	1.577066e-02	4.387813e-02	1.364767e+00	1.369699e+00	2.690050e+02	1.008704e+01	3.114541e-01	7.244793e-05	9.940193e+02	1.073144e+00	3.746601e-04	4.771308e-05	1.004326e-03	1.175592e+01	6.243780e+01	3.394084e-05	
4.304204e-01	3.410629e+02	2.353364e-05	1.486205e-02	4.861160e-02	1.237339e+00	1.328398e+00	3.806838e+02	1.014954e+01	3.055996e-01	5.623235e-05	9.940610e+02	5.733526e-01	1.822199e-04	5.461179e-05	1.131316e-03	7.636451e+00	4.643667e+01	3.935182e-05	
4.304204e-01	4.779914e+02	2.460566e-05	2.528434e-02	4.495087e-02	2.093398e+00	1.333682e+00	2.929106e+02	1.011445e+01	3.060736e-01	7.958928e-05	9.956568e+02	4.823568e-01	1.408943e-04	5.441844e-05	1.030441e-03	4.120815e+00	7.207470e+01	3.893640e-05	
4.304205e-01	4.794243e+02	2.903896e-05	1.682801e-02	4.942077e-02	1.371515e+00	1.321483e+00	2.779751e+02	1.014984e+01	3.086048e-01	4.210827e-05	9.956984e+02	4.121500e-01	8.221540e-05	8.897559e-05	1.157749e-03	6.608085e+00	4.360746e+01	6.370689e-05	
4.304206e-01	6.930119e+02	2.102591e-05	1.149571e-02	4.862256e-02	9.514875e-01	1.334503e+00	4.258240e+02	1.018326e+01	3.111595e-01	2.398261e-05	9.958863e+02	4.486405e-01	1.552618e-04	4.674819e-05	1.107451e-03	5.251033e+00	4.521125e+01	3.342712e-05	
4.304206e-01	8.384783e+02	2.662893e-05	2.373023e-02	4.610607e-02	1.932473e+00	1.308358e+00	2.865574e+02	1.019034e+01	3.034073e-01	3.257059e-05	9.932897e+02	3.540749e-01	2.150407e-04	7.710053e-05	1.008071e-03	1.580778e+00	6.528669e+01	5.486288e-05	
4.304207e-01	7.201087e+02	2.445009e-05	1.514877e-02	4.801170e-02	1.266894e+00	1.337198e+00	2.610550e+02	1.013274e+01	3.141295e-01	2.562061e-05	9.923042e+02	2.923590e-01	7.148708e-05	5.159602e-05	1.142608e-03	3.895956e+00	5.380046e+01	3.704039e-05	
4.304207e-01	5.220980e+02	2.424447e-05	1.052635e-02	5.103156e-02	8.492556e-01	1.321064e+00	3.335906e+02	1.021056e+01	3.058750e-01	2.088625e-05	9.964432e+02	2.371511e-01	8.430227e-05	5.951727e-05	1.188291e-03	1.239692e+01	1.540095e+01	4.243492e-05	
4.304209e-01	4.826021e+02	2.414810e-05	2.648442e-02	4.350787e-02	2.200594e+00	1.329346e+00	2.628278e+02	1.002860e+01	3.106952e-01	6.777608e-05	9.959268e+02	7.500777e-01	2.262435e-04	6.969577e-05	9.470374e-04	1.759063e+00	9.242382e+01	4.980930e-05	
4.304209e-01	5.687964e+02	2.767599e-05	1.059271e-02	4.478361e-02	8.588733e-01	1.316525e+00	4.093578e+02	1.013331e+01	3.113365e-01	3.947874e-05	9.956024e+02	3.052689e-01	1.856503e-04	5.424289e-05	9.722564e-04	4.062005e+00	5.842498e+01	3.899656e-05	
4.304210e-01	4.298637e+02	2.565534e-05	1.077373e-02	4.461246e-02	8.695084e-01	1.332687e+00	3.974552e+02	1.008694e+01	3.127754e-01	3.690541e-05	9.943652e+02	5.229186e-01	1.809286e-04	6.692941e-05	9.585667e-04	2.884584e+00	4.724920e+01	4.692502e-05	
4.304210e-01	8.575150e+02	2.630329e-05	2.437981e-02	4.727626e-02	2.005377e+00	1.327937e+00	3.639232e+02	1.017015e+01	3.140270e-01	4.076385e-05	9.918820e+02	4.187997e-01	2.467449e-04	7.528517e-05	1.048004e-03	3.080757e+00	4.298653e+01	5.322049e-05	
4.304211e-01	3.604698e+02	2.080456e-05	1.654570e-02	4.701230e-02	1.419745e+00	1.355299e+00	3.026015e+02	1.009322e+01	3.077572e-01	5.502475e-05	9.952584e+02	8.351698e-01	3.293554e-04	1.068714e-04	1.073447e-03	2.808881e+00	2.934999e+01	7.571428e-05	
4.304212e-01	5.566537e+02	2.539576e-05	1.378332e-02	4.673969e-02	1.124412e+00	1.319257e+00	5.191586e+02	1.007147e+01	3.149907e-01	5.886266e-05	9.914689e+02	3.331673e-01	1.078989e-04	3.061652e-05	9.650874e-04	6.159776e+00	1.361021e+02	2.143805e-05	
4.304213e-01	5.777584e+02	2.764488e-05	1.209793e-02	4.632038e-02	1.033194e+00	1.355430e+00	3.294689e+02	1.021443e+01	3.044510e-01	5.658510e-05	9.961555e+02	6.410260e-01	3.200935e-04	4.181832e-05	1.101306e-03	5.455674e+00	7.829347e+01	3.016281e-05	
4.304214e-01	5.269466e+02	2.730917e-05	1.727381e-02	4.263120e-02	1.475397e+00	1.362407e+00	1.919907e+02	1.014220e+01	3.127618e-01	1.049206e-04	9.920339e+02	7.421913e-01	2.281420e-04	5.107348e-05	9.853953e-04	2.702014e+00	1.204036e+02	3.641922e-05	
4.304215e-01	3.580395e+02	2.151183e-05	1.853649e-02	4.216983e-02	1.508706e+00	1.329514e+00	4.537553e+02	1.007772e+01	3.135395e-01	3.264604e-05	9.980418e+02	3.916809e-01	1.954784e-04	1.081777e-04	9.281374e-04	3.562380e+00	2.256614e+01	7.743333e-05	
4.304216e-01	6.805051e+02	2.444196e-05	1.812048e-02	4.505813e-02	1.500233e+00	1.331763e+00	4.310692e+02	1.015947e+01	2.985850e-01	1.175851e-04	9.932874e+02	3.233064e-01	2.364913e-04	7.656910e-05	9.862377e-04	3.709748e+00	9.563398e+01	5.440686e-05	
4.304216e-01	6.608301e+02	2.679624e-05	1.732586e-02	4.831966e-02	1.373298e+00	1.299282e+00	3.097548e+02	1.014697e+01	3.054833e-01	8.252838e-05	9.971316e+02	3.490211e-01	4.807772e-05	5.618432e-05	1.089558e-03	2.139242e+00	8.156953e+01	3.998955e-05	
4.304218e-01	5.534779e+02	2.936760e-05	1.911695e-02	4.011374e-02	1.682506e+00	1.378544e+00	3.621095e+02	1.006482e+01	3.128480e-01	5.586215e-05	9.926968e+02	4.087580e-01	1.486102e-04	5.158639e-05	9.253985e-04	2.278363e+00	1.240901e+02	3.699643e-05	
4.304218e-01	7.230899e+02	2.529826e-05	2.696678e-02	4.163070e-02	2.232397e+00	1.325232e+00	2.334189e+02	1.018487e+01	3.006165e-01	1.010299e-04	9.957114e+02	3.621789e-01	1.665846e-04	9.915329e-05	9.057223e-04	1.116876e+00	7.737241e+01	7.104987e-05	
4.304221e-01	4.879978e+02	2.368574e-05	1.801080e-02	4.335626e-02	1.515092e+00	1.335019e+00	3.526846e+02	1.012148e+01	3.077226e-01	4.445990e-05	9.951282e+02	4.056157e-01	1.198414e-04	8.333800e-05	9.809065e-04	6.017822e-01	8.430058e+01	5.950870e-05	
4.304221e-01	4.207828e+02	2.461505e-05	2.348251e-02	4.392526e-02	1.946858e+00	1.317949e+00	3.602573e+02	1.008112e+01	3.085566e-01	5.177084e-05	9.951484e+02	4.935845e-01	1.750169e-04	1.320978e-04	9.793700e-04	1.761181e+00	8.010346e+01	9.517873e-05	
4.304222e-01	4.010149e+02	2.448780e-05	2.218584e-02	4.319479e-02	1.841837e+00	1.337993e+00	2.754741e+02	1.008266e+01	3.113218e-01	6.876076e-05	9.949242e+02	4.052737e-01	1.767285e-04	8.231697e-05	9.882202e-04	3.503936e+00	7.108757e+01	5.878227e-05	
4.304222e-01	6.083770e+02	2.167774e-05	1.341380e-02	4.597002e-02	1.086187e+00	1.307712e+00	3.760387e+02	1.018225e+01	3.030809e-01	2.999649e-05	9.977125e+02	2.138110e-01	8.732150e-05	7.603184e-05	1.014538e-03	1.926256e+00	5.997355e+01	5.403637e-05	
4.304224e-01	6.117831e+02	2.272185e-05	1.668806e-02	4.890522e-02	1.374795e+00	1.326263e+00	2.123972e+02	1.018806e+01	2.985350e-01	8.229228e-05	9.916515e+02	4.080960e-01	2.953884e-04	7.461733e-05	1.095901e-03	3.901829e+00	2.300247e+01	5.262315e-05	
4.304224e-01	4.610883e+02	2.487642e-05	1.887518e-02	4.589543e-02	1.537780e+00	1.329103e+00	2.915126e+02	1.011534e+01	3.115196e-01	6.868948e-05	9.918601e+02	2.383272e-01	1.762264e-04	7.627659e-05	9.769990e-04	2.924976e+00	4.584049e+01	5.380485e-05	
4.304225e-01	4.284382e+02	2.825445e-05	1.789080e-02	4.357378e-02	1.427915e+00	1.313359e+00	4.404441e+02	1.010559e+01	3.080179e-01	4.410987e-05	9.979484e+02	4.177848e-01	8.685692e-05	6.113959e-05	8.801555e-04	1.467800e+00	6.547940e+01	4.310889e-05	
4.304227e-01	4.484083e+02	2.926546e-05	2.835357e-02	4.594055e-02	2.296878e+00	1.313396e+00	2.742258e+02	1.010048e+01	3.122602e-01	7.822488e-05	9.913726e+02	9.035864e-01	2.951094e-04	6.045908e-05	9.436582e-04	2.363423e+00	6.994035e+01	4.240619e-05	
4.304227e-01	3.995780e+02	2.448104e-05	1.487289e-02	4.259005e-02	1.177290e+00	1.304244e+00	3.615987e+02	1.007967e+01	3.079263e-01	4.675816e-05	9.986013e+02	2.826061e-01	8.674502e-05	7.334132e-05	9.033460e-04	1.164972e+00	1.170855e+02	5.269021e-05	
4.304227e-01	5.224175e+02	2.120491e-05	2.141459e-02	4.408072e-02	1.757831e+00	1.332355e+00	2.405675e+02	1.015242e+01	3.049982e-01	5.213624e-05	9.921760e+02	6.834402e-01	1.484102e-04	8.733236e-05	9.994126e-04	1.321647e+00	8.372438e+01	6.215776e-05	
4.304228e-01	4.851111e+02	2.526770e-05	2.432547e-02	4.550079e-02	2.100196e+00	1.361167e+00	1.870468e+02	1.010555e+01	3.120638e-01	1.556129e-04	9.956027e+02	6.163649e-01	3.719358e-04	7.708586e-05	1.013988e-03	1.821957e+00	4.436684e+01	5.408843e-05	
4.304230e-01	6.181271e+02	2.053150e-05	1.779082e-02	4.616095e-02	1.504522e+00	1.341558e+00	3.332776e+02	1.014827e+01	3.112947e-01	6.283974e-05	9.926095e+02	2.875731e-01	2.508164e-04	6.276780e-05	1.055020e-03	7.962781e+00	3.267506e+01	4.444445e-05	
4.304232e-01	3.985845e+02	2.700112e-05	2.039656e-02	4.665349e-02	1.685757e+00	1.317416e+00	2.593682e+02	1.011977e+01	3.111678e-01	5.822041e-05	9.975994e+02	4.896170e-01	1.346589e-04	7.092218e-05	1.020991e-03	3.405722e+00	4.538197e+01	5.050190e-05	
4.304233e-01	4.923627e+02	2.574998e-05	1.420749e-02	4.425781e-02	1.194822e+00	1.346996e+00	2.676531e+02	1.010836e+01	3.058986e-01	9.527969e-05	9.928212e+02	3.379667e-01	1.242737e-04	5.788451e-05	1.017114e-03	3.986143e+00	9.220899e+01	4.175590e-05	
4.304234e-01	5.793096e+02	2.488359e-05	2.165646e-02	4.781330e-02	1.785889e+00	1.324562e+00	2.427436e+02	1.022364e+01	3.058273e-01	4.224738e-05	9.938073e+02	3.485988e-01	1.193730e-04	6.622480e-05	1.105900e-03	4.719936e+00	3.839314e+01	4.701996e-05	
4.304234e-01	3.650847e+02	2.560129e-05	3.665102e-02	4.302128e-02	3.092485e+00	1.334416e+00	1.936376e+02	1.007488e+01	3.071463e-01	1.043514e-04	9.954929e+02	6.875899e-01	4.838645e-04	7.477981e-05	9.585282e-04	2.508482e+00	5.358862e+01	5.363544e-05	
4.304235e-01	5.861405e+02	2.803094e-05	2.013472e-02	4.685545e-02	1.657732e+00	1.331009e+00	2.300986e+02	1.017701e+01	3.052221e-01	1.234814e-04	9.944078e+02	4.516192e-01	2.085876e-04	5.627216e-05	1.048530e-03	4.054829e+00	6.387663e+01	3.957337e-05	
4.304235e-01	4.480801e+02	2.474200e-05	2.248028e-02	4.979377e-02	1.894889e+00	1.334268e+00	2.733788e+02	1.020978e+01	2.992182e-01	9.519339e-05	9.972807e+02	3.178703e-01	8.391590e-05	6.098066e-05	1.209662e-03	2.808447e+00	5.800032e+01	4.374641e-05	
4.304236e-01	5.870296e+02	3.213747e-05	2.045890e-02	4.296410e-02	1.724498e+00	1.339183e+00	2.061636e+02	1.012352e+01	3.052611e-01	1.156678e-04	9.934931e+02	3.573494e-01	1.660046e-04	8.112789e-05	9.343606e-04	2.731699e+00	1.069965e+02	5.767331e-05	
4.304236e-01	3.562000e+02	2.678866e-05	2.165251e-02	4.446273e-02	1.860042e+00	1.350148e+00	2.218151e+02	1.016813e+01	3.011307e-01	1.259902e-04	9.929746e+02	5.744820e-01	3.436717e-04	4.500808e-05	1.042978e-03	4.794706e+00	7.967118e+01	3.230332e-05	
4.304236e-01	6.109827e+02	2.508879e-05	2.590255e-02	4.360401e-02	2.176921e+00	1.330345e+00	2.350846e+02	1.014592e+01	3.061875e-01	7.590793e-05	9.958987e+02	5.165966e-01	1.646490e-04	8.885524e-05	1.004249e-03	1.533872e+00	1.073129e+02	6.473363e-05	
4.304238e-01	6.696217e+02	2.793439e-05	1.672369e-02	4.012734e-02	1.454519e+00	1.365219e+00	3.455932e+02	1.019830e+01	3.012276e-01	1.304154e-04	9.958774e+02	5.493146e-01	3.372647e-04	6.630433e-05	9.776426e-04	2.160278e+00	1.245170e+02	4.833345e-05	
4.304239e-01	6.943505e+02	2.942198e-05	2.322415e-02	4.656896e-02	1.935774e+00	1.334569e+00	2.090019e+02	1.015132e+01	3.095025e-01	3.213876e-05	9.906320e+02	4.503488e-01	2.340206e-04	6.701574e-05	9.897777e-04	2.050426e+00	5.763326e+01	4.679995e-05	
4.304239e-01	4.965352e+02	2.310326e-05	2.000109e-02	4.571739e-02	1.676450e+00	1.326183e+00	2.893500e+02	1.021466e+01	3.071683e-01	4.233662e-05	9.959941e+02	5.460350e-01	1.058355e-04	9.866594e-05	1.056178e-03	1.680164e+00	3.598029e+01	7.091400e-05	
4.304240e-01	5.965196e+02	1.942796e-05	1.270559e-02	4.790083e-02	1.022380e+00	1.314240e+00	4.758476e+02	1.022267e+01	3.009937e-01	6.465924e-05	9.952535e+02	2.018001e-01	9.626635e-05	8.417604e-05	1.083381e-03	3.798242e+00	5.031413e+01	6.052582e-05	
4.304241e-01	4.705976e+02	3.035883e-05	1.592600e-02	4.185264e-02	1.341599e+00	1.350913e+00	3.760503e+02	1.006073e+01	3.151960e-01	4.954749e-05	9.910938e+02	4.006333e-01	8.189189e-05	4.596625e-05	9.650063e-04	5.688952e+00	1.420372e+02	3.315616e-05	
4.304245e-01	5.982136e+02	2.316093e-05	1.851863e-02	4.773442e-02	1.534501e+00	1.327949e+00	2.743414e+02	1.002629e+01	3.118541e-01	1.050119e-04	9.984018e+02	2.888200e-01	2.101240e-04	6.303319e-05	1.023595e-03	4.244473e+00	5.476738e+01	4.426555e-05	
4.304245e-01	4.098666e+02	2.741314e-05	2.128386e-02	4.183909e-02	1.799986e+00	1.346085e+00	3.133667e+02	1.006688e+01	3.125087e-01	1.203010e-04	9.952891e+02	3.668504e-01	3.177800e-04	6.045598e-05	9.878588e-04	4.326447e+00	7.716377e+01	4.383594e-05	
4.304246e-01	3.684143e+02	2.644775e-05	2.411073e-02	4.096934e-02	1.997457e+00	1.339959e+00	2.339566e+02	1.008214e+01	3.072861e-01	1.030112e-04	9.967507e+02	1.117002e+00	2.541834e-04	5.898806e-05	8.382203e-04	9.193380e-01	1.245345e+02	4.155144e-05	
4.304246e-01	8.265827e+02	2.362020e-05	1.958407e-02	4.903060e-02	1.553685e+00	1.291945e+00	3.185938e+02	1.011363e+01	3.031660e-01	8.368332e-05	9.966319e+02	2.674920e-01	1.374578e-04	9.578170e-05	1.028499e-03	1.993134e+00	2.193277e+01	6.764757e-05	
4.304246e-01	3.677782e+02	2.660534e-05	1.827544e-02	4.522326e-02	1.512464e+00	1.341117e+00	2.488026e+02	1.008167e+01	3.139591e-01	8.333367e-05	9.920533e+02	5.030622e-01	4.050660e-04	8.909477e-05	1.021820e-03	5.498348e+00	4.913229e+01	6.299949e-05	
4.304248e-01	8.074329e+02	2.595623e-05	2.044234e-02	4.324037e-02	1.655825e+00	1.324697e+00	2.197840e+02	1.017874e+01	3.059555e-01	6.472830e-05	9.966789e+02	3.335506e-01	1.017732e-04	8.326227e-05	9.417799e-04	6.273428e-01	1.368133e+02	5.926574e-05	
4.304249e-01	4.541231e+02	2.675684e-05	1.943159e-02	4.169071e-02	1.615646e+00	1.328006e+00	2.962314e+02	1.009662e+01	3.109154e-01	8.918288e-05	9.929564e+02	2.600106e-01	1.649956e-04	6.477602e-05	8.998232e-04	1.983826e+00	8.793816e+01	4.609911e-05	
4.304254e-01	4.305244e+02	2.883846e-05	2.603754e-02	4.390750e-02	2.226742e+00	1.345449e+00	3.613674e+02	1.011039e+01	3.051010e-01	7.038007e-05	9.948914e+02	6.865776e-01	1.223014e-04	9.817514e-05	9.838357e-04	4.351900e+00	8.666477e+01	7.008010e-05	
4.304255e-01	4.957150e+02	3.207679e-05	1.668713e-02	3.794401e-02	1.432926e+00	1.360951e+00	2.854094e+02	1.012509e+01	3.141148e-01	5.361801e-05	9.968324e+02	1.292025e+00	2.888115e-04	4.523723e-05	8.694588e-04	3.994400e+00	9.901590e+01	3.259949e-05	
4.304255e-01	4.173455e+02	2.625995e-05	1.575015e-02	4.709916e-02	1.348638e+00	1.347989e+00	2.272581e+02	1.019930e+01	2.981488e-01	1.255218e-04	9.941828e+02	6.138575e-01	3.196939e-04	5.657523e-05	1.153413e-03	3.574275e+00	1.058554e+02	4.102204e-05	
4.304256e-01	4.616903e+02	2.564467e-05	1.428923e-02	4.801795e-02	1.128673e+00	1.304879e+00	4.056916e+02	1.005635e+01	3.182313e-01	3.325875e-05	9.980683e+02	4.174226e-01	1.384003e-04	5.349678e-05	9.952660e-04	3.642404e+00	5.938809e+01	3.770229e-05	
4.304257e-01	4.058178e+02	2.675366e-05	1.623995e-02	4.883594e-02	1.359230e+00	1.343046e+00	3.818223e+02	1.008853e+01	3.170755e-01	7.862766e-05	9.934296e+02	1.942738e-01	1.593579e-04	5.507516e-05	1.067484e-03	6.776999e+00	6.714768e+01	3.866028e-05	
4.304258e-01	5.438017e+02	3.191931e-05	2.185034e-02	4.307344e-02	1.905416e+00	1.372862e+00	2.221611e+02	1.010684e+01	3.092001e-01	1.251521e-04	9.901354e+02	7.012103e-01	3.302278e-04	4.738525e-05	9.963466e-04	3.688177e+00	1.837291e+02	3.380486e-05	
4.304258e-01	3.829946e+02	2.388904e-05	2.024811e-02	4.256689e-02	1.718475e+00	1.345649e+00	1.821791e+02	1.012570e+01	3.016214e-01	1.498275e-04	9.968795e+02	8.831590e-01	2.540168e-04	6.063103e-05	1.036973e-03	3.268773e+00	4.583274e+01	4.410726e-05	
4.304259e-01	4.435368e+02	2.512186e-05	1.993245e-02	4.427769e-02	1.671425e+00	1.327213e+00	2.861295e+02	1.013375e+01	3.107027e-01	1.090525e-04	9.939646e+02	4.062288e-01	3.070421e-04	7.986007e-05	1.027995e-03	3.416834e+00	5.871740e+01	5.788464e-05	
4.304259e-01	5.553464e+02	2.665169e-05	1.306723e-02	4.650259e-02	1.059004e+00	1.327425e+00	2.943580e+02	1.012338e+01	3.078175e-01	7.773738e-05	9.950133e+02	4.244003e-01	3.271730e-04	4.745648e-05	1.067014e-03	3.339769e+00	4.426928e+01	3.392811e-05	
4.304262e-01	5.288744e+02	2.580483e-05	2.711452e-02	4.565324e-02	2.234314e+00	1.325541e+00	2.880423e+02	1.005881e+01	3.093867e-01	6.232490e-05	9.944496e+02	6.596082e-01	1.551525e-04	7.340367e-05	9.307448e-04	9.127245e-01	1.663651e+02	5.112051e-05	
4.304262e-01	3.151265e+02	2.611851e-05	1.771614e-02	4.790762e-02	1.423466e+00	1.313211e+00	3.167517e+02	1.007214e+01	3.097689e-01	3.088685e-05	9.938476e+02	5.004592e-01	2.463077e-04	4.560244e-05	1.012736e-03	5.375378e+00	3.601757e+01	3.177715e-05	
4.304263e-01	3.092234e+02	3.000279e-05	2.207604e-02	4.193760e-02	1.797115e+00	1.311344e+00	3.164222e+02	1.002815e+01	3.161637e-01	6.239167e-05	9.956450e+02	4.316097e-01	1.453045e-04	6.012848e-05	9.191817e-04	3.276804e+00	1.298632e+02	4.328487e-05	
4.304264e-01	6.456551e+02	2.858819e-05	2.608219e-02	4.311842e-02	2.238583e+00	1.345839e+00	2.959500e+02	1.014127e+01	3.118010e-01	2.482086e-05	9.941563e+02	3.168924e-01	2.318748e-04	7.677425e-05	9.771478e-04	3.768245e+00	5.386713e+01	5.516999e-05	
4.304264e-01	8.441379e+02	2.501872e-05	1.564873e-02	4.670813e-02	1.279705e+00	1.328810e+00	3.163656e+02	1.009133e+01	3.086596e-01	5.651542e-05	9.945660e+02	1.975092e-01	7.005744e-05	6.667929e-05	1.061575e-03	6.206546e+00	4.643657e+01	4.783757e-05	
4.304267e-01	4.928738e+02	2.791952e-05	1.959746e-02	4.483314e-02	1.674067e+00	1.346621e+00	2.811231e+02	1.008334e+01	3.122079e-01	4.689550e-05	9.995839e+02	4.329221e-01	1.905592e-04	8.210071e-05	1.074676e-03	3.480501e+00	5.751992e+01	5.910681e-05	
4.304267e-01	3.125982e+02	2.385444e-05	2.304110e-02	4.472272e-02	1.959359e+00	1.344918e+00	2.439073e+02	1.012352e+01	3.039495e-01	7.007882e-05	9.933444e+02	6.517170e-01	2.389297e-04	7.124222e-05	9.893043e-04	1.966171e+00	6.482044e+01	5.029313e-05	
4.304269e-01	4.883198e+02	2.845362e-05	1.851575e-02	4.345388e-02	1.488166e+00	1.312649e+00	4.028498e+02	1.014357e+01	3.149112e-01	6.292184e-05	9.900571e+02	7.095181e-01	2.678616e-04	4.615876e-05	9.241307e-04	3.042767e+00	2.040548e+02	3.285424e-05	
4.304272e-01	4.670738e+02	2.770477e-05	1.695850e-02	4.450130e-02	1.388341e+00	1.327840e+00	2.647576e+02	1.005001e+01	3.156847e-01	7.308128e-05	9.947301e+02	5.015049e-01	2.655664e-04	5.487789e-05	9.308429e-04	6.071757e+00	5.097090e+01	3.821639e-05	
4.304275e-01	4.425252e+02	2.839579e-05	2.309420e-02	4.746148e-02	1.868199e+00	1.317790e+00	3.052206e+02	1.002734e+01	3.194099e-01	9.508890e-05	9.933954e+02	4.859711e-01	5.290572e-04	5.130228e-05	9.790412e-04	8.691735e+00	3.464556e+01	3.585978e-05	
4.304281e-01	5.188088e+02	3.034312e-05	2.924764e-02	4.328113e-02	2.362388e+00	1.308920e+00	3.015778e+02	1.008686e+01	3.087869e-01	4.353095e-05	9.950294e+02	7.108685e-01	1.193156e-04	4.966370e-05	8.862377e-04	1.547009e+00	1.482288e+02	3.487369e-05	
4.304281e-01	4.797203e+02	2.555204e-05	2.515340e-02	4.224743e-02	2.103259e+00	1.338469e+00	1.713055e+02	1.020931e+01	2.997662e-01	8.209778e-05	9.937369e+02	3.898024e-01	1.581502e-04	1.280170e-04	9.636685e-04	1.758820e+00	5.686310e+01	9.244636e-05	
4.304282e-01	5.942177e+02	3.023595e-05	1.964526e-02	4.328044e-02	1.700619e+00	1.364761e+00	3.114376e+02	1.006853e+01	3.168876e-01	9.706008e-05	9.909504e+02	6.057033e-01	3.388963e-04	7.487209e-05	9.884737e-04	5.758773e+00	1.298486e+02	5.337537e-05	
4.304285e-01	3.993060e+02	2.547699e-05	1.809606e-02	4.534968e-02	1.557687e+00	1.354808e+00	2.554938e+02	1.012543e+01	3.106172e-01	8.891301e-05	9.936810e+02	4.095526e-01	2.315427e-04	5.553442e-05	1.028839e-03	5.289846e+00	1.158165e+02	3.924001e-05	
4.304286e-01	4.144435e+02	2.971739e-05	2.224965e-02	4.394540e-02	1.857343e+00	1.333941e+00	2.879115e+02	1.000159e+01	3.142275e-01	8.541610e-05	9.939611e+02	5.052635e-01	6.752013e-05	1.141208e-04	9.410386e-04	2.088595e+00	6.145704e+01	8.113063e-05	
4.304290e-01	5.568264e+02	2.695678e-05	3.104255e-02	3.716449e-02	2.698122e+00	1.372084e+00	2.623803e+02	1.004933e+01	3.168259e-01	6.145673e-05	9.944153e+02	5.079833e-01	3.543825e-04	9.555097e-05	8.211748e-04	7.955399e-01	1.578425e+02	6.810333e-05	
4.304291e-01	3.597916e+02	2.030887e-05	3.003671e-02	4.962557e-02	2.475760e+00	1.310818e+00	2.885298e+02	1.009943e+01	3.090708e-01	1.096677e-04	9.943597e+02	2.452229e-01	2.128704e-04	9.647676e-05	1.073800e-03	4.003777e+00	4.493531e+01	6.804998e-05	
4.304294e-01	5.165287e+02	2.460559e-05	1.624643e-02	4.467183e-02	1.267459e+00	1.287740e+00	3.565913e+02	1.009267e+01	3.052242e-01	3.576060e-05	9.944706e+02	1.941907e-01	9.371263e-05	8.111569e-05	9.839329e-04	2.708945e+00	5.558321e+01	5.849840e-05	
4.304298e-01	3.843659e+02	3.204313e-05	3.213880e-02	4.200526e-02	2.651585e+00	1.323208e+00	3.678410e+02	1.013567e+01	3.058654e-01	1.177342e-04	9.934817e+02	4.702160e-01	1.455795e-04	8.702251e-05	8.842380e-04	1.501582e+00	7.631870e+01	6.150105e-05	
4.304303e-01	3.143054e+02	2.829714e-05	1.969047e-02	3.859790e-02	1.706198e+00	1.358338e+00	3.656681e+02	1.013811e+01	3.119141e-01	7.294570e-05	9.978201e+02	9.049496e-01	2.394633e-04	4.795314e-05	8.919507e-04	2.570723e+00	1.451848e+02	3.501487e-05	
4.304309e-01	8.560145e+02	2.554712e-05	1.807238e-02	5.255347e-02	1.489733e+00	1.313848e+00	2.554961e+02	1.015089e+01	3.080945e-01	9.370666e-05	9.910984e+02	4.269507e-01	2.022822e-04	6.495771e-05	1.211261e-03	1.178036e+01	3.118375e+01	4.636607e-05	
4.304312e-01	4.048713e+02	2.269736e-05	1.993213e-02	4.364044e-02	1.589532e+00	1.312677e+00	3.284735e+02	1.010934e+01	3.041016e-01	1.298773e-04	9.921493e+02	7.653994e-01	3.620784e-04	5.097382e-05	9.280554e-04	7.185070e+00	9.018070e+01	3.600445e-05	
4.304316e-01	5.040271e+02	2.953774e-05	1.294799e-02	4.250215e-02	1.069559e+00	1.340122e+00	4.153009e+02	1.010557e+01	3.118210e-01	1.134875e-04	9.970061e+02	2.712301e-01	1.089635e-04	3.345997e-05	1.004098e-03	4.130883e+00	1.183719e+02	2.407938e-05	
4.304316e-01	4.974041e+02	2.329421e-05	1.459472e-02	4.740969e-02	1.203891e+00	1.321110e+00	2.663171e+02	1.021585e+01	3.072612e-01	5.208462e-05	9.899218e+02	3.553431e-01	1.772442e-04	7.601603e-05	1.076097e-03	3.496552e+00	6.036608e+01	5.394795e-05	
4.304318e-01	6.168839e+02	2.871051e-05	1.790301e-02	5.165446e-02	1.486660e+00	1.321285e+00	3.005011e+02	1.025370e+01	3.048795e-01	5.352624e-05	9.967931e+02	3.299032e-01	2.422811e-04	6.796033e-05	1.202278e-03	5.371847e+00	5.003221e+01	4.818546e-05	
4.304324e-01	3.887779e+02	2.587611e-05	2.114643e-02	3.874574e-02	1.703964e+00	1.319137e+00	6.285312e+02	1.014509e+01	3.072053e-01	2.931839e-05	9.952868e+02	6.335314e-01	2.191692e-04	6.928209e-05	8.206974e-04	6.409568e-01	1.548964e+02	4.946051e-05	
4.304328e-01	4.634618e+02	1.995948e-05	1.014118e-02	4.340788e-02	8.174535e-01	1.334728e+00	5.556931e+02	1.007837e+01	3.074702e-01	3.531765e-05	9.916563e+02	4.032225e-01	1.686085e-04	7.083497e-05	9.414596e-04	2.303552e+00	1.115486e+02	4.992872e-05	
4.304334e-01	5.697971e+02	2.882878e-05	2.181583e-02	3.993195e-02	1.829178e+00	1.353544e+00	2.320005e+02	1.014349e+01	3.108515e-01	7.120051e-05	9.944749e+02	8.330864e-01	3.443475e-04	5.397822e-05	8.983547e-04	1.440072e+00	1.179500e+02	3.850918e-05	
4.304351e-01	5.615754e+02	3.026139e-05	2.703350e-02	4.513320e-02	2.240686e+00	1.338699e+00	2.422507e+02	1.014551e+01	3.131302e-01	6.811829e-05	9.935423e+02	5.335832e-01	1.822133e-04	4.978687e-05	1.036410e-03	3.660897e+00	6.790410e+01	3.545475e-05	
4.304359e-01	4.920198e+02	2.855112e-05	1.952366e-02	4.468885e-02	1.617096e+00	1.336845e+00	3.436795e+02	1.011728e+01	3.086590e-01	6.684137e-05	9.968201e+02	5.029833e-01	2.182154e-04	1.009875e-04	1.046297e-03	3.593334e+00	7.247490e+01	7.187504e-05	
4.304395e-01	7.284616e+02	3.086293e-05	2.259509e-02	4.235299e-02	1.875894e+00	1.329635e+00	2.573519e+02	1.013916e+01	3.039920e-01	7.686562e-05	9.935962e+02	5.936015e-01	1.928673e-04	4.855625e-05	9.559093e-04	2.242806e+00	8.903506e+01	3.540088e-05	
4.304506e-01	7.014056e+02	2.579184e-05	1.101991e-02	4.920748e-02	8.903249e-01	1.335992e+00	3.161046e+02	1.015308e+01	3.101193e-01	6.572369e-05	9.939801e+02	3.982122e-01	1.749978e-04	6.625544e-05	1.123809e-03	7.455914e+00	3.379620e+01	4.678562e-05	
