f	phi	x(1)	x(2)	x(3)	x(4)	x(5)	x(6)	x(7)	x(8)	x(9)	x(10)	x(11)	x(12)	x(13)	x(14)	x(15)	x(16)	x(17)	x(18)	g(1)	
3.864046e-01	0.000000e+00	1.005354e-01	2.139310e-01	7.994312e-01	1.014058e+00	9.184278e+00	4.825187e-02	3.895724e-02	3.686599e-01	1.418539e-02	2.016569e-02	8.406622e+00	1.522994e-01	2.544026e-01	8.628242e-01	1.174132e-01	1.612893e-01	1.875043e+00	9.243194e-01	-5.162837e-07	
3.864058e-01	0.000000e+00	1.013169e-01	2.122898e-01	8.020969e-01	1.009220e+00	9.215984e+00	4.848172e-02	3.914535e-02	3.701993e-01	1.427093e-02	2.026761e-02	8.456361e+00	1.525355e-01	2.541854e-01	8.629038e-01	1.176302e-01	1.607682e-01	1.875059e+00	9.289661e-01	-3.912630e-07	
3.864062e-01	0.000000e+00	1.007939e-01	2.138438e-01	8.029193e-01	1.012302e+00	9.226572e+00	4.836543e-02	3.923352e-02	3.694560e-01	1.421157e-02	2.012683e-02	8.423002e+00	1.517436e-01	2.543430e-01	8.637742e-01	1.175815e-01	1.610034e-01	1.871859e+00	9.293722e-01	-3.259838e-07	
3.864065e-01	0.000000e+00	1.009543e-01	2.152199e-01	7.997973e-01	1.012693e+00	9.165439e+00	4.828273e-02	3.920206e-02	3.700860e-01	1.422448e-02	2.020264e-02	8.446806e+00	1.515225e-01	2.535172e-01	8.601690e-01	1.175835e-01	1.598939e-01	1.869258e+00	9.287756e-01	-6.415780e-07	
3.864066e-01	0.000000e+00	1.001856e-01	2.136180e-01	8.009329e-01	1.010182e+00	9.207054e+00	4.845021e-02	3.900192e-02	3.697686e-01	1.423182e-02	2.023618e-02	8.433574e+00	1.524632e-01	2.549876e-01	8.606325e-01	1.175614e-01	1.605882e-01	1.876575e+00	9.295172e-01	-1.069740e-06	
3.864069e-01	0.000000e+00	1.014214e-01	2.129729e-01	8.000461e-01	1.009043e+00	9.194486e+00	4.831389e-02	3.887072e-02	3.689600e-01	1.424761e-02	2.016439e-02	8.417177e+00	1.520064e-01	2.540954e-01	8.620092e-01	1.173101e-01	1.605218e-01	1.873668e+00	9.317838e-01	-1.611063e-06	
3.864070e-01	0.000000e+00	1.011607e-01	2.140033e-01	8.006470e-01	1.018204e+00	9.202110e+00	4.814442e-02	3.913501e-02	3.710231e-01	1.430552e-02	2.011483e-02	8.460893e+00	1.522015e-01	2.544864e-01	8.650408e-01	1.174618e-01	1.604216e-01	1.880248e+00	9.296305e-01	-2.232121e-06	
3.864071e-01	0.000000e+00	1.013173e-01	2.150665e-01	8.010833e-01	1.011490e+00	9.202361e+00	4.826960e-02	3.896287e-02	3.689851e-01	1.420879e-02	2.029384e-02	8.432039e+00	1.526214e-01	2.547650e-01	8.625864e-01	1.176290e-01	1.606341e-01	1.872749e+00	9.323430e-01	-8.585106e-07	
3.864073e-01	0.000000e+00	1.001275e-01	2.143808e-01	8.010727e-01	1.012559e+00	9.194781e+00	4.825342e-02	3.911500e-02	3.701854e-01	1.427382e-02	2.010620e-02	8.438250e+00	1.517379e-01	2.541681e-01	8.619716e-01	1.174063e-01	1.602773e-01	1.876411e+00	9.321786e-01	-3.287829e-09	
3.864076e-01	0.000000e+00	1.013401e-01	2.147115e-01	7.992523e-01	1.017249e+00	9.154280e+00	4.809666e-02	3.917035e-02	3.692275e-01	1.420693e-02	2.023828e-02	8.429671e+00	1.518808e-01	2.544387e-01	8.615661e-01	1.175662e-01	1.605533e-01	1.877967e+00	9.262531e-01	-4.220740e-07	
3.864083e-01	0.000000e+00	9.997738e-02	2.138289e-01	7.991231e-01	1.011285e+00	9.218485e+00	4.849573e-02	3.882595e-02	3.686253e-01	1.420184e-02	2.020747e-02	8.408884e+00	1.524887e-01	2.543249e-01	8.652020e-01	1.176228e-01	1.604788e-01	1.877377e+00	9.318430e-01	-1.565244e-06	
3.864084e-01	0.000000e+00	1.011648e-01	2.133089e-01	8.013609e-01	1.012412e+00	9.201862e+00	4.834952e-02	3.916998e-02	3.697850e-01	1.426388e-02	2.025409e-02	8.449957e+00	1.520866e-01	2.533146e-01	8.643696e-01	1.176560e-01	1.605293e-01	1.873228e+00	9.303637e-01	-1.828454e-06	
3.864084e-01	0.000000e+00	1.004863e-01	2.143190e-01	8.022458e-01	1.011613e+00	9.225762e+00	4.849360e-02	3.929057e-02	3.706024e-01	1.428405e-02	2.014975e-02	8.449843e+00	1.522167e-01	2.552105e-01	8.595421e-01	1.171557e-01	1.611716e-01	1.872153e+00	9.277333e-01	-3.294969e-06	
3.864085e-01	0.000000e+00	1.012652e-01	2.139514e-01	8.013538e-01	1.010782e+00	9.201994e+00	4.829082e-02	3.901449e-02	3.682336e-01	1.418445e-02	2.022521e-02	8.408307e+00	1.516783e-01	2.529245e-01	8.635135e-01	1.180174e-01	1.596397e-01	1.877006e+00	9.330220e-01	-3.230852e-08	
3.864086e-01	0.000000e+00	1.009330e-01	2.148228e-01	8.019815e-01	1.014479e+00	9.213135e+00	4.829770e-02	3.913799e-02	3.695675e-01	1.421893e-02	2.025854e-02	8.438406e+00	1.527190e-01	2.543848e-01	8.649566e-01	1.176911e-01	1.602177e-01	1.878621e+00	9.313541e-01	-2.681696e-06	
3.864087e-01	0.000000e+00	1.006765e-01	2.133967e-01	7.998568e-01	1.011663e+00	9.191668e+00	4.828883e-02	3.891894e-02	3.684533e-01	1.419383e-02	2.025090e-02	8.407063e+00	1.525318e-01	2.538030e-01	8.646538e-01	1.175845e-01	1.605692e-01	1.872106e+00	9.321898e-01	-1.991252e-06	
3.864089e-01	0.000000e+00	1.008726e-01	2.145909e-01	8.019631e-01	1.007901e+00	9.235628e+00	4.850426e-02	3.899313e-02	3.680332e-01	1.417922e-02	2.009875e-02	8.381421e+00	1.519265e-01	2.538372e-01	8.618586e-01	1.172732e-01	1.599804e-01	1.875539e+00	9.319219e-01	-1.615818e-07	
3.864090e-01	0.000000e+00	1.014179e-01	2.137047e-01	7.999535e-01	1.009131e+00	9.198302e+00	4.852978e-02	3.913224e-02	3.697536e-01	1.422967e-02	2.026902e-02	8.443989e+00	1.517277e-01	2.549324e-01	8.612149e-01	1.176387e-01	1.603052e-01	1.880052e+00	9.291786e-01	-1.001098e-07	
3.864090e-01	0.000000e+00	1.010806e-01	2.151888e-01	8.012641e-01	1.008183e+00	9.251954e+00	4.863986e-02	3.895603e-02	3.713097e-01	1.430674e-02	2.023071e-02	8.484388e+00	1.523014e-01	2.550323e-01	8.647580e-01	1.175467e-01	1.608652e-01	1.869892e+00	9.345043e-01	-7.920968e-07	
3.864091e-01	0.000000e+00	1.010025e-01	2.145495e-01	8.031380e-01	1.009178e+00	9.247690e+00	4.863270e-02	3.908368e-02	3.699290e-01	1.425631e-02	2.028252e-02	8.447706e+00	1.529270e-01	2.547461e-01	8.638913e-01	1.174938e-01	1.608848e-01	1.873016e+00	9.327821e-01	-2.527924e-06	
3.864092e-01	0.000000e+00	1.013349e-01	2.139479e-01	8.025670e-01	1.009774e+00	9.242927e+00	4.866703e-02	3.922447e-02	3.699269e-01	1.424912e-02	2.030734e-02	8.458671e+00	1.516123e-01	2.547335e-01	8.631683e-01	1.176072e-01	1.608630e-01	1.871560e+00	9.305980e-01	-4.527237e-07	
3.864093e-01	0.000000e+00	1.007729e-01	2.134963e-01	8.044192e-01	1.016978e+00	9.227992e+00	4.829345e-02	3.946208e-02	3.701763e-01	1.425700e-02	2.019610e-02	8.437097e+00	1.532597e-01	2.546811e-01	8.590766e-01	1.173746e-01	1.609893e-01	1.878529e+00	9.222596e-01	-1.661475e-06	
3.864094e-01	0.000000e+00	1.009839e-01	2.137338e-01	7.995177e-01	1.013355e+00	9.214993e+00	4.842417e-02	3.898585e-02	3.693853e-01	1.424676e-02	2.025336e-02	8.425953e+00	1.533920e-01	2.541837e-01	8.599668e-01	1.177691e-01	1.606918e-01	1.873806e+00	9.281835e-01	-2.510547e-06	
3.864094e-01	0.000000e+00	1.015278e-01	2.148514e-01	8.011610e-01	1.012541e+00	9.234180e+00	4.882957e-02	3.946562e-02	3.704412e-01	1.425575e-02	2.026653e-02	8.459095e+00	1.527312e-01	2.540802e-01	8.561143e-01	1.178900e-01	1.602234e-01	1.877795e+00	9.210443e-01	-1.009726e-06	
3.864096e-01	0.000000e+00	1.004959e-01	2.130250e-01	8.022960e-01	1.011377e+00	9.219873e+00	4.851015e-02	3.926972e-02	3.704932e-01	1.425573e-02	2.026480e-02	8.459240e+00	1.528682e-01	2.533685e-01	8.613671e-01	1.177731e-01	1.596470e-01	1.878392e+00	9.264795e-01	-4.515672e-06	
3.864097e-01	0.000000e+00	1.007188e-01	2.140296e-01	8.009437e-01	1.011520e+00	9.233577e+00	4.869576e-02	3.929486e-02	3.707404e-01	1.427561e-02	2.025985e-02	8.463567e+00	1.533550e-01	2.538898e-01	8.627430e-01	1.178792e-01	1.605530e-01	1.875109e+00	9.283127e-01	-2.090584e-06	
3.864098e-01	0.000000e+00	1.004219e-01	2.147005e-01	7.996622e-01	1.009334e+00	9.226269e+00	4.875335e-02	3.913240e-02	3.706928e-01	1.427363e-02	2.026324e-02	8.460124e+00	1.531666e-01	2.539604e-01	8.594947e-01	1.176937e-01	1.604625e-01	1.869509e+00	9.281757e-01	-2.829549e-06	
3.864098e-01	0.000000e+00	1.004253e-01	2.141117e-01	7.986236e-01	1.012325e+00	9.153912e+00	4.834934e-02	3.923141e-02	3.708885e-01	1.427307e-02	2.032483e-02	8.482294e+00	1.523545e-01	2.548510e-01	8.598193e-01	1.178109e-01	1.609613e-01	1.879743e+00	9.248779e-01	-1.952983e-06	
3.864099e-01	0.000000e+00	1.011446e-01	2.136314e-01	7.992351e-01	1.013888e+00	9.184476e+00	4.829186e-02	3.908501e-02	3.693985e-01	1.425124e-02	2.029218e-02	8.442702e+00	1.531488e-01	2.540171e-01	8.637519e-01	1.177384e-01	1.613683e-01	1.872033e+00	9.287659e-01	-8.997537e-07	
3.864101e-01	0.000000e+00	1.014575e-01	2.142693e-01	8.016151e-01	1.011965e+00	9.220122e+00	4.866379e-02	3.939020e-02	3.700098e-01	1.427096e-02	2.029747e-02	8.449966e+00	1.528956e-01	2.521751e-01	8.601412e-01	1.176463e-01	1.602245e-01	1.864828e+00	9.272287e-01	-3.093427e-06	
3.864103e-01	0.000000e+00	1.015298e-01	2.130326e-01	8.024618e-01	1.015852e+00	9.247391e+00	4.837954e-02	3.916274e-02	3.687837e-01	1.422853e-02	2.027591e-02	8.427874e+00	1.516337e-01	2.532296e-01	8.652523e-01	1.178109e-01	1.603354e-01	1.875180e+00	9.291521e-01	-4.636617e-08	
3.864104e-01	0.000000e+00	1.002697e-01	2.151360e-01	7.981853e-01	1.015077e+00	9.188820e+00	4.846987e-02	3.921887e-02	3.700153e-01	1.425145e-02	2.013781e-02	8.430391e+00	1.529783e-01	2.550581e-01	8.625961e-01	1.177073e-01	1.606987e-01	1.881416e+00	9.307618e-01	-1.777656e-06	
3.864104e-01	0.000000e+00	1.005483e-01	2.147658e-01	7.999738e-01	1.011653e+00	9.204641e+00	4.826489e-02	3.888348e-02	3.703800e-01	1.426442e-02	2.027794e-02	8.459136e+00	1.525418e-01	2.540110e-01	8.671814e-01	1.175140e-01	1.612170e-01	1.870020e+00	9.326139e-01	-2.855543e-06	
3.864104e-01	0.000000e+00	1.009339e-01	2.135829e-01	8.032079e-01	1.013525e+00	9.211850e+00	4.812981e-02	3.910125e-02	3.708319e-01	1.427792e-02	2.017695e-02	8.458284e+00	1.525668e-01	2.557309e-01	8.647331e-01	1.172961e-01	1.611979e-01	1.880374e+00	9.301486e-01	-2.180982e-06	
3.864104e-01	0.000000e+00	1.006470e-01	2.153236e-01	8.025284e-01	1.009695e+00	9.207681e+00	4.853061e-02	3.924658e-02	3.702284e-01	1.420475e-02	2.020603e-02	8.449587e+00	1.525794e-01	2.534140e-01	8.668251e-01	1.175916e-01	1.606666e-01	1.867547e+00	9.305925e-01	-2.762523e-06	
3.864105e-01	0.000000e+00	1.008053e-01	2.140417e-01	8.012075e-01	1.009805e+00	9.220368e+00	4.855650e-02	3.916897e-02	3.713389e-01	1.428135e-02	2.024414e-02	8.471900e+00	1.533643e-01	2.555142e-01	8.613356e-01	1.174384e-01	1.617232e-01	1.872503e+00	9.258255e-01	-2.396891e-06	
3.864105e-01	0.000000e+00	1.011854e-01	2.150589e-01	8.006189e-01	1.005700e+00	9.203884e+00	4.872727e-02	3.918108e-02	3.696162e-01	1.421450e-02	2.031457e-02	8.449518e+00	1.525621e-01	2.544812e-01	8.619979e-01	1.178331e-01	1.614506e-01	1.868820e+00	9.298643e-01	-1.545856e-06	
3.864106e-01	0.000000e+00	1.009672e-01	2.140723e-01	7.996108e-01	1.011866e+00	9.208832e+00	4.847276e-02	3.912449e-02	3.714150e-01	1.433016e-02	2.024801e-02	8.486171e+00	1.527281e-01	2.538226e-01	8.640670e-01	1.173778e-01	1.603228e-01	1.874323e+00	9.300794e-01	-3.715465e-06	
3.864106e-01	0.000000e+00	1.007508e-01	2.139216e-01	8.010674e-01	1.014636e+00	9.233683e+00	4.830201e-02	3.897551e-02	3.692633e-01	1.422201e-02	2.020046e-02	8.422784e+00	1.523147e-01	2.553488e-01	8.615220e-01	1.175351e-01	1.607127e-01	1.887973e+00	9.242400e-01	-2.981517e-06	
3.864106e-01	0.000000e+00	1.007891e-01	2.144210e-01	8.013636e-01	1.009766e+00	9.210882e+00	4.854644e-02	3.917814e-02	3.692179e-01	1.421841e-02	2.023585e-02	8.432806e+00	1.523098e-01	2.527641e-01	8.634498e-01	1.179804e-01	1.601614e-01	1.867543e+00	9.331755e-01	-4.539677e-07	
3.864107e-01	0.000000e+00	1.010337e-01	2.151253e-01	8.030756e-01	1.015129e+00	9.223283e+00	4.836651e-02	3.931429e-02	3.707304e-01	1.426448e-02	2.033170e-02	8.474687e+00	1.530052e-01	2.553370e-01	8.592914e-01	1.175255e-01	1.608574e-01	1.876183e+00	9.246938e-01	-4.452117e-06	
3.864108e-01	0.000000e+00	1.012886e-01	2.139920e-01	8.013176e-01	1.009435e+00	9.251543e+00	4.865078e-02	3.912251e-02	3.698734e-01	1.426151e-02	2.022366e-02	8.439742e+00	1.527376e-01	2.538425e-01	8.622711e-01	1.175863e-01	1.607758e-01	1.874327e+00	9.280906e-01	-2.860205e-06	
3.864109e-01	0.000000e+00	1.002689e-01	2.161665e-01	8.029528e-01	1.008216e+00	9.239401e+00	4.841776e-02	3.903553e-02	3.694413e-01	1.418606e-02	2.028015e-02	8.437594e+00	1.515760e-01	2.538860e-01	8.643783e-01	1.176357e-01	1.603481e-01	1.874746e+00	9.309718e-01	-9.368380e-07	
3.864109e-01	0.000000e+00	1.006520e-01	2.135227e-01	8.051673e-01	1.012134e+00	9.227891e+00	4.839879e-02	3.928057e-02	3.689048e-01	1.420882e-02	2.020090e-02	8.424841e+00	1.514421e-01	2.546059e-01	8.602760e-01	1.175636e-01	1.607069e-01	1.877651e+00	9.268758e-01	-4.018370e-07	
3.864111e-01	0.000000e+00	1.010454e-01	2.144027e-01	8.038182e-01	1.014284e+00	9.218468e+00	4.806343e-02	3.904821e-02	3.692852e-01	1.421796e-02	2.020337e-02	8.420664e+00	1.526143e-01	2.538784e-01	8.632725e-01	1.175142e-01	1.604952e-01	1.869344e+00	9.324279e-01	-3.918142e-06	
3.864112e-01	0.000000e+00	1.010001e-01	2.137239e-01	8.007284e-01	1.017780e+00	9.182089e+00	4.796784e-02	3.909354e-02	3.691808e-01	1.420610e-02	2.022395e-02	8.425203e+00	1.511948e-01	2.556237e-01	8.606071e-01	1.175342e-01	1.611084e-01	1.881603e+00	9.248133e-01	-5.876608e-07	
3.864112e-01	0.000000e+00	1.002928e-01	2.131078e-01	7.982989e-01	1.009810e+00	9.146211e+00	4.824760e-02	3.910701e-02	3.690466e-01	1.418861e-02	2.014560e-02	8.408386e+00	1.524444e-01	2.549161e-01	8.605703e-01	1.172554e-01	1.604362e-01	1.883161e+00	9.257891e-01	-1.752540e-06	
3.864112e-01	0.000000e+00	1.013363e-01	2.150477e-01	7.973554e-01	1.016211e+00	9.158555e+00	4.828752e-02	3.917711e-02	3.712714e-01	1.429914e-02	2.013940e-02	8.464351e+00	1.529306e-01	2.559751e-01	8.621938e-01	1.172380e-01	1.610463e-01	1.881527e+00	9.276311e-01	-3.127742e-06	
3.864113e-01	0.000000e+00	1.009061e-01	2.142275e-01	8.019373e-01	1.015231e+00	9.199782e+00	4.820562e-02	3.914008e-02	3.688152e-01	1.421238e-02	2.023172e-02	8.413967e+00	1.531274e-01	2.527496e-01	8.626384e-01	1.174081e-01	1.606129e-01	1.869677e+00	9.263151e-01	-3.501184e-06	
3.864113e-01	0.000000e+00	1.002399e-01	2.148939e-01	8.016159e-01	1.013850e+00	9.208803e+00	4.844671e-02	3.936986e-02	3.698305e-01	1.420920e-02	2.018115e-02	8.432113e+00	1.524688e-01	2.543701e-01	8.616810e-01	1.176082e-01	1.607508e-01	1.874335e+00	9.265518e-01	-3.224330e-06	
3.864114e-01	0.000000e+00	1.008626e-01	2.148206e-01	8.018953e-01	1.011321e+00	9.181470e+00	4.838362e-02	3.930850e-02	3.716520e-01	1.429295e-02	2.026642e-02	8.489650e+00	1.522039e-01	2.553863e-01	8.641420e-01	1.172450e-01	1.611550e-01	1.882802e+00	9.272414e-01	-2.093364e-06	
3.864114e-01	0.000000e+00	1.001733e-01	2.143814e-01	8.033590e-01	1.017619e+00	9.186705e+00	4.817642e-02	3.950218e-02	3.696032e-01	1.421258e-02	2.026417e-02	8.440044e+00	1.524948e-01	2.540403e-01	8.642346e-01	1.174614e-01	1.606515e-01	1.875441e+00	9.274902e-01	-4.330989e-06	
3.864115e-01	0.000000e+00	1.012671e-01	2.146784e-01	8.025602e-01	1.015253e+00	9.208533e+00	4.843085e-02	3.946095e-02	3.704803e-01	1.426722e-02	2.019128e-02	8.452178e+00	1.525522e-01	2.548273e-01	8.596621e-01	1.173959e-01	1.609810e-01	1.875274e+00	9.251999e-01	-2.666364e-06	
3.864115e-01	0.000000e+00	1.008221e-01	2.132790e-01	7.992245e-01	1.008335e+00	9.176063e+00	4.861979e-02	3.925155e-02	3.702830e-01	1.427714e-02	2.015626e-02	8.454607e+00	1.515422e-01	2.542626e-01	8.617768e-01	1.174065e-01	1.612924e-01	1.875423e+00	9.264575e-01	-1.423412e-06	
3.864116e-01	0.000000e+00	1.006629e-01	2.144320e-01	8.014129e-01	1.012952e+00	9.188296e+00	4.827418e-02	3.917444e-02	3.700744e-01	1.423151e-02	2.021814e-02	8.446900e+00	1.521990e-01	2.550212e-01	8.633653e-01	1.175782e-01	1.618234e-01	1.869710e+00	9.287185e-01	-2.120018e-06	
3.864116e-01	0.000000e+00	1.005075e-01	2.140423e-01	8.006753e-01	1.012357e+00	9.228632e+00	4.864944e-02	3.919668e-02	3.698416e-01	1.424065e-02	2.028692e-02	8.454630e+00	1.524155e-01	2.544560e-01	8.628645e-01	1.178188e-01	1.608463e-01	1.877939e+00	9.261593e-01	-4.294016e-06	
3.864117e-01	0.000000e+00	1.016734e-01	2.144124e-01	8.024918e-01	1.011849e+00	9.255704e+00	4.844371e-02	3.901499e-02	3.693256e-01	1.424987e-02	2.024987e-02	8.440519e+00	1.520284e-01	2.549737e-01	8.651284e-01	1.174430e-01	1.607268e-01	1.877577e+00	9.322906e-01	-9.691413e-07	
3.864118e-01	0.000000e+00	1.000558e-01	2.145685e-01	8.058899e-01	1.011080e+00	9.241840e+00	4.849926e-02	3.952841e-02	3.696406e-01	1.422226e-02	2.015014e-02	8.426291e+00	1.527519e-01	2.534997e-01	8.624353e-01	1.174504e-01	1.602158e-01	1.873827e+00	9.300056e-01	-2.007089e-06	
3.864118e-01	0.000000e+00	1.006715e-01	2.142396e-01	7.993227e-01	1.012852e+00	9.182479e+00	4.833064e-02	3.919373e-02	3.700931e-01	1.422769e-02	2.021207e-02	8.439516e+00	1.521283e-01	2.530429e-01	8.653450e-01	1.177215e-01	1.600042e-01	1.872312e+00	9.316472e-01	-4.749036e-06	
3.864119e-01	0.000000e+00	1.004064e-01	2.139517e-01	7.947852e-01	1.009157e+00	9.117617e+00	4.845979e-02	3.902022e-02	3.689661e-01	1.418687e-02	2.014063e-02	8.409183e+00	1.517954e-01	2.542358e-01	8.628919e-01	1.173740e-01	1.602506e-01	1.874798e+00	9.308581e-01	-2.218998e-06	
3.864119e-01	0.000000e+00	1.008885e-01	2.135653e-01	7.979620e-01	1.011584e+00	9.188886e+00	4.840710e-02	3.893908e-02	3.710088e-01	1.430765e-02	2.018190e-02	8.465273e+00	1.518977e-01	2.550488e-01	8.625762e-01	1.173218e-01	1.609124e-01	1.875218e+00	9.298858e-01	-2.558820e-06	
3.864119e-01	0.000000e+00	1.000567e-01	2.131543e-01	8.003966e-01	1.007976e+00	9.206647e+00	4.852387e-02	3.896384e-02	3.706446e-01	1.425641e-02	2.015077e-02	8.445133e+00	1.529595e-01	2.552991e-01	8.627512e-01	1.172866e-01	1.610678e-01	1.882476e+00	9.259770e-01	-1.072783e-06	
3.864119e-01	0.000000e+00	1.011578e-01	2.133327e-01	7.971411e-01	1.008731e+00	9.160056e+00	4.848804e-02	3.906945e-02	3.699165e-01	1.422480e-02	2.016501e-02	8.440321e+00	1.514859e-01	2.543689e-01	8.632522e-01	1.175635e-01	1.606741e-01	1.877888e+00	9.272952e-01	-3.473156e-06	
3.864119e-01	0.000000e+00	1.008366e-01	2.141393e-01	8.022084e-01	1.014431e+00	9.175960e+00	4.818905e-02	3.939302e-02	3.702227e-01	1.427308e-02	2.016663e-02	8.441118e+00	1.531427e-01	2.550800e-01	8.608986e-01	1.171100e-01	1.608491e-01	1.872852e+00	9.311270e-01	-1.955975e-06	
3.864120e-01	0.000000e+00	1.014692e-01	2.164346e-01	8.007347e-01	1.012900e+00	9.203713e+00	4.847782e-02	3.924064e-02	3.695686e-01	1.421826e-02	2.031939e-02	8.443652e+00	1.528140e-01	2.523759e-01	8.660561e-01	1.177340e-01	1.598372e-01	1.868411e+00	9.331835e-01	-2.376268e-06	
3.864121e-01	0.000000e+00	1.012578e-01	2.141536e-01	8.016059e-01	1.009970e+00	9.197420e+00	4.826868e-02	3.908597e-02	3.705980e-01	1.427604e-02	2.026950e-02	8.472301e+00	1.519804e-01	2.543372e-01	8.616425e-01	1.173975e-01	1.608539e-01	1.875314e+00	9.268851e-01	-9.226133e-07	
3.864121e-01	0.000000e+00	9.991562e-02	2.161043e-01	8.000705e-01	1.011307e+00	9.186502e+00	4.843175e-02	3.908561e-02	3.700213e-01	1.422067e-02	2.023255e-02	8.436090e+00	1.533576e-01	2.551211e-01	8.626190e-01	1.174388e-01	1.605291e-01	1.874377e+00	9.331646e-01	-5.586952e-07	
3.864122e-01	0.000000e+00	1.005435e-01	2.143761e-01	8.018781e-01	1.009844e+00	9.211990e+00	4.859657e-02	3.930466e-02	3.715411e-01	1.430483e-02	2.027212e-02	8.485230e+00	1.531368e-01	2.550292e-01	8.625260e-01	1.175719e-01	1.612568e-01	1.871712e+00	9.308095e-01	-5.100293e-06	
3.864122e-01	0.000000e+00	1.017042e-01	2.141946e-01	8.014856e-01	1.015703e+00	9.225213e+00	4.840135e-02	3.914889e-02	3.694612e-01	1.422792e-02	2.034272e-02	8.442678e+00	1.522425e-01	2.524822e-01	8.670323e-01	1.179013e-01	1.597194e-01	1.869978e+00	9.329064e-01	-6.528061e-07	
3.864123e-01	0.000000e+00	1.022445e-01	2.149022e-01	8.010200e-01	1.011016e+00	9.215058e+00	4.845858e-02	3.908594e-02	3.699391e-01	1.422364e-02	2.021840e-02	8.441934e+00	1.526083e-01	2.543683e-01	8.642100e-01	1.174952e-01	1.607491e-01	1.871963e+00	9.290562e-01	-2.202393e-06	
3.864124e-01	0.000000e+00	1.016978e-01	2.154534e-01	7.983127e-01	1.016992e+00	9.166714e+00	4.813980e-02	3.902402e-02	3.688265e-01	1.418249e-02	2.016182e-02	8.412103e+00	1.514731e-01	2.523492e-01	8.668618e-01	1.177116e-01	1.599885e-01	1.864331e+00	9.328023e-01	-6.746716e-07	
3.864124e-01	0.000000e+00	1.007334e-01	2.142180e-01	8.021559e-01	1.013898e+00	9.221380e+00	4.839266e-02	3.919968e-02	3.712392e-01	1.432804e-02	2.027935e-02	8.489311e+00	1.519708e-01	2.538041e-01	8.627993e-01	1.176376e-01	1.598568e-01	1.874504e+00	9.326554e-01	-2.889166e-06	
3.864125e-01	0.000000e+00	1.007512e-01	2.155984e-01	7.991672e-01	1.011483e+00	9.161208e+00	4.850062e-02	3.929840e-02	3.697601e-01	1.420124e-02	2.013676e-02	8.425858e+00	1.522150e-01	2.532277e-01	8.634133e-01	1.177003e-01	1.605679e-01	1.865719e+00	9.314778e-01	-2.317428e-06	
3.864084e-01	4.983485e-13	1.004220e-01	2.160452e-01	7.990131e-01	1.014892e+00	9.187827e+00	4.845650e-02	3.919226e-02	3.693470e-01	1.419396e-02	2.012368e-02	8.411794e+00	1.520571e-01	2.536617e-01	8.596536e-01	1.178193e-01	1.592159e-01	1.884313e+00	9.271948e-01	7.059380e-07	
3.864125e-01	0.000000e+00	1.009441e-01	2.155847e-01	8.008315e-01	1.010862e+00	9.216154e+00	4.859215e-02	3.922614e-02	3.708316e-01	1.428169e-02	2.023548e-02	8.465386e+00	1.523860e-01	2.540208e-01	8.629770e-01	1.177362e-01	1.610030e-01	1.869933e+00	9.316953e-01	-2.789860e-06	
3.864125e-01	0.000000e+00	1.007124e-01	2.138504e-01	8.000979e-01	1.013625e+00	9.198462e+00	4.832172e-02	3.910094e-02	3.687530e-01	1.418968e-02	2.014958e-02	8.410306e+00	1.518900e-01	2.551808e-01	8.615554e-01	1.176878e-01	1.610415e-01	1.873486e+00	9.292129e-01	-1.074154e-06	
3.864126e-01	0.000000e+00	1.018653e-01	2.149556e-01	8.026953e-01	1.012859e+00	9.233346e+00	4.840194e-02	3.913276e-02	3.695289e-01	1.421207e-02	2.031839e-02	8.443126e+00	1.528314e-01	2.527937e-01	8.627239e-01	1.177927e-01	1.604234e-01	1.865944e+00	9.269930e-01	-2.984501e-06	
3.864126e-01	0.000000e+00	1.006180e-01	2.151813e-01	8.016162e-01	1.011148e+00	9.230601e+00	4.836921e-02	3.897558e-02	3.686833e-01	1.418578e-02	2.017524e-02	8.412067e+00	1.512195e-01	2.559197e-01	8.631791e-01	1.176714e-01	1.606544e-01	1.887626e+00	9.312854e-01	-1.279496e-06	
3.864127e-01	0.000000e+00	1.018258e-01	2.126252e-01	8.001302e-01	1.010154e+00	9.220168e+00	4.836703e-02	3.889937e-02	3.697731e-01	1.428659e-02	2.019868e-02	8.438543e+00	1.521922e-01	2.533425e-01	8.656631e-01	1.173747e-01	1.605943e-01	1.871424e+00	9.326389e-01	-7.915751e-07	
3.864127e-01	0.000000e+00	1.002855e-01	2.134624e-01	7.992951e-01	1.008196e+00	9.189304e+00	4.835123e-02	3.892668e-02	3.698287e-01	1.423526e-02	2.018753e-02	8.431718e+00	1.523764e-01	2.548961e-01	8.624018e-01	1.175063e-01	1.598047e-01	1.888225e+00	9.308711e-01	-2.918304e-06	
3.864127e-01	0.000000e+00	1.009676e-01	2.168662e-01	8.000389e-01	1.016372e+00	9.181192e+00	4.817343e-02	3.923230e-02	3.706193e-01	1.428363e-02	2.020308e-02	8.465875e+00	1.523450e-01	2.538961e-01	8.641051e-01	1.173383e-01	1.607786e-01	1.867868e+00	9.321244e-01	-7.836169e-07	
3.864127e-01	0.000000e+00	9.999119e-02	2.135325e-01	8.039136e-01	1.013793e+00	9.248482e+00	4.846330e-02	3.929419e-02	3.695633e-01	1.422158e-02	2.015280e-02	8.424127e+00	1.521773e-01	2.531971e-01	8.589324e-01	1.178583e-01	1.597631e-01	1.876578e+00	9.250793e-01	-3.843933e-06	
3.864127e-01	0.000000e+00	1.010341e-01	2.126598e-01	7.985523e-01	1.012085e+00	9.194184e+00	4.840302e-02	3.907034e-02	3.682273e-01	1.419256e-02	2.013530e-02	8.402783e+00	1.507086e-01	2.533340e-01	8.597077e-01	1.174636e-01	1.597869e-01	1.876761e+00	9.242207e-01	-4.849637e-06	
3.864127e-01	0.000000e+00	1.004158e-01	2.142220e-01	8.012585e-01	1.012551e+00	9.178905e+00	4.816439e-02	3.906863e-02	3.681331e-01	1.417606e-02	2.016838e-02	8.398355e+00	1.511932e-01	2.536980e-01	8.613779e-01	1.175132e-01	1.605280e-01	1.877527e+00	9.276633e-01	-9.773007e-07	
3.864127e-01	0.000000e+00	1.007908e-01	2.139348e-01	8.013334e-01	1.016200e+00	9.200435e+00	4.826389e-02	3.929251e-02	3.698197e-01	1.424446e-02	2.011156e-02	8.428627e+00	1.521327e-01	2.531919e-01	8.610304e-01	1.177129e-01	1.600364e-01	1.876905e+00	9.265075e-01	-3.276513e-06	
3.864128e-01	0.000000e+00	1.013559e-01	2.137063e-01	8.007712e-01	1.008804e+00	9.243767e+00	4.847437e-02	3.893321e-02	3.692058e-01	1.420382e-02	2.023815e-02	8.423371e+00	1.530284e-01	2.540909e-01	8.653751e-01	1.176107e-01	1.606319e-01	1.875950e+00	9.292294e-01	-7.901880e-07	
3.864128e-01	0.000000e+00	1.005481e-01	2.150686e-01	8.003127e-01	1.006016e+00	9.223835e+00	4.869586e-02	3.900268e-02	3.687410e-01	1.416948e-02	2.022769e-02	8.410588e+00	1.522163e-01	2.538303e-01	8.655701e-01	1.175022e-01	1.605963e-01	1.868542e+00	9.333472e-01	-3.397458e-06	
3.864129e-01	0.000000e+00	1.007112e-01	2.139812e-01	8.023028e-01	1.010675e+00	9.250905e+00	4.852089e-02	3.914602e-02	3.695125e-01	1.421528e-02	2.026233e-02	8.437504e+00	1.524102e-01	2.548008e-01	8.661594e-01	1.178755e-01	1.608225e-01	1.883871e+00	9.300555e-01	-3.866479e-06	
3.864131e-01	0.000000e+00	1.013797e-01	2.156690e-01	8.031045e-01	1.019290e+00	9.224515e+00	4.831238e-02	3.936680e-02	3.707720e-01	1.426921e-02	2.020923e-02	8.457579e+00	1.528733e-01	2.539793e-01	8.617256e-01	1.176514e-01	1.602368e-01	1.877269e+00	9.263011e-01	-1.997219e-06	
3.864131e-01	0.000000e+00	1.004322e-01	2.146329e-01	7.990531e-01	1.016805e+00	9.204354e+00	4.849188e-02	3.926645e-02	3.703757e-01	1.427343e-02	2.013220e-02	8.446399e+00	1.520640e-01	2.541873e-01	8.602037e-01	1.175952e-01	1.595490e-01	1.880291e+00	9.279064e-01	-1.230518e-06	
3.864131e-01	0.000000e+00	1.013498e-01	2.129056e-01	8.014229e-01	1.010980e+00	9.234211e+00	4.869904e-02	3.929896e-02	3.697817e-01	1.424972e-02	2.024957e-02	8.450579e+00	1.516068e-01	2.544944e-01	8.593967e-01	1.176258e-01	1.600400e-01	1.885342e+00	9.228007e-01	-5.278690e-06	
3.864131e-01	0.000000e+00	1.003658e-01	2.160462e-01	7.993752e-01	1.011557e+00	9.190465e+00	4.853118e-02	3.911403e-02	3.691171e-01	1.417897e-02	2.012590e-02	8.407675e+00	1.523649e-01	2.545949e-01	8.667326e-01	1.174202e-01	1.598708e-01	1.883933e+00	9.335722e-01	-2.178744e-06	
3.864132e-01	0.000000e+00	1.020377e-01	2.146248e-01	7.957513e-01	1.015235e+00	9.146803e+00	4.846338e-02	3.929655e-02	3.686477e-01	1.419230e-02	2.018731e-02	8.416945e+00	1.508024e-01	2.542093e-01	8.635308e-01	1.176482e-01	1.598248e-01	1.885133e+00	9.280148e-01	-3.244316e-06	
3.864132e-01	0.000000e+00	1.014952e-01	2.164987e-01	8.029853e-01	1.017731e+00	9.218272e+00	4.819402e-02	3.922164e-02	3.700056e-01	1.423555e-02	2.023748e-02	8.444119e+00	1.525896e-01	2.554770e-01	8.642566e-01	1.176436e-01	1.608569e-01	1.880316e+00	9.317456e-01	-2.607810e-06	
3.864134e-01	0.000000e+00	1.013067e-01	2.163924e-01	8.026072e-01	1.011312e+00	9.248969e+00	4.882497e-02	3.948013e-02	3.716914e-01	1.431954e-02	2.028572e-02	8.495086e+00	1.526149e-01	2.541863e-01	8.613934e-01	1.174178e-01	1.607832e-01	1.871284e+00	9.276568e-01	-8.308127e-07	
3.864134e-01	0.000000e+00	1.011424e-01	2.134302e-01	8.054016e-01	1.015916e+00	9.270803e+00	4.827257e-02	3.920484e-02	3.697956e-01	1.427204e-02	2.021335e-02	8.438929e+00	1.528452e-01	2.541716e-01	8.639909e-01	1.174512e-01	1.606202e-01	1.880150e+00	9.280723e-01	-2.411061e-06	
3.864134e-01	0.000000e+00	1.011729e-01	2.149921e-01	7.997930e-01	1.013533e+00	9.184627e+00	4.841328e-02	3.932441e-02	3.716932e-01	1.429986e-02	2.031116e-02	8.495411e+00	1.528169e-01	2.520787e-01	8.645167e-01	1.175577e-01	1.608196e-01	1.854465e+00	9.285683e-01	-1.707436e-06	
3.864134e-01	0.000000e+00	1.013530e-01	2.135567e-01	7.978648e-01	1.011085e+00	9.178698e+00	4.869419e-02	3.922348e-02	3.702798e-01	1.425872e-02	2.018055e-02	8.443936e+00	1.519918e-01	2.543754e-01	8.591207e-01	1.176041e-01	1.603669e-01	1.875816e+00	9.264199e-01	-3.913455e-06	
3.864134e-01	0.000000e+00	1.018036e-01	2.139921e-01	8.019965e-01	1.012664e+00	9.252376e+00	4.850980e-02	3.906635e-02	3.693587e-01	1.424902e-02	2.021875e-02	8.435081e+00	1.517986e-01	2.547600e-01	8.637590e-01	1.178920e-01	1.600572e-01	1.882828e+00	9.333320e-01	-3.346465e-06	
3.864134e-01	0.000000e+00	1.001947e-01	2.135524e-01	8.005749e-01	1.013368e+00	9.168086e+00	4.831808e-02	3.922323e-02	3.694628e-01	1.421058e-02	2.014545e-02	8.413083e+00	1.521694e-01	2.542058e-01	8.618639e-01	1.175838e-01	1.608729e-01	1.876405e+00	9.282684e-01	-1.737753e-06	
3.864120e-01	6.250031e-15	1.004692e-01	2.140772e-01	7.979391e-01	1.007375e+00	9.193410e+00	4.882867e-02	3.922765e-02	3.710987e-01	1.429303e-02	2.027967e-02	8.484895e+00	1.524764e-01	2.520356e-01	8.673700e-01	1.176115e-01	1.600839e-01	1.867264e+00	9.312169e-01	7.905714e-08	
3.864135e-01	0.000000e+00	1.009898e-01	2.155590e-01	7.984501e-01	1.010745e+00	9.167254e+00	4.853735e-02	3.921910e-02	3.712300e-01	1.427772e-02	2.019143e-02	8.473431e+00	1.521002e-01	2.543248e-01	8.646143e-01	1.173752e-01	1.607126e-01	1.872802e+00	9.307887e-01	-5.488349e-06	
3.864060e-01	1.193234e-14	1.010152e-01	2.145951e-01	8.020085e-01	1.013782e+00	9.203375e+00	4.828466e-02	3.938167e-02	3.694407e-01	1.422899e-02	2.015578e-02	8.425298e+00	1.523211e-01	2.540117e-01	8.613291e-01	1.172720e-01	1.606279e-01	1.874817e+00	9.266479e-01	1.092352e-07	
3.864135e-01	0.000000e+00	1.017762e-01	2.133163e-01	8.025756e-01	1.014355e+00	9.236059e+00	4.837561e-02	3.925797e-02	3.698423e-01	1.424433e-02	2.031193e-02	8.446549e+00	1.526981e-01	2.529819e-01	8.572236e-01	1.177601e-01	1.598235e-01	1.882309e+00	9.180560e-01	-7.563765e-08	
3.863977e-01	1.333074e-11	1.009717e-01	2.142195e-01	7.975046e-01	1.010972e+00	9.182711e+00	4.843491e-02	3.904395e-02	3.696356e-01	1.422998e-02	2.022280e-02	8.431435e+00	1.531997e-01	2.540515e-01	8.647421e-01	1.176657e-01	1.606026e-01	1.875768e+00	9.306015e-01	3.651128e-06	
3.864137e-01	0.000000e+00	1.005716e-01	2.162674e-01	7.976812e-01	1.013521e+00	9.172459e+00	4.850693e-02	3.917631e-02	3.693511e-01	1.418892e-02	2.017334e-02	8.422110e+00	1.520506e-01	2.543137e-01	8.647752e-01	1.179231e-01	1.603329e-01	1.877189e+00	9.329836e-01	-3.522818e-06	
3.864139e-01	0.000000e+00	1.012507e-01	2.131240e-01	7.961647e-01	1.012363e+00	9.155374e+00	4.826677e-02	3.890490e-02	3.697931e-01	1.425132e-02	2.018705e-02	8.439403e+00	1.519264e-01	2.555024e-01	8.611076e-01	1.174064e-01	1.605595e-01	1.886813e+00	9.258764e-01	-4.605487e-06	
3.864139e-01	0.000000e+00	1.007703e-01	2.129143e-01	8.008712e-01	1.011946e+00	9.189123e+00	4.825642e-02	3.916163e-02	3.699327e-01	1.423006e-02	2.008927e-02	8.426971e+00	1.517242e-01	2.548631e-01	8.605293e-01	1.172962e-01	1.603245e-01	1.888115e+00	9.229969e-01	-4.070494e-06	
3.864140e-01	0.000000e+00	1.009592e-01	2.150910e-01	8.002972e-01	1.012985e+00	9.204551e+00	4.848060e-02	3.918178e-02	3.702831e-01	1.426100e-02	2.029178e-02	8.462430e+00	1.527906e-01	2.538155e-01	8.643540e-01	1.177107e-01	1.608272e-01	1.866957e+00	9.318878e-01	-1.588578e-06	
3.864140e-01	0.000000e+00	1.006959e-01	2.146948e-01	8.024407e-01	1.008787e+00	9.220348e+00	4.874809e-02	3.941920e-02	3.720040e-01	1.430901e-02	2.033699e-02	8.505376e+00	1.529450e-01	2.542002e-01	8.634204e-01	1.176682e-01	1.609037e-01	1.873213e+00	9.286099e-01	-4.388915e-06	
3.864140e-01	0.000000e+00	1.000769e-01	2.146080e-01	8.029163e-01	1.008681e+00	9.237421e+00	4.836840e-02	3.902162e-02	3.702881e-01	1.423389e-02	2.022285e-02	8.446512e+00	1.531461e-01	2.552282e-01	8.613102e-01	1.175103e-01	1.611132e-01	1.879588e+00	9.265508e-01	-2.030325e-06	
3.864141e-01	0.000000e+00	1.004205e-01	2.141386e-01	7.971956e-01	1.005699e+00	9.154172e+00	4.871361e-02	3.927537e-02	3.704395e-01	1.424328e-02	2.019257e-02	8.453823e+00	1.520841e-01	2.547645e-01	8.626071e-01	1.176601e-01	1.611198e-01	1.873290e+00	9.311757e-01	-3.183266e-06	
3.864142e-01	0.000000e+00	1.010391e-01	2.147825e-01	8.030882e-01	1.012065e+00	9.266590e+00	4.854067e-02	3.918191e-02	3.706157e-01	1.429851e-02	2.016302e-02	8.445185e+00	1.526286e-01	2.553330e-01	8.588105e-01	1.172339e-01	1.605418e-01	1.879835e+00	9.284725e-01	-6.515532e-07	
3.864145e-01	0.000000e+00	1.007867e-01	2.159276e-01	7.990609e-01	1.014199e+00	9.188566e+00	4.843506e-02	3.911336e-02	3.675831e-01	1.414443e-02	2.026864e-02	8.393637e+00	1.512185e-01	2.542715e-01	8.602419e-01	1.180014e-01	1.592280e-01	1.892785e+00	9.285803e-01	-3.859508e-09	
3.864145e-01	0.000000e+00	1.014567e-01	2.146379e-01	7.980088e-01	1.016771e+00	9.174463e+00	4.826877e-02	3.916396e-02	3.685059e-01	1.418293e-02	2.025524e-02	8.423579e+00	1.510042e-01	2.535961e-01	8.644361e-01	1.178523e-01	1.605759e-01	1.872715e+00	9.281427e-01	-3.736548e-06	
3.864147e-01	0.000000e+00	1.006098e-01	2.150737e-01	7.999464e-01	1.011814e+00	9.200607e+00	4.847195e-02	3.913648e-02	3.705305e-01	1.424342e-02	2.018801e-02	8.442475e+00	1.536229e-01	2.556757e-01	8.601468e-01	1.175335e-01	1.604213e-01	1.882175e+00	9.285821e-01	-3.021157e-06	
3.864148e-01	0.000000e+00	9.999803e-02	2.140712e-01	7.937999e-01	1.011660e+00	9.138754e+00	4.850093e-02	3.896973e-02	3.691494e-01	1.418095e-02	2.019371e-02	8.415851e+00	1.530542e-01	2.532305e-01	8.624522e-01	1.178294e-01	1.599081e-01	1.882073e+00	9.238283e-01	-3.966808e-06	
3.864148e-01	0.000000e+00	1.010142e-01	2.124186e-01	8.008472e-01	1.012881e+00	9.220925e+00	4.845768e-02	3.910931e-02	3.703543e-01	1.429283e-02	2.025109e-02	8.472260e+00	1.513877e-01	2.531870e-01	8.631413e-01	1.176378e-01	1.599867e-01	1.874758e+00	9.270061e-01	-3.235684e-06	
3.864148e-01	0.000000e+00	1.018211e-01	2.147789e-01	7.999279e-01	1.013085e+00	9.231191e+00	4.863072e-02	3.928029e-02	3.699321e-01	1.425172e-02	2.022696e-02	8.445189e+00	1.519946e-01	2.562084e-01	8.618589e-01	1.172844e-01	1.610755e-01	1.883396e+00	9.265285e-01	-3.872849e-06	
3.864114e-01	2.958257e-14	1.001826e-01	2.148229e-01	7.973370e-01	1.013425e+00	9.154646e+00	4.835530e-02	3.902680e-02	3.697306e-01	1.423166e-02	2.012520e-02	8.434905e+00	1.510515e-01	2.548384e-01	8.642697e-01	1.177894e-01	1.604920e-01	1.881128e+00	9.327711e-01	1.719958e-07	
3.864149e-01	0.000000e+00	1.006828e-01	2.128515e-01	7.989073e-01	1.013494e+00	9.184453e+00	4.817234e-02	3.904199e-02	3.687306e-01	1.421922e-02	2.020165e-02	8.411754e+00	1.526262e-01	2.548974e-01	8.635011e-01	1.172053e-01	1.614245e-01	1.878203e+00	9.265042e-01	-3.413376e-06	
3.864149e-01	0.000000e+00	1.007773e-01	2.146667e-01	8.080373e-01	1.014792e+00	9.288462e+00	4.834276e-02	3.927465e-02	3.707119e-01	1.427933e-02	2.024895e-02	8.460462e+00	1.523531e-01	2.539931e-01	8.631739e-01	1.175027e-01	1.602151e-01	1.878068e+00	9.293023e-01	-2.637558e-06	
3.864149e-01	0.000000e+00	1.006815e-01	2.139892e-01	8.043083e-01	1.009768e+00	9.259425e+00	4.859615e-02	3.921744e-02	3.696277e-01	1.425792e-02	2.025289e-02	8.452744e+00	1.512825e-01	2.538709e-01	8.606050e-01	1.177221e-01	1.600216e-01	1.876857e+00	9.296602e-01	-2.870208e-06	
3.864150e-01	0.000000e+00	1.010951e-01	2.123255e-01	8.008630e-01	1.012514e+00	9.167121e+00	4.842693e-02	3.943561e-02	3.697699e-01	1.425052e-02	2.024089e-02	8.446682e+00	1.515805e-01	2.538899e-01	8.606191e-01	1.175280e-01	1.605147e-01	1.876537e+00	9.259098e-01	-3.518558e-06	
3.864151e-01	0.000000e+00	1.001255e-01	2.117832e-01	8.030458e-01	1.015093e+00	9.188895e+00	4.818773e-02	3.934401e-02	3.690787e-01	1.423137e-02	2.018685e-02	8.421628e+00	1.518191e-01	2.544747e-01	8.621232e-01	1.175721e-01	1.604268e-01	1.886270e+00	9.272573e-01	-3.946774e-06	
3.864152e-01	0.000000e+00	9.988130e-02	2.141096e-01	8.056106e-01	1.010567e+00	9.253204e+00	4.844776e-02	3.914743e-02	3.706154e-01	1.427999e-02	2.014007e-02	8.455630e+00	1.519023e-01	2.553984e-01	8.585132e-01	1.172328e-01	1.606174e-01	1.880322e+00	9.263308e-01	-5.013113e-06	
3.864153e-01	0.000000e+00	1.006942e-01	2.151365e-01	7.986402e-01	1.006316e+00	9.190127e+00	4.864368e-02	3.892788e-02	3.691317e-01	1.420396e-02	2.024671e-02	8.425043e+00	1.524771e-01	2.534178e-01	8.649220e-01	1.177027e-01	1.599557e-01	1.873218e+00	9.352599e-01	-1.288959e-06	
3.864153e-01	0.000000e+00	1.010231e-01	2.137644e-01	7.957373e-01	1.009901e+00	9.149026e+00	4.846344e-02	3.912981e-02	3.697179e-01	1.423059e-02	2.017747e-02	8.436091e+00	1.513465e-01	2.529257e-01	8.655378e-01	1.174225e-01	1.608674e-01	1.863178e+00	9.307154e-01	-3.624699e-06	
3.864154e-01	0.000000e+00	1.009304e-01	2.138914e-01	8.008674e-01	1.007234e+00	9.213691e+00	4.855108e-02	3.907413e-02	3.689210e-01	1.420372e-02	2.023105e-02	8.421035e+00	1.520588e-01	2.549791e-01	8.649514e-01	1.173920e-01	1.604165e-01	1.879887e+00	9.336056e-01	-4.211031e-06	
3.864154e-01	0.000000e+00	1.015512e-01	2.136607e-01	7.997384e-01	1.017712e+00	9.184208e+00	4.819162e-02	3.920594e-02	3.706279e-01	1.425694e-02	2.018097e-02	8.455723e+00	1.515028e-01	2.528561e-01	8.656339e-01	1.174535e-01	1.608431e-01	1.865138e+00	9.256692e-01	-2.690954e-06	
3.864063e-01	1.103083e-13	1.010809e-01	2.142834e-01	8.026646e-01	1.014433e+00	9.202963e+00	4.815400e-02	3.911407e-02	3.690407e-01	1.421481e-02	2.026520e-02	8.424220e+00	1.527142e-01	2.541477e-01	8.623625e-01	1.173596e-01	1.611002e-01	1.874113e+00	9.262617e-01	3.321270e-07	
3.864154e-01	0.000000e+00	1.016484e-01	2.159213e-01	7.985226e-01	1.007904e+00	9.212872e+00	4.870551e-02	3.896749e-02	3.702172e-01	1.425662e-02	2.018705e-02	8.439403e+00	1.527779e-01	2.560079e-01	8.628540e-01	1.174611e-01	1.605541e-01	1.880264e+00	9.355173e-01	-4.048478e-06	
3.864154e-01	0.000000e+00	1.011366e-01	2.156589e-01	7.982513e-01	1.011708e+00	9.179933e+00	4.843726e-02	3.909452e-02	3.698861e-01	1.423929e-02	2.025027e-02	8.444356e+00	1.526723e-01	2.550058e-01	8.644215e-01	1.173850e-01	1.605870e-01	1.879291e+00	9.318484e-01	-3.246458e-06	
3.864155e-01	0.000000e+00	1.015524e-01	2.156399e-01	8.022339e-01	1.014825e+00	9.191783e+00	4.814346e-02	3.925948e-02	3.709902e-01	1.429722e-02	2.020699e-02	8.464066e+00	1.526515e-01	2.527659e-01	8.658737e-01	1.171997e-01	1.607162e-01	1.858201e+00	9.349313e-01	-1.117951e-06	
3.864156e-01	0.000000e+00	1.012635e-01	2.150879e-01	8.051051e-01	1.014883e+00	9.245932e+00	4.818674e-02	3.920736e-02	3.706796e-01	1.427595e-02	2.028964e-02	8.471575e+00	1.532083e-01	2.553679e-01	8.649321e-01	1.173620e-01	1.611130e-01	1.879916e+00	9.290478e-01	-2.705844e-07	
3.863931e-01	4.883650e-11	1.007163e-01	2.160138e-01	8.055697e-01	1.012156e+00	9.258751e+00	4.829667e-02	3.903435e-02	3.697460e-01	1.423153e-02	2.019575e-02	8.436860e+00	1.526428e-01	2.542768e-01	8.629117e-01	1.175011e-01	1.603418e-01	1.874318e+00	9.312332e-01	6.988311e-06	
3.864157e-01	0.000000e+00	1.006246e-01	2.136987e-01	8.032953e-01	1.012999e+00	9.247919e+00	4.836178e-02	3.901994e-02	3.695011e-01	1.422677e-02	2.008644e-02	8.414806e+00	1.526540e-01	2.556755e-01	8.614309e-01	1.173046e-01	1.605700e-01	1.886479e+00	9.263616e-01	-5.057281e-06	
3.864157e-01	0.000000e+00	1.019132e-01	2.128694e-01	8.026358e-01	1.017645e+00	9.230768e+00	4.808483e-02	3.902306e-02	3.689133e-01	1.423071e-02	2.021262e-02	8.426533e+00	1.520015e-01	2.516850e-01	8.676258e-01	1.175060e-01	1.600444e-01	1.870546e+00	9.267564e-01	-1.248388e-06	
3.864157e-01	0.000000e+00	1.007284e-01	2.137392e-01	8.019365e-01	1.009651e+00	9.220311e+00	4.852324e-02	3.917871e-02	3.701473e-01	1.422217e-02	2.020698e-02	8.433864e+00	1.528518e-01	2.534889e-01	8.636425e-01	1.177917e-01	1.599880e-01	1.871639e+00	9.323343e-01	-3.166057e-06	
3.864157e-01	0.000000e+00	1.010588e-01	2.145525e-01	7.956733e-01	1.009927e+00	9.140434e+00	4.839325e-02	3.898032e-02	3.700354e-01	1.423223e-02	2.016673e-02	8.437344e+00	1.517397e-01	2.536086e-01	8.627448e-01	1.174738e-01	1.608696e-01	1.865031e+00	9.300709e-01	-6.243163e-06	
3.864157e-01	0.000000e+00	1.000744e-01	2.127823e-01	8.023693e-01	1.012736e+00	9.215061e+00	4.842809e-02	3.916566e-02	3.699249e-01	1.424389e-02	2.018519e-02	8.433528e+00	1.531450e-01	2.537768e-01	8.618069e-01	1.177067e-01	1.604592e-01	1.877525e+00	9.267548e-01	-3.069951e-06	
3.864158e-01	0.000000e+00	1.003816e-01	2.138889e-01	8.017024e-01	1.011962e+00	9.265659e+00	4.865596e-02	3.913682e-02	3.701061e-01	1.428014e-02	2.021279e-02	8.451926e+00	1.523622e-01	2.539596e-01	8.604007e-01	1.178552e-01	1.600329e-01	1.883774e+00	9.262507e-01	-2.461323e-06	
3.864158e-01	0.000000e+00	1.003644e-01	2.126382e-01	8.010418e-01	1.012044e+00	9.197535e+00	4.821552e-02	3.899625e-02	3.707200e-01	1.426998e-02	2.011351e-02	8.441972e+00	1.526853e-01	2.531847e-01	8.625004e-01	1.173102e-01	1.603569e-01	1.870946e+00	9.267379e-01	-6.635646e-06	
3.864158e-01	0.000000e+00	1.014982e-01	2.167111e-01	8.015852e-01	1.010377e+00	9.244355e+00	4.864763e-02	3.910483e-02	3.705390e-01	1.424860e-02	2.019246e-02	8.453560e+00	1.526267e-01	2.549210e-01	8.643808e-01	1.176019e-01	1.604717e-01	1.873155e+00	9.341895e-01	-2.203930e-06	
3.864161e-01	0.000000e+00	1.009160e-01	2.140420e-01	7.979116e-01	1.010622e+00	9.140554e+00	4.829164e-02	3.911207e-02	3.685496e-01	1.419372e-02	2.021790e-02	8.410522e+00	1.521011e-01	2.549149e-01	8.614055e-01	1.176870e-01	1.600706e-01	1.885862e+00	9.321146e-01	-3.963617e-06	
3.864161e-01	0.000000e+00	1.009901e-01	2.147896e-01	8.041503e-01	1.011887e+00	9.232945e+00	4.840203e-02	3.933151e-02	3.682767e-01	1.417085e-02	2.024696e-02	8.406461e+00	1.514220e-01	2.543513e-01	8.641238e-01	1.174237e-01	1.610744e-01	1.873296e+00	9.303252e-01	-5.716183e-06	
3.864161e-01	0.000000e+00	1.011237e-01	2.140542e-01	8.009462e-01	1.017252e+00	9.206117e+00	4.821439e-02	3.908645e-02	3.696790e-01	1.424721e-02	2.021206e-02	8.434278e+00	1.526895e-01	2.550669e-01	8.602427e-01	1.172525e-01	1.610527e-01	1.880299e+00	9.223927e-01	-5.403164e-06	
3.864162e-01	0.000000e+00	1.003608e-01	2.146201e-01	8.049619e-01	1.019694e+00	9.227041e+00	4.822443e-02	3.944893e-02	3.693608e-01	1.423431e-02	2.022009e-02	8.427786e+00	1.528441e-01	2.530120e-01	8.656573e-01	1.171210e-01	1.608227e-01	1.864657e+00	9.288095e-01	-2.989763e-06	
3.864162e-01	0.000000e+00	1.003376e-01	2.130735e-01	8.001996e-01	1.012391e+00	9.173777e+00	4.830679e-02	3.926294e-02	3.706461e-01	1.425287e-02	2.017578e-02	8.450631e+00	1.524775e-01	2.540951e-01	8.635975e-01	1.175088e-01	1.610883e-01	1.869922e+00	9.284702e-01	-2.283437e-06	
3.864033e-01	4.277350e-13	1.006989e-01	2.140844e-01	8.012205e-01	1.010881e+00	9.193148e+00	4.854887e-02	3.943052e-02	3.701931e-01	1.424655e-02	2.016266e-02	8.446543e+00	1.517821e-01	2.524794e-01	8.628120e-01	1.174256e-01	1.603350e-01	1.861594e+00	9.291196e-01	6.540145e-07	
3.864078e-01	7.257815e-15	1.014989e-01	2.133618e-01	7.993686e-01	1.014447e+00	9.211256e+00	4.845757e-02	3.915569e-02	3.703990e-01	1.429296e-02	2.015319e-02	8.453225e+00	1.517955e-01	2.529151e-01	8.646801e-01	1.177946e-01	1.601499e-01	1.866209e+00	9.330908e-01	8.519281e-08	
3.864163e-01	0.000000e+00	1.004282e-01	2.137447e-01	7.989553e-01	1.018351e+00	9.147741e+00	4.812117e-02	3.934054e-02	3.694323e-01	1.420145e-02	2.019380e-02	8.425808e+00	1.517222e-01	2.532626e-01	8.617076e-01	1.176425e-01	1.607317e-01	1.869316e+00	9.244607e-01	-1.905228e-06	
3.864163e-01	0.000000e+00	1.005893e-01	2.136513e-01	8.050224e-01	1.007299e+00	9.284060e+00	4.866509e-02	3.907301e-02	3.705579e-01	1.427735e-02	2.015117e-02	8.444953e+00	1.530446e-01	2.543978e-01	8.619545e-01	1.172829e-01	1.597961e-01	1.880004e+00	9.304972e-01	-6.065769e-06	
3.864163e-01	0.000000e+00	1.004374e-01	2.157443e-01	8.020654e-01	1.012642e+00	9.222238e+00	4.839373e-02	3.911713e-02	3.689834e-01	1.419863e-02	2.019495e-02	8.409530e+00	1.529811e-01	2.543995e-01	8.618767e-01	1.174285e-01	1.605580e-01	1.874381e+00	9.305475e-01	-6.467952e-06	
3.864164e-01	0.000000e+00	1.003294e-01	2.138270e-01	8.039554e-01	1.010548e+00	9.240017e+00	4.846477e-02	3.929361e-02	3.709704e-01	1.429757e-02	2.022506e-02	8.468599e+00	1.532088e-01	2.559673e-01	8.608743e-01	1.172746e-01	1.611108e-01	1.883449e+00	9.274064e-01	-4.387009e-06	
3.864164e-01	0.000000e+00	1.011536e-01	2.138125e-01	8.005681e-01	1.013653e+00	9.229930e+00	4.846383e-02	3.904682e-02	3.689651e-01	1.419868e-02	2.025838e-02	8.425231e+00	1.516937e-01	2.538749e-01	8.621080e-01	1.176132e-01	1.596674e-01	1.884489e+00	9.242003e-01	-4.038797e-06	
3.864164e-01	0.000000e+00	9.947917e-02	2.156644e-01	8.027459e-01	1.013405e+00	9.195570e+00	4.839769e-02	3.948122e-02	3.697528e-01	1.421724e-02	2.016024e-02	8.432918e+00	1.519498e-01	2.548034e-01	8.602198e-01	1.172252e-01	1.603738e-01	1.878653e+00	9.276978e-01	-6.545761e-06	
3.864164e-01	0.000000e+00	1.015202e-01	2.162134e-01	8.014474e-01	1.015158e+00	9.244126e+00	4.856916e-02	3.929645e-02	3.693686e-01	1.423239e-02	2.019778e-02	8.429084e+00	1.526765e-01	2.544447e-01	8.625202e-01	1.176164e-01	1.603785e-01	1.876170e+00	9.304458e-01	-2.273091e-06	
3.864165e-01	0.000000e+00	1.008507e-01	2.143626e-01	8.050611e-01	1.019021e+00	9.237774e+00	4.827483e-02	3.939406e-02	3.701902e-01	1.424217e-02	2.022704e-02	8.449325e+00	1.523607e-01	2.535759e-01	8.573077e-01	1.177416e-01	1.598032e-01	1.879617e+00	9.202204e-01	-5.014954e-06	
3.864167e-01	0.000000e+00	1.002425e-01	2.138759e-01	7.977093e-01	1.005630e+00	9.161881e+00	4.851816e-02	3.905168e-02	3.703906e-01	1.426284e-02	2.015057e-02	8.441744e+00	1.526231e-01	2.564664e-01	8.630951e-01	1.167432e-01	1.620844e-01	1.873670e+00	9.306725e-01	-2.757513e-06	
3.864059e-01	6.017878e-13	1.016403e-01	2.142746e-01	7.985339e-01	1.006520e+00	9.202917e+00	4.879454e-02	3.908780e-02	3.711054e-01	1.428393e-02	2.024614e-02	8.481518e+00	1.513060e-01	2.543245e-01	8.645718e-01	1.177347e-01	1.605106e-01	1.874094e+00	9.317720e-01	7.757498e-07	
3.864167e-01	0.000000e+00	1.006919e-01	2.143828e-01	8.009855e-01	1.012722e+00	9.234466e+00	4.860497e-02	3.919080e-02	3.702235e-01	1.424676e-02	2.020898e-02	8.448877e+00	1.522440e-01	2.547876e-01	8.622195e-01	1.174502e-01	1.606474e-01	1.879029e+00	9.255120e-01	-9.130009e-06	
3.864167e-01	0.000000e+00	1.008802e-01	2.164060e-01	7.999417e-01	1.009863e+00	9.222618e+00	4.864496e-02	3.922835e-02	3.711271e-01	1.427618e-02	2.015280e-02	8.466620e+00	1.528288e-01	2.553022e-01	8.602612e-01	1.175549e-01	1.607590e-01	1.872825e+00	9.302825e-01	-7.350266e-07	
3.864168e-01	0.000000e+00	1.010822e-01	2.139110e-01	8.011745e-01	1.012786e+00	9.220303e+00	4.854494e-02	3.924589e-02	3.696362e-01	1.424435e-02	2.020910e-02	8.435524e+00	1.520885e-01	2.550445e-01	8.607404e-01	1.172259e-01	1.610050e-01	1.881114e+00	9.236671e-01	-6.349173e-06	
3.864169e-01	0.000000e+00	1.015409e-01	2.130585e-01	8.022581e-01	1.015985e+00	9.207336e+00	4.825527e-02	3.930502e-02	3.703929e-01	1.425620e-02	2.035245e-02	8.464121e+00	1.529587e-01	2.557054e-01	8.597485e-01	1.173171e-01	1.613797e-01	1.883645e+00	9.189768e-01	-2.525073e-06	
3.864172e-01	0.000000e+00	1.018812e-01	2.140560e-01	7.966775e-01	1.009956e+00	9.189120e+00	4.864954e-02	3.896028e-02	3.697979e-01	1.427604e-02	2.027592e-02	8.454065e+00	1.518112e-01	2.537551e-01	8.612268e-01	1.175134e-01	1.604654e-01	1.872301e+00	9.282489e-01	-4.410386e-06	
3.864077e-01	2.558980e-14	1.009088e-01	2.140059e-01	7.976909e-01	1.015730e+00	9.157403e+00	4.804334e-02	3.893822e-02	3.685563e-01	1.420024e-02	2.020295e-02	8.413621e+00	1.518215e-01	2.544624e-01	8.644623e-01	1.175277e-01	1.613060e-01	1.872579e+00	9.292846e-01	1.599681e-07	
3.864173e-01	0.000000e+00	1.008581e-01	2.126383e-01	8.002253e-01	1.012478e+00	9.206109e+00	4.845712e-02	3.904850e-02	3.687212e-01	1.421642e-02	2.026424e-02	8.418436e+00	1.527060e-01	2.529712e-01	8.620646e-01	1.177572e-01	1.604972e-01	1.868017e+00	9.282477e-01	-4.753658e-06	
3.864029e-01	8.432867e-13	1.003833e-01	2.163971e-01	7.995063e-01	1.009951e+00	9.220174e+00	4.877959e-02	3.919749e-02	3.703875e-01	1.423325e-02	2.022091e-02	8.453199e+00	1.524104e-01	2.539867e-01	8.632190e-01	1.178209e-01	1.598583e-01	1.880247e+00	9.296842e-01	9.183064e-07	
3.864175e-01	0.000000e+00	1.015911e-01	2.124073e-01	8.018166e-01	1.013428e+00	9.196612e+00	4.830716e-02	3.924691e-02	3.685394e-01	1.422323e-02	2.018461e-02	8.411950e+00	1.519125e-01	2.547233e-01	8.629070e-01	1.173879e-01	1.612976e-01	1.876509e+00	9.284296e-01	-4.260738e-06	
3.864176e-01	0.000000e+00	9.949905e-02	2.153859e-01	8.015809e-01	1.011197e+00	9.228038e+00	4.841022e-02	3.912503e-02	3.711528e-01	1.427507e-02	2.016153e-02	8.457823e+00	1.528605e-01	2.554719e-01	8.614081e-01	1.173979e-01	1.611264e-01	1.872586e+00	9.309577e-01	-3.486422e-06	
3.864064e-01	2.800672e-12	1.008942e-01	2.139277e-01	8.021370e-01	1.011138e+00	9.268041e+00	4.853623e-02	3.897730e-02	3.708103e-01	1.429493e-02	2.017491e-02	8.456759e+00	1.528069e-01	2.553231e-01	8.627563e-01	1.175137e-01	1.609385e-01	1.877554e+00	9.296710e-01	1.673521e-06	
3.864176e-01	0.000000e+00	1.013115e-01	2.136626e-01	8.044382e-01	1.012613e+00	9.258616e+00	4.853471e-02	3.922483e-02	3.695906e-01	1.424077e-02	2.021828e-02	8.430967e+00	1.529752e-01	2.539241e-01	8.597872e-01	1.176248e-01	1.602247e-01	1.874900e+00	9.268283e-01	-7.145586e-06	
3.864070e-01	3.675100e-12	1.004604e-01	2.137821e-01	7.994560e-01	1.013632e+00	9.169782e+00	4.827620e-02	3.911042e-02	3.678861e-01	1.416385e-02	2.011980e-02	8.376613e+00	1.521256e-01	2.542248e-01	8.585841e-01	1.175057e-01	1.607005e-01	1.875710e+00	9.258665e-01	1.917055e-06	
3.864176e-01	0.000000e+00	1.005003e-01	2.158227e-01	7.972487e-01	1.014513e+00	9.158910e+00	4.821480e-02	3.900457e-02	3.697961e-01	1.422701e-02	2.016061e-02	8.443464e+00	1.518884e-01	2.536694e-01	8.664085e-01	1.173967e-01	1.602850e-01	1.870242e+00	9.321891e-01	-1.784317e-06	
3.864177e-01	0.000000e+00	1.025319e-01	2.165041e-01	8.026691e-01	1.015349e+00	9.255551e+00	4.838553e-02	3.916497e-02	3.695314e-01	1.423688e-02	2.027384e-02	8.444076e+00	1.525077e-01	2.540047e-01	8.625611e-01	1.176649e-01	1.605782e-01	1.875176e+00	9.275355e-01	-2.222019e-06	
3.864178e-01	0.000000e+00	1.010413e-01	2.116515e-01	7.964296e-01	1.009273e+00	9.172560e+00	4.841337e-02	3.885539e-02	3.689035e-01	1.421652e-02	2.018033e-02	8.412145e+00	1.523660e-01	2.547492e-01	8.664749e-01	1.175283e-01	1.607696e-01	1.885818e+00	9.295895e-01	-6.861573e-06	
3.864074e-01	2.493682e-13	1.007012e-01	2.136449e-01	8.001196e-01	1.011069e+00	9.195460e+00	4.825953e-02	3.890989e-02	3.692944e-01	1.423290e-02	2.017148e-02	8.421037e+00	1.515417e-01	2.554140e-01	8.609421e-01	1.175846e-01	1.605942e-01	1.884096e+00	9.305989e-01	4.993678e-07	
3.864180e-01	0.000000e+00	1.006552e-01	2.131057e-01	7.995625e-01	1.010948e+00	9.219088e+00	4.864351e-02	3.912610e-02	3.709127e-01	1.428894e-02	2.022174e-02	8.468935e+00	1.517173e-01	2.529138e-01	8.640720e-01	1.179143e-01	1.601590e-01	1.875479e+00	9.283363e-01	-6.543887e-06	
3.864180e-01	0.000000e+00	1.008235e-01	2.136048e-01	8.020136e-01	1.014195e+00	9.201346e+00	4.827594e-02	3.918020e-02	3.689384e-01	1.418158e-02	2.022393e-02	8.415329e+00	1.528450e-01	2.542048e-01	8.647470e-01	1.172753e-01	1.605496e-01	1.880572e+00	9.248715e-01	-7.201198e-06	
3.864181e-01	0.000000e+00	9.989356e-02	2.132153e-01	8.020916e-01	1.016867e+00	9.208563e+00	4.831241e-02	3.936957e-02	3.701158e-01	1.425086e-02	2.014598e-02	8.437374e+00	1.524333e-01	2.527961e-01	8.609248e-01	1.172397e-01	1.603790e-01	1.865834e+00	9.234534e-01	-3.380363e-06	
3.864181e-01	0.000000e+00	1.009664e-01	2.150726e-01	8.019986e-01	1.004859e+00	9.252799e+00	4.886639e-02	3.901204e-02	3.701406e-01	1.425900e-02	2.028720e-02	8.455877e+00	1.525721e-01	2.542852e-01	8.592910e-01	1.175630e-01	1.602685e-01	1.876793e+00	9.283176e-01	-5.279605e-06	
3.864183e-01	0.000000e+00	1.006201e-01	2.156947e-01	8.014195e-01	1.015925e+00	9.204017e+00	4.825297e-02	3.906196e-02	3.684171e-01	1.417868e-02	2.029129e-02	8.414978e+00	1.522538e-01	2.544442e-01	8.626487e-01	1.176652e-01	1.608296e-01	1.873374e+00	9.297294e-01	-4.494485e-06	
3.864185e-01	0.000000e+00	1.006718e-01	2.141345e-01	7.978936e-01	1.010069e+00	9.149263e+00	4.845881e-02	3.933105e-02	3.699915e-01	1.421568e-02	2.008082e-02	8.422790e+00	1.517196e-01	2.544399e-01	8.620875e-01	1.174090e-01	1.601893e-01	1.885165e+00	9.274455e-01	-4.732562e-06	
3.864201e-01	0.000000e+00	1.007092e-01	2.176075e-01	7.993586e-01	1.008883e+00	9.218889e+00	4.857140e-02	3.888539e-02	3.704531e-01	1.425300e-02	2.014144e-02	8.444341e+00	1.522694e-01	2.567116e-01	8.609149e-01	1.170202e-01	1.608664e-01	1.885004e+00	9.300297e-01	-4.380119e-06	
3.864005e-01	7.941476e-11	1.000882e-01	2.150631e-01	7.999911e-01	1.007031e+00	9.226517e+00	4.850807e-02	3.882421e-02	3.694774e-01	1.419719e-02	2.021576e-02	8.418126e+00	1.517839e-01	2.560546e-01	8.574905e-01	1.173951e-01	1.601188e-01	1.890095e+00	9.256188e-01	8.911496e-06	
3.864211e-01	0.000000e+00	1.004449e-01	2.132482e-01	8.012117e-01	1.012484e+00	9.226161e+00	4.822712e-02	3.880576e-02	3.700386e-01	1.423547e-02	2.019257e-02	8.434748e+00	1.532800e-01	2.543661e-01	8.628633e-01	1.175344e-01	1.604388e-01	1.876016e+00	9.276301e-01	-1.055752e-05	
3.864057e-01	1.110697e-12	9.998174e-02	2.150838e-01	8.004648e-01	1.011997e+00	9.174972e+00	4.838617e-02	3.932873e-02	3.696029e-01	1.421302e-02	2.018001e-02	8.431382e+00	1.520952e-01	2.532296e-01	8.634592e-01	1.174442e-01	1.603391e-01	1.868467e+00	9.305888e-01	1.053896e-06	
3.864212e-01	0.000000e+00	9.995513e-02	2.130368e-01	7.962262e-01	1.011625e+00	9.152091e+00	4.828956e-02	3.883128e-02	3.693468e-01	1.421202e-02	2.013972e-02	8.417922e+00	1.524965e-01	2.532380e-01	8.662912e-01	1.177877e-01	1.608704e-01	1.872287e+00	9.303084e-01	-3.863533e-06	
3.864220e-01	0.000000e+00	1.012994e-01	2.147706e-01	8.018274e-01	1.013200e+00	9.228750e+00	4.858618e-02	3.932992e-02	3.711358e-01	1.427781e-02	2.027750e-02	8.479453e+00	1.523474e-01	2.549102e-01	8.616810e-01	1.176138e-01	1.603950e-01	1.883789e+00	9.250864e-01	-9.217948e-06	
3.864104e-01	2.863397e-13	1.010637e-01	2.152212e-01	8.006474e-01	1.010541e+00	9.229121e+00	4.875254e-02	3.920221e-02	3.691734e-01	1.421759e-02	2.019600e-02	8.427260e+00	1.523997e-01	2.546992e-01	8.646515e-01	1.179672e-01	1.603322e-01	1.879428e+00	9.347542e-01	5.351072e-07	
3.864104e-01	3.068609e-13	1.012582e-01	2.136425e-01	8.021600e-01	1.013452e+00	9.237780e+00	4.830641e-02	3.899839e-02	3.691418e-01	1.422806e-02	2.035010e-02	8.437318e+00	1.533867e-01	2.535501e-01	8.676896e-01	1.178734e-01	1.606330e-01	1.877929e+00	9.312228e-01	5.539502e-07	
3.864099e-01	3.998606e-13	1.005383e-01	2.164499e-01	8.025226e-01	1.013934e+00	9.215358e+00	4.846635e-02	3.950828e-02	3.716636e-01	1.429268e-02	2.024484e-02	8.489830e+00	1.525187e-01	2.555714e-01	8.610029e-01	1.173324e-01	1.615671e-01	1.879423e+00	9.236119e-01	6.323453e-07	
3.864222e-01	0.000000e+00	1.007822e-01	2.139179e-01	8.006631e-01	1.015058e+00	9.186365e+00	4.842682e-02	3.944916e-02	3.721793e-01	1.433006e-02	2.016210e-02	8.498704e+00	1.519453e-01	2.538016e-01	8.621868e-01	1.177395e-01	1.606545e-01	1.871643e+00	9.274183e-01	-8.549547e-06	
3.864223e-01	0.000000e+00	1.015797e-01	2.149996e-01	8.014808e-01	1.010259e+00	9.248887e+00	4.855680e-02	3.906733e-02	3.699371e-01	1.426072e-02	2.022010e-02	8.454333e+00	1.523727e-01	2.530615e-01	8.667499e-01	1.177115e-01	1.604354e-01	1.863400e+00	9.354934e-01	-1.727288e-06	
3.864226e-01	0.000000e+00	1.011163e-01	2.148924e-01	7.979952e-01	1.013073e+00	9.192742e+00	4.824436e-02	3.874883e-02	3.691287e-01	1.421257e-02	2.017336e-02	8.410839e+00	1.530706e-01	2.543010e-01	8.610089e-01	1.175449e-01	1.599197e-01	1.879073e+00	9.293987e-01	-5.941470e-06	
3.864046e-01	3.065843e-12	1.011812e-01	2.126861e-01	8.024413e-01	1.010966e+00	9.243745e+00	4.848809e-02	3.907015e-02	3.688380e-01	1.423325e-02	2.017440e-02	8.417322e+00	1.512917e-01	2.547128e-01	8.611039e-01	1.175410e-01	1.600056e-01	1.882514e+00	9.297412e-01	1.750955e-06	
3.864058e-01	4.211840e-12	1.014041e-01	2.140037e-01	7.989052e-01	1.009679e+00	9.182604e+00	4.851514e-02	3.908935e-02	3.696325e-01	1.425601e-02	2.017577e-02	8.433046e+00	1.521547e-01	2.538345e-01	8.615776e-01	1.175526e-01	1.600169e-01	1.871592e+00	9.335608e-01	2.052277e-06	
3.864085e-01	4.365832e-12	1.017459e-01	2.149691e-01	8.011812e-01	1.011854e+00	9.189484e+00	4.856098e-02	3.932446e-02	3.699388e-01	1.426059e-02	2.024691e-02	8.455156e+00	1.521662e-01	2.544811e-01	8.633548e-01	1.172985e-01	1.613898e-01	1.867348e+00	9.299997e-01	2.089457e-06	
3.864103e-01	3.396493e-12	1.004590e-01	2.163448e-01	8.017915e-01	1.007061e+00	9.273958e+00	4.894174e-02	3.916188e-02	3.698795e-01	1.421352e-02	2.015220e-02	8.436697e+00	1.516064e-01	2.545843e-01	8.584358e-01	1.176549e-01	1.601417e-01	1.887067e+00	9.218771e-01	1.842958e-06	
