f	phi	x(1)	x(2)	x(3)	x(4)	x(5)	x(6)	x(7)	x(8)	x(9)	x(10)	x(11)	x(12)	x(13)	x(14)	x(15)	x(16)	x(17)	x(18)	g(1)	
3.864036e-01	0.000000e+00	1.011001e-01	2.147679e-01	8.021758e-01	1.011996e+00	9.190258e+00	4.833006e-02	3.927816e-02	3.695264e-01	1.419857e-02	2.020817e-02	8.434565e+00	1.521310e-01	2.543860e-01	8.627431e-01	1.173364e-01	1.604909e-01	1.878704e+00	9.256775e-01	-2.168229e-07	
3.864042e-01	0.000000e+00	1.007905e-01	2.131562e-01	8.021356e-01	1.010953e+00	9.219407e+00	4.853538e-02	3.928203e-02	3.699348e-01	1.425058e-02	2.017572e-02	8.429649e+00	1.532336e-01	2.550556e-01	8.647917e-01	1.173961e-01	1.605024e-01	1.885633e+00	9.307997e-01	-8.762828e-07	
3.864046e-01	0.000000e+00	1.005932e-01	2.141402e-01	8.029646e-01	1.013197e+00	9.214547e+00	4.839241e-02	3.930753e-02	3.706461e-01	1.427975e-02	2.020547e-02	8.457291e+00	1.528596e-01	2.540365e-01	8.601400e-01	1.173396e-01	1.602415e-01	1.876263e+00	9.262159e-01	-2.091336e-07	
3.864049e-01	0.000000e+00	1.008536e-01	2.144612e-01	8.023991e-01	1.010538e+00	9.230630e+00	4.849137e-02	3.913155e-02	3.693681e-01	1.423446e-02	2.020596e-02	8.429381e+00	1.522309e-01	2.554515e-01	8.629234e-01	1.172145e-01	1.609204e-01	1.879185e+00	9.301824e-01	-4.312885e-07	
3.864051e-01	0.000000e+00	1.011927e-01	2.142117e-01	8.015860e-01	1.011692e+00	9.239713e+00	4.868135e-02	3.927569e-02	3.702596e-01	1.426505e-02	2.018530e-02	8.441227e+00	1.529195e-01	2.545343e-01	8.636930e-01	1.175120e-01	1.601824e-01	1.882122e+00	9.301057e-01	-2.423614e-06	
3.864052e-01	0.000000e+00	1.004459e-01	2.141754e-01	8.017681e-01	1.011471e+00	9.223688e+00	4.843167e-02	3.907275e-02	3.698385e-01	1.424248e-02	2.016748e-02	8.432773e+00	1.519283e-01	2.543062e-01	8.593762e-01	1.175315e-01	1.604011e-01	1.877773e+00	9.263333e-01	-9.938584e-07	
3.864060e-01	0.000000e+00	1.006090e-01	2.143539e-01	8.046109e-01	1.010157e+00	9.265067e+00	4.856748e-02	3.919168e-02	3.703974e-01	1.425150e-02	2.016467e-02	8.441548e+00	1.523482e-01	2.550584e-01	8.609759e-01	1.173573e-01	1.607631e-01	1.877257e+00	9.274502e-01	-1.623269e-07	
3.864061e-01	0.000000e+00	1.000817e-01	2.136864e-01	7.998506e-01	1.012541e+00	9.186878e+00	4.841344e-02	3.920955e-02	3.710331e-01	1.429254e-02	2.020756e-02	8.468815e+00	1.526444e-01	2.551540e-01	8.608041e-01	1.174127e-01	1.606555e-01	1.879503e+00	9.271958e-01	-2.061115e-06	
3.864062e-01	0.000000e+00	1.004253e-01	2.134394e-01	8.021419e-01	1.011042e+00	9.207916e+00	4.852191e-02	3.931207e-02	3.696315e-01	1.423070e-02	2.022680e-02	8.436003e+00	1.526060e-01	2.551998e-01	8.656660e-01	1.171975e-01	1.609898e-01	1.877740e+00	9.307326e-01	-4.372440e-07	
3.864069e-01	0.000000e+00	1.004109e-01	2.142557e-01	8.005782e-01	1.010230e+00	9.204654e+00	4.857320e-02	3.919452e-02	3.720337e-01	1.428319e-02	2.025578e-02	8.490063e+00	1.529902e-01	2.543707e-01	8.658979e-01	1.174742e-01	1.607267e-01	1.875897e+00	9.274090e-01	-1.383295e-07	
3.864070e-01	0.000000e+00	1.008226e-01	2.142127e-01	8.001341e-01	1.012103e+00	9.215562e+00	4.852755e-02	3.920571e-02	3.706296e-01	1.426088e-02	2.021493e-02	8.461258e+00	1.526435e-01	2.561457e-01	8.668885e-01	1.172594e-01	1.605466e-01	1.890549e+00	9.294433e-01	-1.436982e-07	
3.864071e-01	0.000000e+00	1.003621e-01	2.156662e-01	8.008094e-01	1.011598e+00	9.178584e+00	4.845498e-02	3.942999e-02	3.703698e-01	1.424799e-02	2.020755e-02	8.451718e+00	1.525319e-01	2.537585e-01	8.603647e-01	1.174167e-01	1.601470e-01	1.875445e+00	9.277966e-01	-2.399183e-07	
3.864071e-01	0.000000e+00	1.003372e-01	2.148429e-01	7.971841e-01	1.010565e+00	9.172097e+00	4.842663e-02	3.906695e-02	3.707563e-01	1.429182e-02	2.023379e-02	8.468416e+00	1.526459e-01	2.550289e-01	8.620408e-01	1.173153e-01	1.608358e-01	1.882358e+00	9.273714e-01	-6.718325e-07	
3.864072e-01	0.000000e+00	1.007411e-01	2.140388e-01	8.024803e-01	1.015489e+00	9.198612e+00	4.823349e-02	3.922394e-02	3.700152e-01	1.423551e-02	2.015583e-02	8.435516e+00	1.515875e-01	2.542496e-01	8.634885e-01	1.174834e-01	1.601165e-01	1.878086e+00	9.299156e-01	-6.025750e-07	
3.864078e-01	0.000000e+00	1.004027e-01	2.141159e-01	7.991466e-01	1.014654e+00	9.205603e+00	4.850750e-02	3.920027e-02	3.707708e-01	1.427427e-02	2.019021e-02	8.459647e+00	1.524161e-01	2.535720e-01	8.642839e-01	1.177037e-01	1.588558e-01	1.886209e+00	9.299055e-01	-1.075409e-06	
3.864078e-01	0.000000e+00	1.008572e-01	2.150426e-01	8.039370e-01	1.012114e+00	9.218812e+00	4.844916e-02	3.937736e-02	3.698852e-01	1.425247e-02	2.010842e-02	8.434109e+00	1.515626e-01	2.540927e-01	8.599143e-01	1.175183e-01	1.602430e-01	1.875986e+00	9.302000e-01	-1.421929e-06	
3.864080e-01	0.000000e+00	1.013203e-01	2.139008e-01	8.010036e-01	1.011251e+00	9.185750e+00	4.857260e-02	3.952521e-02	3.699731e-01	1.422124e-02	2.022969e-02	8.439448e+00	1.527544e-01	2.534591e-01	8.606522e-01	1.175933e-01	1.606087e-01	1.868123e+00	9.260320e-01	-1.657022e-06	
3.864081e-01	0.000000e+00	1.009492e-01	2.137948e-01	7.982159e-01	1.011478e+00	9.207477e+00	4.866281e-02	3.906923e-02	3.700178e-01	1.425964e-02	2.026987e-02	8.443197e+00	1.537165e-01	2.539513e-01	8.649862e-01	1.175991e-01	1.607011e-01	1.875290e+00	9.294858e-01	-7.657786e-07	
3.864081e-01	0.000000e+00	1.008913e-01	2.143484e-01	8.003725e-01	1.011512e+00	9.190184e+00	4.860812e-02	3.934061e-02	3.713093e-01	1.429077e-02	2.019235e-02	8.468360e+00	1.527755e-01	2.545075e-01	8.635418e-01	1.174256e-01	1.599403e-01	1.883615e+00	9.297683e-01	-1.206068e-06	
3.864082e-01	0.000000e+00	1.011015e-01	2.137844e-01	7.993564e-01	1.010017e+00	9.186137e+00	4.847045e-02	3.918912e-02	3.700905e-01	1.425771e-02	2.022226e-02	8.450146e+00	1.524749e-01	2.550577e-01	8.615926e-01	1.171516e-01	1.616361e-01	1.870243e+00	9.262111e-01	-2.823755e-08	
3.864031e-01	3.248129e-12	1.003693e-01	2.135992e-01	8.009776e-01	1.009756e+00	9.199374e+00	4.862147e-02	3.930347e-02	3.695461e-01	1.424124e-02	2.015389e-02	8.427978e+00	1.523806e-01	2.544700e-01	8.620889e-01	1.173389e-01	1.608409e-01	1.874712e+00	9.293194e-01	1.802257e-06	
3.864083e-01	0.000000e+00	1.011694e-01	2.146539e-01	7.992210e-01	1.011288e+00	9.207791e+00	4.865924e-02	3.918292e-02	3.693522e-01	1.422679e-02	2.021380e-02	8.418816e+00	1.532125e-01	2.538780e-01	8.634488e-01	1.173491e-01	1.599875e-01	1.875651e+00	9.310263e-01	-9.860489e-07	
3.864085e-01	0.000000e+00	1.007878e-01	2.150511e-01	7.980810e-01	1.009797e+00	9.202501e+00	4.874689e-02	3.920042e-02	3.711751e-01	1.431310e-02	2.020690e-02	8.469938e+00	1.522201e-01	2.543513e-01	8.619242e-01	1.172460e-01	1.601224e-01	1.879546e+00	9.295013e-01	-6.072383e-07	
3.864085e-01	0.000000e+00	1.007143e-01	2.149309e-01	7.986456e-01	1.009444e+00	9.190360e+00	4.864006e-02	3.915513e-02	3.714873e-01	1.429056e-02	2.016343e-02	8.465859e+00	1.525669e-01	2.551141e-01	8.624811e-01	1.171717e-01	1.605980e-01	1.876930e+00	9.294958e-01	-1.855985e-06	
3.864085e-01	0.000000e+00	1.010003e-01	2.131540e-01	7.993166e-01	1.011470e+00	9.153989e+00	4.845425e-02	3.945592e-02	3.698331e-01	1.421431e-02	2.015102e-02	8.429274e+00	1.526579e-01	2.540439e-01	8.635516e-01	1.174755e-01	1.604283e-01	1.873460e+00	9.292545e-01	-8.592358e-07	
3.864086e-01	0.000000e+00	1.005239e-01	2.138123e-01	8.015486e-01	1.013928e+00	9.210571e+00	4.831447e-02	3.916083e-02	3.698319e-01	1.423063e-02	2.016414e-02	8.431087e+00	1.518298e-01	2.559011e-01	8.650655e-01	1.170887e-01	1.609692e-01	1.884624e+00	9.282374e-01	-3.856215e-07	
3.864086e-01	0.000000e+00	1.004760e-01	2.134490e-01	8.026823e-01	1.012085e+00	9.214369e+00	4.844782e-02	3.929459e-02	3.702206e-01	1.426126e-02	2.020162e-02	8.441413e+00	1.533252e-01	2.549175e-01	8.595656e-01	1.171975e-01	1.602093e-01	1.881569e+00	9.260435e-01	-1.385470e-06	
3.864086e-01	0.000000e+00	9.988033e-02	2.141127e-01	8.005231e-01	1.011447e+00	9.196687e+00	4.840066e-02	3.916705e-02	3.701105e-01	1.424490e-02	2.026417e-02	8.455327e+00	1.522371e-01	2.553440e-01	8.650285e-01	1.172856e-01	1.606922e-01	1.882636e+00	9.296619e-01	-2.907306e-06	
3.864087e-01	0.000000e+00	1.001767e-01	2.150304e-01	7.991100e-01	1.011727e+00	9.168144e+00	4.846060e-02	3.930354e-02	3.694686e-01	1.419092e-02	2.012274e-02	8.414775e+00	1.521135e-01	2.547465e-01	8.638734e-01	1.171884e-01	1.601349e-01	1.883183e+00	9.288485e-01	-3.952268e-08	
3.864087e-01	0.000000e+00	1.008522e-01	2.131027e-01	8.000240e-01	1.012096e+00	9.196934e+00	4.847693e-02	3.911315e-02	3.702478e-01	1.426866e-02	2.028435e-02	8.458234e+00	1.531488e-01	2.548175e-01	8.662693e-01	1.171930e-01	1.601311e-01	1.884088e+00	9.297237e-01	-3.281571e-06	
3.864087e-01	0.000000e+00	1.008972e-01	2.142191e-01	7.998529e-01	1.010713e+00	9.201057e+00	4.850962e-02	3.919279e-02	3.697278e-01	1.423591e-02	2.014622e-02	8.423300e+00	1.525714e-01	2.546294e-01	8.612644e-01	1.175140e-01	1.611854e-01	1.874122e+00	9.284159e-01	-3.013769e-06	
3.864087e-01	0.000000e+00	1.006956e-01	2.136155e-01	7.999995e-01	1.011287e+00	9.188875e+00	4.855030e-02	3.925749e-02	3.708431e-01	1.425814e-02	2.025322e-02	8.472484e+00	1.523854e-01	2.542192e-01	8.644056e-01	1.176975e-01	1.606658e-01	1.879594e+00	9.259226e-01	-2.162296e-06	
3.864089e-01	0.000000e+00	1.006423e-01	2.149081e-01	7.996846e-01	1.009748e+00	9.211870e+00	4.886497e-02	3.931352e-02	3.709212e-01	1.425414e-02	2.023478e-02	8.461487e+00	1.529570e-01	2.551477e-01	8.677150e-01	1.173330e-01	1.607009e-01	1.881031e+00	9.309828e-01	-2.042264e-06	
3.864089e-01	0.000000e+00	1.005794e-01	2.141013e-01	8.020739e-01	1.011971e+00	9.253339e+00	4.873066e-02	3.925286e-02	3.708271e-01	1.430214e-02	2.019872e-02	8.465038e+00	1.516961e-01	2.535363e-01	8.637188e-01	1.177398e-01	1.598606e-01	1.874316e+00	9.328454e-01	-7.652417e-07	
3.864090e-01	0.000000e+00	1.007739e-01	2.138458e-01	7.954473e-01	1.012102e+00	9.156608e+00	4.853095e-02	3.910696e-02	3.704827e-01	1.426745e-02	2.017765e-02	8.445144e+00	1.527252e-01	2.540353e-01	8.619653e-01	1.175405e-01	1.608230e-01	1.870685e+00	9.282511e-01	-1.542044e-06	
3.864090e-01	0.000000e+00	1.007645e-01	2.139408e-01	8.001317e-01	1.014212e+00	9.190643e+00	4.835142e-02	3.924934e-02	3.691445e-01	1.421774e-02	2.021572e-02	8.419718e+00	1.524040e-01	2.544025e-01	8.616624e-01	1.177672e-01	1.611548e-01	1.875316e+00	9.281890e-01	-2.339140e-06	
3.864090e-01	0.000000e+00	1.003433e-01	2.143751e-01	7.995042e-01	1.010118e+00	9.180419e+00	4.863792e-02	3.925880e-02	3.692597e-01	1.421760e-02	2.019020e-02	8.420498e+00	1.524529e-01	2.544426e-01	8.646101e-01	1.171987e-01	1.602590e-01	1.881916e+00	9.306594e-01	-3.290296e-07	
3.864090e-01	0.000000e+00	1.013920e-01	2.134162e-01	8.038722e-01	1.009579e+00	9.245588e+00	4.872153e-02	3.933052e-02	3.689575e-01	1.422486e-02	2.022633e-02	8.417971e+00	1.527507e-01	2.542573e-01	8.619949e-01	1.171746e-01	1.612598e-01	1.870566e+00	9.268194e-01	-5.763615e-07	
3.864090e-01	0.000000e+00	1.004787e-01	2.139535e-01	7.983023e-01	1.010678e+00	9.146988e+00	4.823906e-02	3.917841e-02	3.699520e-01	1.422525e-02	2.013484e-02	8.431392e+00	1.522493e-01	2.550652e-01	8.654164e-01	1.175351e-01	1.607947e-01	1.881372e+00	9.328807e-01	-1.256000e-06	
3.864091e-01	0.000000e+00	1.006039e-01	2.143475e-01	8.007716e-01	1.011523e+00	9.223672e+00	4.853836e-02	3.905594e-02	3.707498e-01	1.429745e-02	2.022096e-02	8.462872e+00	1.529146e-01	2.544138e-01	8.602954e-01	1.171188e-01	1.602437e-01	1.877400e+00	9.257818e-01	-2.000936e-06	
3.864091e-01	0.000000e+00	1.009389e-01	2.140918e-01	7.983740e-01	1.012328e+00	9.184914e+00	4.859752e-02	3.921834e-02	3.704398e-01	1.422859e-02	2.021946e-02	8.442720e+00	1.526364e-01	2.540245e-01	8.666991e-01	1.177635e-01	1.604802e-01	1.876381e+00	9.309160e-01	-8.935004e-07	
3.864091e-01	0.000000e+00	1.013587e-01	2.146345e-01	7.999074e-01	1.009886e+00	9.226563e+00	4.872663e-02	3.913496e-02	3.686494e-01	1.420497e-02	2.020326e-02	8.405054e+00	1.524105e-01	2.543302e-01	8.615777e-01	1.173630e-01	1.606821e-01	1.874564e+00	9.285948e-01	-1.422431e-06	
3.864092e-01	0.000000e+00	1.007595e-01	2.143829e-01	7.992147e-01	1.011340e+00	9.175606e+00	4.843520e-02	3.922400e-02	3.690142e-01	1.420378e-02	2.012915e-02	8.405232e+00	1.519014e-01	2.554032e-01	8.624643e-01	1.171245e-01	1.609994e-01	1.874560e+00	9.314479e-01	-2.039892e-07	
3.864093e-01	0.000000e+00	1.009205e-01	2.134183e-01	8.015297e-01	1.014746e+00	9.183962e+00	4.832608e-02	3.941472e-02	3.692268e-01	1.423145e-02	2.017099e-02	8.427351e+00	1.521381e-01	2.553475e-01	8.634938e-01	1.171926e-01	1.609226e-01	1.877407e+00	9.299682e-01	-6.895505e-07	
3.864094e-01	0.000000e+00	1.007008e-01	2.136127e-01	7.979730e-01	1.011338e+00	9.173641e+00	4.848438e-02	3.918087e-02	3.707098e-01	1.427787e-02	2.022062e-02	8.451373e+00	1.533286e-01	2.542497e-01	8.650163e-01	1.175126e-01	1.603520e-01	1.881122e+00	9.312569e-01	-9.791480e-07	
3.864094e-01	0.000000e+00	1.008465e-01	2.137380e-01	7.986470e-01	1.013928e+00	9.153822e+00	4.839698e-02	3.931548e-02	3.704817e-01	1.424946e-02	2.021054e-02	8.446410e+00	1.526496e-01	2.546706e-01	8.644702e-01	1.175666e-01	1.610647e-01	1.875374e+00	9.299502e-01	-2.358888e-06	
3.864094e-01	0.000000e+00	1.009114e-01	2.135893e-01	8.026934e-01	1.009938e+00	9.254748e+00	4.900884e-02	3.944665e-02	3.681449e-01	1.417948e-02	2.010528e-02	8.377608e+00	1.528139e-01	2.545290e-01	8.604470e-01	1.174687e-01	1.607550e-01	1.872392e+00	9.290148e-01	-1.307318e-06	
3.864094e-01	0.000000e+00	1.008424e-01	2.141421e-01	7.976690e-01	1.012344e+00	9.179545e+00	4.859767e-02	3.922846e-02	3.702267e-01	1.426100e-02	2.020934e-02	8.450002e+00	1.522954e-01	2.545997e-01	8.666846e-01	1.172652e-01	1.599408e-01	1.884557e+00	9.313462e-01	-5.563116e-06	
3.864095e-01	0.000000e+00	1.007596e-01	2.146054e-01	7.988401e-01	1.012934e+00	9.165884e+00	4.836692e-02	3.923845e-02	3.701306e-01	1.425070e-02	2.019131e-02	8.447082e+00	1.520897e-01	2.546276e-01	8.627599e-01	1.170861e-01	1.604634e-01	1.878535e+00	9.273697e-01	-1.976293e-06	
3.864095e-01	0.000000e+00	1.009192e-01	2.133916e-01	7.999347e-01	1.011284e+00	9.216610e+00	4.865124e-02	3.924868e-02	3.691048e-01	1.423137e-02	2.015516e-02	8.416209e+00	1.518892e-01	2.545206e-01	8.637732e-01	1.176274e-01	1.600269e-01	1.886790e+00	9.309480e-01	-3.816326e-06	
3.864095e-01	0.000000e+00	9.994806e-02	2.144091e-01	7.990028e-01	1.013916e+00	9.165555e+00	4.829254e-02	3.917656e-02	3.709709e-01	1.428377e-02	2.017511e-02	8.462192e+00	1.519707e-01	2.550526e-01	8.604800e-01	1.176234e-01	1.603119e-01	1.885884e+00	9.279884e-01	-2.903788e-06	
3.864095e-01	0.000000e+00	1.000873e-01	2.135102e-01	7.995340e-01	1.012596e+00	9.191120e+00	4.837212e-02	3.909616e-02	3.709477e-01	1.427969e-02	2.016260e-02	8.461578e+00	1.515234e-01	2.548184e-01	8.631204e-01	1.175335e-01	1.605572e-01	1.880301e+00	9.288040e-01	-3.490228e-06	
3.864088e-01	6.574229e-15	1.013943e-01	2.129224e-01	8.004017e-01	1.013976e+00	9.178790e+00	4.846333e-02	3.946539e-02	3.691843e-01	1.424564e-02	2.024595e-02	8.430803e+00	1.522094e-01	2.528547e-01	8.615415e-01	1.173024e-01	1.598277e-01	1.870341e+00	9.283560e-01	8.108162e-08	
3.864095e-01	0.000000e+00	1.004244e-01	2.134095e-01	8.023476e-01	1.014758e+00	9.208291e+00	4.839952e-02	3.932865e-02	3.698102e-01	1.422205e-02	2.005951e-02	8.414331e+00	1.518835e-01	2.544020e-01	8.612094e-01	1.176462e-01	1.603471e-01	1.877264e+00	9.285368e-01	-2.221655e-06	
3.864072e-01	1.511709e-13	1.008171e-01	2.141112e-01	8.041098e-01	1.010757e+00	9.256932e+00	4.870490e-02	3.939050e-02	3.695414e-01	1.424198e-02	2.014685e-02	8.427243e+00	1.519943e-01	2.539218e-01	8.649769e-01	1.176826e-01	1.599962e-01	1.879582e+00	9.338819e-01	3.888071e-07	
3.864096e-01	0.000000e+00	1.004670e-01	2.130802e-01	7.969207e-01	1.011981e+00	9.158340e+00	4.853215e-02	3.925654e-02	3.695651e-01	1.421043e-02	2.020965e-02	8.427623e+00	1.529315e-01	2.555533e-01	8.662837e-01	1.174641e-01	1.617167e-01	1.874714e+00	9.299011e-01	-2.478185e-06	
3.864098e-01	0.000000e+00	1.005917e-01	2.149015e-01	8.035373e-01	1.012417e+00	9.243746e+00	4.838437e-02	3.907836e-02	3.699166e-01	1.424472e-02	2.024773e-02	8.454446e+00	1.517010e-01	2.543011e-01	8.626629e-01	1.176675e-01	1.604143e-01	1.881571e+00	9.271861e-01	-2.883753e-06	
3.864099e-01	0.000000e+00	1.010212e-01	2.134880e-01	8.038993e-01	1.008139e+00	9.244772e+00	4.879198e-02	3.949606e-02	3.698871e-01	1.424512e-02	2.020669e-02	8.431163e+00	1.535585e-01	2.535517e-01	8.624102e-01	1.176420e-01	1.602557e-01	1.876519e+00	9.300559e-01	-7.277804e-07	
3.864100e-01	0.000000e+00	1.004405e-01	2.135145e-01	8.032945e-01	1.013878e+00	9.202556e+00	4.819137e-02	3.924713e-02	3.707731e-01	1.426250e-02	2.019248e-02	8.448905e+00	1.530841e-01	2.548102e-01	8.632375e-01	1.173013e-01	1.602446e-01	1.883425e+00	9.286195e-01	-3.130957e-06	
3.864101e-01	0.000000e+00	1.010925e-01	2.143636e-01	8.005227e-01	1.014436e+00	9.217452e+00	4.866330e-02	3.950124e-02	3.713942e-01	1.430112e-02	2.012806e-02	8.464160e+00	1.525469e-01	2.534641e-01	8.632110e-01	1.175801e-01	1.605330e-01	1.868404e+00	9.290399e-01	-2.415922e-06	
3.864101e-01	0.000000e+00	9.943461e-02	2.134021e-01	7.988977e-01	1.011362e+00	9.179587e+00	4.852363e-02	3.922000e-02	3.706598e-01	1.428591e-02	2.016691e-02	8.455870e+00	1.527086e-01	2.549588e-01	8.613615e-01	1.171887e-01	1.604768e-01	1.878669e+00	9.282334e-01	-3.897184e-06	
3.864101e-01	0.000000e+00	1.014978e-01	2.142864e-01	7.994975e-01	1.010982e+00	9.189020e+00	4.865974e-02	3.932476e-02	3.684563e-01	1.418499e-02	2.016954e-02	8.405629e+00	1.519266e-01	2.528839e-01	8.622233e-01	1.177236e-01	1.597021e-01	1.871031e+00	9.306987e-01	-1.744214e-06	
3.864101e-01	0.000000e+00	1.001201e-01	2.139850e-01	8.029876e-01	1.012821e+00	9.198900e+00	4.829694e-02	3.930290e-02	3.710194e-01	1.425391e-02	2.010449e-02	8.459837e+00	1.511823e-01	2.544634e-01	8.634808e-01	1.176066e-01	1.606108e-01	1.881129e+00	9.269310e-01	-2.051937e-06	
3.864102e-01	0.000000e+00	1.009168e-01	2.140184e-01	7.972240e-01	1.013950e+00	9.161696e+00	4.830634e-02	3.909735e-02	3.698592e-01	1.424625e-02	2.022056e-02	8.444358e+00	1.528736e-01	2.544414e-01	8.626900e-01	1.175714e-01	1.608076e-01	1.880141e+00	9.257894e-01	-3.250544e-06	
3.864102e-01	0.000000e+00	1.011530e-01	2.131193e-01	7.968246e-01	1.014695e+00	9.167469e+00	4.845986e-02	3.922292e-02	3.705687e-01	1.429685e-02	2.017084e-02	8.453814e+00	1.521584e-01	2.549135e-01	8.658101e-01	1.175466e-01	1.607068e-01	1.881523e+00	9.321192e-01	-3.167575e-06	
3.864103e-01	0.000000e+00	1.004926e-01	2.136657e-01	7.984693e-01	1.011463e+00	9.171087e+00	4.830621e-02	3.906638e-02	3.701060e-01	1.422830e-02	2.023826e-02	8.447933e+00	1.520115e-01	2.546018e-01	8.647963e-01	1.175744e-01	1.610359e-01	1.873760e+00	9.294132e-01	-1.333625e-06	
3.864103e-01	0.000000e+00	1.000000e-01	2.147005e-01	7.995912e-01	1.013891e+00	9.208832e+00	4.841245e-02	3.902137e-02	3.702539e-01	1.426756e-02	2.020255e-02	8.453369e+00	1.528194e-01	2.548232e-01	8.634809e-01	1.173088e-01	1.604947e-01	1.879973e+00	9.279611e-01	-6.728533e-07	
3.864104e-01	0.000000e+00	1.010907e-01	2.140079e-01	8.019292e-01	1.008434e+00	9.230901e+00	4.874925e-02	3.923374e-02	3.688662e-01	1.419002e-02	2.020004e-02	8.416254e+00	1.523325e-01	2.540425e-01	8.662870e-01	1.175906e-01	1.597614e-01	1.883046e+00	9.321442e-01	-2.190828e-06	
3.864104e-01	0.000000e+00	1.000563e-01	2.135928e-01	8.002199e-01	1.012460e+00	9.226670e+00	4.872723e-02	3.933588e-02	3.709412e-01	1.428855e-02	2.023050e-02	8.457452e+00	1.536897e-01	2.539118e-01	8.620494e-01	1.176607e-01	1.601599e-01	1.873043e+00	9.299191e-01	-1.202212e-06	
3.864105e-01	0.000000e+00	1.010012e-01	2.135026e-01	7.975275e-01	1.012893e+00	9.154866e+00	4.839506e-02	3.923599e-02	3.699659e-01	1.424379e-02	2.019026e-02	8.436083e+00	1.529208e-01	2.538689e-01	8.634165e-01	1.175441e-01	1.613040e-01	1.868569e+00	9.281154e-01	-2.381860e-06	
3.864106e-01	0.000000e+00	1.005124e-01	2.144484e-01	7.999764e-01	1.011202e+00	9.194335e+00	4.851603e-02	3.921250e-02	3.708894e-01	1.427416e-02	2.026738e-02	8.469083e+00	1.529762e-01	2.543224e-01	8.624493e-01	1.173775e-01	1.597928e-01	1.891093e+00	9.243970e-01	-4.075333e-06	
3.864106e-01	0.000000e+00	1.007734e-01	2.150959e-01	8.015668e-01	1.015330e+00	9.202874e+00	4.839292e-02	3.935285e-02	3.698125e-01	1.424635e-02	2.021479e-02	8.448689e+00	1.516494e-01	2.548192e-01	8.634731e-01	1.175844e-01	1.593651e-01	1.889252e+00	9.316878e-01	-4.228120e-06	
3.864107e-01	0.000000e+00	1.010575e-01	2.143542e-01	8.010451e-01	1.013646e+00	9.162288e+00	4.832644e-02	3.937802e-02	3.685355e-01	1.419149e-02	2.011246e-02	8.394012e+00	1.528619e-01	2.551717e-01	8.608687e-01	1.171405e-01	1.610032e-01	1.874645e+00	9.296102e-01	-2.462438e-06	
3.864108e-01	0.000000e+00	1.004489e-01	2.142413e-01	8.003470e-01	1.009914e+00	9.205527e+00	4.863923e-02	3.924558e-02	3.701362e-01	1.423534e-02	2.015730e-02	8.437007e+00	1.518776e-01	2.549597e-01	8.702079e-01	1.174662e-01	1.603425e-01	1.887997e+00	9.354462e-01	-3.376244e-06	
3.864108e-01	0.000000e+00	1.007605e-01	2.134709e-01	7.969413e-01	1.011356e+00	9.155001e+00	4.847226e-02	3.919760e-02	3.697036e-01	1.423352e-02	2.017197e-02	8.431740e+00	1.519474e-01	2.556390e-01	8.627814e-01	1.171354e-01	1.617677e-01	1.873191e+00	9.273786e-01	-2.039699e-06	
3.864108e-01	0.000000e+00	1.003169e-01	2.131127e-01	7.953179e-01	1.012305e+00	9.147798e+00	4.835367e-02	3.907216e-02	3.698141e-01	1.424950e-02	2.017150e-02	8.433248e+00	1.518660e-01	2.555972e-01	8.655684e-01	1.170466e-01	1.610174e-01	1.881206e+00	9.302383e-01	-2.407065e-06	
3.864108e-01	0.000000e+00	1.003293e-01	2.130900e-01	7.991149e-01	1.013561e+00	9.164375e+00	4.831926e-02	3.923125e-02	3.693744e-01	1.424465e-02	2.030220e-02	8.440643e+00	1.535914e-01	2.560208e-01	8.597497e-01	1.171102e-01	1.617256e-01	1.878045e+00	9.236592e-01	-7.909834e-07	
3.864108e-01	0.000000e+00	9.966442e-02	2.140921e-01	8.013445e-01	1.011598e+00	9.224977e+00	4.849363e-02	3.915697e-02	3.717732e-01	1.431025e-02	2.020745e-02	8.481988e+00	1.533386e-01	2.543584e-01	8.599533e-01	1.174943e-01	1.600970e-01	1.880050e+00	9.251359e-01	-1.354461e-06	
3.864109e-01	0.000000e+00	1.006444e-01	2.137049e-01	7.994381e-01	1.011546e+00	9.196114e+00	4.860947e-02	3.932549e-02	3.711473e-01	1.428124e-02	2.021992e-02	8.459894e+00	1.537828e-01	2.541432e-01	8.637373e-01	1.173082e-01	1.604291e-01	1.874064e+00	9.286728e-01	-2.484964e-06	
3.864109e-01	0.000000e+00	1.004045e-01	2.133972e-01	8.031353e-01	1.014307e+00	9.248057e+00	4.841685e-02	3.919063e-02	3.699498e-01	1.426333e-02	2.015477e-02	8.431787e+00	1.525923e-01	2.559972e-01	8.621912e-01	1.174936e-01	1.612608e-01	1.888731e+00	9.267318e-01	-2.434426e-06	
3.864109e-01	0.000000e+00	9.974138e-02	2.142694e-01	8.018838e-01	1.010337e+00	9.224967e+00	4.859889e-02	3.916268e-02	3.708981e-01	1.427224e-02	2.014988e-02	8.454612e+00	1.524369e-01	2.552491e-01	8.628920e-01	1.172620e-01	1.610773e-01	1.878613e+00	9.278433e-01	-1.488742e-06	
3.864109e-01	0.000000e+00	1.011525e-01	2.131092e-01	8.018103e-01	1.017662e+00	9.205007e+00	4.832233e-02	3.943869e-02	3.692972e-01	1.423798e-02	2.023134e-02	8.420459e+00	1.535555e-01	2.545915e-01	8.611299e-01	1.176441e-01	1.608733e-01	1.874834e+00	9.282252e-01	-3.358554e-06	
3.864109e-01	0.000000e+00	1.012163e-01	2.149167e-01	8.032866e-01	1.013837e+00	9.251164e+00	4.873503e-02	3.947147e-02	3.703276e-01	1.427705e-02	2.020897e-02	8.442353e+00	1.533807e-01	2.541394e-01	8.624903e-01	1.175942e-01	1.604642e-01	1.873977e+00	9.315309e-01	-2.626401e-06	
3.864109e-01	0.000000e+00	1.004277e-01	2.134156e-01	8.001172e-01	1.013208e+00	9.200515e+00	4.863759e-02	3.933187e-02	3.694053e-01	1.423297e-02	2.018344e-02	8.422852e+00	1.525541e-01	2.545004e-01	8.654138e-01	1.173295e-01	1.607715e-01	1.874658e+00	9.313128e-01	-3.740793e-06	
3.864110e-01	0.000000e+00	9.996522e-02	2.140310e-01	7.962376e-01	1.011913e+00	9.159433e+00	4.845658e-02	3.913857e-02	3.712771e-01	1.428784e-02	2.025118e-02	8.482664e+00	1.521873e-01	2.550638e-01	8.632027e-01	1.174786e-01	1.611352e-01	1.875059e+00	9.274188e-01	-1.741452e-06	
3.864110e-01	0.000000e+00	1.012451e-01	2.149988e-01	8.007938e-01	1.009936e+00	9.214464e+00	4.869257e-02	3.931400e-02	3.697284e-01	1.423183e-02	2.020322e-02	8.432573e+00	1.528150e-01	2.546685e-01	8.652878e-01	1.170270e-01	1.607741e-01	1.875638e+00	9.300872e-01	-2.763614e-06	
3.864111e-01	0.000000e+00	1.001467e-01	2.142339e-01	8.028880e-01	1.012906e+00	9.225787e+00	4.850371e-02	3.934203e-02	3.711059e-01	1.430496e-02	2.026230e-02	8.478443e+00	1.527287e-01	2.543580e-01	8.599935e-01	1.174229e-01	1.596002e-01	1.883377e+00	9.272694e-01	-2.960699e-06	
3.864111e-01	0.000000e+00	1.008520e-01	2.124233e-01	8.036719e-01	1.013602e+00	9.234686e+00	4.835290e-02	3.919717e-02	3.691515e-01	1.423996e-02	2.019401e-02	8.423192e+00	1.527553e-01	2.546282e-01	8.621730e-01	1.176939e-01	1.606042e-01	1.876763e+00	9.306016e-01	-2.658868e-06	
3.864112e-01	0.000000e+00	1.008519e-01	2.138290e-01	7.981346e-01	1.009919e+00	9.213469e+00	4.880329e-02	3.920048e-02	3.697746e-01	1.424323e-02	2.021850e-02	8.436758e+00	1.529606e-01	2.551859e-01	8.637228e-01	1.172870e-01	1.605397e-01	1.876936e+00	9.302007e-01	-2.528120e-06	
3.864113e-01	0.000000e+00	1.003537e-01	2.148613e-01	8.004228e-01	1.009428e+00	9.196836e+00	4.850530e-02	3.920316e-02	3.708231e-01	1.424340e-02	2.023421e-02	8.459901e+00	1.521520e-01	2.550964e-01	8.611582e-01	1.175953e-01	1.611951e-01	1.874334e+00	9.275966e-01	-2.736232e-06	
3.864113e-01	0.000000e+00	1.005669e-01	2.147330e-01	7.980127e-01	1.011042e+00	9.168389e+00	4.849770e-02	3.922028e-02	3.711641e-01	1.426178e-02	2.013818e-02	8.466636e+00	1.514090e-01	2.538251e-01	8.641894e-01	1.176764e-01	1.607131e-01	1.872689e+00	9.286711e-01	-3.623209e-06	
3.864114e-01	0.000000e+00	9.985960e-02	2.143056e-01	8.002573e-01	1.010931e+00	9.225199e+00	4.862110e-02	3.914217e-02	3.711435e-01	1.428294e-02	2.019474e-02	8.472467e+00	1.531570e-01	2.539199e-01	8.649855e-01	1.175649e-01	1.600305e-01	1.877414e+00	9.293867e-01	-5.937715e-06	
3.864114e-01	0.000000e+00	1.008376e-01	2.141789e-01	7.995031e-01	1.015829e+00	9.190255e+00	4.830180e-02	3.911016e-02	3.701355e-01	1.428645e-02	2.018098e-02	8.455575e+00	1.511060e-01	2.543292e-01	8.613993e-01	1.175236e-01	1.607931e-01	1.871382e+00	9.293368e-01	-2.261657e-06	
3.864115e-01	0.000000e+00	1.001945e-01	2.142841e-01	7.938521e-01	1.010573e+00	9.134995e+00	4.856939e-02	3.902027e-02	3.701814e-01	1.426017e-02	2.014038e-02	8.432313e+00	1.527669e-01	2.553124e-01	8.628928e-01	1.171590e-01	1.614379e-01	1.873790e+00	9.299172e-01	-1.042164e-06	
3.864115e-01	0.000000e+00	1.010122e-01	2.145159e-01	7.977675e-01	1.013216e+00	9.178483e+00	4.836610e-02	3.916545e-02	3.707743e-01	1.425651e-02	2.021175e-02	8.455543e+00	1.523696e-01	2.539137e-01	8.609256e-01	1.175997e-01	1.604913e-01	1.877688e+00	9.239400e-01	-2.734791e-06	
3.864115e-01	0.000000e+00	1.004157e-01	2.146498e-01	7.973030e-01	1.014608e+00	9.177056e+00	4.854655e-02	3.929986e-02	3.709578e-01	1.428272e-02	2.034856e-02	8.478549e+00	1.532456e-01	2.540952e-01	8.658384e-01	1.177950e-01	1.601054e-01	1.883824e+00	9.298326e-01	-2.000173e-06	
3.864115e-01	0.000000e+00	1.008318e-01	2.146076e-01	8.015963e-01	1.011776e+00	9.230812e+00	4.868033e-02	3.927330e-02	3.705058e-01	1.427316e-02	2.015100e-02	8.452415e+00	1.519440e-01	2.545722e-01	8.644454e-01	1.171850e-01	1.604443e-01	1.876883e+00	9.298469e-01	-5.325894e-06	
3.864116e-01	0.000000e+00	9.932208e-02	2.142866e-01	7.975395e-01	1.007173e+00	9.178391e+00	4.859871e-02	3.912302e-02	3.704464e-01	1.421837e-02	2.012950e-02	8.433346e+00	1.528201e-01	2.544481e-01	8.647530e-01	1.173914e-01	1.607612e-01	1.876652e+00	9.292757e-01	-1.394432e-06	
3.864117e-01	0.000000e+00	1.011083e-01	2.137620e-01	7.978269e-01	1.008352e+00	9.177608e+00	4.857016e-02	3.914669e-02	3.705751e-01	1.427946e-02	2.023104e-02	8.459343e+00	1.525863e-01	2.550347e-01	8.622731e-01	1.169429e-01	1.607290e-01	1.878198e+00	9.271598e-01	-1.745443e-06	
3.864118e-01	0.000000e+00	1.010740e-01	2.132633e-01	8.027303e-01	1.014082e+00	9.238244e+00	4.854252e-02	3.935822e-02	3.705606e-01	1.428655e-02	2.017250e-02	8.457303e+00	1.522801e-01	2.540795e-01	8.675924e-01	1.174059e-01	1.598894e-01	1.884749e+00	9.309853e-01	-4.409009e-06	
3.864119e-01	0.000000e+00	1.008600e-01	2.149428e-01	8.033650e-01	1.013494e+00	9.211024e+00	4.844354e-02	3.945233e-02	3.713253e-01	1.428749e-02	2.022615e-02	8.477924e+00	1.525221e-01	2.533932e-01	8.643087e-01	1.179178e-01	1.593086e-01	1.883702e+00	9.320955e-01	-2.849759e-06	
3.864119e-01	0.000000e+00	1.004390e-01	2.144500e-01	8.040230e-01	1.014414e+00	9.251168e+00	4.848956e-02	3.929049e-02	3.692441e-01	1.420620e-02	2.014840e-02	8.411921e+00	1.521152e-01	2.542960e-01	8.588115e-01	1.177416e-01	1.602217e-01	1.875852e+00	9.272013e-01	-3.527231e-06	
3.864119e-01	0.000000e+00	1.009804e-01	2.152401e-01	7.990818e-01	1.010290e+00	9.211953e+00	4.867025e-02	3.911826e-02	3.705011e-01	1.428244e-02	2.026996e-02	8.457723e+00	1.533293e-01	2.544672e-01	8.629274e-01	1.172675e-01	1.606059e-01	1.875931e+00	9.296870e-01	-4.202236e-06	
3.864119e-01	0.000000e+00	1.006897e-01	2.152324e-01	8.014903e-01	1.013776e+00	9.190169e+00	4.853382e-02	3.955570e-02	3.699161e-01	1.424498e-02	2.023059e-02	8.443363e+00	1.520792e-01	2.546416e-01	8.621636e-01	1.170303e-01	1.602003e-01	1.877130e+00	9.295103e-01	-2.948138e-06	
3.864120e-01	0.000000e+00	1.006011e-01	2.135195e-01	8.005323e-01	1.013298e+00	9.198005e+00	4.843263e-02	3.924117e-02	3.698283e-01	1.424245e-02	2.015609e-02	8.427937e+00	1.527572e-01	2.553478e-01	8.649735e-01	1.172410e-01	1.608490e-01	1.879730e+00	9.310593e-01	-2.462700e-06	
3.864120e-01	0.000000e+00	1.000449e-01	2.153309e-01	7.962993e-01	1.010839e+00	9.158170e+00	4.852019e-02	3.914639e-02	3.706899e-01	1.422954e-02	2.013931e-02	8.448870e+00	1.513335e-01	2.550039e-01	8.654396e-01	1.172283e-01	1.606959e-01	1.881010e+00	9.280785e-01	-3.693824e-06	
3.864120e-01	0.000000e+00	1.004175e-01	2.132411e-01	7.984700e-01	1.012581e+00	9.141916e+00	4.832865e-02	3.934581e-02	3.702388e-01	1.424814e-02	2.009983e-02	8.439437e+00	1.514536e-01	2.545194e-01	8.652316e-01	1.173601e-01	1.606407e-01	1.879729e+00	9.306194e-01	-2.684852e-06	
3.863990e-01	2.056886e-11	1.004330e-01	2.140966e-01	7.993619e-01	1.013121e+00	9.202973e+00	4.855671e-02	3.931081e-02	3.699580e-01	1.423947e-02	2.020383e-02	8.433519e+00	1.530624e-01	2.552795e-01	8.635979e-01	1.171383e-01	1.602099e-01	1.884826e+00	9.278390e-01	4.535290e-06	
3.864120e-01	0.000000e+00	1.010814e-01	2.148579e-01	8.012505e-01	1.012733e+00	9.197554e+00	4.846818e-02	3.931246e-02	3.693674e-01	1.424166e-02	2.015517e-02	8.418962e+00	1.519514e-01	2.541191e-01	8.549973e-01	1.172916e-01	1.601650e-01	1.877220e+00	9.241921e-01	-2.566907e-06	
3.864120e-01	0.000000e+00	1.005980e-01	2.146605e-01	7.980424e-01	1.008748e+00	9.189695e+00	4.862696e-02	3.907043e-02	3.699109e-01	1.424114e-02	2.019237e-02	8.440697e+00	1.521009e-01	2.546312e-01	8.636630e-01	1.172488e-01	1.608649e-01	1.876424e+00	9.287577e-01	-5.122664e-06	
3.864121e-01	0.000000e+00	9.992595e-02	2.138964e-01	8.003378e-01	1.013130e+00	9.185080e+00	4.847339e-02	3.933226e-02	3.705230e-01	1.423475e-02	2.022793e-02	8.451749e+00	1.531573e-01	2.553963e-01	8.627122e-01	1.177569e-01	1.615618e-01	1.875546e+00	9.272167e-01	-4.253960e-07	
3.864121e-01	0.000000e+00	1.006161e-01	2.144136e-01	8.046955e-01	1.014030e+00	9.199089e+00	4.830380e-02	3.947840e-02	3.687783e-01	1.416692e-02	2.011026e-02	8.397699e+00	1.523901e-01	2.556049e-01	8.588224e-01	1.174694e-01	1.608136e-01	1.878225e+00	9.275066e-01	-1.623521e-06	
3.864121e-01	0.000000e+00	1.008940e-01	2.135726e-01	8.009367e-01	1.012504e+00	9.197462e+00	4.845803e-02	3.928456e-02	3.715180e-01	1.427978e-02	2.014504e-02	8.470177e+00	1.514202e-01	2.540979e-01	8.642032e-01	1.177024e-01	1.604091e-01	1.872693e+00	9.306497e-01	-8.890595e-07	
3.864121e-01	0.000000e+00	1.013507e-01	2.134023e-01	8.004143e-01	1.014059e+00	9.202454e+00	4.865594e-02	3.954130e-02	3.704859e-01	1.428330e-02	2.025981e-02	8.461266e+00	1.528068e-01	2.536430e-01	8.648619e-01	1.174928e-01	1.604246e-01	1.871515e+00	9.303283e-01	-3.701856e-06	
3.864122e-01	0.000000e+00	1.001700e-01	2.147240e-01	8.015373e-01	1.012092e+00	9.200422e+00	4.837026e-02	3.923653e-02	3.708008e-01	1.425992e-02	2.016448e-02	8.454444e+00	1.524231e-01	2.543780e-01	8.607983e-01	1.172264e-01	1.606145e-01	1.872626e+00	9.265973e-01	-5.145481e-06	
3.864122e-01	0.000000e+00	1.008346e-01	2.131511e-01	8.036112e-01	1.013085e+00	9.242843e+00	4.837623e-02	3.919690e-02	3.707121e-01	1.427139e-02	2.018705e-02	8.456726e+00	1.529410e-01	2.536269e-01	8.650574e-01	1.177976e-01	1.600315e-01	1.880518e+00	9.292479e-01	-4.398892e-06	
3.864122e-01	0.000000e+00	1.008629e-01	2.140668e-01	7.993518e-01	1.011689e+00	9.200824e+00	4.863802e-02	3.919561e-02	3.703621e-01	1.429548e-02	2.022913e-02	8.448728e+00	1.532632e-01	2.546375e-01	8.620165e-01	1.172589e-01	1.600534e-01	1.883118e+00	9.303439e-01	-4.788651e-06	
3.864122e-01	0.000000e+00	9.995232e-02	2.149870e-01	8.006473e-01	1.011775e+00	9.185227e+00	4.832906e-02	3.909824e-02	3.706959e-01	1.425919e-02	2.018828e-02	8.455767e+00	1.526926e-01	2.544914e-01	8.624776e-01	1.173771e-01	1.603895e-01	1.876862e+00	9.295829e-01	-1.558783e-06	
3.864122e-01	0.000000e+00	1.003830e-01	2.145215e-01	7.993393e-01	1.011735e+00	9.190641e+00	4.841131e-02	3.912012e-02	3.702465e-01	1.425979e-02	2.021510e-02	8.448604e+00	1.527506e-01	2.542254e-01	8.612772e-01	1.173701e-01	1.608137e-01	1.876713e+00	9.257541e-01	-4.874038e-06	
3.864122e-01	0.000000e+00	1.003949e-01	2.126184e-01	8.011589e-01	1.009910e+00	9.220258e+00	4.866910e-02	3.925079e-02	3.700083e-01	1.424706e-02	2.020987e-02	8.442315e+00	1.532505e-01	2.540340e-01	8.659311e-01	1.175050e-01	1.605999e-01	1.878024e+00	9.289015e-01	-3.489540e-06	
3.864122e-01	0.000000e+00	1.010067e-01	2.141496e-01	8.038687e-01	1.014247e+00	9.235338e+00	4.836049e-02	3.921417e-02	3.694752e-01	1.421917e-02	2.012551e-02	8.415874e+00	1.521997e-01	2.539144e-01	8.651342e-01	1.176443e-01	1.601431e-01	1.877629e+00	9.324687e-01	-4.023498e-06	
3.864123e-01	0.000000e+00	1.010760e-01	2.140903e-01	7.981774e-01	1.013272e+00	9.185525e+00	4.854207e-02	3.922341e-02	3.709516e-01	1.429586e-02	2.023588e-02	8.471181e+00	1.524730e-01	2.533413e-01	8.618029e-01	1.177347e-01	1.596979e-01	1.876178e+00	9.287217e-01	-3.372772e-06	
3.864123e-01	0.000000e+00	1.006434e-01	2.138327e-01	8.022994e-01	1.011808e+00	9.214283e+00	4.845694e-02	3.927571e-02	3.685577e-01	1.417660e-02	2.017491e-02	8.394095e+00	1.527831e-01	2.543449e-01	8.603536e-01	1.177310e-01	1.605434e-01	1.881040e+00	9.271442e-01	-2.658049e-06	
3.864124e-01	0.000000e+00	1.009588e-01	2.144521e-01	7.980860e-01	1.011140e+00	9.164837e+00	4.856763e-02	3.936424e-02	3.695526e-01	1.423895e-02	2.018135e-02	8.424762e+00	1.531521e-01	2.540130e-01	8.609417e-01	1.172429e-01	1.603361e-01	1.877704e+00	9.276377e-01	-4.472884e-06	
3.864124e-01	0.000000e+00	1.000074e-01	2.136333e-01	8.018528e-01	1.010434e+00	9.240458e+00	4.869823e-02	3.915575e-02	3.703598e-01	1.428565e-02	2.025157e-02	8.458617e+00	1.535931e-01	2.547645e-01	8.649219e-01	1.174608e-01	1.601709e-01	1.885389e+00	9.308815e-01	-2.614845e-06	
3.864125e-01	0.000000e+00	1.006477e-01	2.138181e-01	8.029982e-01	1.013062e+00	9.210308e+00	4.838931e-02	3.949982e-02	3.704739e-01	1.425010e-02	2.017616e-02	8.445906e+00	1.530254e-01	2.547036e-01	8.615479e-01	1.173863e-01	1.610201e-01	1.873102e+00	9.271550e-01	-3.598704e-06	
3.864125e-01	0.000000e+00	1.003492e-01	2.139239e-01	8.007745e-01	1.009829e+00	9.198500e+00	4.857481e-02	3.932132e-02	3.720444e-01	1.431763e-02	2.027568e-02	8.502304e+00	1.529519e-01	2.537357e-01	8.666163e-01	1.173127e-01	1.604662e-01	1.875744e+00	9.288850e-01	-2.878607e-06	
3.864125e-01	0.000000e+00	1.003790e-01	2.161978e-01	8.013108e-01	1.013791e+00	9.194519e+00	4.839001e-02	3.925598e-02	3.708514e-01	1.429010e-02	2.015386e-02	8.462496e+00	1.517955e-01	2.548567e-01	8.579136e-01	1.176017e-01	1.605208e-01	1.874442e+00	9.302300e-01	-2.462455e-06	
3.864127e-01	0.000000e+00	1.010856e-01	2.137651e-01	7.986913e-01	1.012851e+00	9.180921e+00	4.855542e-02	3.937245e-02	3.711985e-01	1.429006e-02	2.022546e-02	8.461604e+00	1.532114e-01	2.546448e-01	8.640098e-01	1.174521e-01	1.607262e-01	1.877172e+00	9.300412e-01	-3.047106e-06	
3.864128e-01	0.000000e+00	1.008262e-01	2.146522e-01	8.010337e-01	1.008710e+00	9.231009e+00	4.875810e-02	3.926416e-02	3.698708e-01	1.422442e-02	2.022232e-02	8.436258e+00	1.531793e-01	2.539387e-01	8.654300e-01	1.175852e-01	1.599297e-01	1.880228e+00	9.313489e-01	-4.357420e-06	
3.864128e-01	0.000000e+00	1.013126e-01	2.143893e-01	8.057212e-01	1.010371e+00	9.263011e+00	4.843273e-02	3.916354e-02	3.689377e-01	1.420458e-02	2.015654e-02	8.411462e+00	1.521217e-01	2.559587e-01	8.570608e-01	1.175318e-01	1.609363e-01	1.890711e+00	9.226672e-01	-3.761070e-06	
3.864128e-01	0.000000e+00	1.012087e-01	2.129704e-01	8.043906e-01	1.015621e+00	9.198970e+00	4.820951e-02	3.941664e-02	3.689648e-01	1.420150e-02	2.021708e-02	8.411261e+00	1.535257e-01	2.543622e-01	8.622146e-01	1.175007e-01	1.606020e-01	1.876335e+00	9.282730e-01	-6.187974e-06	
3.864129e-01	0.000000e+00	1.009096e-01	2.143053e-01	7.997256e-01	1.012791e+00	9.209379e+00	4.871527e-02	3.938750e-02	3.709367e-01	1.429139e-02	2.026865e-02	8.456791e+00	1.539864e-01	2.545890e-01	8.625361e-01	1.174151e-01	1.603015e-01	1.878520e+00	9.300918e-01	-2.447520e-06	
3.864129e-01	0.000000e+00	1.006019e-01	2.142813e-01	7.990874e-01	1.012191e+00	9.160367e+00	4.838566e-02	3.927598e-02	3.715027e-01	1.429001e-02	2.012233e-02	8.466299e+00	1.524939e-01	2.539676e-01	8.630867e-01	1.176939e-01	1.605726e-01	1.873794e+00	9.308212e-01	-3.931918e-06	
3.864129e-01	0.000000e+00	1.008879e-01	2.148848e-01	8.021549e-01	1.011376e+00	9.275835e+00	4.883325e-02	3.916597e-02	3.695524e-01	1.424281e-02	2.013017e-02	8.418243e+00	1.523324e-01	2.538245e-01	8.639985e-01	1.174269e-01	1.599836e-01	1.873973e+00	9.323934e-01	-2.472149e-06	
3.864130e-01	0.000000e+00	1.015616e-01	2.134162e-01	8.053085e-01	1.014454e+00	9.265550e+00	4.844726e-02	3.932604e-02	3.694419e-01	1.422455e-02	2.021046e-02	8.434946e+00	1.510126e-01	2.547438e-01	8.625243e-01	1.176316e-01	1.609307e-01	1.875272e+00	9.270390e-01	-2.817787e-06	
3.864130e-01	0.000000e+00	1.014308e-01	2.151762e-01	8.025124e-01	1.011308e+00	9.241544e+00	4.865542e-02	3.921958e-02	3.701235e-01	1.422727e-02	2.019510e-02	8.443578e+00	1.514990e-01	2.538646e-01	8.660404e-01	1.178101e-01	1.604142e-01	1.873216e+00	9.326638e-01	-4.681369e-06	
3.864056e-01	1.323760e-13	1.003005e-01	2.147460e-01	8.014317e-01	1.010473e+00	9.192520e+00	4.862687e-02	3.949238e-02	3.702394e-01	1.427190e-02	2.021386e-02	8.450872e+00	1.526109e-01	2.552581e-01	8.617579e-01	1.170394e-01	1.606122e-01	1.877338e+00	9.312866e-01	3.638351e-07	
3.864130e-01	0.000000e+00	1.012927e-01	2.142987e-01	7.973146e-01	1.011159e+00	9.206661e+00	4.865869e-02	3.904046e-02	3.712936e-01	1.431661e-02	2.018374e-02	8.472143e+00	1.529572e-01	2.541661e-01	8.661104e-01	1.173494e-01	1.611055e-01	1.871347e+00	9.300071e-01	-4.230215e-06	
3.864131e-01	0.000000e+00	1.006000e-01	2.142326e-01	7.998944e-01	1.009875e+00	9.204790e+00	4.859397e-02	3.915765e-02	3.697826e-01	1.423648e-02	2.019255e-02	8.435304e+00	1.526778e-01	2.558975e-01	8.651045e-01	1.172761e-01	1.609995e-01	1.885806e+00	9.302516e-01	-3.999221e-06	
3.864132e-01	0.000000e+00	1.010699e-01	2.135116e-01	8.013244e-01	1.011377e+00	9.218615e+00	4.863090e-02	3.944541e-02	3.694139e-01	1.424871e-02	2.016240e-02	8.415044e+00	1.538267e-01	2.544118e-01	8.593911e-01	1.174816e-01	1.610355e-01	1.870121e+00	9.293301e-01	-3.937601e-06	
3.864133e-01	0.000000e+00	1.003047e-01	2.143528e-01	8.022301e-01	1.012943e+00	9.201705e+00	4.836663e-02	3.921686e-02	3.694490e-01	1.423754e-02	2.020997e-02	8.427704e+00	1.534664e-01	2.552882e-01	8.577042e-01	1.170915e-01	1.608291e-01	1.877675e+00	9.246696e-01	-4.129753e-07	
3.864133e-01	0.000000e+00	1.001413e-01	2.144491e-01	8.026972e-01	1.011432e+00	9.226331e+00	4.863293e-02	3.934008e-02	3.705799e-01	1.426839e-02	2.017131e-02	8.450129e+00	1.522734e-01	2.545161e-01	8.627851e-01	1.173892e-01	1.609844e-01	1.872503e+00	9.299166e-01	-3.951096e-06	
3.864133e-01	0.000000e+00	1.010326e-01	2.151262e-01	7.979326e-01	1.010049e+00	9.172095e+00	4.846522e-02	3.916872e-02	3.693814e-01	1.420395e-02	2.009868e-02	8.406883e+00	1.524316e-01	2.549063e-01	8.643234e-01	1.173712e-01	1.609613e-01	1.878079e+00	9.319125e-01	-2.266532e-06	
3.864135e-01	0.000000e+00	1.004664e-01	2.136307e-01	7.989428e-01	1.013461e+00	9.171059e+00	4.839433e-02	3.922519e-02	3.708951e-01	1.430298e-02	2.013032e-02	8.453820e+00	1.526757e-01	2.544344e-01	8.617900e-01	1.173827e-01	1.604918e-01	1.879714e+00	9.290221e-01	-6.644153e-06	
3.864135e-01	0.000000e+00	1.004224e-01	2.136063e-01	8.005890e-01	1.010055e+00	9.210346e+00	4.860425e-02	3.917082e-02	3.700108e-01	1.423045e-02	2.024112e-02	8.437377e+00	1.536581e-01	2.557484e-01	8.642528e-01	1.171341e-01	1.618233e-01	1.872266e+00	9.278762e-01	-3.996497e-06	
3.864138e-01	0.000000e+00	1.007534e-01	2.128526e-01	8.022062e-01	1.014118e+00	9.186346e+00	4.810738e-02	3.918692e-02	3.702835e-01	1.425071e-02	2.022380e-02	8.456160e+00	1.518687e-01	2.544815e-01	8.616905e-01	1.175205e-01	1.601112e-01	1.880258e+00	9.270456e-01	-3.463176e-06	
3.864139e-01	0.000000e+00	1.015227e-01	2.154521e-01	7.987580e-01	1.010295e+00	9.184572e+00	4.861652e-02	3.933084e-02	3.693088e-01	1.419152e-02	2.017959e-02	8.413143e+00	1.528751e-01	2.538726e-01	8.641477e-01	1.172149e-01	1.603884e-01	1.869330e+00	9.309854e-01	-3.824423e-06	
3.864140e-01	0.000000e+00	1.002182e-01	2.147977e-01	8.051412e-01	1.016643e+00	9.232003e+00	4.819623e-02	3.937924e-02	3.700215e-01	1.422449e-02	2.011123e-02	8.432573e+00	1.516843e-01	2.551541e-01	8.576538e-01	1.179691e-01	1.604811e-01	1.879736e+00	9.271921e-01	-2.025642e-06	
3.864141e-01	0.000000e+00	1.002907e-01	2.156942e-01	8.044443e-01	1.009340e+00	9.241649e+00	4.856292e-02	3.919070e-02	3.692150e-01	1.420875e-02	2.008730e-02	8.415879e+00	1.513614e-01	2.546944e-01	8.594220e-01	1.176576e-01	1.601975e-01	1.881355e+00	9.302818e-01	-1.187691e-06	
3.864141e-01	0.000000e+00	1.008577e-01	2.130481e-01	7.995553e-01	1.012120e+00	9.200046e+00	4.872394e-02	3.942896e-02	3.708892e-01	1.430244e-02	2.024428e-02	8.463549e+00	1.534197e-01	2.540641e-01	8.659692e-01	1.173314e-01	1.607990e-01	1.867743e+00	9.331344e-01	-1.761365e-06	
3.864142e-01	0.000000e+00	9.996867e-02	2.143383e-01	7.984234e-01	1.010523e+00	9.177651e+00	4.854490e-02	3.917936e-02	3.695785e-01	1.423197e-02	2.015988e-02	8.422427e+00	1.526448e-01	2.547938e-01	8.658337e-01	1.172272e-01	1.606385e-01	1.879857e+00	9.331008e-01	-6.243040e-06	
3.864143e-01	0.000000e+00	1.007094e-01	2.148858e-01	8.027708e-01	1.010336e+00	9.230213e+00	4.854719e-02	3.927338e-02	3.698596e-01	1.424122e-02	2.012689e-02	8.430629e+00	1.524728e-01	2.541055e-01	8.638360e-01	1.171406e-01	1.598463e-01	1.878354e+00	9.314348e-01	-3.209370e-06	
3.864143e-01	0.000000e+00	1.006775e-01	2.127115e-01	7.995009e-01	1.013647e+00	9.167310e+00	4.850292e-02	3.949628e-02	3.693887e-01	1.422234e-02	2.029435e-02	8.434198e+00	1.537082e-01	2.532467e-01	8.648583e-01	1.177340e-01	1.597257e-01	1.882051e+00	9.288185e-01	-3.865258e-06	
3.864143e-01	0.000000e+00	1.002464e-01	2.146584e-01	7.995868e-01	1.011928e+00	9.215115e+00	4.884236e-02	3.933798e-02	3.707456e-01	1.431135e-02	2.032722e-02	8.480479e+00	1.533165e-01	2.542937e-01	8.633941e-01	1.171181e-01	1.597536e-01	1.879879e+00	9.294786e-01	-2.243383e-06	
3.864144e-01	0.000000e+00	1.007726e-01	2.144401e-01	8.019309e-01	1.007619e+00	9.253036e+00	4.877839e-02	3.914963e-02	3.675795e-01	1.413181e-02	2.020208e-02	8.380183e+00	1.521913e-01	2.541919e-01	8.657762e-01	1.176411e-01	1.599940e-01	1.882855e+00	9.320035e-01	-3.730587e-06	
3.864144e-01	0.000000e+00	1.005529e-01	2.127961e-01	8.012905e-01	1.013013e+00	9.205280e+00	4.848218e-02	3.931604e-02	3.698326e-01	1.424318e-02	2.025033e-02	8.435072e+00	1.532936e-01	2.550565e-01	8.621186e-01	1.173125e-01	1.609986e-01	1.875030e+00	9.277915e-01	-4.842110e-06	
3.864089e-01	2.698421e-12	1.003948e-01	2.145295e-01	8.004640e-01	1.010531e+00	9.190636e+00	4.850338e-02	3.919031e-02	3.684693e-01	1.417961e-02	2.019620e-02	8.411369e+00	1.524559e-01	2.548535e-01	8.640268e-01	1.173074e-01	1.603167e-01	1.880605e+00	9.302682e-01	1.642687e-06	
3.864145e-01	0.000000e+00	1.002888e-01	2.132307e-01	8.036444e-01	1.012107e+00	9.228521e+00	4.848287e-02	3.940417e-02	3.695894e-01	1.423077e-02	2.023919e-02	8.425814e+00	1.542022e-01	2.550572e-01	8.607420e-01	1.176613e-01	1.611687e-01	1.878507e+00	9.276071e-01	-3.042537e-06	
3.864145e-01	0.000000e+00	1.003093e-01	2.128951e-01	7.971958e-01	1.013316e+00	9.172727e+00	4.848267e-02	3.923361e-02	3.689008e-01	1.421404e-02	2.015753e-02	8.405271e+00	1.521811e-01	2.552270e-01	8.648579e-01	1.175297e-01	1.610538e-01	1.886164e+00	9.294878e-01	-4.516824e-06	
3.864145e-01	0.000000e+00	1.012842e-01	2.123824e-01	8.025930e-01	1.011894e+00	9.236984e+00	4.857941e-02	3.917982e-02	3.696820e-01	1.426938e-02	2.021538e-02	8.437653e+00	1.529615e-01	2.535721e-01	8.632258e-01	1.176824e-01	1.601632e-01	1.882106e+00	9.279140e-01	-2.371042e-06	
3.864147e-01	0.000000e+00	1.003321e-01	2.140164e-01	8.040985e-01	1.012195e+00	9.201847e+00	4.827608e-02	3.944207e-02	3.709019e-01	1.427504e-02	2.022128e-02	8.476096e+00	1.518442e-01	2.542124e-01	8.632528e-01	1.173329e-01	1.604989e-01	1.876813e+00	9.281557e-01	-3.931285e-06	
3.864148e-01	0.000000e+00	1.007319e-01	2.132259e-01	7.989039e-01	1.013155e+00	9.177893e+00	4.834559e-02	3.922662e-02	3.704766e-01	1.427632e-02	2.018504e-02	8.450297e+00	1.520276e-01	2.543273e-01	8.641303e-01	1.173999e-01	1.597798e-01	1.888741e+00	9.291336e-01	-4.086710e-06	
3.864151e-01	0.000000e+00	1.002986e-01	2.146798e-01	7.991852e-01	1.007802e+00	9.211734e+00	4.874229e-02	3.920569e-02	3.698784e-01	1.423976e-02	2.015341e-02	8.430236e+00	1.526996e-01	2.560163e-01	8.609193e-01	1.175421e-01	1.616610e-01	1.879171e+00	9.293176e-01	-3.204232e-06	
3.864136e-01	7.212897e-16	1.005578e-01	2.124426e-01	7.991990e-01	1.011677e+00	9.159696e+00	4.839965e-02	3.938490e-02	3.703091e-01	1.425367e-02	2.024354e-02	8.459774e+00	1.531080e-01	2.544785e-01	8.671138e-01	1.172570e-01	1.609508e-01	1.875892e+00	9.289185e-01	2.685684e-08	
3.864153e-01	0.000000e+00	1.007621e-01	2.133272e-01	8.003724e-01	1.014962e+00	9.200177e+00	4.825800e-02	3.908977e-02	3.694769e-01	1.424092e-02	2.025520e-02	8.433331e+00	1.529525e-01	2.556616e-01	8.666614e-01	1.173247e-01	1.610477e-01	1.882173e+00	9.317737e-01	-6.495866e-06	
3.864154e-01	0.000000e+00	1.002601e-01	2.141951e-01	7.990931e-01	1.009616e+00	9.216386e+00	4.869386e-02	3.905900e-02	3.707319e-01	1.428454e-02	2.022639e-02	8.471204e+00	1.519679e-01	2.536246e-01	8.679025e-01	1.175332e-01	1.591345e-01	1.885385e+00	9.337066e-01	-3.023956e-06	
3.864155e-01	0.000000e+00	1.016830e-01	2.133741e-01	7.988222e-01	1.011072e+00	9.189542e+00	4.870511e-02	3.942112e-02	3.698675e-01	1.425147e-02	2.012161e-02	8.425344e+00	1.522602e-01	2.543436e-01	8.653725e-01	1.176831e-01	1.609103e-01	1.872401e+00	9.348038e-01	-3.624574e-06	
3.864156e-01	0.000000e+00	1.005818e-01	2.132166e-01	7.997594e-01	1.012174e+00	9.172186e+00	4.848422e-02	3.933663e-02	3.697487e-01	1.422124e-02	2.022323e-02	8.425650e+00	1.531448e-01	2.546211e-01	8.631110e-01	1.175642e-01	1.609236e-01	1.876815e+00	9.292769e-01	-4.645074e-06	
3.864157e-01	0.000000e+00	1.002584e-01	2.134468e-01	8.010393e-01	1.010368e+00	9.198345e+00	4.844116e-02	3.928610e-02	3.708516e-01	1.428009e-02	2.020847e-02	8.462684e+00	1.523457e-01	2.546903e-01	8.597904e-01	1.175799e-01	1.603798e-01	1.885359e+00	9.257347e-01	-5.389622e-06	
3.864157e-01	0.000000e+00	1.006400e-01	2.139536e-01	7.989019e-01	1.010756e+00	9.194905e+00	4.856442e-02	3.914585e-02	3.676625e-01	1.414301e-02	2.010825e-02	8.376940e+00	1.514400e-01	2.547221e-01	8.678937e-01	1.173205e-01	1.606075e-01	1.878326e+00	9.337413e-01	-6.041464e-06	
3.864157e-01	0.000000e+00	1.007345e-01	2.140913e-01	7.992293e-01	1.013618e+00	9.187356e+00	4.848465e-02	3.925556e-02	3.704770e-01	1.426430e-02	2.020327e-02	8.453982e+00	1.528876e-01	2.541704e-01	8.637461e-01	1.175967e-01	1.601598e-01	1.879082e+00	9.294691e-01	-3.980606e-06	
3.864159e-01	0.000000e+00	1.008142e-01	2.145655e-01	8.011507e-01	1.016127e+00	9.143358e+00	4.817614e-02	3.950898e-02	3.708047e-01	1.425834e-02	2.015238e-02	8.450939e+00	1.525589e-01	2.544124e-01	8.619535e-01	1.174221e-01	1.603934e-01	1.876907e+00	9.295310e-01	-5.840769e-06	
3.864159e-01	0.000000e+00	1.004868e-01	2.140004e-01	7.988993e-01	1.010633e+00	9.221717e+00	4.875018e-02	3.917162e-02	3.684957e-01	1.420452e-02	2.021360e-02	8.399749e+00	1.531663e-01	2.543853e-01	8.606583e-01	1.173716e-01	1.604601e-01	1.874039e+00	9.289883e-01	-5.658364e-06	
3.864159e-01	0.000000e+00	1.008730e-01	2.140137e-01	7.998189e-01	1.013097e+00	9.169430e+00	4.834392e-02	3.929237e-02	3.695035e-01	1.419994e-02	2.021135e-02	8.427286e+00	1.524813e-01	2.549727e-01	8.621709e-01	1.175191e-01	1.610598e-01	1.877820e+00	9.264108e-01	-7.256241e-06	
3.864161e-01	0.000000e+00	9.976347e-02	2.143423e-01	8.023060e-01	1.010373e+00	9.206083e+00	4.826801e-02	3.910771e-02	3.696575e-01	1.420197e-02	2.006719e-02	8.410147e+00	1.520910e-01	2.563829e-01	8.595358e-01	1.173271e-01	1.613963e-01	1.883924e+00	9.266562e-01	-1.630197e-06	
3.864163e-01	0.000000e+00	1.003500e-01	2.141741e-01	7.997712e-01	1.009722e+00	9.214909e+00	4.869447e-02	3.915862e-02	3.701449e-01	1.424477e-02	2.011492e-02	8.428814e+00	1.520321e-01	2.550235e-01	8.637027e-01	1.175008e-01	1.606767e-01	1.879235e+00	9.320022e-01	-4.812094e-06	
3.864163e-01	0.000000e+00	9.996502e-02	2.140323e-01	8.023002e-01	1.010855e+00	9.222405e+00	4.862876e-02	3.930443e-02	3.706234e-01	1.427577e-02	2.020356e-02	8.456419e+00	1.531509e-01	2.547157e-01	8.654121e-01	1.171437e-01	1.607014e-01	1.873649e+00	9.321601e-01	-4.742035e-06	
3.864163e-01	0.000000e+00	1.012012e-01	2.144935e-01	8.023671e-01	1.011261e+00	9.208211e+00	4.868400e-02	3.960862e-02	3.703225e-01	1.427352e-02	2.020729e-02	8.438821e+00	1.537366e-01	2.536049e-01	8.586297e-01	1.173889e-01	1.600412e-01	1.878197e+00	9.271318e-01	-4.336652e-06	
3.864163e-01	0.000000e+00	1.009412e-01	2.144643e-01	7.989409e-01	1.012845e+00	9.126484e+00	4.813105e-02	3.937107e-02	3.701524e-01	1.420965e-02	2.012164e-02	8.436070e+00	1.516776e-01	2.528004e-01	8.635891e-01	1.175678e-01	1.596212e-01	1.878455e+00	9.279485e-01	-3.821446e-06	
3.864164e-01	0.000000e+00	1.009923e-01	2.141406e-01	8.019539e-01	1.009512e+00	9.244117e+00	4.870598e-02	3.918960e-02	3.705564e-01	1.427435e-02	2.020939e-02	8.450885e+00	1.522773e-01	2.525985e-01	8.613894e-01	1.177643e-01	1.591995e-01	1.874358e+00	9.309259e-01	-6.291603e-06	
3.864164e-01	0.000000e+00	1.009993e-01	2.138629e-01	7.968507e-01	1.010930e+00	9.177724e+00	4.870697e-02	3.924324e-02	3.694058e-01	1.421996e-02	2.016498e-02	8.419985e+00	1.525356e-01	2.543576e-01	8.635477e-01	1.174724e-01	1.609190e-01	1.871041e+00	9.299848e-01	-4.915518e-06	
3.864168e-01	0.000000e+00	1.012317e-01	2.134428e-01	8.002872e-01	1.012370e+00	9.189239e+00	4.827212e-02	3.899912e-02	3.685128e-01	1.417284e-02	2.012020e-02	8.397554e+00	1.510435e-01	2.530426e-01	8.642525e-01	1.179665e-01	1.598270e-01	1.878610e+00	9.307263e-01	-1.221370e-06	
3.864169e-01	0.000000e+00	1.006043e-01	2.142855e-01	7.991873e-01	1.008106e+00	9.204345e+00	4.855168e-02	3.884088e-02	3.698531e-01	1.423671e-02	2.022061e-02	8.440420e+00	1.529224e-01	2.545179e-01	8.652072e-01	1.173636e-01	1.609813e-01	1.873385e+00	9.305949e-01	-5.522743e-06	
3.864171e-01	0.000000e+00	9.933906e-02	2.144861e-01	7.972194e-01	1.009648e+00	9.151188e+00	4.838035e-02	3.907416e-02	3.699504e-01	1.419865e-02	2.012949e-02	8.434412e+00	1.505744e-01	2.563581e-01	8.631094e-01	1.170242e-01	1.604911e-01	1.887449e+00	9.279101e-01	-2.345634e-06	
3.864172e-01	0.000000e+00	1.003043e-01	2.141374e-01	8.032110e-01	1.010735e+00	9.234237e+00	4.864305e-02	3.928382e-02	3.701539e-01	1.425165e-02	2.030377e-02	8.446354e+00	1.545850e-01	2.540541e-01	8.614752e-01	1.174783e-01	1.602538e-01	1.875713e+00	9.283704e-01	-4.141822e-06	
3.864172e-01	0.000000e+00	1.007766e-01	2.134726e-01	8.002160e-01	1.012438e+00	9.215625e+00	4.858371e-02	3.923095e-02	3.711234e-01	1.432430e-02	2.027619e-02	8.469828e+00	1.545186e-01	2.543093e-01	8.621273e-01	1.174920e-01	1.603448e-01	1.882458e+00	9.280022e-01	-6.746085e-06	
3.864174e-01	0.000000e+00	1.002729e-01	2.128244e-01	8.009944e-01	1.015176e+00	9.179068e+00	4.827016e-02	3.927462e-02	3.698767e-01	1.425949e-02	2.012632e-02	8.434157e+00	1.520929e-01	2.543496e-01	8.638935e-01	1.172994e-01	1.597102e-01	1.889308e+00	9.287188e-01	-5.513098e-06	
3.864089e-01	9.573928e-14	1.012509e-01	2.138086e-01	8.038778e-01	1.011001e+00	9.245361e+00	4.861461e-02	3.942634e-02	3.695900e-01	1.423332e-02	2.021770e-02	8.432927e+00	1.526246e-01	2.535309e-01	8.660837e-01	1.176409e-01	1.599532e-01	1.878344e+00	9.326960e-01	3.094176e-07	
3.864182e-01	0.000000e+00	1.007693e-01	2.128018e-01	8.025283e-01	1.016796e+00	9.192296e+00	4.831213e-02	3.952785e-02	3.699297e-01	1.424887e-02	2.024597e-02	8.444583e+00	1.537177e-01	2.554349e-01	8.605748e-01	1.175664e-01	1.611219e-01	1.878729e+00	9.256446e-01	-5.741875e-06	
3.864196e-01	0.000000e+00	1.005342e-01	2.146663e-01	7.978620e-01	1.016390e+00	9.171611e+00	4.849575e-02	3.947070e-02	3.727224e-01	1.434509e-02	2.024138e-02	8.500445e+00	1.526603e-01	2.535059e-01	8.610100e-01	1.178681e-01	1.599555e-01	1.873808e+00	9.292145e-01	-1.892592e-06	
3.864077e-01	1.602628e-13	1.002195e-01	2.138360e-01	8.006542e-01	1.014151e+00	9.209252e+00	4.832592e-02	3.909356e-02	3.713290e-01	1.429768e-02	2.019619e-02	8.478216e+00	1.519573e-01	2.561044e-01	8.652204e-01	1.171941e-01	1.606680e-01	1.888320e+00	9.279547e-01	4.003284e-07	
3.864198e-01	0.000000e+00	1.006398e-01	2.147471e-01	8.009214e-01	1.012872e+00	9.173735e+00	4.838565e-02	3.934559e-02	3.688639e-01	1.418860e-02	2.006696e-02	8.409360e+00	1.510946e-01	2.541125e-01	8.637340e-01	1.174288e-01	1.607914e-01	1.868646e+00	9.319773e-01	-4.423743e-06	
3.864198e-01	0.000000e+00	1.018319e-01	2.137055e-01	8.002827e-01	1.010558e+00	9.227086e+00	4.869958e-02	3.914504e-02	3.692162e-01	1.421228e-02	2.020469e-02	8.412219e+00	1.530418e-01	2.544290e-01	8.652634e-01	1.174019e-01	1.613487e-01	1.871782e+00	9.293080e-01	-6.600808e-06	
3.864202e-01	0.000000e+00	1.002651e-01	2.130955e-01	7.999847e-01	1.011034e+00	9.191039e+00	4.850433e-02	3.922659e-02	3.712750e-01	1.429647e-02	2.037106e-02	8.493344e+00	1.539308e-01	2.545275e-01	8.645369e-01	1.174084e-01	1.613381e-01	1.873615e+00	9.258438e-01	-9.810612e-06	
3.864086e-01	4.522151e-13	1.014391e-01	2.137226e-01	7.995007e-01	1.014146e+00	9.186006e+00	4.847198e-02	3.938919e-02	3.702862e-01	1.428078e-02	2.028237e-02	8.449796e+00	1.536319e-01	2.530119e-01	8.617234e-01	1.174935e-01	1.604344e-01	1.869620e+00	9.277003e-01	6.724694e-07	
3.864047e-01	5.315443e-13	1.004436e-01	2.144793e-01	8.029290e-01	1.011885e+00	9.182704e+00	4.834523e-02	3.947356e-02	3.699641e-01	1.422853e-02	2.021217e-02	8.438449e+00	1.525242e-01	2.539016e-01	8.622221e-01	1.175028e-01	1.600761e-01	1.876907e+00	9.306980e-01	7.290709e-07	
3.864113e-01	1.732405e-13	9.981120e-02	2.135126e-01	7.950334e-01	1.012531e+00	9.117983e+00	4.840833e-02	3.926401e-02	3.709022e-01	1.426855e-02	2.016905e-02	8.450228e+00	1.532220e-01	2.553455e-01	8.658023e-01	1.167782e-01	1.607995e-01	1.883875e+00	9.273824e-01	4.162218e-07	
3.864067e-01	9.972917e-13	1.000175e-01	2.127008e-01	7.996257e-01	1.012202e+00	9.186079e+00	4.859166e-02	3.934854e-02	3.691493e-01	1.420575e-02	2.014530e-02	8.399963e+00	1.531286e-01	2.555496e-01	8.633301e-01	1.174509e-01	1.607468e-01	1.884252e+00	9.304087e-01	9.986449e-07	
3.864045e-01	2.626317e-12	1.000945e-01	2.135005e-01	8.029511e-01	1.012237e+00	9.198080e+00	4.834234e-02	3.944897e-02	3.714668e-01	1.428867e-02	2.019801e-02	8.478382e+00	1.525532e-01	2.542976e-01	8.652316e-01	1.177198e-01	1.600667e-01	1.881719e+00	9.319856e-01	1.620591e-06	
