f	phi	x(1)	x(2)	x(3)	x(4)	x(5)	x(6)	x(7)	x(8)	x(9)	x(10)	x(11)	x(12)	x(13)	x(14)	x(15)	x(16)	x(17)	x(18)	g(1)	
3.864011e-01	0.000000e+00	1.008371e-01	2.130666e-01	7.990559e-01	1.011738e+00	9.199900e+00	4.856626e-02	3.921178e-02	3.699775e-01	1.427265e-02	2.015965e-02	8.438289e+00	1.521637e-01	2.547251e-01	8.621687e-01	1.176311e-01	1.606867e-01	1.880975e+00	9.292842e-01	-4.213011e-07	
3.864024e-01	0.000000e+00	1.007764e-01	2.148238e-01	7.975784e-01	1.012234e+00	9.176875e+00	4.867760e-02	3.935492e-02	3.708778e-01	1.426239e-02	2.023557e-02	8.465395e+00	1.524308e-01	2.556558e-01	8.616973e-01	1.175827e-01	1.606168e-01	1.885956e+00	9.262181e-01	-1.234128e-06	
3.864035e-01	0.000000e+00	1.007386e-01	2.140253e-01	7.994786e-01	1.012692e+00	9.208216e+00	4.843601e-02	3.902132e-02	3.689140e-01	1.421558e-02	2.020153e-02	8.407013e+00	1.527058e-01	2.547178e-01	8.615852e-01	1.176552e-01	1.601943e-01	1.884828e+00	9.295666e-01	-1.077012e-06	
3.864038e-01	0.000000e+00	1.008762e-01	2.136404e-01	8.006205e-01	1.012662e+00	9.194592e+00	4.840333e-02	3.926763e-02	3.712391e-01	1.431312e-02	2.014876e-02	8.470199e+00	1.521542e-01	2.543437e-01	8.597068e-01	1.175069e-01	1.603568e-01	1.874982e+00	9.280885e-01	-1.119502e-06	
3.864038e-01	0.000000e+00	1.006637e-01	2.143167e-01	7.990506e-01	1.012278e+00	9.201632e+00	4.856023e-02	3.924205e-02	3.700805e-01	1.424801e-02	2.017211e-02	8.437460e+00	1.524374e-01	2.548477e-01	8.622596e-01	1.175362e-01	1.607536e-01	1.881050e+00	9.273660e-01	-4.161354e-08	
3.864045e-01	0.000000e+00	1.006039e-01	2.149272e-01	7.976797e-01	1.011520e+00	9.183004e+00	4.854239e-02	3.923304e-02	3.702961e-01	1.427760e-02	2.018800e-02	8.456406e+00	1.512272e-01	2.556913e-01	8.592073e-01	1.173711e-01	1.611557e-01	1.877235e+00	9.277214e-01	-5.872245e-07	
3.864050e-01	0.000000e+00	1.008175e-01	2.140346e-01	7.995457e-01	1.012009e+00	9.203457e+00	4.843889e-02	3.916873e-02	3.707219e-01	1.429034e-02	2.019090e-02	8.460588e+00	1.523693e-01	2.548882e-01	8.633318e-01	1.173571e-01	1.607344e-01	1.874129e+00	9.311920e-01	-3.655469e-07	
3.864051e-01	0.000000e+00	1.013946e-01	2.140281e-01	8.008002e-01	1.012761e+00	9.226507e+00	4.863093e-02	3.930176e-02	3.702839e-01	1.427933e-02	2.021155e-02	8.451307e+00	1.527444e-01	2.557501e-01	8.617847e-01	1.175115e-01	1.610470e-01	1.879015e+00	9.294947e-01	-5.321901e-07	
3.864051e-01	0.000000e+00	1.004608e-01	2.140023e-01	7.996267e-01	1.012149e+00	9.190612e+00	4.860135e-02	3.931702e-02	3.704545e-01	1.427746e-02	2.014956e-02	8.453734e+00	1.512890e-01	2.552322e-01	8.606542e-01	1.175905e-01	1.612560e-01	1.877056e+00	9.279615e-01	-8.882414e-07	
3.864051e-01	0.000000e+00	1.011847e-01	2.148718e-01	7.982302e-01	1.008099e+00	9.200299e+00	4.862823e-02	3.902979e-02	3.713737e-01	1.430700e-02	2.018005e-02	8.467311e+00	1.528684e-01	2.547770e-01	8.607429e-01	1.176996e-01	1.606304e-01	1.880273e+00	9.297202e-01	-9.157367e-08	
3.864053e-01	0.000000e+00	1.008610e-01	2.153809e-01	7.978490e-01	1.008079e+00	9.192685e+00	4.872287e-02	3.909012e-02	3.713607e-01	1.428462e-02	2.013859e-02	8.460999e+00	1.525861e-01	2.551610e-01	8.615818e-01	1.174733e-01	1.602853e-01	1.878988e+00	9.313504e-01	-6.280385e-07	
3.864054e-01	0.000000e+00	1.008457e-01	2.145062e-01	7.998633e-01	1.010186e+00	9.206441e+00	4.852950e-02	3.921213e-02	3.705141e-01	1.426904e-02	2.021576e-02	8.449277e+00	1.527119e-01	2.543799e-01	8.612495e-01	1.175719e-01	1.609738e-01	1.875382e+00	9.282320e-01	-6.889850e-07	
3.864054e-01	0.000000e+00	1.005091e-01	2.135599e-01	7.995979e-01	1.011980e+00	9.206937e+00	4.860391e-02	3.929141e-02	3.703973e-01	1.426590e-02	2.020438e-02	8.451638e+00	1.521210e-01	2.545338e-01	8.618206e-01	1.176940e-01	1.607619e-01	1.878579e+00	9.271968e-01	-1.653362e-06	
3.864056e-01	0.000000e+00	1.013448e-01	2.138317e-01	7.990251e-01	1.011665e+00	9.216437e+00	4.864714e-02	3.918097e-02	3.697567e-01	1.423371e-02	2.021767e-02	8.436178e+00	1.525511e-01	2.554817e-01	8.616508e-01	1.175632e-01	1.604610e-01	1.885402e+00	9.262761e-01	-1.001126e-06	
3.864057e-01	0.000000e+00	1.011137e-01	2.132572e-01	7.981418e-01	1.012201e+00	9.214370e+00	4.887563e-02	3.933317e-02	3.699225e-01	1.426195e-02	2.011577e-02	8.429907e+00	1.523125e-01	2.556886e-01	8.629829e-01	1.174824e-01	1.609662e-01	1.880166e+00	9.295434e-01	-2.601924e-07	
3.864059e-01	0.000000e+00	1.010244e-01	2.136528e-01	8.005631e-01	1.012458e+00	9.212658e+00	4.847423e-02	3.921198e-02	3.697324e-01	1.424719e-02	2.021508e-02	8.435302e+00	1.528296e-01	2.543147e-01	8.638074e-01	1.174326e-01	1.607876e-01	1.871557e+00	9.304205e-01	-3.723870e-06	
3.864060e-01	0.000000e+00	1.009310e-01	2.136193e-01	8.009939e-01	1.010831e+00	9.242531e+00	4.869865e-02	3.917403e-02	3.694399e-01	1.423881e-02	2.022671e-02	8.425017e+00	1.530098e-01	2.557140e-01	8.601075e-01	1.176698e-01	1.608816e-01	1.885673e+00	9.269276e-01	-1.623062e-06	
3.864061e-01	0.000000e+00	1.004169e-01	2.134919e-01	8.012759e-01	1.011131e+00	9.197460e+00	4.850034e-02	3.937040e-02	3.697933e-01	1.423826e-02	2.020153e-02	8.440305e+00	1.522317e-01	2.557220e-01	8.620026e-01	1.172748e-01	1.617291e-01	1.873163e+00	9.278438e-01	-6.039552e-07	
3.864062e-01	0.000000e+00	1.006267e-01	2.135238e-01	8.017090e-01	1.014569e+00	9.208586e+00	4.836712e-02	3.932158e-02	3.700492e-01	1.425635e-02	2.016743e-02	8.433357e+00	1.528600e-01	2.543224e-01	8.602896e-01	1.175616e-01	1.609939e-01	1.872921e+00	9.267753e-01	-8.335347e-07	
3.864063e-01	0.000000e+00	1.004572e-01	2.149853e-01	8.000263e-01	1.010318e+00	9.207522e+00	4.858683e-02	3.916738e-02	3.696628e-01	1.423509e-02	2.019155e-02	8.432943e+00	1.526658e-01	2.550993e-01	8.615741e-01	1.174300e-01	1.607778e-01	1.880445e+00	9.284828e-01	-1.598595e-07	
3.864063e-01	0.000000e+00	1.009475e-01	2.134790e-01	8.002126e-01	1.007461e+00	9.208959e+00	4.860539e-02	3.918434e-02	3.699609e-01	1.424107e-02	2.014818e-02	8.437303e+00	1.525559e-01	2.550972e-01	8.638235e-01	1.172613e-01	1.610954e-01	1.879181e+00	9.279042e-01	-4.117552e-07	
3.864063e-01	0.000000e+00	1.011625e-01	2.131238e-01	8.010790e-01	1.014101e+00	9.215152e+00	4.832975e-02	3.913743e-02	3.709569e-01	1.432619e-02	2.013045e-02	8.457499e+00	1.523151e-01	2.546754e-01	8.616238e-01	1.176877e-01	1.608944e-01	1.876047e+00	9.313206e-01	-8.359957e-07	
3.864064e-01	0.000000e+00	1.012413e-01	2.142849e-01	7.998293e-01	1.013299e+00	9.208294e+00	4.853715e-02	3.926994e-02	3.701854e-01	1.427065e-02	2.018295e-02	8.441957e+00	1.524102e-01	2.554979e-01	8.611092e-01	1.175203e-01	1.608062e-01	1.883134e+00	9.285347e-01	-2.406094e-06	
3.864067e-01	0.000000e+00	1.006081e-01	2.143287e-01	8.001382e-01	1.008944e+00	9.223994e+00	4.867874e-02	3.913291e-02	3.701915e-01	1.423244e-02	2.022490e-02	8.439475e+00	1.533688e-01	2.543231e-01	8.597696e-01	1.178305e-01	1.599980e-01	1.884893e+00	9.252513e-01	-1.686310e-06	
3.864068e-01	0.000000e+00	1.011441e-01	2.151462e-01	7.971350e-01	1.015051e+00	9.187310e+00	4.859886e-02	3.937214e-02	3.696217e-01	1.423545e-02	2.014766e-02	8.428171e+00	1.515765e-01	2.554811e-01	8.637029e-01	1.174862e-01	1.611243e-01	1.878457e+00	9.300176e-01	-3.107214e-07	
3.864068e-01	0.000000e+00	1.006574e-01	2.143367e-01	7.982556e-01	1.008104e+00	9.219845e+00	4.888071e-02	3.915679e-02	3.695753e-01	1.422674e-02	2.018840e-02	8.421663e+00	1.526185e-01	2.550031e-01	8.614839e-01	1.176949e-01	1.606126e-01	1.881007e+00	9.296184e-01	-6.991391e-07	
3.864070e-01	0.000000e+00	1.007347e-01	2.145417e-01	7.980975e-01	1.010298e+00	9.190340e+00	4.865034e-02	3.923838e-02	3.704478e-01	1.428319e-02	2.021551e-02	8.452646e+00	1.522632e-01	2.547585e-01	8.604622e-01	1.174116e-01	1.602069e-01	1.884682e+00	9.281613e-01	-1.377134e-06	
3.864071e-01	0.000000e+00	1.005829e-01	2.139685e-01	7.985800e-01	1.007746e+00	9.217469e+00	4.883675e-02	3.917726e-02	3.705904e-01	1.426697e-02	2.024838e-02	8.453536e+00	1.532563e-01	2.543722e-01	8.615573e-01	1.178373e-01	1.604160e-01	1.878321e+00	9.294362e-01	-1.168517e-06	
3.864074e-01	0.000000e+00	1.000374e-01	2.129300e-01	8.031427e-01	1.015414e+00	9.211601e+00	4.831774e-02	3.931901e-02	3.697880e-01	1.424697e-02	2.018640e-02	8.433148e+00	1.525835e-01	2.555037e-01	8.623294e-01	1.175756e-01	1.613607e-01	1.881563e+00	9.274803e-01	-1.934534e-06	
3.864076e-01	0.000000e+00	1.004010e-01	2.139779e-01	7.962707e-01	1.007636e+00	9.188061e+00	4.871629e-02	3.910229e-02	3.690307e-01	1.420583e-02	2.016810e-02	8.412554e+00	1.520944e-01	2.549364e-01	8.624370e-01	1.174342e-01	1.605730e-01	1.884372e+00	9.278319e-01	-1.765461e-06	
3.864076e-01	0.000000e+00	1.010230e-01	2.147502e-01	7.984595e-01	1.011283e+00	9.180866e+00	4.843532e-02	3.914414e-02	3.708195e-01	1.428047e-02	2.013406e-02	8.456521e+00	1.517865e-01	2.544189e-01	8.613718e-01	1.175240e-01	1.609280e-01	1.871807e+00	9.292652e-01	-2.298497e-06	
3.864076e-01	0.000000e+00	1.006158e-01	2.134927e-01	8.006576e-01	1.011863e+00	9.220228e+00	4.854854e-02	3.912150e-02	3.695861e-01	1.421940e-02	2.019401e-02	8.427679e+00	1.521015e-01	2.546536e-01	8.621284e-01	1.174099e-01	1.606984e-01	1.877279e+00	9.256708e-01	-1.188221e-06	
3.864078e-01	0.000000e+00	1.002415e-01	2.147447e-01	7.990210e-01	1.011988e+00	9.191229e+00	4.856603e-02	3.919508e-02	3.695277e-01	1.422946e-02	2.019566e-02	8.428222e+00	1.528179e-01	2.546445e-01	8.585582e-01	1.178041e-01	1.604790e-01	1.880080e+00	9.269963e-01	-2.548712e-06	
3.864078e-01	0.000000e+00	1.002844e-01	2.130247e-01	7.997230e-01	1.011026e+00	9.202307e+00	4.852945e-02	3.912244e-02	3.687165e-01	1.420327e-02	2.015841e-02	8.399243e+00	1.529721e-01	2.548139e-01	8.603602e-01	1.174160e-01	1.604384e-01	1.879581e+00	9.277868e-01	-1.557914e-06	
3.864078e-01	0.000000e+00	1.005601e-01	2.151097e-01	7.976703e-01	1.009935e+00	9.193906e+00	4.868415e-02	3.913979e-02	3.694766e-01	1.421581e-02	2.018374e-02	8.425053e+00	1.521867e-01	2.547220e-01	8.601601e-01	1.173089e-01	1.600951e-01	1.881790e+00	9.260828e-01	-1.959682e-06	
3.864078e-01	0.000000e+00	1.002612e-01	2.133013e-01	7.986518e-01	1.011197e+00	9.218080e+00	4.857241e-02	3.908175e-02	3.694950e-01	1.423275e-02	2.018480e-02	8.423489e+00	1.531447e-01	2.550632e-01	8.602586e-01	1.177071e-01	1.605041e-01	1.879874e+00	9.278744e-01	-1.431900e-06	
3.864079e-01	0.000000e+00	1.001919e-01	2.145811e-01	7.999749e-01	1.008168e+00	9.198744e+00	4.847935e-02	3.906271e-02	3.708368e-01	1.426026e-02	2.020548e-02	8.461600e+00	1.524527e-01	2.547432e-01	8.600755e-01	1.176595e-01	1.604073e-01	1.880502e+00	9.274630e-01	-2.097274e-08	
3.864079e-01	0.000000e+00	1.007463e-01	2.133192e-01	8.012688e-01	1.009654e+00	9.192176e+00	4.855410e-02	3.945371e-02	3.717392e-01	1.431041e-02	2.009988e-02	8.467203e+00	1.526922e-01	2.553060e-01	8.645177e-01	1.173176e-01	1.616199e-01	1.876481e+00	9.303860e-01	-8.890747e-07	
3.864080e-01	0.000000e+00	1.003777e-01	2.136205e-01	8.002804e-01	1.011944e+00	9.205073e+00	4.853493e-02	3.921896e-02	3.699887e-01	1.425121e-02	2.018851e-02	8.436109e+00	1.526223e-01	2.552932e-01	8.590781e-01	1.177087e-01	1.612291e-01	1.876225e+00	9.272860e-01	-3.555805e-06	
3.864081e-01	0.000000e+00	1.008280e-01	2.140278e-01	7.976425e-01	1.006290e+00	9.169325e+00	4.873137e-02	3.930586e-02	3.695061e-01	1.421688e-02	2.015939e-02	8.420769e+00	1.528415e-01	2.542749e-01	8.631273e-01	1.173971e-01	1.605469e-01	1.878789e+00	9.298674e-01	-1.753710e-06	
3.864081e-01	0.000000e+00	1.005029e-01	2.155625e-01	7.988072e-01	1.010843e+00	9.177284e+00	4.848267e-02	3.923076e-02	3.712895e-01	1.429590e-02	2.018549e-02	8.471079e+00	1.518834e-01	2.556701e-01	8.600732e-01	1.174143e-01	1.608642e-01	1.879734e+00	9.298971e-01	-3.726312e-06	
3.864082e-01	0.000000e+00	1.005961e-01	2.135687e-01	7.979175e-01	1.009039e+00	9.194087e+00	4.864941e-02	3.905684e-02	3.692287e-01	1.420185e-02	2.017511e-02	8.415189e+00	1.529304e-01	2.543530e-01	8.624700e-01	1.177429e-01	1.603326e-01	1.876886e+00	9.296999e-01	-3.400748e-06	
3.864082e-01	0.000000e+00	1.007635e-01	2.140848e-01	8.012417e-01	1.014095e+00	9.222958e+00	4.844273e-02	3.926047e-02	3.694151e-01	1.424008e-02	2.023632e-02	8.430653e+00	1.529206e-01	2.552792e-01	8.609818e-01	1.176583e-01	1.608808e-01	1.882966e+00	9.274929e-01	-3.184081e-06	
3.864083e-01	0.000000e+00	1.006297e-01	2.134876e-01	7.994472e-01	1.015552e+00	9.181196e+00	4.826364e-02	3.913925e-02	3.705663e-01	1.431982e-02	2.011837e-02	8.453641e+00	1.516003e-01	2.533557e-01	8.616694e-01	1.172465e-01	1.603376e-01	1.872667e+00	9.286930e-01	-1.041372e-06	
3.864083e-01	0.000000e+00	1.002073e-01	2.131415e-01	7.989574e-01	1.009193e+00	9.177139e+00	4.863791e-02	3.932746e-02	3.694621e-01	1.422401e-02	2.010248e-02	8.421757e+00	1.518465e-01	2.545702e-01	8.598015e-01	1.174951e-01	1.606495e-01	1.876896e+00	9.269416e-01	-8.782138e-07	
3.864083e-01	0.000000e+00	1.008046e-01	2.145543e-01	8.002194e-01	1.011494e+00	9.198657e+00	4.848912e-02	3.911050e-02	3.713886e-01	1.429515e-02	2.015308e-02	8.470959e+00	1.526168e-01	2.541956e-01	8.615324e-01	1.176262e-01	1.605447e-01	1.872553e+00	9.288390e-01	-2.421531e-06	
3.864083e-01	0.000000e+00	1.010999e-01	2.139984e-01	7.983340e-01	1.009656e+00	9.187977e+00	4.864869e-02	3.927187e-02	3.700133e-01	1.421980e-02	2.023258e-02	8.440665e+00	1.527791e-01	2.539291e-01	8.626081e-01	1.176190e-01	1.602051e-01	1.882212e+00	9.247462e-01	-2.283029e-06	
3.864085e-01	0.000000e+00	1.013873e-01	2.137598e-01	7.973718e-01	1.009504e+00	9.201866e+00	4.878965e-02	3.915700e-02	3.699501e-01	1.425496e-02	2.012403e-02	8.429866e+00	1.520490e-01	2.558361e-01	8.624171e-01	1.175828e-01	1.602501e-01	1.891362e+00	9.301932e-01	-1.168452e-06	
3.864085e-01	0.000000e+00	1.012542e-01	2.143095e-01	7.976644e-01	1.013414e+00	9.162989e+00	4.839850e-02	3.925225e-02	3.699778e-01	1.423855e-02	2.023926e-02	8.448622e+00	1.520932e-01	2.543376e-01	8.630931e-01	1.172120e-01	1.602737e-01	1.879562e+00	9.255955e-01	-5.349518e-06	
3.864085e-01	0.000000e+00	1.010049e-01	2.147747e-01	8.000733e-01	1.012757e+00	9.188350e+00	4.835938e-02	3.918378e-02	3.700474e-01	1.426265e-02	2.018914e-02	8.436060e+00	1.524779e-01	2.542040e-01	8.616584e-01	1.175620e-01	1.605798e-01	1.876229e+00	9.312080e-01	-3.468987e-06	
3.864086e-01	0.000000e+00	9.987029e-02	2.156334e-01	8.001660e-01	1.011775e+00	9.166491e+00	4.824548e-02	3.917078e-02	3.717494e-01	1.428351e-02	2.018160e-02	8.483148e+00	1.519419e-01	2.553862e-01	8.604027e-01	1.174625e-01	1.610777e-01	1.877234e+00	9.271419e-01	-1.349432e-07	
3.864086e-01	0.000000e+00	1.002958e-01	2.138144e-01	7.990305e-01	1.013311e+00	9.199980e+00	4.836778e-02	3.904748e-02	3.708399e-01	1.430487e-02	2.014304e-02	8.451935e+00	1.525391e-01	2.543518e-01	8.587636e-01	1.178797e-01	1.607320e-01	1.874191e+00	9.294357e-01	-2.562407e-06	
3.864087e-01	0.000000e+00	1.000058e-01	2.140481e-01	8.005240e-01	1.009243e+00	9.198949e+00	4.840903e-02	3.912678e-02	3.694762e-01	1.423256e-02	2.020598e-02	8.424050e+00	1.529115e-01	2.539609e-01	8.604673e-01	1.175066e-01	1.605969e-01	1.876711e+00	9.284331e-01	-2.408834e-06	
3.864087e-01	0.000000e+00	1.012602e-01	2.149517e-01	7.986966e-01	1.010175e+00	9.213640e+00	4.861222e-02	3.903032e-02	3.704380e-01	1.427559e-02	2.027993e-02	8.464536e+00	1.522064e-01	2.545179e-01	8.602997e-01	1.174744e-01	1.604558e-01	1.870858e+00	9.289827e-01	-2.277704e-06	
3.864087e-01	0.000000e+00	1.008863e-01	2.139773e-01	7.995049e-01	1.011580e+00	9.192853e+00	4.845435e-02	3.909881e-02	3.690413e-01	1.421234e-02	2.021318e-02	8.417314e+00	1.531738e-01	2.550555e-01	8.624395e-01	1.175636e-01	1.605481e-01	1.880954e+00	9.300637e-01	-9.612096e-07	
3.864088e-01	0.000000e+00	1.015560e-01	2.146915e-01	7.991140e-01	1.012905e+00	9.173644e+00	4.859433e-02	3.941812e-02	3.705818e-01	1.424400e-02	2.016771e-02	8.446120e+00	1.524469e-01	2.554657e-01	8.625687e-01	1.175591e-01	1.610036e-01	1.886337e+00	9.256510e-01	-1.174522e-06	
3.864090e-01	0.000000e+00	1.007162e-01	2.148618e-01	7.969988e-01	1.007731e+00	9.182110e+00	4.859892e-02	3.898998e-02	3.691480e-01	1.420839e-02	2.023307e-02	8.421258e+00	1.530487e-01	2.539749e-01	8.601987e-01	1.174060e-01	1.595981e-01	1.881721e+00	9.274477e-01	-1.787244e-06	
3.864090e-01	0.000000e+00	1.001982e-01	2.140699e-01	7.993573e-01	1.010435e+00	9.191146e+00	4.844956e-02	3.905965e-02	3.699303e-01	1.424848e-02	2.014849e-02	8.432921e+00	1.519950e-01	2.551368e-01	8.617417e-01	1.173393e-01	1.604617e-01	1.876758e+00	9.319405e-01	-1.462835e-06	
3.864090e-01	0.000000e+00	1.005819e-01	2.147106e-01	7.983451e-01	1.011188e+00	9.186623e+00	4.863330e-02	3.926966e-02	3.704201e-01	1.423901e-02	2.012765e-02	8.441645e+00	1.517983e-01	2.547860e-01	8.622671e-01	1.174561e-01	1.605337e-01	1.881397e+00	9.265733e-01	-1.128212e-06	
3.864091e-01	0.000000e+00	1.013243e-01	2.145688e-01	7.994238e-01	1.010293e+00	9.203437e+00	4.865405e-02	3.920086e-02	3.706712e-01	1.426712e-02	2.022883e-02	8.454056e+00	1.535616e-01	2.553364e-01	8.614332e-01	1.175493e-01	1.605447e-01	1.884479e+00	9.276519e-01	-3.081933e-06	
3.864091e-01	0.000000e+00	1.004969e-01	2.138596e-01	8.021398e-01	1.013571e+00	9.203749e+00	4.827610e-02	3.922492e-02	3.707156e-01	1.427795e-02	2.020197e-02	8.457378e+00	1.531178e-01	2.547305e-01	8.623290e-01	1.176719e-01	1.607353e-01	1.879267e+00	9.294138e-01	-2.607537e-06	
3.864092e-01	0.000000e+00	1.006192e-01	2.148360e-01	7.985510e-01	1.010436e+00	9.172564e+00	4.862076e-02	3.926594e-02	3.693371e-01	1.419981e-02	2.015403e-02	8.418782e+00	1.517590e-01	2.550533e-01	8.615168e-01	1.175505e-01	1.609553e-01	1.875853e+00	9.294131e-01	-1.504894e-06	
3.864051e-01	7.082459e-14	1.008629e-01	2.133603e-01	8.011036e-01	1.015020e+00	9.207613e+00	4.837347e-02	3.908689e-02	3.702970e-01	1.428224e-02	2.016399e-02	8.444001e+00	1.524291e-01	2.553052e-01	8.624348e-01	1.174999e-01	1.613049e-01	1.877667e+00	9.286242e-01	2.661289e-07	
3.864092e-01	0.000000e+00	1.005590e-01	2.138079e-01	7.992879e-01	1.012363e+00	9.211653e+00	4.872815e-02	3.934162e-02	3.709422e-01	1.427349e-02	2.008195e-02	8.456995e+00	1.513080e-01	2.552658e-01	8.645498e-01	1.175450e-01	1.607941e-01	1.882271e+00	9.281537e-01	-2.932686e-06	
3.864093e-01	0.000000e+00	1.013142e-01	2.142155e-01	7.994543e-01	1.012518e+00	9.184207e+00	4.844403e-02	3.929259e-02	3.708887e-01	1.428741e-02	2.020364e-02	8.466573e+00	1.524472e-01	2.544301e-01	8.651582e-01	1.177485e-01	1.609085e-01	1.880499e+00	9.303533e-01	-3.837133e-07	
3.864093e-01	0.000000e+00	1.008685e-01	2.129922e-01	8.011083e-01	1.014223e+00	9.232662e+00	4.850289e-02	3.920402e-02	3.709580e-01	1.431886e-02	2.010126e-02	8.450506e+00	1.529766e-01	2.553905e-01	8.615906e-01	1.176508e-01	1.613750e-01	1.878534e+00	9.290514e-01	-2.641398e-06	
3.864093e-01	0.000000e+00	1.004479e-01	2.138119e-01	8.004400e-01	1.010591e+00	9.188982e+00	4.850550e-02	3.928907e-02	3.698226e-01	1.419495e-02	2.013587e-02	8.421298e+00	1.526615e-01	2.559661e-01	8.648287e-01	1.175771e-01	1.613653e-01	1.884468e+00	9.286279e-01	-1.928147e-06	
3.864094e-01	0.000000e+00	1.005385e-01	2.126447e-01	7.989347e-01	1.012785e+00	9.193554e+00	4.861770e-02	3.925042e-02	3.687910e-01	1.418574e-02	2.014372e-02	8.408292e+00	1.515191e-01	2.554256e-01	8.620395e-01	1.176615e-01	1.606205e-01	1.886360e+00	9.252983e-01	-1.818473e-06	
3.864094e-01	0.000000e+00	1.008933e-01	2.141031e-01	8.004574e-01	1.010622e+00	9.197732e+00	4.858708e-02	3.930353e-02	3.714069e-01	1.431383e-02	2.018253e-02	8.470332e+00	1.528251e-01	2.552006e-01	8.627430e-01	1.172919e-01	1.610964e-01	1.872943e+00	9.318162e-01	-2.115856e-06	
3.864094e-01	0.000000e+00	1.003609e-01	2.143949e-01	8.000336e-01	1.011735e+00	9.200004e+00	4.853485e-02	3.926159e-02	3.705299e-01	1.425866e-02	2.022788e-02	8.452775e+00	1.526398e-01	2.552638e-01	8.599526e-01	1.174099e-01	1.609165e-01	1.879731e+00	9.254032e-01	-2.193839e-06	
3.864094e-01	0.000000e+00	1.010325e-01	2.148964e-01	7.964568e-01	1.010684e+00	9.201899e+00	4.891035e-02	3.931315e-02	3.702584e-01	1.426345e-02	2.009502e-02	8.438498e+00	1.524319e-01	2.551092e-01	8.632569e-01	1.174774e-01	1.600674e-01	1.885255e+00	9.302001e-01	-3.203179e-07	
3.864095e-01	0.000000e+00	1.006276e-01	2.146328e-01	8.002415e-01	1.011569e+00	9.198004e+00	4.845242e-02	3.912258e-02	3.690553e-01	1.418600e-02	2.019879e-02	8.416307e+00	1.519961e-01	2.549799e-01	8.605217e-01	1.175176e-01	1.607076e-01	1.878929e+00	9.260997e-01	-4.628106e-06	
3.864095e-01	0.000000e+00	1.009839e-01	2.157278e-01	7.988927e-01	1.009661e+00	9.172812e+00	4.839514e-02	3.913714e-02	3.716335e-01	1.430122e-02	2.014341e-02	8.480744e+00	1.517779e-01	2.542578e-01	8.616968e-01	1.174122e-01	1.609883e-01	1.877158e+00	9.263226e-01	-1.864114e-06	
3.864095e-01	0.000000e+00	1.012279e-01	2.132669e-01	8.016143e-01	1.011316e+00	9.210356e+00	4.838491e-02	3.914041e-02	3.719968e-01	1.434868e-02	2.016393e-02	8.482393e+00	1.528033e-01	2.536581e-01	8.640253e-01	1.174516e-01	1.609968e-01	1.873875e+00	9.290073e-01	-1.336859e-06	
3.864096e-01	0.000000e+00	1.005023e-01	2.163164e-01	7.964784e-01	1.013410e+00	9.175563e+00	4.860963e-02	3.921058e-02	3.690242e-01	1.421597e-02	2.018258e-02	8.419893e+00	1.522158e-01	2.545872e-01	8.618685e-01	1.176035e-01	1.601780e-01	1.884716e+00	9.291984e-01	-1.316262e-06	
3.864096e-01	0.000000e+00	1.012525e-01	2.138552e-01	8.000665e-01	1.013164e+00	9.205808e+00	4.852063e-02	3.928197e-02	3.690681e-01	1.420151e-02	2.016316e-02	8.411472e+00	1.526453e-01	2.555906e-01	8.626535e-01	1.176090e-01	1.609078e-01	1.888348e+00	9.261810e-01	-2.625995e-06	
3.864096e-01	0.000000e+00	1.012437e-01	2.125773e-01	7.984600e-01	1.012893e+00	9.196714e+00	4.850357e-02	3.914494e-02	3.715054e-01	1.431858e-02	2.010374e-02	8.468469e+00	1.516721e-01	2.549228e-01	8.642512e-01	1.177944e-01	1.611789e-01	1.872564e+00	9.319315e-01	-2.659765e-06	
3.864096e-01	0.000000e+00	1.004291e-01	2.146133e-01	7.971454e-01	1.009136e+00	9.200162e+00	4.873324e-02	3.899396e-02	3.687608e-01	1.419831e-02	2.017408e-02	8.404197e+00	1.527085e-01	2.548793e-01	8.595820e-01	1.177273e-01	1.600865e-01	1.881242e+00	9.297267e-01	-4.241036e-06	
3.864097e-01	0.000000e+00	1.005682e-01	2.148929e-01	7.989084e-01	1.008821e+00	9.186697e+00	4.864380e-02	3.928537e-02	3.699424e-01	1.424414e-02	2.018517e-02	8.431986e+00	1.527925e-01	2.547379e-01	8.600620e-01	1.172463e-01	1.608069e-01	1.874346e+00	9.288513e-01	-9.572248e-07	
3.864097e-01	0.000000e+00	1.008466e-01	2.141661e-01	7.981604e-01	1.012957e+00	9.190403e+00	4.848843e-02	3.916821e-02	3.691052e-01	1.419655e-02	2.022115e-02	8.420687e+00	1.522680e-01	2.542452e-01	8.618147e-01	1.176772e-01	1.604646e-01	1.880048e+00	9.251867e-01	-1.207209e-06	
3.864099e-01	0.000000e+00	1.009276e-01	2.144666e-01	7.972276e-01	1.006884e+00	9.174800e+00	4.857960e-02	3.898214e-02	3.709652e-01	1.426670e-02	2.020446e-02	8.461798e+00	1.523467e-01	2.544872e-01	8.613298e-01	1.176584e-01	1.601217e-01	1.878229e+00	9.303064e-01	-2.098985e-06	
3.864100e-01	0.000000e+00	1.008997e-01	2.139524e-01	7.970295e-01	1.011704e+00	9.166134e+00	4.849118e-02	3.915078e-02	3.700726e-01	1.424414e-02	2.016638e-02	8.441754e+00	1.518529e-01	2.551220e-01	8.627091e-01	1.175559e-01	1.608808e-01	1.885757e+00	9.260200e-01	-2.661845e-06	
3.864067e-01	1.258894e-13	1.005628e-01	2.141082e-01	7.989753e-01	1.011069e+00	9.221007e+00	4.881884e-02	3.928883e-02	3.692038e-01	1.421637e-02	2.021264e-02	8.423405e+00	1.524286e-01	2.553600e-01	8.639037e-01	1.179013e-01	1.605524e-01	1.889237e+00	9.298729e-01	3.548089e-07	
3.864101e-01	0.000000e+00	1.012148e-01	2.142785e-01	7.983505e-01	1.011742e+00	9.207164e+00	4.875541e-02	3.930240e-02	3.706518e-01	1.428890e-02	2.019580e-02	8.460499e+00	1.521107e-01	2.554590e-01	8.629122e-01	1.175036e-01	1.605003e-01	1.886865e+00	9.287260e-01	-3.311787e-06	
3.864101e-01	0.000000e+00	1.004539e-01	2.153201e-01	7.968894e-01	1.006694e+00	9.198661e+00	4.868748e-02	3.881058e-02	3.700288e-01	1.424586e-02	2.017471e-02	8.430299e+00	1.532657e-01	2.544478e-01	8.604759e-01	1.178235e-01	1.600136e-01	1.882572e+00	9.312789e-01	-7.625977e-07	
3.864101e-01	0.000000e+00	1.006318e-01	2.129777e-01	7.997418e-01	1.012758e+00	9.198235e+00	4.863960e-02	3.938438e-02	3.705599e-01	1.427016e-02	2.007600e-02	8.444826e+00	1.514644e-01	2.547769e-01	8.630381e-01	1.176140e-01	1.603507e-01	1.879132e+00	9.302473e-01	-1.131659e-06	
3.864101e-01	0.000000e+00	1.006219e-01	2.146165e-01	7.960707e-01	1.011700e+00	9.182907e+00	4.872262e-02	3.925853e-02	3.706627e-01	1.427715e-02	2.015578e-02	8.456007e+00	1.519059e-01	2.554823e-01	8.620348e-01	1.175863e-01	1.608132e-01	1.881406e+00	9.289140e-01	-3.670772e-06	
3.864102e-01	0.000000e+00	1.006815e-01	2.149752e-01	7.977026e-01	1.009895e+00	9.186067e+00	4.858077e-02	3.910570e-02	3.696793e-01	1.423306e-02	2.019654e-02	8.434416e+00	1.524684e-01	2.545230e-01	8.622410e-01	1.173592e-01	1.601032e-01	1.878551e+00	9.299966e-01	-5.557907e-06	
3.864102e-01	0.000000e+00	1.009273e-01	2.144080e-01	7.994868e-01	1.010584e+00	9.219446e+00	4.867011e-02	3.914731e-02	3.702112e-01	1.426583e-02	2.024888e-02	8.457347e+00	1.529077e-01	2.550047e-01	8.620524e-01	1.173284e-01	1.612230e-01	1.874983e+00	9.257725e-01	-4.200139e-06	
3.864102e-01	0.000000e+00	1.013196e-01	2.138311e-01	7.991398e-01	1.011195e+00	9.188305e+00	4.848203e-02	3.921246e-02	3.694169e-01	1.423380e-02	2.019317e-02	8.430082e+00	1.520939e-01	2.546482e-01	8.645516e-01	1.172874e-01	1.607723e-01	1.877387e+00	9.300666e-01	-2.418906e-06	
3.864040e-01	1.312049e-13	1.007977e-01	2.140495e-01	7.987302e-01	1.011941e+00	9.179612e+00	4.854016e-02	3.936242e-02	3.704511e-01	1.427057e-02	2.014023e-02	8.454029e+00	1.516439e-01	2.548480e-01	8.628832e-01	1.173347e-01	1.610176e-01	1.875782e+00	9.280708e-01	3.622222e-07	
3.864102e-01	0.000000e+00	1.011099e-01	2.147216e-01	7.993680e-01	1.011431e+00	9.228654e+00	4.855260e-02	3.906666e-02	3.705548e-01	1.426759e-02	2.023257e-02	8.459897e+00	1.528960e-01	2.556250e-01	8.615115e-01	1.177185e-01	1.607218e-01	1.881462e+00	9.284239e-01	-1.001813e-06	
3.864103e-01	0.000000e+00	1.014061e-01	2.130281e-01	8.002437e-01	1.012948e+00	9.218812e+00	4.855741e-02	3.927352e-02	3.687579e-01	1.422015e-02	2.029485e-02	8.420398e+00	1.532285e-01	2.558806e-01	8.615718e-01	1.176790e-01	1.610382e-01	1.884165e+00	9.282027e-01	-2.343644e-06	
3.864105e-01	0.000000e+00	1.007258e-01	2.133491e-01	8.021302e-01	1.017247e+00	9.219078e+00	4.823429e-02	3.919272e-02	3.688680e-01	1.421311e-02	2.021997e-02	8.417239e+00	1.522890e-01	2.534586e-01	8.617192e-01	1.174689e-01	1.603395e-01	1.875050e+00	9.243193e-01	-2.395690e-06	
3.864106e-01	0.000000e+00	1.009362e-01	2.135226e-01	8.008114e-01	1.010988e+00	9.213184e+00	4.856812e-02	3.923015e-02	3.708579e-01	1.430362e-02	2.013843e-02	8.452141e+00	1.531309e-01	2.547113e-01	8.607457e-01	1.175188e-01	1.608165e-01	1.875605e+00	9.297758e-01	-4.687995e-06	
3.864106e-01	0.000000e+00	1.005291e-01	2.149088e-01	7.998903e-01	1.015983e+00	9.213965e+00	4.846398e-02	3.914515e-02	3.703352e-01	1.426421e-02	2.020356e-02	8.455384e+00	1.517623e-01	2.551239e-01	8.594280e-01	1.176219e-01	1.607460e-01	1.880090e+00	9.241895e-01	-2.943029e-06	
3.864107e-01	0.000000e+00	1.012647e-01	2.135815e-01	8.009410e-01	1.015811e+00	9.188693e+00	4.829980e-02	3.929934e-02	3.701045e-01	1.426171e-02	2.016215e-02	8.445495e+00	1.525707e-01	2.558175e-01	8.639794e-01	1.174706e-01	1.612676e-01	1.880706e+00	9.294110e-01	-6.999248e-07	
3.864107e-01	0.000000e+00	1.002219e-01	2.141431e-01	8.015734e-01	1.010139e+00	9.206818e+00	4.855285e-02	3.926910e-02	3.708815e-01	1.427208e-02	2.021396e-02	8.465053e+00	1.525404e-01	2.536389e-01	8.612634e-01	1.177336e-01	1.604955e-01	1.872668e+00	9.280976e-01	-2.970377e-06	
3.864107e-01	0.000000e+00	1.003612e-01	2.136646e-01	7.981890e-01	1.012769e+00	9.202086e+00	4.842834e-02	3.893646e-02	3.694965e-01	1.426586e-02	2.021526e-02	8.436043e+00	1.523249e-01	2.542441e-01	8.586946e-01	1.174051e-01	1.600774e-01	1.871586e+00	9.289383e-01	-1.765066e-06	
3.864065e-01	8.736883e-15	1.004158e-01	2.138371e-01	7.998055e-01	1.011626e+00	9.187427e+00	4.846219e-02	3.912719e-02	3.706937e-01	1.428342e-02	2.015427e-02	8.449863e+00	1.523623e-01	2.548249e-01	8.623935e-01	1.176569e-01	1.607385e-01	1.877693e+00	9.319970e-01	9.347130e-08	
3.864107e-01	0.000000e+00	1.007643e-01	2.135701e-01	7.980407e-01	1.012665e+00	9.212661e+00	4.864392e-02	3.913668e-02	3.700917e-01	1.428356e-02	2.010913e-02	8.437556e+00	1.516752e-01	2.542250e-01	8.609473e-01	1.174857e-01	1.605711e-01	1.872606e+00	9.289789e-01	-2.635153e-06	
3.864108e-01	0.000000e+00	1.011623e-01	2.139314e-01	7.990050e-01	1.013108e+00	9.212804e+00	4.848369e-02	3.912894e-02	3.695016e-01	1.423887e-02	2.014531e-02	8.421667e+00	1.521790e-01	2.546847e-01	8.634189e-01	1.176460e-01	1.611840e-01	1.875959e+00	9.294366e-01	-1.596183e-06	
3.864108e-01	0.000000e+00	1.012116e-01	2.146157e-01	7.966856e-01	1.005295e+00	9.191947e+00	4.886963e-02	3.911071e-02	3.698274e-01	1.421458e-02	2.029511e-02	8.438848e+00	1.531008e-01	2.547591e-01	8.603977e-01	1.175751e-01	1.594666e-01	1.886637e+00	9.278959e-01	-1.206047e-06	
3.864108e-01	0.000000e+00	1.008893e-01	2.137700e-01	7.988840e-01	1.013504e+00	9.212101e+00	4.864502e-02	3.927996e-02	3.688205e-01	1.421585e-02	2.017704e-02	8.405228e+00	1.530956e-01	2.550453e-01	8.618344e-01	1.178283e-01	1.607919e-01	1.882524e+00	9.293390e-01	-5.231096e-06	
3.864108e-01	0.000000e+00	1.007864e-01	2.140191e-01	7.987584e-01	1.012796e+00	9.179442e+00	4.854437e-02	3.932494e-02	3.707575e-01	1.428551e-02	2.009901e-02	8.457199e+00	1.517447e-01	2.545778e-01	8.632014e-01	1.174783e-01	1.606347e-01	1.876732e+00	9.297369e-01	-3.837662e-06	
3.864108e-01	0.000000e+00	1.006616e-01	2.127777e-01	7.997254e-01	1.009788e+00	9.202787e+00	4.862925e-02	3.924535e-02	3.694819e-01	1.424616e-02	2.020718e-02	8.429963e+00	1.526645e-01	2.534945e-01	8.613658e-01	1.174327e-01	1.602188e-01	1.874077e+00	9.277263e-01	-4.119251e-06	
3.864109e-01	0.000000e+00	1.005236e-01	2.124979e-01	8.006123e-01	1.014005e+00	9.182584e+00	4.833451e-02	3.924065e-02	3.698329e-01	1.427250e-02	2.006467e-02	8.423993e+00	1.518583e-01	2.540101e-01	8.609280e-01	1.174952e-01	1.606828e-01	1.877132e+00	9.283350e-01	-7.152864e-07	
3.864022e-01	1.407361e-13	1.012266e-01	2.142205e-01	7.983406e-01	1.013982e+00	9.193233e+00	4.837965e-02	3.909190e-02	3.700830e-01	1.429104e-02	2.017860e-02	8.447925e+00	1.522882e-01	2.541449e-01	8.626345e-01	1.173454e-01	1.606407e-01	1.872528e+00	9.300435e-01	3.751482e-07	
3.864109e-01	0.000000e+00	1.005708e-01	2.133025e-01	7.963025e-01	1.009450e+00	9.166910e+00	4.855573e-02	3.913275e-02	3.712297e-01	1.428457e-02	2.014046e-02	8.460640e+00	1.520754e-01	2.542269e-01	8.637861e-01	1.177533e-01	1.608226e-01	1.875195e+00	9.302674e-01	-1.808815e-06	
3.864109e-01	0.000000e+00	1.005782e-01	2.152865e-01	7.990066e-01	1.010524e+00	9.207738e+00	4.856575e-02	3.904789e-02	3.706945e-01	1.428543e-02	2.026597e-02	8.455616e+00	1.534278e-01	2.549707e-01	8.592338e-01	1.177156e-01	1.605753e-01	1.879762e+00	9.298794e-01	-2.691914e-06	
3.864109e-01	0.000000e+00	1.007479e-01	2.123569e-01	8.010232e-01	1.011676e+00	9.213927e+00	4.832880e-02	3.902248e-02	3.695308e-01	1.426819e-02	2.020352e-02	8.434828e+00	1.520724e-01	2.543294e-01	8.607464e-01	1.174043e-01	1.613064e-01	1.870138e+00	9.275250e-01	-3.006733e-06	
3.864110e-01	0.000000e+00	1.007659e-01	2.143169e-01	7.961120e-01	1.013106e+00	9.171391e+00	4.863912e-02	3.921314e-02	3.697498e-01	1.425576e-02	2.013604e-02	8.431813e+00	1.514705e-01	2.552651e-01	8.603167e-01	1.173209e-01	1.602115e-01	1.883287e+00	9.281167e-01	-1.388153e-06	
3.864110e-01	0.000000e+00	1.007140e-01	2.132859e-01	8.001483e-01	1.014763e+00	9.187566e+00	4.827052e-02	3.923587e-02	3.703813e-01	1.426756e-02	2.017422e-02	8.448294e+00	1.521186e-01	2.537499e-01	8.612802e-01	1.174644e-01	1.609786e-01	1.873231e+00	9.240431e-01	-3.964107e-06	
3.864111e-01	0.000000e+00	1.007788e-01	2.136761e-01	8.019259e-01	1.015173e+00	9.194615e+00	4.843830e-02	3.951358e-02	3.692773e-01	1.424113e-02	2.024092e-02	8.430597e+00	1.524163e-01	2.562911e-01	8.602060e-01	1.173009e-01	1.612413e-01	1.879787e+00	9.290976e-01	-4.380566e-06	
3.864111e-01	0.000000e+00	1.009328e-01	2.126287e-01	7.996716e-01	1.009763e+00	9.226942e+00	4.872432e-02	3.909912e-02	3.708079e-01	1.430310e-02	2.010915e-02	8.453706e+00	1.529087e-01	2.545541e-01	8.634972e-01	1.176764e-01	1.606520e-01	1.876457e+00	9.308723e-01	-6.289005e-07	
3.864112e-01	0.000000e+00	1.011577e-01	2.156441e-01	7.971028e-01	1.008633e+00	9.170511e+00	4.859355e-02	3.920010e-02	3.707235e-01	1.426264e-02	2.023516e-02	8.462028e+00	1.520676e-01	2.541422e-01	8.593370e-01	1.174512e-01	1.604549e-01	1.878345e+00	9.250669e-01	-2.504281e-06	
3.864113e-01	0.000000e+00	1.003390e-01	2.142142e-01	8.004410e-01	1.008641e+00	9.215324e+00	4.875072e-02	3.925913e-02	3.702830e-01	1.423981e-02	2.014247e-02	8.437374e+00	1.523863e-01	2.553357e-01	8.612135e-01	1.178553e-01	1.607873e-01	1.882881e+00	9.295685e-01	-2.115682e-06	
3.864113e-01	0.000000e+00	1.008796e-01	2.135442e-01	7.995448e-01	1.010820e+00	9.192179e+00	4.858616e-02	3.941424e-02	3.693038e-01	1.421176e-02	2.015803e-02	8.420735e+00	1.518920e-01	2.558700e-01	8.626107e-01	1.174847e-01	1.616670e-01	1.883643e+00	9.263163e-01	-1.578639e-06	
3.864113e-01	0.000000e+00	1.011932e-01	2.150509e-01	7.979153e-01	1.011756e+00	9.186445e+00	4.857756e-02	3.923380e-02	3.709674e-01	1.431357e-02	2.012031e-02	8.459358e+00	1.515725e-01	2.543308e-01	8.595095e-01	1.174542e-01	1.598892e-01	1.878406e+00	9.309192e-01	-1.616076e-06	
3.864113e-01	0.000000e+00	1.005107e-01	2.137590e-01	7.971076e-01	1.011638e+00	9.203982e+00	4.870728e-02	3.911484e-02	3.694945e-01	1.425235e-02	2.008552e-02	8.412676e+00	1.518032e-01	2.552153e-01	8.632906e-01	1.175955e-01	1.610422e-01	1.881700e+00	9.315370e-01	-1.623163e-06	
3.864113e-01	0.000000e+00	1.010335e-01	2.136493e-01	7.982555e-01	1.010079e+00	9.194596e+00	4.857850e-02	3.903425e-02	3.704109e-01	1.426193e-02	2.022569e-02	8.444012e+00	1.533654e-01	2.547689e-01	8.620146e-01	1.176532e-01	1.604761e-01	1.882637e+00	9.284419e-01	-4.840879e-06	
3.864050e-01	9.584133e-13	1.008486e-01	2.138706e-01	7.981360e-01	1.009908e+00	9.195746e+00	4.869225e-02	3.926465e-02	3.705839e-01	1.425591e-02	2.010833e-02	8.441559e+00	1.522520e-01	2.548634e-01	8.616203e-01	1.176898e-01	1.603360e-01	1.883491e+00	9.280031e-01	9.789859e-07	
3.864114e-01	0.000000e+00	1.008844e-01	2.157241e-01	8.003218e-01	1.012539e+00	9.188142e+00	4.846294e-02	3.928931e-02	3.704355e-01	1.425356e-02	2.026159e-02	8.466782e+00	1.522664e-01	2.552485e-01	8.618784e-01	1.175111e-01	1.608662e-01	1.880449e+00	9.273404e-01	-1.980853e-06	
3.864114e-01	0.000000e+00	1.008849e-01	2.144443e-01	7.970792e-01	1.007458e+00	9.189893e+00	4.866114e-02	3.902509e-02	3.702188e-01	1.425103e-02	2.020061e-02	8.443900e+00	1.521773e-01	2.542329e-01	8.632177e-01	1.176100e-01	1.603980e-01	1.877496e+00	9.310562e-01	-3.817806e-06	
3.864115e-01	0.000000e+00	1.010541e-01	2.141240e-01	7.970552e-01	1.012357e+00	9.183034e+00	4.870291e-02	3.931491e-02	3.702314e-01	1.426987e-02	2.014369e-02	8.440653e+00	1.523082e-01	2.546919e-01	8.665177e-01	1.175405e-01	1.610218e-01	1.877519e+00	9.327852e-01	-3.803180e-06	
3.864115e-01	0.000000e+00	1.012584e-01	2.133468e-01	7.995219e-01	1.011969e+00	9.211172e+00	4.864533e-02	3.920856e-02	3.689879e-01	1.418972e-02	2.013669e-02	8.408894e+00	1.522137e-01	2.553300e-01	8.648264e-01	1.177421e-01	1.608547e-01	1.884382e+00	9.284802e-01	-2.595553e-06	
3.864115e-01	0.000000e+00	1.012793e-01	2.140818e-01	7.984220e-01	1.010447e+00	9.223683e+00	4.881911e-02	3.922507e-02	3.684247e-01	1.417635e-02	2.018548e-02	8.398373e+00	1.526071e-01	2.553836e-01	8.636724e-01	1.178111e-01	1.606919e-01	1.884746e+00	9.296516e-01	-2.359165e-06	
3.864055e-01	1.223258e-13	1.008859e-01	2.127596e-01	7.987540e-01	1.010604e+00	9.198494e+00	4.862657e-02	3.918301e-02	3.696801e-01	1.423067e-02	2.021146e-02	8.434464e+00	1.526565e-01	2.544961e-01	8.604850e-01	1.176294e-01	1.603648e-01	1.880310e+00	9.245678e-01	3.497511e-07	
3.864066e-01	1.127693e-13	1.007411e-01	2.133904e-01	7.987680e-01	1.012433e+00	9.199796e+00	4.871851e-02	3.937803e-02	3.696489e-01	1.424194e-02	2.007194e-02	8.422670e+00	1.514994e-01	2.546201e-01	8.629821e-01	1.176402e-01	1.609396e-01	1.883486e+00	9.263848e-01	3.358113e-07	
3.864116e-01	0.000000e+00	1.002360e-01	2.135067e-01	8.012586e-01	1.007195e+00	9.227115e+00	4.855456e-02	3.900393e-02	3.692091e-01	1.418480e-02	2.027923e-02	8.423924e+00	1.530088e-01	2.544092e-01	8.605383e-01	1.177119e-01	1.603561e-01	1.879274e+00	9.257385e-01	-2.768968e-06	
3.864118e-01	0.000000e+00	1.006914e-01	2.147151e-01	8.008110e-01	1.014105e+00	9.187974e+00	4.834157e-02	3.928705e-02	3.727426e-01	1.434582e-02	2.020320e-02	8.505152e+00	1.523454e-01	2.542646e-01	8.610837e-01	1.175049e-01	1.606951e-01	1.874922e+00	9.264775e-01	-2.803422e-06	
3.864118e-01	0.000000e+00	1.009126e-01	2.137459e-01	7.992747e-01	1.007840e+00	9.230830e+00	4.883691e-02	3.913080e-02	3.706688e-01	1.426969e-02	2.018476e-02	8.457364e+00	1.524709e-01	2.548133e-01	8.615429e-01	1.175199e-01	1.610078e-01	1.877942e+00	9.249387e-01	-7.373071e-06	
3.864118e-01	0.000000e+00	1.000966e-01	2.141001e-01	7.997788e-01	1.010633e+00	9.202688e+00	4.840471e-02	3.911440e-02	3.684877e-01	1.418307e-02	2.018576e-02	8.403209e+00	1.521370e-01	2.546157e-01	8.615201e-01	1.175666e-01	1.608948e-01	1.871609e+00	9.305107e-01	-3.670753e-06	
3.864118e-01	0.000000e+00	1.015993e-01	2.131280e-01	7.985558e-01	1.012055e+00	9.182006e+00	4.863151e-02	3.929779e-02	3.704368e-01	1.426249e-02	2.013362e-02	8.436381e+00	1.532302e-01	2.544521e-01	8.646547e-01	1.175506e-01	1.609418e-01	1.878691e+00	9.285970e-01	-4.388764e-06	
3.864119e-01	0.000000e+00	1.003159e-01	2.143967e-01	7.993037e-01	1.012634e+00	9.183345e+00	4.851759e-02	3.933121e-02	3.714404e-01	1.429875e-02	2.021923e-02	8.478854e+00	1.516594e-01	2.547958e-01	8.613234e-01	1.175524e-01	1.607964e-01	1.877929e+00	9.275902e-01	-3.304176e-06	
3.864119e-01	0.000000e+00	1.009404e-01	2.123939e-01	8.019898e-01	1.015342e+00	9.201163e+00	4.826986e-02	3.931031e-02	3.706178e-01	1.429764e-02	2.014305e-02	8.459236e+00	1.511757e-01	2.551221e-01	8.650080e-01	1.177247e-01	1.615100e-01	1.875693e+00	9.319789e-01	-2.789190e-06	
3.864121e-01	0.000000e+00	9.980874e-02	2.140436e-01	8.013143e-01	1.014146e+00	9.207618e+00	4.828747e-02	3.929170e-02	3.696590e-01	1.423995e-02	2.014693e-02	8.426428e+00	1.526436e-01	2.548607e-01	8.602536e-01	1.173584e-01	1.613391e-01	1.872324e+00	9.268365e-01	-1.835651e-06	
3.864034e-01	1.662517e-12	1.008333e-01	2.144701e-01	7.992613e-01	1.011614e+00	9.192291e+00	4.837032e-02	3.907032e-02	3.692704e-01	1.422793e-02	2.020352e-02	8.418437e+00	1.530875e-01	2.553970e-01	8.599777e-01	1.175768e-01	1.607634e-01	1.877023e+00	9.312276e-01	1.289386e-06	
3.864122e-01	0.000000e+00	1.006247e-01	2.140343e-01	8.011595e-01	1.011481e+00	9.183352e+00	4.847096e-02	3.942588e-02	3.716084e-01	1.429446e-02	2.018322e-02	8.479467e+00	1.519381e-01	2.547675e-01	8.612248e-01	1.175964e-01	1.608806e-01	1.878848e+00	9.269265e-01	-4.168254e-06	
3.864122e-01	0.000000e+00	1.008511e-01	2.147266e-01	7.970829e-01	1.010154e+00	9.187230e+00	4.870602e-02	3.922597e-02	3.700344e-01	1.421427e-02	2.020738e-02	8.447871e+00	1.512664e-01	2.543951e-01	8.626947e-01	1.177231e-01	1.603448e-01	1.880921e+00	9.255637e-01	-3.467108e-07	
3.864122e-01	0.000000e+00	1.003319e-01	2.142711e-01	7.975141e-01	1.006741e+00	9.168576e+00	4.859953e-02	3.914710e-02	3.701124e-01	1.422613e-02	2.017080e-02	8.436042e+00	1.522293e-01	2.548374e-01	8.611798e-01	1.174569e-01	1.608134e-01	1.879126e+00	9.276523e-01	-5.894486e-06	
3.864125e-01	0.000000e+00	1.005911e-01	2.140850e-01	7.988279e-01	1.011279e+00	9.194548e+00	4.832224e-02	3.893023e-02	3.703026e-01	1.427089e-02	2.023625e-02	8.448848e+00	1.523718e-01	2.545197e-01	8.619907e-01	1.176857e-01	1.610241e-01	1.870162e+00	9.322130e-01	-2.950178e-06	
3.864127e-01	0.000000e+00	1.004799e-01	2.129158e-01	8.026646e-01	1.013495e+00	9.232502e+00	4.846990e-02	3.923270e-02	3.702793e-01	1.427391e-02	2.019563e-02	8.447522e+00	1.532944e-01	2.553086e-01	8.602323e-01	1.176800e-01	1.610773e-01	1.875873e+00	9.279372e-01	-5.182893e-06	
3.864127e-01	0.000000e+00	1.009498e-01	2.129302e-01	7.990308e-01	1.013079e+00	9.178507e+00	4.839009e-02	3.921539e-02	3.684321e-01	1.421569e-02	2.018817e-02	8.402162e+00	1.521339e-01	2.551458e-01	8.617037e-01	1.172128e-01	1.605594e-01	1.880614e+00	9.300000e-01	-3.322736e-06	
3.864127e-01	0.000000e+00	1.005827e-01	2.149086e-01	7.997629e-01	1.009477e+00	9.220874e+00	4.867534e-02	3.904696e-02	3.693896e-01	1.423496e-02	2.023593e-02	8.420622e+00	1.531137e-01	2.545489e-01	8.632738e-01	1.175819e-01	1.606032e-01	1.877713e+00	9.332971e-01	-3.386800e-06	
3.864128e-01	0.000000e+00	1.003939e-01	2.138549e-01	8.023773e-01	1.011423e+00	9.216435e+00	4.833794e-02	3.910594e-02	3.705876e-01	1.426294e-02	2.022574e-02	8.453716e+00	1.537185e-01	2.545128e-01	8.601835e-01	1.176993e-01	1.607945e-01	1.874980e+00	9.272723e-01	-4.932531e-06	
3.864129e-01	0.000000e+00	1.014080e-01	2.150415e-01	7.971351e-01	1.012318e+00	9.152963e+00	4.839543e-02	3.926092e-02	3.711993e-01	1.425302e-02	2.018753e-02	8.460824e+00	1.528998e-01	2.542930e-01	8.662962e-01	1.177613e-01	1.600737e-01	1.884157e+00	9.311056e-01	-3.961408e-06	
3.864130e-01	0.000000e+00	1.013036e-01	2.145694e-01	7.993538e-01	1.007661e+00	9.198970e+00	4.873777e-02	3.929893e-02	3.707571e-01	1.425462e-02	2.024120e-02	8.464907e+00	1.526862e-01	2.545890e-01	8.615174e-01	1.178404e-01	1.607459e-01	1.881242e+00	9.264507e-01	-1.172210e-06	
3.864131e-01	0.000000e+00	1.006611e-01	2.140386e-01	7.996660e-01	1.012895e+00	9.191291e+00	4.840930e-02	3.919603e-02	3.694792e-01	1.426671e-02	2.014394e-02	8.422213e+00	1.525957e-01	2.536968e-01	8.600814e-01	1.174683e-01	1.610155e-01	1.868294e+00	9.299669e-01	-2.849262e-06	
3.864039e-01	5.330035e-12	1.009746e-01	2.139362e-01	8.011482e-01	1.013189e+00	9.225166e+00	4.846044e-02	3.912559e-02	3.698426e-01	1.425631e-02	2.021303e-02	8.438280e+00	1.532635e-01	2.549236e-01	8.626299e-01	1.174660e-01	1.600577e-01	1.879712e+00	9.309825e-01	2.308687e-06	
3.864131e-01	0.000000e+00	1.013547e-01	2.147496e-01	7.983621e-01	1.011013e+00	9.174825e+00	4.857191e-02	3.937110e-02	3.705928e-01	1.426861e-02	2.021072e-02	8.458446e+00	1.522956e-01	2.544248e-01	8.605347e-01	1.174067e-01	1.600306e-01	1.876591e+00	9.291153e-01	-3.075763e-06	
3.864131e-01	0.000000e+00	1.001786e-01	2.137130e-01	8.003664e-01	1.012038e+00	9.212010e+00	4.850170e-02	3.912716e-02	3.703208e-01	1.427707e-02	2.015219e-02	8.447845e+00	1.523660e-01	2.550303e-01	8.606355e-01	1.176126e-01	1.606756e-01	1.875155e+00	9.306016e-01	-2.783826e-06	
3.864132e-01	0.000000e+00	1.005148e-01	2.134767e-01	8.024290e-01	1.012055e+00	9.226388e+00	4.839297e-02	3.913551e-02	3.704268e-01	1.428610e-02	2.018668e-02	8.452235e+00	1.525039e-01	2.540783e-01	8.619362e-01	1.175685e-01	1.608212e-01	1.870058e+00	9.306732e-01	-3.214901e-06	
3.864133e-01	0.000000e+00	1.002641e-01	2.143095e-01	8.031718e-01	1.013596e+00	9.229492e+00	4.840128e-02	3.914881e-02	3.703345e-01	1.425381e-02	2.033691e-02	8.462867e+00	1.535009e-01	2.553722e-01	8.585782e-01	1.175751e-01	1.605056e-01	1.883586e+00	9.234545e-01	-3.470703e-06	
3.864135e-01	0.000000e+00	1.010285e-01	2.145505e-01	8.005523e-01	1.012142e+00	9.197606e+00	4.843384e-02	3.915524e-02	3.706246e-01	1.424561e-02	2.025590e-02	8.455788e+00	1.527666e-01	2.553211e-01	8.640348e-01	1.174370e-01	1.612999e-01	1.879086e+00	9.271456e-01	-4.598831e-06	
3.864135e-01	0.000000e+00	1.007747e-01	2.151969e-01	7.997380e-01	1.009853e+00	9.196265e+00	4.863610e-02	3.929677e-02	3.692983e-01	1.419197e-02	2.023038e-02	8.421389e+00	1.525524e-01	2.551637e-01	8.599889e-01	1.175140e-01	1.606710e-01	1.882437e+00	9.260132e-01	-5.314770e-06	
3.864136e-01	0.000000e+00	1.011383e-01	2.135749e-01	8.004852e-01	1.009774e+00	9.190875e+00	4.846772e-02	3.915943e-02	3.698651e-01	1.421667e-02	2.026006e-02	8.441897e+00	1.521386e-01	2.545449e-01	8.626390e-01	1.176034e-01	1.607445e-01	1.877076e+00	9.274737e-01	-3.926461e-06	
3.864136e-01	0.000000e+00	1.002989e-01	2.126616e-01	7.990086e-01	1.007890e+00	9.215647e+00	4.871939e-02	3.902518e-02	3.695071e-01	1.426571e-02	2.019761e-02	8.429518e+00	1.524254e-01	2.546119e-01	8.595863e-01	1.177058e-01	1.611314e-01	1.873762e+00	9.295734e-01	-3.491357e-06	
3.864019e-01	1.791253e-11	1.013246e-01	2.128188e-01	7.986869e-01	1.007582e+00	9.198622e+00	4.861669e-02	3.906295e-02	3.704073e-01	1.426335e-02	2.015593e-02	8.443481e+00	1.518951e-01	2.556642e-01	8.627195e-01	1.176991e-01	1.610923e-01	1.881356e+00	9.307115e-01	4.232320e-06	
3.864136e-01	0.000000e+00	1.010907e-01	2.137862e-01	7.984226e-01	1.011673e+00	9.165645e+00	4.839043e-02	3.920858e-02	3.691494e-01	1.422165e-02	2.014765e-02	8.414501e+00	1.519970e-01	2.540998e-01	8.616820e-01	1.173328e-01	1.603857e-01	1.872760e+00	9.305970e-01	-6.290773e-06	
3.864038e-01	2.638234e-13	1.002902e-01	2.132930e-01	7.990009e-01	1.011378e+00	9.212144e+00	4.871460e-02	3.927054e-02	3.702173e-01	1.427181e-02	2.007952e-02	8.435804e+00	1.520350e-01	2.556110e-01	8.608854e-01	1.176698e-01	1.613827e-01	1.878352e+00	9.284481e-01	5.136375e-07	
3.864140e-01	0.000000e+00	1.012365e-01	2.154844e-01	7.987527e-01	1.009790e+00	9.191401e+00	4.870252e-02	3.925960e-02	3.717114e-01	1.430859e-02	2.014379e-02	8.482345e+00	1.515756e-01	2.547540e-01	8.627329e-01	1.172268e-01	1.606450e-01	1.879534e+00	9.273121e-01	-4.655819e-06	
3.864140e-01	0.000000e+00	1.005782e-01	2.144594e-01	7.968996e-01	1.010202e+00	9.180354e+00	4.877145e-02	3.931982e-02	3.703120e-01	1.428498e-02	2.017761e-02	8.448311e+00	1.520975e-01	2.534170e-01	8.605867e-01	1.173795e-01	1.603206e-01	1.871146e+00	9.289028e-01	-6.125262e-06	
3.864141e-01	0.000000e+00	1.013175e-01	2.132072e-01	8.026970e-01	1.011759e+00	9.219057e+00	4.849639e-02	3.930448e-02	3.704460e-01	1.425880e-02	2.020351e-02	8.451191e+00	1.535478e-01	2.560202e-01	8.609029e-01	1.177557e-01	1.612139e-01	1.881546e+00	9.277966e-01	-6.611560e-07	
3.864141e-01	0.000000e+00	1.010373e-01	2.148797e-01	7.960410e-01	1.009386e+00	9.171047e+00	4.881827e-02	3.930380e-02	3.704126e-01	1.422758e-02	2.021203e-02	8.443598e+00	1.527819e-01	2.555526e-01	8.652670e-01	1.176093e-01	1.606817e-01	1.883483e+00	9.311788e-01	-2.770094e-06	
3.864142e-01	0.000000e+00	1.003421e-01	2.154050e-01	7.980046e-01	1.010166e+00	9.226083e+00	4.866512e-02	3.896228e-02	3.699083e-01	1.422740e-02	2.021640e-02	8.434839e+00	1.529915e-01	2.542450e-01	8.611797e-01	1.178497e-01	1.597906e-01	1.882396e+00	9.285055e-01	-3.454000e-06	
3.864143e-01	0.000000e+00	1.009868e-01	2.126896e-01	7.991142e-01	1.012975e+00	9.200820e+00	4.852097e-02	3.914482e-02	3.688051e-01	1.419124e-02	2.014321e-02	8.404983e+00	1.519717e-01	2.546291e-01	8.618653e-01	1.176869e-01	1.606888e-01	1.878557e+00	9.260216e-01	-6.106314e-06	
3.864143e-01	0.000000e+00	1.016822e-01	2.145891e-01	7.977619e-01	1.011246e+00	9.169667e+00	4.847852e-02	3.913755e-02	3.700072e-01	1.427056e-02	2.018507e-02	8.438265e+00	1.525341e-01	2.543882e-01	8.614590e-01	1.171885e-01	1.606624e-01	1.875498e+00	9.291842e-01	-4.074186e-06	
3.864064e-01	8.199780e-13	1.013912e-01	2.135930e-01	8.005556e-01	1.009923e+00	9.198420e+00	4.841677e-02	3.909467e-02	3.696499e-01	1.422830e-02	2.022918e-02	8.436739e+00	1.521910e-01	2.552295e-01	8.631605e-01	1.173862e-01	1.616352e-01	1.868953e+00	9.296810e-01	9.055264e-07	
3.864147e-01	0.000000e+00	1.006560e-01	2.133914e-01	7.972632e-01	1.009802e+00	9.181869e+00	4.857162e-02	3.915962e-02	3.707123e-01	1.427925e-02	2.015982e-02	8.451059e+00	1.524838e-01	2.539569e-01	8.624396e-01	1.177358e-01	1.605742e-01	1.881775e+00	9.274102e-01	-7.081556e-06	
3.864149e-01	0.000000e+00	1.010482e-01	2.156255e-01	7.983141e-01	1.008160e+00	9.198489e+00	4.869055e-02	3.913427e-02	3.696723e-01	1.419214e-02	2.023013e-02	8.431878e+00	1.522382e-01	2.549908e-01	8.625698e-01	1.175027e-01	1.599486e-01	1.884073e+00	9.287483e-01	-6.837202e-06	
3.864152e-01	0.000000e+00	1.010680e-01	2.132463e-01	8.003227e-01	1.013223e+00	9.229237e+00	4.866761e-02	3.924134e-02	3.695720e-01	1.425409e-02	2.011431e-02	8.418955e+00	1.527024e-01	2.547493e-01	8.619564e-01	1.174079e-01	1.612331e-01	1.872549e+00	9.280845e-01	-6.486831e-06	
3.864153e-01	0.000000e+00	1.006311e-01	2.149027e-01	7.977338e-01	1.009609e+00	9.177307e+00	4.868022e-02	3.927335e-02	3.687814e-01	1.418005e-02	2.019162e-02	8.413003e+00	1.517609e-01	2.554678e-01	8.626092e-01	1.176416e-01	1.608013e-01	1.885632e+00	9.289305e-01	-5.677559e-06	
3.864154e-01	0.000000e+00	1.008801e-01	2.134786e-01	7.981238e-01	1.010907e+00	9.204606e+00	4.877332e-02	3.932801e-02	3.712812e-01	1.428715e-02	2.010001e-02	8.449881e+00	1.521805e-01	2.548065e-01	8.632248e-01	1.176930e-01	1.605591e-01	1.878445e+00	9.312324e-01	-2.672997e-06	
3.864162e-01	0.000000e+00	1.009694e-01	2.127241e-01	7.979972e-01	1.013948e+00	9.189163e+00	4.860421e-02	3.927248e-02	3.706236e-01	1.429138e-02	2.011691e-02	8.453236e+00	1.513990e-01	2.556265e-01	8.614142e-01	1.176332e-01	1.610606e-01	1.881575e+00	9.274643e-01	-5.652010e-06	
3.864172e-01	0.000000e+00	1.008590e-01	2.140463e-01	7.985042e-01	1.010523e+00	9.204201e+00	4.864756e-02	3.922187e-02	3.698711e-01	1.424939e-02	2.019961e-02	8.439348e+00	1.527928e-01	2.553778e-01	8.616318e-01	1.174274e-01	1.606788e-01	1.881910e+00	9.281750e-01	-7.682076e-06	
3.864173e-01	0.000000e+00	1.013777e-01	2.135309e-01	7.979938e-01	1.011123e+00	9.198891e+00	4.871027e-02	3.921091e-02	3.690302e-01	1.420442e-02	2.015811e-02	8.405754e+00	1.527118e-01	2.546142e-01	8.638822e-01	1.176558e-01	1.605181e-01	1.882057e+00	9.294880e-01	-7.091921e-06	
3.864040e-01	1.060923e-11	1.012657e-01	2.151001e-01	7.990902e-01	1.008821e+00	9.193673e+00	4.867058e-02	3.929265e-02	3.713042e-01	1.426759e-02	2.019292e-02	8.469909e+00	1.520511e-01	2.550379e-01	8.624356e-01	1.174296e-01	1.607938e-01	1.883312e+00	9.252867e-01	3.257182e-06	
3.864040e-01	2.772424e-13	1.010819e-01	2.138824e-01	7.982382e-01	1.008746e+00	9.209797e+00	4.868330e-02	3.910849e-02	3.697312e-01	1.423778e-02	2.018054e-02	8.428207e+00	1.533081e-01	2.541930e-01	8.601357e-01	1.176376e-01	1.602858e-01	1.881593e+00	9.253244e-01	5.265381e-07	
3.864200e-01	0.000000e+00	1.004100e-01	2.132630e-01	7.964897e-01	1.009674e+00	9.204175e+00	4.888494e-02	3.911142e-02	3.699132e-01	1.424685e-02	2.003658e-02	8.416853e+00	1.521771e-01	2.551227e-01	8.615239e-01	1.178822e-01	1.601694e-01	1.889882e+00	9.291418e-01	-7.758649e-06	
3.864047e-01	6.600346e-13	1.009104e-01	2.145234e-01	7.978737e-01	1.013620e+00	9.176307e+00	4.847937e-02	3.927881e-02	3.704559e-01	1.424061e-02	2.014956e-02	8.447952e+00	1.519754e-01	2.542563e-01	8.636419e-01	1.175630e-01	1.607750e-01	1.880724e+00	9.242171e-01	8.124251e-07	
3.864202e-01	0.000000e+00	1.008087e-01	2.143763e-01	7.981672e-01	1.010883e+00	9.196268e+00	4.866315e-02	3.921356e-02	3.707992e-01	1.426497e-02	2.017028e-02	8.462247e+00	1.522621e-01	2.558839e-01	8.623477e-01	1.176803e-01	1.612043e-01	1.886759e+00	9.256613e-01	-7.213963e-06	
3.864202e-01	0.000000e+00	1.005674e-01	2.141213e-01	8.001498e-01	1.010789e+00	9.204697e+00	4.855441e-02	3.922533e-02	3.706467e-01	1.425257e-02	2.015716e-02	8.446645e+00	1.521804e-01	2.555897e-01	8.619527e-01	1.174814e-01	1.611642e-01	1.878944e+00	9.283426e-01	-8.377933e-06	
3.864218e-01	0.000000e+00	1.015910e-01	2.129067e-01	7.994293e-01	1.010665e+00	9.208323e+00	4.864514e-02	3.916099e-02	3.707207e-01	1.429287e-02	2.013910e-02	8.455473e+00	1.528260e-01	2.556999e-01	8.626575e-01	1.173304e-01	1.610348e-01	1.880192e+00	9.282741e-01	-7.465689e-06	
3.864066e-01	3.932993e-14	1.006775e-01	2.143630e-01	7.991341e-01	1.010988e+00	9.213877e+00	4.868878e-02	3.913635e-02	3.701089e-01	1.426422e-02	2.019737e-02	8.439659e+00	1.524046e-01	2.543969e-01	8.589152e-01	1.178213e-01	1.600992e-01	1.881475e+00	9.281919e-01	1.983178e-07	
3.864067e-01	6.267479e-15	1.002851e-01	2.132853e-01	7.989190e-01	1.011021e+00	9.206638e+00	4.850009e-02	3.895166e-02	3.698547e-01	1.425356e-02	2.015877e-02	8.433184e+00	1.519321e-01	2.545395e-01	8.602283e-01	1.175297e-01	1.609469e-01	1.871342e+00	9.276490e-01	7.916741e-08	
3.864222e-01	0.000000e+00	1.010243e-01	2.136369e-01	8.009025e-01	1.008993e+00	9.224252e+00	4.875594e-02	3.925390e-02	3.714949e-01	1.429078e-02	2.016172e-02	8.473973e+00	1.523622e-01	2.553388e-01	8.654869e-01	1.177444e-01	1.610060e-01	1.886414e+00	9.290977e-01	-1.048867e-05	
3.864038e-01	1.037652e-12	1.002961e-01	2.130535e-01	8.017798e-01	1.013469e+00	9.201166e+00	4.843960e-02	3.931607e-02	3.707557e-01	1.425729e-02	2.021765e-02	8.461917e+00	1.519745e-01	2.547118e-01	8.610888e-01	1.177183e-01	1.608967e-01	1.875864e+00	9.252180e-01	1.018652e-06	
3.864255e-01	0.000000e+00	1.010373e-01	2.140551e-01	7.981553e-01	1.013194e+00	9.175471e+00	4.833579e-02	3.906050e-02	3.700758e-01	1.426524e-02	2.024355e-02	8.453137e+00	1.518776e-01	2.540530e-01	8.594400e-01	1.175490e-01	1.607364e-01	1.871127e+00	9.265320e-01	-1.073109e-05	
3.864065e-01	5.713468e-13	1.011173e-01	2.141542e-01	8.002703e-01	1.013364e+00	9.220220e+00	4.852227e-02	3.908188e-02	3.698280e-01	1.427562e-02	2.027465e-02	8.446705e+00	1.531712e-01	2.548753e-01	8.608975e-01	1.175038e-01	1.605292e-01	1.878300e+00	9.289148e-01	7.558749e-07	
3.864017e-01	1.932081e-12	1.006747e-01	2.150386e-01	7.994219e-01	1.009735e+00	9.206356e+00	4.859945e-02	3.915150e-02	3.707912e-01	1.424866e-02	2.019426e-02	8.454397e+00	1.527503e-01	2.549596e-01	8.615244e-01	1.179644e-01	1.605169e-01	1.887388e+00	9.267894e-01	1.389993e-06	
3.864258e-01	0.000000e+00	1.012969e-01	2.132119e-01	7.987945e-01	1.013143e+00	9.203616e+00	4.859712e-02	3.926315e-02	3.709017e-01	1.429394e-02	2.009088e-02	8.445937e+00	1.530888e-01	2.543378e-01	8.607463e-01	1.177916e-01	1.603466e-01	1.883795e+00	9.266078e-01	-1.029675e-05	
3.864260e-01	0.000000e+00	1.011843e-01	2.143805e-01	7.983012e-01	1.009648e+00	9.207992e+00	4.876608e-02	3.918689e-02	3.716064e-01	1.429901e-02	2.013027e-02	8.465609e+00	1.521169e-01	2.548875e-01	8.633594e-01	1.177833e-01	1.604677e-01	1.881014e+00	9.319170e-01	-1.180759e-05	
3.864074e-01	6.028989e-13	1.014127e-01	2.135101e-01	7.981255e-01	1.011255e+00	9.205182e+00	4.856173e-02	3.919211e-02	3.691710e-01	1.423573e-02	2.018305e-02	8.417403e+00	1.528583e-01	2.542332e-01	8.625973e-01	1.173017e-01	1.607045e-01	1.874311e+00	9.282189e-01	7.764657e-07	
3.864044e-01	1.378465e-12	1.009154e-01	2.154408e-01	8.005940e-01	1.010939e+00	9.218769e+00	4.860625e-02	3.922187e-02	3.703605e-01	1.424338e-02	2.029630e-02	8.457451e+00	1.530756e-01	2.559128e-01	8.599106e-01	1.175541e-01	1.603220e-01	1.884498e+00	9.276210e-01	1.174080e-06	
3.864050e-01	7.780911e-13	1.012257e-01	2.124176e-01	8.012933e-01	1.011824e+00	9.231233e+00	4.849455e-02	3.902962e-02	3.709419e-01	1.430784e-02	2.013374e-02	8.458880e+00	1.523130e-01	2.547778e-01	8.629565e-01	1.176267e-01	1.607068e-01	1.877687e+00	9.295373e-01	8.820947e-07	
3.864062e-01	1.834782e-12	1.003053e-01	2.135903e-01	8.026823e-01	1.010305e+00	9.231615e+00	4.853933e-02	3.910164e-02	3.695939e-01	1.422759e-02	2.021243e-02	8.424975e+00	1.537653e-01	2.547651e-01	8.594148e-01	1.176070e-01	1.606280e-01	1.876417e+00	9.272441e-01	1.354541e-06	
3.864089e-01	3.161664e-13	1.003815e-01	2.143832e-01	7.985682e-01	1.012362e+00	9.199727e+00	4.865602e-02	3.913809e-02	3.691563e-01	1.421566e-02	2.020306e-02	8.417524e+00	1.522471e-01	2.544904e-01	8.605930e-01	1.175633e-01	1.602930e-01	1.878116e+00	9.280002e-01	5.622867e-07	
3.864049e-01	1.999035e-12	1.010289e-01	2.147100e-01	7.972846e-01	1.011691e+00	9.203461e+00	4.877198e-02	3.923283e-02	3.694201e-01	1.421207e-02	2.020124e-02	8.424653e+00	1.522731e-01	2.544478e-01	8.635816e-01	1.176679e-01	1.604398e-01	1.882574e+00	9.269990e-01	1.413872e-06	
3.864048e-01	4.439727e-12	1.006518e-01	2.140019e-01	7.990687e-01	1.010061e+00	9.216788e+00	4.854171e-02	3.909991e-02	3.694753e-01	1.425119e-02	2.019473e-02	8.429097e+00	1.522734e-01	2.548800e-01	8.619906e-01	1.173123e-01	1.610566e-01	1.872949e+00	9.302550e-01	2.107066e-06	
