f	phi	x(1)	x(2)	x(3)	x(4)	x(5)	x(6)	x(7)	x(8)	x(9)	x(10)	x(11)	x(12)	x(13)	x(14)	x(15)	x(16)	x(17)	x(18)	g(1)	
3.864045e-01	0.000000e+00	1.010674e-01	2.145069e-01	7.976142e-01	1.014484e+00	9.124581e+00	4.820973e-02	3.931613e-02	3.687397e-01	1.417306e-02	2.025856e-02	8.413875e+00	1.524859e-01	2.541606e-01	8.634845e-01	1.178614e-01	1.599235e-01	1.884622e+00	9.303868e-01	-2.651600e-07	
3.864046e-01	0.000000e+00	1.007132e-01	2.150240e-01	7.999800e-01	1.011288e+00	9.204035e+00	4.861757e-02	3.939548e-02	3.694326e-01	1.423500e-02	2.015463e-02	8.419528e+00	1.525480e-01	2.536684e-01	8.605789e-01	1.174276e-01	1.605964e-01	1.863498e+00	9.320126e-01	-1.752003e-07	
3.864067e-01	0.000000e+00	1.007736e-01	2.137174e-01	8.005567e-01	1.011226e+00	9.205315e+00	4.875669e-02	3.948811e-02	3.702121e-01	1.424010e-02	2.014372e-02	8.437664e+00	1.524120e-01	2.528410e-01	8.620682e-01	1.177674e-01	1.597587e-01	1.875338e+00	9.272588e-01	-1.338403e-06	
3.864074e-01	0.000000e+00	1.011841e-01	2.159180e-01	8.008420e-01	1.012118e+00	9.204984e+00	4.854964e-02	3.941110e-02	3.698365e-01	1.421391e-02	2.017737e-02	8.435619e+00	1.521820e-01	2.539457e-01	8.612260e-01	1.178091e-01	1.594829e-01	1.889598e+00	9.264180e-01	-7.243655e-07	
3.864077e-01	0.000000e+00	1.009170e-01	2.135970e-01	8.003490e-01	1.015650e+00	9.207879e+00	4.859099e-02	3.943699e-02	3.696964e-01	1.425608e-02	2.009074e-02	8.415729e+00	1.529206e-01	2.548356e-01	8.574356e-01	1.179691e-01	1.611542e-01	1.874220e+00	9.276062e-01	-1.825860e-07	
3.864079e-01	0.000000e+00	1.003321e-01	2.149806e-01	8.004797e-01	1.015919e+00	9.198634e+00	4.852010e-02	3.941551e-02	3.705026e-01	1.426951e-02	2.020737e-02	8.456012e+00	1.532805e-01	2.547240e-01	8.623411e-01	1.177899e-01	1.596151e-01	1.888700e+00	9.297319e-01	-1.197558e-07	
3.864081e-01	0.000000e+00	1.009774e-01	2.143336e-01	8.022520e-01	1.011026e+00	9.176617e+00	4.824376e-02	3.924187e-02	3.697192e-01	1.421319e-02	2.022806e-02	8.435095e+00	1.520678e-01	2.546562e-01	8.606705e-01	1.174978e-01	1.603650e-01	1.881507e+00	9.277211e-01	-1.436409e-06	
3.864082e-01	0.000000e+00	1.008807e-01	2.143389e-01	7.992823e-01	1.016446e+00	9.161877e+00	4.847832e-02	3.949394e-02	3.694655e-01	1.422307e-02	2.026467e-02	8.432966e+00	1.528555e-01	2.546126e-01	8.650156e-01	1.178535e-01	1.603668e-01	1.880549e+00	9.329969e-01	-1.411028e-06	
3.864083e-01	0.000000e+00	1.009303e-01	2.137022e-01	7.994060e-01	1.015551e+00	9.223742e+00	4.857209e-02	3.922508e-02	3.692870e-01	1.423206e-02	2.013830e-02	8.425570e+00	1.514522e-01	2.539147e-01	8.622139e-01	1.177984e-01	1.606172e-01	1.879316e+00	9.244977e-01	-1.050960e-06	
3.864090e-01	0.000000e+00	1.009598e-01	2.137929e-01	7.971794e-01	1.012839e+00	9.135854e+00	4.837741e-02	3.933349e-02	3.686040e-01	1.417111e-02	2.019580e-02	8.403967e+00	1.520680e-01	2.544782e-01	8.618054e-01	1.175437e-01	1.603231e-01	1.883036e+00	9.266967e-01	-1.125564e-06	
3.864092e-01	0.000000e+00	1.005420e-01	2.141278e-01	8.037427e-01	1.015546e+00	9.234911e+00	4.848861e-02	3.944768e-02	3.698316e-01	1.422898e-02	2.016363e-02	8.432848e+00	1.522281e-01	2.535947e-01	8.660238e-01	1.176449e-01	1.606327e-01	1.875555e+00	9.289059e-01	-2.423808e-06	
3.864093e-01	0.000000e+00	1.007310e-01	2.147698e-01	8.029140e-01	1.012316e+00	9.203032e+00	4.831218e-02	3.930521e-02	3.689983e-01	1.419497e-02	2.017361e-02	8.419027e+00	1.517059e-01	2.520602e-01	8.630825e-01	1.173831e-01	1.601098e-01	1.864075e+00	9.282565e-01	-3.820303e-07	
3.864094e-01	0.000000e+00	1.009262e-01	2.146351e-01	7.957248e-01	1.013704e+00	9.150153e+00	4.842533e-02	3.919863e-02	3.695818e-01	1.421851e-02	2.031542e-02	8.446100e+00	1.524388e-01	2.536325e-01	8.640414e-01	1.177283e-01	1.599523e-01	1.880409e+00	9.275852e-01	-1.740564e-06	
3.864094e-01	0.000000e+00	1.009534e-01	2.121605e-01	8.013073e-01	1.012715e+00	9.196909e+00	4.850116e-02	3.933779e-02	3.712380e-01	1.430190e-02	2.016565e-02	8.472412e+00	1.517878e-01	2.540166e-01	8.631844e-01	1.174876e-01	1.604566e-01	1.878111e+00	9.261333e-01	-2.225142e-06	
3.864095e-01	0.000000e+00	1.005672e-01	2.134815e-01	8.014557e-01	1.013731e+00	9.174699e+00	4.823178e-02	3.920465e-02	3.703867e-01	1.424657e-02	2.024433e-02	8.453295e+00	1.524169e-01	2.543391e-01	8.610659e-01	1.175242e-01	1.609263e-01	1.872617e+00	9.260372e-01	-2.088460e-06	
3.864095e-01	0.000000e+00	1.007248e-01	2.134199e-01	7.957144e-01	1.011624e+00	9.160767e+00	4.876260e-02	3.937147e-02	3.694581e-01	1.421010e-02	2.013751e-02	8.418985e+00	1.525020e-01	2.531715e-01	8.652145e-01	1.177919e-01	1.592060e-01	1.887803e+00	9.284680e-01	-1.325192e-06	
3.864096e-01	0.000000e+00	1.006148e-01	2.153976e-01	8.009351e-01	1.011014e+00	9.195336e+00	4.862586e-02	3.941897e-02	3.701688e-01	1.422640e-02	2.027423e-02	8.450446e+00	1.525179e-01	2.539063e-01	8.623871e-01	1.174470e-01	1.601785e-01	1.876194e+00	9.277641e-01	-4.400499e-06	
3.864097e-01	0.000000e+00	1.010708e-01	2.150788e-01	8.025990e-01	1.012064e+00	9.231867e+00	4.872344e-02	3.942561e-02	3.692170e-01	1.418893e-02	2.022607e-02	8.421068e+00	1.532502e-01	2.547433e-01	8.619635e-01	1.173946e-01	1.598991e-01	1.885653e+00	9.254214e-01	-3.366380e-06	
3.864097e-01	0.000000e+00	1.003893e-01	2.144431e-01	8.012875e-01	1.015638e+00	9.207106e+00	4.842938e-02	3.938928e-02	3.702773e-01	1.423615e-02	2.013543e-02	8.446387e+00	1.512696e-01	2.534983e-01	8.636021e-01	1.178644e-01	1.598056e-01	1.882863e+00	9.267966e-01	-2.311733e-06	
3.864097e-01	0.000000e+00	1.005035e-01	2.142795e-01	7.992988e-01	1.010551e+00	9.206888e+00	4.885140e-02	3.952732e-02	3.697392e-01	1.421654e-02	2.013724e-02	8.421351e+00	1.525792e-01	2.536921e-01	8.641704e-01	1.177242e-01	1.600129e-01	1.877766e+00	9.309361e-01	-2.533931e-06	
3.864098e-01	0.000000e+00	1.014679e-01	2.159381e-01	8.038156e-01	1.013962e+00	9.243608e+00	4.856969e-02	3.940678e-02	3.705485e-01	1.425666e-02	2.016971e-02	8.452444e+00	1.523635e-01	2.536252e-01	8.643671e-01	1.176535e-01	1.602628e-01	1.872635e+00	9.310885e-01	-3.231610e-06	
3.864099e-01	0.000000e+00	1.015282e-01	2.138894e-01	7.975490e-01	1.013295e+00	9.151845e+00	4.862402e-02	3.958533e-02	3.696788e-01	1.422353e-02	2.005061e-02	8.418257e+00	1.517122e-01	2.538469e-01	8.608021e-01	1.176331e-01	1.600467e-01	1.881377e+00	9.260831e-01	-2.024630e-06	
3.864100e-01	0.000000e+00	1.004858e-01	2.134838e-01	8.002219e-01	1.014181e+00	9.211375e+00	4.863554e-02	3.934104e-02	3.704089e-01	1.424921e-02	2.022039e-02	8.446696e+00	1.526279e-01	2.545583e-01	8.637579e-01	1.177287e-01	1.605098e-01	1.881240e+00	9.274470e-01	-3.162024e-06	
3.864100e-01	0.000000e+00	1.013157e-01	2.131190e-01	7.976687e-01	1.014236e+00	9.154947e+00	4.842606e-02	3.931979e-02	3.703741e-01	1.427489e-02	2.017247e-02	8.450108e+00	1.528177e-01	2.541607e-01	8.637751e-01	1.177133e-01	1.600265e-01	1.881895e+00	9.303708e-01	-1.400003e-06	
3.864101e-01	0.000000e+00	1.010210e-01	2.133543e-01	8.021712e-01	1.012115e+00	9.226315e+00	4.858885e-02	3.935767e-02	3.698083e-01	1.426199e-02	2.008675e-02	8.424251e+00	1.518364e-01	2.542060e-01	8.571991e-01	1.178903e-01	1.605835e-01	1.869653e+00	9.301694e-01	-2.096372e-06	
3.864101e-01	0.000000e+00	1.005859e-01	2.148753e-01	7.968837e-01	1.013188e+00	9.164233e+00	4.877884e-02	3.947277e-02	3.704740e-01	1.422223e-02	2.011219e-02	8.445443e+00	1.510414e-01	2.537858e-01	8.613047e-01	1.180148e-01	1.596992e-01	1.884261e+00	9.250281e-01	-1.574495e-07	
3.864102e-01	0.000000e+00	1.012158e-01	2.138576e-01	8.022102e-01	1.011705e+00	9.238188e+00	4.873215e-02	3.941591e-02	3.696416e-01	1.424135e-02	2.013814e-02	8.424145e+00	1.514462e-01	2.561630e-01	8.573874e-01	1.173068e-01	1.611513e-01	1.882480e+00	9.241746e-01	-2.967315e-06	
3.864102e-01	0.000000e+00	1.006982e-01	2.138214e-01	8.030840e-01	1.011994e+00	9.252800e+00	4.867057e-02	3.931326e-02	3.699305e-01	1.424846e-02	2.005964e-02	8.421930e+00	1.519215e-01	2.551042e-01	8.587300e-01	1.177593e-01	1.609970e-01	1.879803e+00	9.263614e-01	-4.265780e-06	
3.864104e-01	0.000000e+00	1.013971e-01	2.133116e-01	7.964642e-01	1.014840e+00	9.163187e+00	4.852543e-02	3.931649e-02	3.692316e-01	1.422100e-02	2.014624e-02	8.411117e+00	1.529564e-01	2.522463e-01	8.628357e-01	1.174744e-01	1.595076e-01	1.869704e+00	9.276605e-01	-1.798038e-06	
3.864106e-01	0.000000e+00	1.009160e-01	2.147146e-01	8.011791e-01	1.011215e+00	9.212882e+00	4.865390e-02	3.935260e-02	3.701642e-01	1.423895e-02	2.015234e-02	8.438925e+00	1.521459e-01	2.551205e-01	8.622058e-01	1.176658e-01	1.606462e-01	1.876462e+00	9.315389e-01	-2.275209e-06	
3.864107e-01	0.000000e+00	1.008735e-01	2.141661e-01	7.996191e-01	1.013317e+00	9.240979e+00	4.892677e-02	3.940451e-02	3.687344e-01	1.419135e-02	2.011042e-02	8.394670e+00	1.523221e-01	2.547622e-01	8.599451e-01	1.178090e-01	1.606234e-01	1.882051e+00	9.247687e-01	-2.511352e-06	
3.864108e-01	0.000000e+00	1.003507e-01	2.137523e-01	7.990126e-01	1.014975e+00	9.161385e+00	4.822546e-02	3.928565e-02	3.692060e-01	1.421806e-02	2.008496e-02	8.413093e+00	1.522418e-01	2.539615e-01	8.628835e-01	1.176619e-01	1.604379e-01	1.879347e+00	9.291450e-01	-1.494687e-06	
3.864108e-01	0.000000e+00	1.008432e-01	2.137488e-01	7.972424e-01	1.009200e+00	9.159177e+00	4.861607e-02	3.929526e-02	3.700103e-01	1.425936e-02	2.017678e-02	8.440988e+00	1.518515e-01	2.555600e-01	8.614565e-01	1.173132e-01	1.607388e-01	1.883451e+00	9.297837e-01	-2.283812e-06	
3.864108e-01	0.000000e+00	1.010707e-01	2.136970e-01	8.024871e-01	1.018302e+00	9.213789e+00	4.838636e-02	3.957275e-02	3.695350e-01	1.421355e-02	2.022891e-02	8.428337e+00	1.539130e-01	2.541323e-01	8.654508e-01	1.179457e-01	1.604078e-01	1.879665e+00	9.291757e-01	-1.575481e-07	
3.864061e-01	1.410815e-12	1.002445e-01	2.152995e-01	8.040559e-01	1.015379e+00	9.274964e+00	4.857486e-02	3.932637e-02	3.704585e-01	1.429055e-02	2.014792e-02	8.446851e+00	1.522992e-01	2.559640e-01	8.576436e-01	1.174784e-01	1.613173e-01	1.874138e+00	9.279129e-01	1.187777e-06	
3.864109e-01	0.000000e+00	1.005369e-01	2.150861e-01	7.971793e-01	1.013556e+00	9.165410e+00	4.868706e-02	3.955893e-02	3.701511e-01	1.423942e-02	2.009083e-02	8.435957e+00	1.519685e-01	2.539597e-01	8.610519e-01	1.177219e-01	1.601712e-01	1.877689e+00	9.278501e-01	-2.794087e-06	
3.864109e-01	0.000000e+00	1.006193e-01	2.154295e-01	8.010730e-01	1.012395e+00	9.196387e+00	4.862444e-02	3.958852e-02	3.707203e-01	1.423035e-02	2.010641e-02	8.447574e+00	1.515924e-01	2.550108e-01	8.617338e-01	1.176343e-01	1.601101e-01	1.889676e+00	9.258397e-01	-1.967065e-06	
3.864110e-01	0.000000e+00	1.012399e-01	2.155123e-01	7.977099e-01	1.011180e+00	9.179822e+00	4.876109e-02	3.935530e-02	3.691802e-01	1.421820e-02	2.009175e-02	8.409859e+00	1.517289e-01	2.538813e-01	8.569933e-01	1.176614e-01	1.604231e-01	1.867524e+00	9.288999e-01	-5.041908e-07	
3.864110e-01	0.000000e+00	1.011370e-01	2.138417e-01	8.001559e-01	1.013933e+00	9.179181e+00	4.860499e-02	3.957860e-02	3.707066e-01	1.431370e-02	2.005822e-02	8.438320e+00	1.524868e-01	2.538366e-01	8.592671e-01	1.174220e-01	1.605309e-01	1.870214e+00	9.313515e-01	-1.292356e-06	
3.864110e-01	0.000000e+00	1.003499e-01	2.135671e-01	7.981301e-01	1.014420e+00	9.173904e+00	4.836815e-02	3.919475e-02	3.706347e-01	1.426758e-02	2.024413e-02	8.466129e+00	1.513071e-01	2.534966e-01	8.627801e-01	1.181112e-01	1.602367e-01	1.880184e+00	9.274609e-01	-3.373340e-06	
3.864110e-01	0.000000e+00	1.010579e-01	2.152297e-01	7.977067e-01	1.010408e+00	9.189510e+00	4.853685e-02	3.913172e-02	3.707775e-01	1.427888e-02	2.016228e-02	8.456860e+00	1.524346e-01	2.543947e-01	8.610995e-01	1.178962e-01	1.600163e-01	1.883114e+00	9.306591e-01	-2.636344e-06	
3.864110e-01	0.000000e+00	1.008107e-01	2.144561e-01	8.048345e-01	1.013596e+00	9.245442e+00	4.831234e-02	3.915701e-02	3.710009e-01	1.428411e-02	2.020034e-02	8.466280e+00	1.521202e-01	2.552304e-01	8.651835e-01	1.175229e-01	1.604449e-01	1.887465e+00	9.305401e-01	-4.425091e-06	
3.864111e-01	0.000000e+00	1.008755e-01	2.135822e-01	8.027504e-01	1.013532e+00	9.257801e+00	4.853950e-02	3.910832e-02	3.700200e-01	1.428498e-02	2.013865e-02	8.426493e+00	1.527105e-01	2.557486e-01	8.628256e-01	1.174546e-01	1.600508e-01	1.888742e+00	9.340056e-01	-1.549170e-06	
3.864111e-01	0.000000e+00	1.015027e-01	2.134139e-01	7.982291e-01	1.015249e+00	9.203035e+00	4.866792e-02	3.924263e-02	3.699798e-01	1.427489e-02	2.022372e-02	8.440269e+00	1.527125e-01	2.536896e-01	8.582884e-01	1.178626e-01	1.598551e-01	1.879731e+00	9.249813e-01	-3.701880e-07	
3.864112e-01	0.000000e+00	1.013753e-01	2.137655e-01	8.041813e-01	1.011011e+00	9.261691e+00	4.862004e-02	3.930400e-02	3.701327e-01	1.424602e-02	2.016290e-02	8.441567e+00	1.523088e-01	2.547319e-01	8.593030e-01	1.175181e-01	1.602956e-01	1.881847e+00	9.238702e-01	-2.843776e-06	
3.864113e-01	0.000000e+00	1.003813e-01	2.142060e-01	7.984083e-01	1.010640e+00	9.181616e+00	4.881765e-02	3.937296e-02	3.702489e-01	1.424319e-02	2.022873e-02	8.452090e+00	1.525500e-01	2.547957e-01	8.596033e-01	1.177078e-01	1.599385e-01	1.883141e+00	9.265557e-01	-2.172081e-06	
3.864113e-01	0.000000e+00	1.008559e-01	2.143226e-01	8.042458e-01	1.015876e+00	9.252571e+00	4.870812e-02	3.953841e-02	3.697114e-01	1.423894e-02	2.024342e-02	8.442573e+00	1.514133e-01	2.553924e-01	8.587231e-01	1.179769e-01	1.610903e-01	1.877613e+00	9.264290e-01	-1.863964e-06	
3.864114e-01	0.000000e+00	1.000825e-01	2.156437e-01	8.017246e-01	1.011196e+00	9.231359e+00	4.870568e-02	3.932590e-02	3.709835e-01	1.426889e-02	2.022874e-02	8.469780e+00	1.524026e-01	2.550792e-01	8.608435e-01	1.175441e-01	1.608807e-01	1.874997e+00	9.276621e-01	-3.205287e-06	
3.864115e-01	0.000000e+00	1.009953e-01	2.140377e-01	8.001624e-01	1.012113e+00	9.236513e+00	4.863256e-02	3.928944e-02	3.701085e-01	1.425929e-02	2.020008e-02	8.447143e+00	1.513458e-01	2.543841e-01	8.609293e-01	1.177169e-01	1.601909e-01	1.885362e+00	9.255416e-01	-1.444970e-06	
3.864115e-01	0.000000e+00	1.004777e-01	2.130635e-01	7.997140e-01	1.012347e+00	9.196834e+00	4.868129e-02	3.938116e-02	3.696346e-01	1.423216e-02	2.030838e-02	8.439213e+00	1.530116e-01	2.538313e-01	8.606656e-01	1.176422e-01	1.607594e-01	1.867840e+00	9.267510e-01	-3.142560e-06	
3.864115e-01	0.000000e+00	1.008205e-01	2.138966e-01	7.949906e-01	1.014815e+00	9.117600e+00	4.833412e-02	3.936557e-02	3.713710e-01	1.428696e-02	2.019865e-02	8.473589e+00	1.516786e-01	2.544689e-01	8.610245e-01	1.177694e-01	1.598016e-01	1.886702e+00	9.270114e-01	-2.484866e-06	
3.864115e-01	0.000000e+00	1.002056e-01	2.146742e-01	7.977824e-01	1.011559e+00	9.180276e+00	4.871270e-02	3.932017e-02	3.696135e-01	1.417411e-02	2.017487e-02	8.420479e+00	1.527062e-01	2.541468e-01	8.622328e-01	1.178988e-01	1.597884e-01	1.881640e+00	9.269421e-01	-1.449444e-06	
3.864116e-01	0.000000e+00	1.002738e-01	2.151859e-01	7.983308e-01	1.016778e+00	9.165221e+00	4.852343e-02	3.948563e-02	3.707539e-01	1.423103e-02	2.018609e-02	8.458296e+00	1.520000e-01	2.544076e-01	8.656227e-01	1.177384e-01	1.599869e-01	1.881663e+00	9.288957e-01	-3.800491e-06	
3.864116e-01	0.000000e+00	1.012842e-01	2.120790e-01	7.973604e-01	1.012427e+00	9.170962e+00	4.851278e-02	3.921814e-02	3.696797e-01	1.425511e-02	2.020755e-02	8.432995e+00	1.526333e-01	2.543578e-01	8.616407e-01	1.176527e-01	1.598752e-01	1.881225e+00	9.295127e-01	-3.954113e-06	
3.864117e-01	0.000000e+00	1.015166e-01	2.162813e-01	7.992131e-01	1.010407e+00	9.137282e+00	4.847393e-02	3.958242e-02	3.694612e-01	1.418024e-02	2.024060e-02	8.435392e+00	1.522537e-01	2.535791e-01	8.652846e-01	1.173520e-01	1.606605e-01	1.870038e+00	9.302647e-01	-7.596944e-07	
3.864117e-01	0.000000e+00	1.009374e-01	2.138724e-01	8.002980e-01	1.014625e+00	9.190243e+00	4.859341e-02	3.955753e-02	3.688539e-01	1.422335e-02	2.007327e-02	8.396049e+00	1.526451e-01	2.540306e-01	8.619180e-01	1.173178e-01	1.611452e-01	1.866994e+00	9.304301e-01	-1.917247e-06	
3.864117e-01	0.000000e+00	1.008382e-01	2.148167e-01	8.002759e-01	1.011056e+00	9.220205e+00	4.874589e-02	3.935519e-02	3.712796e-01	1.430319e-02	2.022490e-02	8.478535e+00	1.528723e-01	2.539227e-01	8.618316e-01	1.175853e-01	1.601242e-01	1.876034e+00	9.283804e-01	-5.139473e-06	
3.864118e-01	0.000000e+00	1.012921e-01	2.130421e-01	7.979824e-01	1.013793e+00	9.206073e+00	4.858363e-02	3.916370e-02	3.708519e-01	1.433235e-02	2.016118e-02	8.467758e+00	1.519514e-01	2.552037e-01	8.582880e-01	1.177955e-01	1.604632e-01	1.884738e+00	9.264843e-01	-4.733620e-07	
3.864118e-01	0.000000e+00	1.003956e-01	2.135445e-01	8.039293e-01	1.015750e+00	9.227633e+00	4.858693e-02	3.962080e-02	3.710329e-01	1.426564e-02	2.013155e-02	8.444754e+00	1.532650e-01	2.558913e-01	8.607502e-01	1.176478e-01	1.605304e-01	1.890559e+00	9.259257e-01	-5.902113e-07	
3.864118e-01	0.000000e+00	1.009458e-01	2.151113e-01	7.970293e-01	1.009826e+00	9.146629e+00	4.847149e-02	3.923152e-02	3.700507e-01	1.424292e-02	2.031844e-02	8.457159e+00	1.531077e-01	2.535837e-01	8.609875e-01	1.175555e-01	1.603386e-01	1.866640e+00	9.304492e-01	-2.063469e-06	
3.864118e-01	0.000000e+00	1.010187e-01	2.141083e-01	7.987744e-01	1.015855e+00	9.174495e+00	4.844013e-02	3.948420e-02	3.704938e-01	1.426246e-02	2.015789e-02	8.450019e+00	1.526057e-01	2.546637e-01	8.611357e-01	1.178526e-01	1.607802e-01	1.882113e+00	9.257279e-01	-4.037720e-06	
3.864119e-01	0.000000e+00	1.004391e-01	2.141525e-01	7.993907e-01	1.016376e+00	9.192638e+00	4.855067e-02	3.946089e-02	3.707397e-01	1.429400e-02	2.019424e-02	8.460583e+00	1.522261e-01	2.558475e-01	8.623845e-01	1.178253e-01	1.594486e-01	1.901498e+00	9.305820e-01	-1.265890e-06	
3.864120e-01	0.000000e+00	1.013421e-01	2.137053e-01	7.991941e-01	1.014763e+00	9.170560e+00	4.836595e-02	3.941981e-02	3.683610e-01	1.414891e-02	2.012258e-02	8.386167e+00	1.522320e-01	2.540440e-01	8.631380e-01	1.176521e-01	1.605324e-01	1.884152e+00	9.241746e-01	-1.411205e-06	
3.864120e-01	0.000000e+00	1.011491e-01	2.137104e-01	7.993886e-01	1.012635e+00	9.157923e+00	4.843387e-02	3.946221e-02	3.698949e-01	1.422487e-02	2.018250e-02	8.434625e+00	1.526336e-01	2.548184e-01	8.609894e-01	1.175085e-01	1.609293e-01	1.879191e+00	9.255269e-01	-5.429369e-06	
3.864120e-01	0.000000e+00	1.011922e-01	2.139267e-01	7.981125e-01	1.013240e+00	9.187753e+00	4.871448e-02	3.934638e-02	3.701899e-01	1.424474e-02	2.008075e-02	8.430022e+00	1.515384e-01	2.545182e-01	8.617587e-01	1.178147e-01	1.608407e-01	1.878944e+00	9.270891e-01	-4.459738e-06	
3.864122e-01	0.000000e+00	1.002614e-01	2.132069e-01	7.969016e-01	1.010864e+00	9.144542e+00	4.841784e-02	3.913981e-02	3.697817e-01	1.424673e-02	2.022310e-02	8.442705e+00	1.518843e-01	2.539864e-01	8.615899e-01	1.176136e-01	1.604058e-01	1.873705e+00	9.300944e-01	-3.972836e-06	
3.864123e-01	0.000000e+00	1.006393e-01	2.150514e-01	7.958390e-01	1.010692e+00	9.167267e+00	4.854046e-02	3.915252e-02	3.709887e-01	1.430365e-02	2.022537e-02	8.476690e+00	1.515534e-01	2.543977e-01	8.615470e-01	1.175802e-01	1.608474e-01	1.873396e+00	9.298374e-01	-1.687485e-06	
3.864123e-01	0.000000e+00	1.005446e-01	2.137104e-01	7.984062e-01	1.010268e+00	9.168721e+00	4.850242e-02	3.935270e-02	3.709088e-01	1.423402e-02	2.027118e-02	8.469612e+00	1.515810e-01	2.550262e-01	8.624039e-01	1.180526e-01	1.602267e-01	1.891197e+00	9.259016e-01	-1.010316e-06	
3.864123e-01	0.000000e+00	1.006353e-01	2.134798e-01	8.018390e-01	1.011211e+00	9.223543e+00	4.829937e-02	3.894628e-02	3.695125e-01	1.425508e-02	2.035514e-02	8.448025e+00	1.525304e-01	2.552246e-01	8.596374e-01	1.177356e-01	1.603919e-01	1.883849e+00	9.293625e-01	-1.202833e-06	
3.864123e-01	0.000000e+00	1.010218e-01	2.142542e-01	8.042336e-01	1.018140e+00	9.211838e+00	4.824925e-02	3.951856e-02	3.693791e-01	1.422124e-02	2.008079e-02	8.415031e+00	1.521922e-01	2.551767e-01	8.631350e-01	1.176437e-01	1.607237e-01	1.878581e+00	9.317697e-01	-2.117678e-06	
3.864124e-01	0.000000e+00	1.013011e-01	2.138622e-01	8.010005e-01	1.018850e+00	9.250568e+00	4.854204e-02	3.934606e-02	3.699236e-01	1.423765e-02	2.008281e-02	8.423048e+00	1.523835e-01	2.545362e-01	8.648654e-01	1.178660e-01	1.605465e-01	1.883247e+00	9.265991e-01	-1.275905e-06	
3.864124e-01	0.000000e+00	1.002061e-01	2.141224e-01	8.008061e-01	1.011986e+00	9.213172e+00	4.864568e-02	3.922762e-02	3.695594e-01	1.423194e-02	2.019068e-02	8.433569e+00	1.519261e-01	2.549007e-01	8.590775e-01	1.179871e-01	1.601746e-01	1.881058e+00	9.295446e-01	-2.817786e-06	
3.864125e-01	0.000000e+00	1.008445e-01	2.142524e-01	7.968584e-01	1.012667e+00	9.171406e+00	4.850843e-02	3.911951e-02	3.684670e-01	1.421201e-02	2.018142e-02	8.410853e+00	1.524196e-01	2.535403e-01	8.634205e-01	1.175863e-01	1.595984e-01	1.881080e+00	9.309041e-01	-5.320289e-07	
3.864125e-01	0.000000e+00	1.010111e-01	2.147068e-01	8.010209e-01	1.013609e+00	9.201490e+00	4.835448e-02	3.931676e-02	3.701982e-01	1.422765e-02	2.023851e-02	8.449697e+00	1.522260e-01	2.549642e-01	8.671395e-01	1.176047e-01	1.610596e-01	1.879999e+00	9.304835e-01	-2.619499e-06	
3.864126e-01	0.000000e+00	1.011020e-01	2.146202e-01	8.001870e-01	1.013530e+00	9.208913e+00	4.853272e-02	3.922086e-02	3.705879e-01	1.423449e-02	2.017864e-02	8.446874e+00	1.524449e-01	2.550617e-01	8.652807e-01	1.177072e-01	1.600503e-01	1.889560e+00	9.286182e-01	-1.989383e-06	
3.864126e-01	0.000000e+00	1.003725e-01	2.152427e-01	7.994939e-01	1.010292e+00	9.184639e+00	4.859956e-02	3.925602e-02	3.686712e-01	1.421029e-02	2.028591e-02	8.417085e+00	1.535194e-01	2.559504e-01	8.587582e-01	1.177104e-01	1.608790e-01	1.878714e+00	9.330619e-01	-1.099373e-07	
3.864127e-01	0.000000e+00	1.007268e-01	2.144922e-01	8.016785e-01	1.013208e+00	9.226672e+00	4.859678e-02	3.941210e-02	3.700695e-01	1.428427e-02	2.033067e-02	8.463089e+00	1.529840e-01	2.560050e-01	8.594042e-01	1.177975e-01	1.609866e-01	1.878640e+00	9.316326e-01	-9.567215e-07	
3.864127e-01	0.000000e+00	1.003195e-01	2.138467e-01	7.993550e-01	1.013467e+00	9.204341e+00	4.860951e-02	3.937833e-02	3.695161e-01	1.423396e-02	2.021128e-02	8.429279e+00	1.526144e-01	2.538410e-01	8.618600e-01	1.177348e-01	1.602022e-01	1.876653e+00	9.288600e-01	-5.803253e-06	
3.864128e-01	0.000000e+00	1.005165e-01	2.135332e-01	7.986899e-01	1.017503e+00	9.203748e+00	4.860253e-02	3.938996e-02	3.711969e-01	1.432164e-02	2.027164e-02	8.482830e+00	1.528904e-01	2.536459e-01	8.628094e-01	1.181176e-01	1.604762e-01	1.872866e+00	9.293999e-01	-8.346322e-07	
3.864128e-01	0.000000e+00	1.009969e-01	2.147851e-01	8.010507e-01	1.012516e+00	9.207507e+00	4.848356e-02	3.919548e-02	3.707214e-01	1.427928e-02	2.019748e-02	8.456164e+00	1.519896e-01	2.546930e-01	8.626323e-01	1.174971e-01	1.617386e-01	1.868106e+00	9.296702e-01	-3.304197e-06	
3.864061e-01	6.481382e-13	1.008229e-01	2.143506e-01	8.014193e-01	1.014398e+00	9.213028e+00	4.856382e-02	3.931841e-02	3.697525e-01	1.421429e-02	2.021702e-02	8.430385e+00	1.527246e-01	2.546253e-01	8.629672e-01	1.177040e-01	1.602202e-01	1.885292e+00	9.265563e-01	8.050703e-07	
3.864129e-01	0.000000e+00	1.012279e-01	2.147418e-01	8.059231e-01	1.014773e+00	9.271307e+00	4.849061e-02	3.943805e-02	3.703773e-01	1.426541e-02	2.020003e-02	8.452938e+00	1.520199e-01	2.556277e-01	8.576923e-01	1.181439e-01	1.606012e-01	1.884421e+00	9.279907e-01	-2.276959e-06	
3.864130e-01	0.000000e+00	1.008784e-01	2.144056e-01	8.052467e-01	1.012369e+00	9.272520e+00	4.860048e-02	3.931343e-02	3.687464e-01	1.419524e-02	2.010588e-02	8.398643e+00	1.521814e-01	2.524552e-01	8.611420e-01	1.177112e-01	1.595560e-01	1.873076e+00	9.281558e-01	-3.740788e-06	
3.864131e-01	0.000000e+00	1.011797e-01	2.151356e-01	8.054845e-01	1.013492e+00	9.246183e+00	4.840308e-02	3.941037e-02	3.705902e-01	1.428836e-02	2.011342e-02	8.448528e+00	1.527532e-01	2.549822e-01	8.584568e-01	1.174049e-01	1.616489e-01	1.867796e+00	9.278503e-01	-1.397049e-06	
3.864131e-01	0.000000e+00	1.005918e-01	2.140045e-01	7.962265e-01	1.007442e+00	9.176080e+00	4.878200e-02	3.918544e-02	3.693855e-01	1.424326e-02	2.025127e-02	8.438869e+00	1.523513e-01	2.538856e-01	8.617599e-01	1.175788e-01	1.601082e-01	1.875393e+00	9.310107e-01	-3.909789e-06	
3.864133e-01	0.000000e+00	1.007158e-01	2.129473e-01	7.995432e-01	1.007730e+00	9.224130e+00	4.871702e-02	3.894645e-02	3.707685e-01	1.426341e-02	2.037784e-02	8.480211e+00	1.531066e-01	2.541688e-01	8.608931e-01	1.180554e-01	1.600846e-01	1.878914e+00	9.258197e-01	-3.870954e-06	
3.864133e-01	0.000000e+00	1.007179e-01	2.140911e-01	7.966437e-01	1.008095e+00	9.181221e+00	4.883406e-02	3.924836e-02	3.709041e-01	1.425814e-02	2.016354e-02	8.459994e+00	1.517354e-01	2.547119e-01	8.655364e-01	1.177496e-01	1.599203e-01	1.890517e+00	9.299297e-01	-3.826734e-06	
3.864133e-01	0.000000e+00	1.005421e-01	2.160433e-01	8.034614e-01	1.013734e+00	9.232462e+00	4.833707e-02	3.925050e-02	3.699279e-01	1.421988e-02	2.020554e-02	8.434418e+00	1.534418e-01	2.561777e-01	8.623412e-01	1.177016e-01	1.608597e-01	1.882065e+00	9.323375e-01	-1.445852e-06	
3.864134e-01	0.000000e+00	1.009856e-01	2.140088e-01	8.030200e-01	1.012393e+00	9.224747e+00	4.839859e-02	3.924007e-02	3.711354e-01	1.428180e-02	2.017397e-02	8.468775e+00	1.524602e-01	2.547039e-01	8.589860e-01	1.174514e-01	1.608121e-01	1.876319e+00	9.230286e-01	-5.972466e-06	
3.864135e-01	0.000000e+00	1.012333e-01	2.135551e-01	7.966223e-01	1.012002e+00	9.149326e+00	4.843870e-02	3.921461e-02	3.706439e-01	1.425289e-02	2.020754e-02	8.458662e+00	1.526402e-01	2.532075e-01	8.625398e-01	1.173178e-01	1.604333e-01	1.867030e+00	9.247787e-01	-2.221084e-06	
3.864135e-01	0.000000e+00	1.001009e-01	2.138273e-01	8.028634e-01	1.019058e+00	9.256522e+00	4.870440e-02	3.958334e-02	3.700664e-01	1.425161e-02	2.014845e-02	8.439670e+00	1.523832e-01	2.550027e-01	8.643030e-01	1.177350e-01	1.608258e-01	1.882560e+00	9.262949e-01	-3.602024e-06	
3.864136e-01	0.000000e+00	1.007331e-01	2.143333e-01	8.016513e-01	1.009053e+00	9.234476e+00	4.875066e-02	3.925031e-02	3.700133e-01	1.425340e-02	2.027142e-02	8.451834e+00	1.521972e-01	2.537102e-01	8.594512e-01	1.175196e-01	1.611487e-01	1.868230e+00	9.243483e-01	-4.368182e-06	
3.864137e-01	0.000000e+00	1.004257e-01	2.142376e-01	8.042321e-01	1.012452e+00	9.232321e+00	4.845465e-02	3.941380e-02	3.691460e-01	1.418544e-02	2.027716e-02	8.418677e+00	1.535689e-01	2.542473e-01	8.657329e-01	1.176426e-01	1.595091e-01	1.888100e+00	9.316122e-01	-2.368601e-06	
3.864138e-01	0.000000e+00	1.000166e-01	2.145315e-01	7.971824e-01	1.011685e+00	9.177878e+00	4.871686e-02	3.933520e-02	3.700386e-01	1.422082e-02	2.033826e-02	8.459718e+00	1.526146e-01	2.550861e-01	8.638290e-01	1.178773e-01	1.596667e-01	1.892677e+00	9.280528e-01	-2.433871e-06	
3.864138e-01	0.000000e+00	1.010129e-01	2.142435e-01	8.014783e-01	1.015193e+00	9.195846e+00	4.845827e-02	3.952781e-02	3.696198e-01	1.424292e-02	2.011373e-02	8.423507e+00	1.523600e-01	2.554502e-01	8.605731e-01	1.177600e-01	1.608633e-01	1.884057e+00	9.296382e-01	-3.200385e-06	
3.864138e-01	0.000000e+00	1.011096e-01	2.127743e-01	7.984289e-01	1.011723e+00	9.198293e+00	4.874025e-02	3.940585e-02	3.700158e-01	1.426535e-02	2.015606e-02	8.436157e+00	1.531364e-01	2.558171e-01	8.600869e-01	1.178208e-01	1.609200e-01	1.887847e+00	9.268241e-01	-2.938287e-06	
3.864139e-01	0.000000e+00	1.017060e-01	2.133652e-01	8.014366e-01	1.014640e+00	9.220216e+00	4.852268e-02	3.929986e-02	3.700172e-01	1.423582e-02	2.009172e-02	8.431901e+00	1.516125e-01	2.536901e-01	8.628184e-01	1.176805e-01	1.597444e-01	1.882867e+00	9.253987e-01	-3.287059e-06	
3.864139e-01	0.000000e+00	1.008937e-01	2.144517e-01	8.017998e-01	1.012793e+00	9.222524e+00	4.858470e-02	3.934040e-02	3.711483e-01	1.429002e-02	2.011958e-02	8.455075e+00	1.522272e-01	2.536815e-01	8.621113e-01	1.176376e-01	1.603140e-01	1.870908e+00	9.309482e-01	-6.682020e-06	
3.864140e-01	0.000000e+00	1.001561e-01	2.146658e-01	7.990590e-01	1.010509e+00	9.179539e+00	4.856877e-02	3.936108e-02	3.693119e-01	1.418312e-02	2.021443e-02	8.427218e+00	1.515887e-01	2.555684e-01	8.634347e-01	1.172897e-01	1.603230e-01	1.888531e+00	9.271076e-01	-3.615937e-06	
3.864140e-01	0.000000e+00	1.005563e-01	2.159633e-01	7.981246e-01	1.016701e+00	9.146304e+00	4.846948e-02	3.967457e-02	3.704576e-01	1.426999e-02	2.022206e-02	8.460369e+00	1.521039e-01	2.549465e-01	8.617851e-01	1.174862e-01	1.606456e-01	1.877249e+00	9.307383e-01	-3.769054e-06	
3.864142e-01	0.000000e+00	9.996092e-02	2.146439e-01	7.986370e-01	1.013438e+00	9.192525e+00	4.857351e-02	3.939818e-02	3.704761e-01	1.428372e-02	2.019786e-02	8.450252e+00	1.521558e-01	2.565440e-01	8.628707e-01	1.174864e-01	1.613885e-01	1.883850e+00	9.328326e-01	-1.074733e-06	
3.864143e-01	0.000000e+00	1.011265e-01	2.148282e-01	7.978004e-01	1.011964e+00	9.133957e+00	4.840823e-02	3.926137e-02	3.705964e-01	1.423613e-02	2.018922e-02	8.452875e+00	1.522962e-01	2.543281e-01	8.594913e-01	1.176010e-01	1.598380e-01	1.882290e+00	9.256709e-01	-4.777339e-06	
3.864143e-01	0.000000e+00	1.004793e-01	2.156019e-01	8.018240e-01	1.010458e+00	9.211080e+00	4.853360e-02	3.914948e-02	3.703849e-01	1.423841e-02	2.031171e-02	8.465926e+00	1.530882e-01	2.543420e-01	8.613413e-01	1.174465e-01	1.607171e-01	1.868285e+00	9.276631e-01	-3.527912e-06	
3.864143e-01	0.000000e+00	1.009603e-01	2.146765e-01	8.020075e-01	1.014251e+00	9.224324e+00	4.862182e-02	3.941887e-02	3.689187e-01	1.421980e-02	2.015521e-02	8.411843e+00	1.519261e-01	2.548515e-01	8.630029e-01	1.177928e-01	1.606260e-01	1.876080e+00	9.345833e-01	-5.514170e-06	
3.864145e-01	0.000000e+00	1.004938e-01	2.155955e-01	8.014625e-01	1.017183e+00	9.228131e+00	4.837081e-02	3.926385e-02	3.691956e-01	1.422405e-02	2.019091e-02	8.424055e+00	1.518600e-01	2.549175e-01	8.589654e-01	1.178553e-01	1.610048e-01	1.873210e+00	9.284816e-01	-3.977500e-06	
3.864145e-01	0.000000e+00	1.018566e-01	2.138792e-01	7.995047e-01	1.013512e+00	9.175865e+00	4.865288e-02	3.955528e-02	3.705397e-01	1.423933e-02	2.015141e-02	8.436405e+00	1.533193e-01	2.548787e-01	8.622937e-01	1.176333e-01	1.604657e-01	1.879081e+00	9.285249e-01	-2.324696e-06	
3.864145e-01	0.000000e+00	1.013522e-01	2.134331e-01	7.981527e-01	1.014389e+00	9.170450e+00	4.861880e-02	3.951774e-02	3.702274e-01	1.422672e-02	2.006638e-02	8.423377e+00	1.518896e-01	2.538879e-01	8.616951e-01	1.175251e-01	1.604387e-01	1.881598e+00	9.224511e-01	-1.211838e-06	
3.864145e-01	0.000000e+00	1.010174e-01	2.150305e-01	8.036046e-01	1.014852e+00	9.206018e+00	4.850353e-02	3.968707e-02	3.696216e-01	1.420540e-02	2.009561e-02	8.412105e+00	1.519813e-01	2.543050e-01	8.599890e-01	1.173228e-01	1.613053e-01	1.871590e+00	9.245765e-01	-1.994149e-06	
3.864146e-01	0.000000e+00	1.011494e-01	2.149436e-01	7.976545e-01	1.008410e+00	9.170235e+00	4.858106e-02	3.922605e-02	3.697036e-01	1.423637e-02	2.028870e-02	8.452740e+00	1.524183e-01	2.525609e-01	8.595005e-01	1.175834e-01	1.605720e-01	1.865565e+00	9.245770e-01	-2.454997e-06	
3.864146e-01	0.000000e+00	1.008298e-01	2.148234e-01	7.969276e-01	1.011753e+00	9.136102e+00	4.862192e-02	3.947177e-02	3.715494e-01	1.428387e-02	2.019284e-02	8.475234e+00	1.526369e-01	2.549698e-01	8.613399e-01	1.175017e-01	1.601980e-01	1.880063e+00	9.292096e-01	-5.265281e-06	
3.864146e-01	0.000000e+00	1.001413e-01	2.151136e-01	7.983831e-01	1.014613e+00	9.180763e+00	4.850188e-02	3.937086e-02	3.703386e-01	1.424903e-02	2.016391e-02	8.440621e+00	1.521894e-01	2.544268e-01	8.646818e-01	1.176803e-01	1.599585e-01	1.883825e+00	9.325292e-01	-5.397917e-06	
3.864146e-01	0.000000e+00	1.011033e-01	2.147877e-01	7.971440e-01	1.014712e+00	9.144331e+00	4.857772e-02	3.963825e-02	3.697284e-01	1.424095e-02	2.013874e-02	8.430259e+00	1.524204e-01	2.547917e-01	8.599402e-01	1.178281e-01	1.609607e-01	1.872065e+00	9.311283e-01	-3.158266e-06	
3.864147e-01	0.000000e+00	1.006892e-01	2.127088e-01	7.975797e-01	1.011631e+00	9.195211e+00	4.859547e-02	3.914694e-02	3.702754e-01	1.427212e-02	2.011265e-02	8.439380e+00	1.520221e-01	2.541789e-01	8.643482e-01	1.174859e-01	1.603990e-01	1.879663e+00	9.290225e-01	-6.614050e-06	
3.864147e-01	0.000000e+00	1.007586e-01	2.144496e-01	8.008027e-01	1.011913e+00	9.216597e+00	4.861150e-02	3.930227e-02	3.707312e-01	1.426495e-02	2.023319e-02	8.472268e+00	1.521566e-01	2.538381e-01	8.626008e-01	1.178305e-01	1.597259e-01	1.886016e+00	9.256553e-01	-3.473621e-06	
3.864148e-01	0.000000e+00	1.007990e-01	2.142076e-01	8.017432e-01	1.015312e+00	9.171950e+00	4.813907e-02	3.935507e-02	3.694272e-01	1.419773e-02	2.025818e-02	8.429886e+00	1.523452e-01	2.541840e-01	8.657965e-01	1.172751e-01	1.609283e-01	1.869271e+00	9.304990e-01	-2.523082e-06	
3.864148e-01	0.000000e+00	1.002124e-01	2.144755e-01	8.083677e-01	1.017073e+00	9.280845e+00	4.821733e-02	3.927943e-02	3.702398e-01	1.421476e-02	2.011775e-02	8.430492e+00	1.530974e-01	2.563554e-01	8.612421e-01	1.178040e-01	1.608259e-01	1.890125e+00	9.254787e-01	-2.080457e-06	
3.864148e-01	0.000000e+00	1.004602e-01	2.143928e-01	8.005769e-01	1.010821e+00	9.228972e+00	4.851212e-02	3.903884e-02	3.718495e-01	1.431425e-02	2.028005e-02	8.499760e+00	1.526978e-01	2.537886e-01	8.639525e-01	1.178166e-01	1.595552e-01	1.880089e+00	9.302194e-01	-2.751171e-06	
3.864148e-01	0.000000e+00	1.007682e-01	2.137504e-01	8.004957e-01	1.011092e+00	9.216065e+00	4.869733e-02	3.921540e-02	3.706049e-01	1.425827e-02	2.015359e-02	8.449453e+00	1.526155e-01	2.532479e-01	8.611579e-01	1.174601e-01	1.604909e-01	1.868094e+00	9.245413e-01	-5.945689e-06	
3.864149e-01	0.000000e+00	1.011690e-01	2.151347e-01	7.993659e-01	1.016652e+00	9.160348e+00	4.825992e-02	3.951194e-02	3.698504e-01	1.422630e-02	2.009195e-02	8.417649e+00	1.524615e-01	2.547916e-01	8.640685e-01	1.176729e-01	1.607186e-01	1.879506e+00	9.329402e-01	-1.345728e-06	
3.864150e-01	0.000000e+00	1.008716e-01	2.135453e-01	8.010811e-01	1.015622e+00	9.186839e+00	4.838051e-02	3.935390e-02	3.690239e-01	1.418317e-02	2.008341e-02	8.404003e+00	1.517774e-01	2.550670e-01	8.642727e-01	1.176717e-01	1.605849e-01	1.886849e+00	9.276497e-01	-2.627595e-06	
3.864150e-01	0.000000e+00	1.013830e-01	2.142681e-01	7.974689e-01	1.013708e+00	9.137711e+00	4.839068e-02	3.934228e-02	3.695029e-01	1.420718e-02	2.015263e-02	8.422961e+00	1.529370e-01	2.534428e-01	8.654026e-01	1.173774e-01	1.596331e-01	1.878080e+00	9.301707e-01	-2.622472e-06	
3.864074e-01	8.620570e-14	1.008731e-01	2.148084e-01	8.003323e-01	1.014676e+00	9.196656e+00	4.862021e-02	3.940621e-02	3.701894e-01	1.420884e-02	2.018247e-02	8.440579e+00	1.521237e-01	2.552088e-01	8.636488e-01	1.177343e-01	1.602805e-01	1.888428e+00	9.257660e-01	2.936081e-07	
3.864150e-01	0.000000e+00	1.009022e-01	2.146397e-01	8.020085e-01	1.011524e+00	9.215318e+00	4.855143e-02	3.926670e-02	3.690420e-01	1.418057e-02	2.020462e-02	8.419412e+00	1.519070e-01	2.546669e-01	8.660031e-01	1.171850e-01	1.611627e-01	1.869469e+00	9.297517e-01	-5.978891e-06	
3.864150e-01	0.000000e+00	1.002051e-01	2.136294e-01	8.022790e-01	1.011853e+00	9.226319e+00	4.864132e-02	3.929585e-02	3.709440e-01	1.430529e-02	2.030271e-02	8.476016e+00	1.526541e-01	2.560371e-01	8.581523e-01	1.177970e-01	1.616231e-01	1.874351e+00	9.287265e-01	-3.102619e-06	
3.864152e-01	0.000000e+00	1.006800e-01	2.151429e-01	7.977282e-01	1.016892e+00	9.147152e+00	4.846665e-02	3.960638e-02	3.714325e-01	1.427349e-02	2.010665e-02	8.469530e+00	1.518936e-01	2.544397e-01	8.631690e-01	1.174898e-01	1.611135e-01	1.874071e+00	9.251709e-01	-3.913231e-06	
3.864054e-01	6.627928e-12	1.004040e-01	2.156422e-01	8.049755e-01	1.009649e+00	9.233918e+00	4.851605e-02	3.921751e-02	3.707174e-01	1.423612e-02	2.027514e-02	8.465086e+00	1.523265e-01	2.540501e-01	8.628144e-01	1.174542e-01	1.606325e-01	1.869134e+00	9.289897e-01	2.574476e-06	
3.864153e-01	0.000000e+00	1.007207e-01	2.141250e-01	8.013017e-01	1.014963e+00	9.145623e+00	4.824731e-02	3.958917e-02	3.707078e-01	1.423504e-02	2.019307e-02	8.454813e+00	1.529271e-01	2.544062e-01	8.635961e-01	1.173865e-01	1.608106e-01	1.877439e+00	9.261058e-01	-3.876817e-06	
3.864153e-01	0.000000e+00	1.011274e-01	2.130935e-01	7.982316e-01	1.011313e+00	9.191223e+00	4.846155e-02	3.904513e-02	3.711746e-01	1.427017e-02	2.020973e-02	8.478055e+00	1.521835e-01	2.531866e-01	8.619680e-01	1.178949e-01	1.595264e-01	1.882395e+00	9.226988e-01	-3.988802e-06	
3.864154e-01	0.000000e+00	1.007165e-01	2.132343e-01	7.984110e-01	1.012999e+00	9.171680e+00	4.836333e-02	3.917148e-02	3.704530e-01	1.422696e-02	2.020108e-02	8.453027e+00	1.522784e-01	2.532237e-01	8.641552e-01	1.176306e-01	1.594476e-01	1.880991e+00	9.250056e-01	-2.730853e-06	
3.864155e-01	0.000000e+00	1.002264e-01	2.147705e-01	8.068278e-01	1.015552e+00	9.262404e+00	4.818863e-02	3.933939e-02	3.704545e-01	1.429548e-02	2.025502e-02	8.466697e+00	1.520178e-01	2.561672e-01	8.609809e-01	1.176846e-01	1.619910e-01	1.874148e+00	9.319101e-01	-1.545903e-06	
3.864155e-01	0.000000e+00	1.007692e-01	2.133630e-01	7.973210e-01	1.008876e+00	9.170725e+00	4.846212e-02	3.908867e-02	3.691512e-01	1.421517e-02	2.027583e-02	8.424723e+00	1.531489e-01	2.537542e-01	8.634210e-01	1.176043e-01	1.601376e-01	1.875093e+00	9.317264e-01	-5.828039e-06	
3.864156e-01	0.000000e+00	1.006116e-01	2.140110e-01	8.003210e-01	1.013082e+00	9.199438e+00	4.849881e-02	3.937046e-02	3.691559e-01	1.419401e-02	2.018815e-02	8.424477e+00	1.524644e-01	2.550059e-01	8.642962e-01	1.174794e-01	1.604243e-01	1.886314e+00	9.264996e-01	-3.730047e-06	
3.864156e-01	0.000000e+00	9.999050e-02	2.142448e-01	8.036884e-01	1.016337e+00	9.220348e+00	4.830131e-02	3.923750e-02	3.703445e-01	1.422205e-02	2.015056e-02	8.439671e+00	1.520974e-01	2.541355e-01	8.679501e-01	1.176065e-01	1.601909e-01	1.879930e+00	9.311319e-01	-1.229052e-06	
3.864156e-01	0.000000e+00	1.010802e-01	2.140268e-01	7.997553e-01	1.011894e+00	9.191938e+00	4.851712e-02	3.925113e-02	3.697202e-01	1.424980e-02	2.012609e-02	8.431261e+00	1.513934e-01	2.539652e-01	8.610455e-01	1.177934e-01	1.604307e-01	1.874974e+00	9.308952e-01	-5.922561e-06	
3.863948e-01	1.833522e-11	1.007281e-01	2.148104e-01	8.037022e-01	1.014624e+00	9.247529e+00	4.854145e-02	3.932728e-02	3.699033e-01	1.425346e-02	2.021986e-02	8.437379e+00	1.532031e-01	2.558418e-01	8.601792e-01	1.177261e-01	1.610291e-01	1.881504e+00	9.286972e-01	4.281964e-06	
3.864158e-01	0.000000e+00	1.010961e-01	2.135213e-01	8.007919e-01	1.012235e+00	9.188639e+00	4.834883e-02	3.921258e-02	3.706391e-01	1.428286e-02	2.027194e-02	8.472242e+00	1.527808e-01	2.536827e-01	8.618037e-01	1.173813e-01	1.602202e-01	1.872336e+00	9.272108e-01	-5.262355e-06	
3.864158e-01	0.000000e+00	1.007238e-01	2.133620e-01	7.982784e-01	1.014573e+00	9.178326e+00	4.851482e-02	3.932739e-02	3.702529e-01	1.422156e-02	2.016398e-02	8.438787e+00	1.526294e-01	2.529903e-01	8.665854e-01	1.176737e-01	1.592821e-01	1.885114e+00	9.264564e-01	-3.874684e-06	
3.864159e-01	0.000000e+00	1.010230e-01	2.136051e-01	8.027496e-01	1.013215e+00	9.215814e+00	4.831531e-02	3.929667e-02	3.694536e-01	1.420676e-02	2.017007e-02	8.426072e+00	1.518300e-01	2.551673e-01	8.637112e-01	1.173795e-01	1.608203e-01	1.882607e+00	9.267834e-01	-5.879361e-06	
3.864159e-01	0.000000e+00	1.003363e-01	2.132245e-01	7.964215e-01	1.013971e+00	9.124149e+00	4.825867e-02	3.928937e-02	3.689131e-01	1.419670e-02	2.031818e-02	8.423856e+00	1.521404e-01	2.538304e-01	8.633815e-01	1.181187e-01	1.605590e-01	1.875907e+00	9.322638e-01	-1.598970e-07	
3.864160e-01	0.000000e+00	1.005847e-01	2.157341e-01	8.011310e-01	1.010515e+00	9.208649e+00	4.846619e-02	3.919166e-02	3.703285e-01	1.423477e-02	2.027241e-02	8.450686e+00	1.532911e-01	2.542319e-01	8.636395e-01	1.171623e-01	1.601740e-01	1.878774e+00	9.281031e-01	-4.637114e-06	
3.864161e-01	0.000000e+00	1.007664e-01	2.157965e-01	8.033672e-01	1.015414e+00	9.191168e+00	4.830440e-02	3.949991e-02	3.712083e-01	1.428177e-02	2.026739e-02	8.473539e+00	1.527724e-01	2.553575e-01	8.597768e-01	1.176942e-01	1.612909e-01	1.877257e+00	9.284431e-01	-3.498242e-06	
3.864162e-01	0.000000e+00	1.007559e-01	2.146320e-01	7.994505e-01	1.014205e+00	9.161102e+00	4.841452e-02	3.948558e-02	3.701482e-01	1.424760e-02	2.007252e-02	8.434738e+00	1.507137e-01	2.539183e-01	8.644065e-01	1.173622e-01	1.602953e-01	1.880770e+00	9.299367e-01	-4.076003e-06	
3.864163e-01	0.000000e+00	1.005924e-01	2.141277e-01	7.997056e-01	1.014762e+00	9.149161e+00	4.825220e-02	3.935737e-02	3.710734e-01	1.429117e-02	2.029317e-02	8.482759e+00	1.520239e-01	2.551931e-01	8.595542e-01	1.176392e-01	1.613315e-01	1.876452e+00	9.261400e-01	-3.864329e-06	
3.864163e-01	0.000000e+00	1.008935e-01	2.138305e-01	7.992834e-01	1.010733e+00	9.212873e+00	4.867413e-02	3.917807e-02	3.705192e-01	1.428383e-02	2.012615e-02	8.440687e+00	1.526409e-01	2.543588e-01	8.606638e-01	1.175943e-01	1.596205e-01	1.883718e+00	9.305068e-01	-8.271193e-06	
3.864164e-01	0.000000e+00	1.004568e-01	2.155182e-01	7.971600e-01	1.015481e+00	9.156596e+00	4.845238e-02	3.938764e-02	3.704857e-01	1.425501e-02	2.018017e-02	8.449717e+00	1.523409e-01	2.549049e-01	8.649735e-01	1.178625e-01	1.598855e-01	1.889408e+00	9.333942e-01	-5.827858e-06	
3.864165e-01	0.000000e+00	1.007363e-01	2.134268e-01	7.979634e-01	1.015888e+00	9.123158e+00	4.821022e-02	3.943735e-02	3.691243e-01	1.416139e-02	2.020106e-02	8.415563e+00	1.524428e-01	2.531087e-01	8.640597e-01	1.174419e-01	1.600341e-01	1.875976e+00	9.238703e-01	-4.700780e-06	
3.864165e-01	0.000000e+00	1.001156e-01	2.147510e-01	8.012881e-01	1.016467e+00	9.225068e+00	4.855164e-02	3.943286e-02	3.701457e-01	1.424757e-02	2.014625e-02	8.446082e+00	1.518628e-01	2.525078e-01	8.646926e-01	1.177288e-01	1.595269e-01	1.868952e+00	9.308467e-01	-3.885168e-06	
3.864168e-01	0.000000e+00	1.015845e-01	2.151901e-01	7.988005e-01	1.014560e+00	9.197199e+00	4.859505e-02	3.928956e-02	3.709436e-01	1.427082e-02	2.019389e-02	8.459830e+00	1.528573e-01	2.541547e-01	8.631806e-01	1.178011e-01	1.600712e-01	1.878720e+00	9.294479e-01	-6.589454e-06	
3.864062e-01	1.399674e-12	1.005677e-01	2.138184e-01	8.022820e-01	1.011902e+00	9.207817e+00	4.840632e-02	3.936304e-02	3.696354e-01	1.421949e-02	2.011585e-02	8.416768e+00	1.516777e-01	2.541690e-01	8.612435e-01	1.174298e-01	1.604132e-01	1.875741e+00	9.288399e-01	1.183078e-06	
3.864168e-01	0.000000e+00	1.008492e-01	2.143090e-01	8.002308e-01	1.011190e+00	9.173075e+00	4.836932e-02	3.926929e-02	3.703208e-01	1.426075e-02	2.021792e-02	8.460456e+00	1.519893e-01	2.528241e-01	8.620622e-01	1.171209e-01	1.607066e-01	1.861270e+00	9.266042e-01	-5.140657e-06	
3.864169e-01	0.000000e+00	1.003350e-01	2.145805e-01	8.013957e-01	1.013479e+00	9.202079e+00	4.865575e-02	3.953746e-02	3.687946e-01	1.415711e-02	2.011153e-02	8.402487e+00	1.515032e-01	2.547536e-01	8.639639e-01	1.177019e-01	1.604495e-01	1.886342e+00	9.268299e-01	-5.245402e-06	
3.864170e-01	0.000000e+00	9.996871e-02	2.142734e-01	8.028396e-01	1.015179e+00	9.224054e+00	4.835394e-02	3.931049e-02	3.705617e-01	1.426607e-02	2.024220e-02	8.463777e+00	1.523108e-01	2.547582e-01	8.631644e-01	1.176341e-01	1.603514e-01	1.885496e+00	9.273445e-01	-8.354058e-06	
3.864170e-01	0.000000e+00	1.006791e-01	2.160912e-01	7.971214e-01	1.015715e+00	9.138810e+00	4.855533e-02	3.957521e-02	3.706455e-01	1.425848e-02	2.021569e-02	8.455778e+00	1.519609e-01	2.554066e-01	8.624943e-01	1.178620e-01	1.603567e-01	1.889274e+00	9.315379e-01	-4.022853e-06	
3.864171e-01	0.000000e+00	1.010178e-01	2.155712e-01	8.030107e-01	1.013164e+00	9.213866e+00	4.847602e-02	3.953772e-02	3.681278e-01	1.417678e-02	2.021562e-02	8.385908e+00	1.532652e-01	2.537460e-01	8.584422e-01	1.179599e-01	1.599843e-01	1.874494e+00	9.335521e-01	-2.153363e-06	
3.864171e-01	0.000000e+00	1.007279e-01	2.150924e-01	8.017945e-01	1.014149e+00	9.234858e+00	4.870468e-02	3.949001e-02	3.700265e-01	1.426150e-02	2.026939e-02	8.446759e+00	1.526843e-01	2.557171e-01	8.609093e-01	1.176982e-01	1.610699e-01	1.882114e+00	9.294472e-01	-5.935289e-06	
3.864171e-01	0.000000e+00	1.010570e-01	2.167429e-01	8.050053e-01	1.008088e+00	9.236720e+00	4.871124e-02	3.945763e-02	3.692970e-01	1.419580e-02	2.020211e-02	8.431026e+00	1.514536e-01	2.546816e-01	8.620867e-01	1.172026e-01	1.603402e-01	1.878078e+00	9.301360e-01	-3.303950e-06	
3.864171e-01	0.000000e+00	9.956564e-02	2.149283e-01	7.977621e-01	1.015199e+00	9.187267e+00	4.849681e-02	3.933401e-02	3.701816e-01	1.423692e-02	2.014687e-02	8.439680e+00	1.515425e-01	2.549355e-01	8.640203e-01	1.180096e-01	1.601129e-01	1.888261e+00	9.314694e-01	-3.464256e-06	
3.864173e-01	0.000000e+00	1.007516e-01	2.136066e-01	8.013798e-01	1.014233e+00	9.230448e+00	4.840491e-02	3.895222e-02	3.706223e-01	1.428809e-02	2.021269e-02	8.462407e+00	1.519123e-01	2.550547e-01	8.593054e-01	1.179650e-01	1.608407e-01	1.879063e+00	9.268032e-01	-4.707411e-06	
3.864176e-01	0.000000e+00	1.016771e-01	2.144495e-01	8.023181e-01	1.008903e+00	9.216858e+00	4.867070e-02	3.942727e-02	3.696395e-01	1.422710e-02	2.015812e-02	8.417412e+00	1.526695e-01	2.548586e-01	8.584146e-01	1.172076e-01	1.606638e-01	1.876434e+00	9.271586e-01	-5.638989e-06	
3.864178e-01	0.000000e+00	1.005897e-01	2.138738e-01	8.047536e-01	1.011986e+00	9.261576e+00	4.842164e-02	3.921589e-02	3.714797e-01	1.433433e-02	2.026219e-02	8.490224e+00	1.523695e-01	2.553250e-01	8.631044e-01	1.171539e-01	1.608212e-01	1.875746e+00	9.307964e-01	-5.709232e-06	
3.864179e-01	0.000000e+00	1.012661e-01	2.138076e-01	7.964651e-01	1.014605e+00	9.156571e+00	4.866922e-02	3.956049e-02	3.705643e-01	1.424429e-02	2.012074e-02	8.440942e+00	1.525751e-01	2.542416e-01	8.649775e-01	1.175459e-01	1.596708e-01	1.891711e+00	9.259567e-01	-4.849658e-06	
3.864179e-01	0.000000e+00	1.007699e-01	2.125541e-01	8.022040e-01	1.011832e+00	9.219412e+00	4.844325e-02	3.923786e-02	3.712350e-01	1.428964e-02	2.014076e-02	8.458515e+00	1.525230e-01	2.550750e-01	8.620925e-01	1.176901e-01	1.599423e-01	1.892110e+00	9.277374e-01	-8.035047e-06	
3.864179e-01	0.000000e+00	1.004879e-01	2.143747e-01	7.985211e-01	1.016965e+00	9.161341e+00	4.818630e-02	3.920957e-02	3.706259e-01	1.424988e-02	2.018836e-02	8.464365e+00	1.512393e-01	2.545251e-01	8.651480e-01	1.177995e-01	1.601499e-01	1.885826e+00	9.281626e-01	-5.904698e-06	
3.864179e-01	0.000000e+00	1.007663e-01	2.135927e-01	7.983833e-01	1.011625e+00	9.201113e+00	4.859494e-02	3.930225e-02	3.698182e-01	1.425991e-02	2.023962e-02	8.439103e+00	1.523925e-01	2.550583e-01	8.599789e-01	1.176673e-01	1.610789e-01	1.878308e+00	9.280221e-01	-6.099835e-06	
3.864180e-01	0.000000e+00	1.006481e-01	2.132854e-01	7.997869e-01	1.011681e+00	9.209999e+00	4.867549e-02	3.930606e-02	3.700734e-01	1.427444e-02	2.011711e-02	8.437659e+00	1.517829e-01	2.536753e-01	8.604338e-01	1.175038e-01	1.603808e-01	1.871923e+00	9.283926e-01	-7.036576e-06	
3.864180e-01	0.000000e+00	1.009695e-01	2.136333e-01	7.968639e-01	1.012053e+00	9.153175e+00	4.838141e-02	3.919900e-02	3.718930e-01	1.430619e-02	2.023210e-02	8.491633e+00	1.527435e-01	2.532091e-01	8.624831e-01	1.174870e-01	1.600825e-01	1.872261e+00	9.255969e-01	-4.945902e-06	
3.864077e-01	1.497014e-15	1.012682e-01	2.148999e-01	8.002776e-01	1.012501e+00	9.174019e+00	4.856692e-02	3.955675e-02	3.689136e-01	1.419294e-02	2.021226e-02	8.413466e+00	1.524548e-01	2.555869e-01	8.626250e-01	1.174636e-01	1.607852e-01	1.884414e+00	9.301140e-01	3.869127e-08	
3.863962e-01	2.706351e-11	1.007682e-01	2.145096e-01	7.999756e-01	1.014810e+00	9.197640e+00	4.858469e-02	3.937884e-02	3.701522e-01	1.425520e-02	2.012270e-02	8.440248e+00	1.514648e-01	2.556425e-01	8.599328e-01	1.177993e-01	1.614115e-01	1.880852e+00	9.260441e-01	5.202260e-06	
3.864180e-01	0.000000e+00	1.014154e-01	2.148559e-01	7.985767e-01	1.014145e+00	9.149594e+00	4.829683e-02	3.930169e-02	3.705597e-01	1.425197e-02	2.021230e-02	8.459621e+00	1.518547e-01	2.535174e-01	8.606101e-01	1.172297e-01	1.613282e-01	1.859573e+00	9.243456e-01	-6.007594e-06	
3.864181e-01	0.000000e+00	1.012563e-01	2.143840e-01	7.995502e-01	1.012172e+00	9.186381e+00	4.841880e-02	3.928705e-02	3.702116e-01	1.426124e-02	2.014851e-02	8.446477e+00	1.519283e-01	2.553943e-01	8.581981e-01	1.174782e-01	1.613135e-01	1.877318e+00	9.249327e-01	-5.596215e-06	
3.864181e-01	0.000000e+00	1.012336e-01	2.134352e-01	8.000471e-01	1.014605e+00	9.176314e+00	4.845245e-02	3.945740e-02	3.697311e-01	1.425389e-02	2.006011e-02	8.423131e+00	1.509902e-01	2.545407e-01	8.620849e-01	1.174885e-01	1.605213e-01	1.885716e+00	9.279145e-01	-4.676907e-06	
3.864182e-01	0.000000e+00	1.015548e-01	2.132641e-01	7.977139e-01	1.012486e+00	9.158261e+00	4.837102e-02	3.919536e-02	3.697296e-01	1.423847e-02	2.016393e-02	8.436078e+00	1.515860e-01	2.528366e-01	8.625072e-01	1.174767e-01	1.599893e-01	1.874887e+00	9.258794e-01	-4.485784e-06	
3.864182e-01	0.000000e+00	1.008687e-01	2.119492e-01	8.023444e-01	1.013666e+00	9.217643e+00	4.821291e-02	3.898173e-02	3.706798e-01	1.430420e-02	2.016040e-02	8.451308e+00	1.522383e-01	2.560401e-01	8.604856e-01	1.177036e-01	1.604147e-01	1.889749e+00	9.304224e-01	-6.201346e-06	
3.864183e-01	0.000000e+00	1.008839e-01	2.130668e-01	8.036085e-01	1.016477e+00	9.241470e+00	4.863897e-02	3.961638e-02	3.706805e-01	1.427529e-02	2.021771e-02	8.466928e+00	1.527037e-01	2.556505e-01	8.613775e-01	1.176355e-01	1.611838e-01	1.884082e+00	9.222879e-01	-3.143926e-06	
3.864184e-01	0.000000e+00	1.013794e-01	2.135554e-01	7.989043e-01	1.014862e+00	9.167637e+00	4.866146e-02	3.959536e-02	3.714467e-01	1.428544e-02	2.019468e-02	8.471171e+00	1.531753e-01	2.547202e-01	8.558832e-01	1.184576e-01	1.598229e-01	1.892438e+00	9.223808e-01	-2.090571e-06	
3.864093e-01	4.322455e-14	1.008032e-01	2.143154e-01	7.991920e-01	1.011918e+00	9.183501e+00	4.880083e-02	3.954008e-02	3.694036e-01	1.421479e-02	2.001723e-02	8.403447e+00	1.515938e-01	2.545288e-01	8.627122e-01	1.174834e-01	1.599160e-01	1.886549e+00	9.299303e-01	2.079051e-07	
3.864186e-01	0.000000e+00	1.001827e-01	2.133730e-01	8.029778e-01	1.015067e+00	9.204608e+00	4.846073e-02	3.950262e-02	3.684632e-01	1.416206e-02	2.022240e-02	8.412455e+00	1.511848e-01	2.553346e-01	8.636436e-01	1.174382e-01	1.608413e-01	1.887509e+00	9.241090e-01	-5.023894e-06	
3.864188e-01	0.000000e+00	1.013804e-01	2.141250e-01	7.995861e-01	1.010413e+00	9.195943e+00	4.852227e-02	3.925957e-02	3.691364e-01	1.420688e-02	2.010592e-02	8.403601e+00	1.532706e-01	2.540696e-01	8.642773e-01	1.173243e-01	1.602935e-01	1.876511e+00	9.312872e-01	-7.696203e-06	
3.864188e-01	0.000000e+00	1.005112e-01	2.152119e-01	8.011759e-01	1.011734e+00	9.216432e+00	4.859453e-02	3.933502e-02	3.706306e-01	1.428455e-02	2.023229e-02	8.472447e+00	1.527171e-01	2.545682e-01	8.594800e-01	1.179369e-01	1.598039e-01	1.882139e+00	9.302017e-01	-3.445157e-06	
3.864041e-01	6.696491e-12	1.013367e-01	2.134375e-01	8.025942e-01	1.009092e+00	9.193597e+00	4.837938e-02	3.917008e-02	3.698671e-01	1.423648e-02	2.021314e-02	8.441522e+00	1.524470e-01	2.550727e-01	8.586043e-01	1.175281e-01	1.603708e-01	1.883810e+00	9.258251e-01	2.587758e-06	
3.864191e-01	0.000000e+00	1.009845e-01	2.148186e-01	7.971690e-01	1.010877e+00	9.157185e+00	4.885829e-02	3.966052e-02	3.700508e-01	1.423878e-02	2.014406e-02	8.431053e+00	1.525706e-01	2.547638e-01	8.569982e-01	1.176700e-01	1.613255e-01	1.869522e+00	9.265812e-01	-5.843992e-06	
3.864079e-01	8.763688e-14	1.006412e-01	2.144180e-01	8.040310e-01	1.015089e+00	9.248671e+00	4.851298e-02	3.940342e-02	3.702117e-01	1.429895e-02	2.015623e-02	8.449607e+00	1.524253e-01	2.538928e-01	8.616093e-01	1.172582e-01	1.610643e-01	1.861644e+00	9.308454e-01	2.960353e-07	
3.864068e-01	8.680643e-12	1.010571e-01	2.136056e-01	7.967864e-01	1.013342e+00	9.169508e+00	4.854166e-02	3.925238e-02	3.709436e-01	1.427200e-02	2.012761e-02	8.452243e+00	1.514953e-01	2.536240e-01	8.632306e-01	1.176403e-01	1.602226e-01	1.880912e+00	9.256547e-01	2.946293e-06	
3.864191e-01	0.000000e+00	1.009796e-01	2.149658e-01	7.973970e-01	1.016855e+00	9.162001e+00	4.845173e-02	3.940464e-02	3.703031e-01	1.423379e-02	2.022416e-02	8.449888e+00	1.529377e-01	2.538906e-01	8.623547e-01	1.178650e-01	1.601843e-01	1.884186e+00	9.238702e-01	-6.212975e-06	
3.864192e-01	0.000000e+00	1.005732e-01	2.145059e-01	8.006500e-01	1.012918e+00	9.249601e+00	4.894688e-02	3.935075e-02	3.698278e-01	1.423729e-02	2.009813e-02	8.424367e+00	1.519563e-01	2.549116e-01	8.594573e-01	1.180451e-01	1.598421e-01	1.887391e+00	9.279627e-01	-4.473857e-06	
3.864194e-01	0.000000e+00	1.010454e-01	2.148471e-01	8.022489e-01	1.012235e+00	9.234346e+00	4.874410e-02	3.948052e-02	3.683895e-01	1.418829e-02	2.013625e-02	8.387147e+00	1.527585e-01	2.540878e-01	8.597814e-01	1.174196e-01	1.598984e-01	1.879287e+00	9.289323e-01	-6.923862e-06	
3.864198e-01	0.000000e+00	1.005602e-01	2.148014e-01	8.061235e-01	1.012902e+00	9.257512e+00	4.853012e-02	3.940421e-02	3.688125e-01	1.420078e-02	2.015379e-02	8.407650e+00	1.526583e-01	2.551654e-01	8.618578e-01	1.177223e-01	1.606411e-01	1.882217e+00	9.315173e-01	-4.583734e-06	
3.864200e-01	0.000000e+00	1.004582e-01	2.132266e-01	7.984845e-01	1.010747e+00	9.190629e+00	4.869531e-02	3.925143e-02	3.680434e-01	1.418607e-02	2.010114e-02	8.388902e+00	1.515344e-01	2.562328e-01	8.632176e-01	1.178581e-01	1.605272e-01	1.894621e+00	9.331315e-01	-3.832394e-06	
3.864204e-01	0.000000e+00	1.007098e-01	2.136663e-01	7.984876e-01	1.010937e+00	9.196169e+00	4.858321e-02	3.912762e-02	3.686316e-01	1.419561e-02	2.011991e-02	8.403147e+00	1.516077e-01	2.530382e-01	8.636697e-01	1.171911e-01	1.601679e-01	1.872482e+00	9.268874e-01	-7.051830e-06	
3.864206e-01	0.000000e+00	1.007171e-01	2.156975e-01	8.023047e-01	1.013594e+00	9.233244e+00	4.870057e-02	3.945239e-02	3.700311e-01	1.421836e-02	2.017205e-02	8.438897e+00	1.516678e-01	2.544521e-01	8.631292e-01	1.179783e-01	1.599941e-01	1.888845e+00	9.282447e-01	-8.405099e-06	
3.864211e-01	0.000000e+00	1.009868e-01	2.142460e-01	8.017314e-01	1.017237e+00	9.218395e+00	4.856158e-02	3.956097e-02	3.715128e-01	1.430877e-02	2.014161e-02	8.472064e+00	1.520697e-01	2.553464e-01	8.604970e-01	1.175885e-01	1.611433e-01	1.878443e+00	9.255046e-01	-7.868750e-06	
3.864220e-01	0.000000e+00	1.014136e-01	2.126974e-01	8.022053e-01	1.014569e+00	9.235108e+00	4.856741e-02	3.936878e-02	3.713024e-01	1.431861e-02	2.017865e-02	8.465006e+00	1.527932e-01	2.539224e-01	8.588618e-01	1.177229e-01	1.607500e-01	1.872016e+00	9.250920e-01	-9.627574e-06	
3.864081e-01	7.297989e-14	1.003199e-01	2.141715e-01	7.975002e-01	1.013442e+00	9.171272e+00	4.846399e-02	3.915377e-02	3.700815e-01	1.424026e-02	2.027557e-02	8.443200e+00	1.524938e-01	2.549288e-01	8.643786e-01	1.179504e-01	1.603426e-01	1.883403e+00	9.330264e-01	2.701479e-07	
3.864242e-01	0.000000e+00	1.010246e-01	2.142037e-01	8.000518e-01	1.015308e+00	9.216270e+00	4.871026e-02	3.956359e-02	3.708165e-01	1.429969e-02	2.017020e-02	8.446975e+00	1.525780e-01	2.565876e-01	8.589266e-01	1.178585e-01	1.606228e-01	1.895183e+00	9.294421e-01	-5.577989e-06	
3.864262e-01	0.000000e+00	1.003667e-01	2.131666e-01	8.014060e-01	1.011374e+00	9.251914e+00	4.861583e-02	3.901589e-02	3.698484e-01	1.422215e-02	2.023549e-02	8.433951e+00	1.524049e-01	2.533590e-01	8.632572e-01	1.178535e-01	1.595808e-01	1.881084e+00	9.272097e-01	-8.994098e-06	
3.864117e-01	8.766835e-15	1.012111e-01	2.157275e-01	8.000145e-01	1.013895e+00	9.193102e+00	4.837062e-02	3.938089e-02	3.706863e-01	1.427388e-02	2.018686e-02	8.457886e+00	1.521671e-01	2.550203e-01	8.626921e-01	1.172040e-01	1.613578e-01	1.873412e+00	9.283540e-01	9.363138e-08	
3.864262e-01	0.000000e+00	1.007872e-01	2.143465e-01	8.015021e-01	1.015768e+00	9.180497e+00	4.815112e-02	3.934286e-02	3.701134e-01	1.424362e-02	2.018824e-02	8.450707e+00	1.517440e-01	2.532643e-01	8.620930e-01	1.177742e-01	1.602510e-01	1.877797e+00	9.264914e-01	-7.581534e-06	
3.864078e-01	9.011683e-13	1.010629e-01	2.141726e-01	7.982818e-01	1.014411e+00	9.164455e+00	4.852843e-02	3.933837e-02	3.706272e-01	1.429289e-02	2.008519e-02	8.444527e+00	1.524489e-01	2.551488e-01	8.623491e-01	1.175218e-01	1.607361e-01	1.885039e+00	9.294923e-01	9.492989e-07	
3.864093e-01	5.259834e-12	1.008550e-01	2.144754e-01	7.974308e-01	1.015470e+00	9.190142e+00	4.862119e-02	3.926253e-02	3.714684e-01	1.433599e-02	2.029103e-02	8.498635e+00	1.525484e-01	2.549422e-01	8.591406e-01	1.180011e-01	1.605175e-01	1.880559e+00	9.264790e-01	2.293433e-06	
3.864114e-01	1.388966e-13	1.007791e-01	2.124221e-01	7.996483e-01	1.008832e+00	9.195352e+00	4.873019e-02	3.916772e-02	3.703243e-01	1.422956e-02	2.013924e-02	8.427584e+00	1.530570e-01	2.531549e-01	8.625317e-01	1.177664e-01	1.595899e-01	1.878977e+00	9.275147e-01	3.726883e-07	
