f	phi	x(1)	x(2)	x(3)	x(4)	x(5)	x(6)	x(7)	x(8)	x(9)	x(10)	x(11)	x(12)	x(13)	x(14)	x(15)	x(16)	x(17)	x(18)	g(1)	
3.864038e-01	0.000000e+00	1.008306e-01	2.144004e-01	8.003988e-01	1.013102e+00	9.189094e+00	4.859879e-02	3.949173e-02	3.705289e-01	1.424952e-02	2.009607e-02	8.439300e+00	1.519822e-01	2.547509e-01	8.601373e-01	1.178828e-01	1.612918e-01	1.873410e+00	9.277194e-01	-3.506802e-06	
3.864047e-01	0.000000e+00	1.005873e-01	2.131866e-01	7.992526e-01	1.012263e+00	9.188137e+00	4.833662e-02	3.907224e-02	3.705021e-01	1.426521e-02	2.017621e-02	8.450572e+00	1.520458e-01	2.543338e-01	8.657355e-01	1.174334e-01	1.609513e-01	1.876335e+00	9.291076e-01	-3.128592e-06	
3.864056e-01	0.000000e+00	1.007580e-01	2.133499e-01	8.022296e-01	1.010304e+00	9.195756e+00	4.839514e-02	3.931727e-02	3.708616e-01	1.428277e-02	2.020748e-02	8.464197e+00	1.525231e-01	2.547101e-01	8.671738e-01	1.173506e-01	1.608425e-01	1.876862e+00	9.339539e-01	-1.641866e-06	
3.864058e-01	0.000000e+00	1.008937e-01	2.145497e-01	8.022206e-01	1.012471e+00	9.213270e+00	4.853886e-02	3.943219e-02	3.700859e-01	1.425321e-02	2.013782e-02	8.433962e+00	1.529020e-01	2.543763e-01	8.615213e-01	1.177143e-01	1.601870e-01	1.879551e+00	9.312538e-01	-1.110305e-07	
3.864059e-01	0.000000e+00	1.009728e-01	2.131542e-01	8.017669e-01	1.011791e+00	9.226876e+00	4.861669e-02	3.924324e-02	3.697380e-01	1.423798e-02	2.026334e-02	8.438034e+00	1.526805e-01	2.561365e-01	8.628695e-01	1.176886e-01	1.607595e-01	1.886695e+00	9.300320e-01	-1.049348e-06	
3.864064e-01	0.000000e+00	1.005681e-01	2.137621e-01	7.989684e-01	1.012630e+00	9.204779e+00	4.843535e-02	3.910445e-02	3.688154e-01	1.421060e-02	2.025549e-02	8.412013e+00	1.526305e-01	2.548183e-01	8.631315e-01	1.173709e-01	1.603544e-01	1.877696e+00	9.312284e-01	-1.411451e-06	
3.864065e-01	0.000000e+00	1.004567e-01	2.139334e-01	7.999346e-01	1.014762e+00	9.186543e+00	4.825076e-02	3.902831e-02	3.697705e-01	1.423939e-02	2.023818e-02	8.433633e+00	1.532969e-01	2.541084e-01	8.593049e-01	1.176488e-01	1.601101e-01	1.879474e+00	9.255779e-01	-2.516168e-07	
3.864069e-01	0.000000e+00	9.993614e-02	2.141584e-01	7.996728e-01	1.015417e+00	9.196888e+00	4.836267e-02	3.915037e-02	3.700108e-01	1.423474e-02	2.022312e-02	8.442577e+00	1.529176e-01	2.537935e-01	8.632530e-01	1.177156e-01	1.605226e-01	1.874721e+00	9.267148e-01	-7.270282e-07	
3.864070e-01	0.000000e+00	1.006597e-01	2.140216e-01	8.020345e-01	1.014364e+00	9.239228e+00	4.836750e-02	3.902157e-02	3.703918e-01	1.425388e-02	2.021721e-02	8.451523e+00	1.525635e-01	2.534409e-01	8.622994e-01	1.177628e-01	1.600379e-01	1.874643e+00	9.264871e-01	-2.688297e-06	
3.864070e-01	0.000000e+00	1.003787e-01	2.119521e-01	8.002613e-01	1.012528e+00	9.207167e+00	4.845278e-02	3.915507e-02	3.704548e-01	1.428066e-02	2.016544e-02	8.449388e+00	1.522127e-01	2.541536e-01	8.681957e-01	1.174810e-01	1.601987e-01	1.880038e+00	9.332132e-01	-2.985055e-06	
3.864071e-01	0.000000e+00	1.002609e-01	2.131659e-01	7.978508e-01	1.012685e+00	9.161077e+00	4.846784e-02	3.915333e-02	3.706685e-01	1.426166e-02	2.015215e-02	8.447677e+00	1.525871e-01	2.546819e-01	8.655199e-01	1.174457e-01	1.603652e-01	1.884285e+00	9.291346e-01	-2.462729e-07	
3.864072e-01	0.000000e+00	1.010900e-01	2.129377e-01	8.004336e-01	1.012812e+00	9.226978e+00	4.844319e-02	3.906302e-02	3.695938e-01	1.427462e-02	2.021812e-02	8.434400e+00	1.530342e-01	2.550964e-01	8.625902e-01	1.174239e-01	1.597258e-01	1.887446e+00	9.314358e-01	-1.132672e-07	
3.864073e-01	0.000000e+00	1.012430e-01	2.126578e-01	8.028381e-01	1.009918e+00	9.242569e+00	4.858018e-02	3.922315e-02	3.712061e-01	1.430257e-02	2.020209e-02	8.473955e+00	1.526647e-01	2.539918e-01	8.687457e-01	1.175139e-01	1.606667e-01	1.876727e+00	9.320212e-01	-2.556935e-07	
3.864073e-01	0.000000e+00	1.005169e-01	2.136593e-01	7.996143e-01	1.012262e+00	9.210885e+00	4.839051e-02	3.905692e-02	3.708033e-01	1.429025e-02	2.020073e-02	8.461765e+00	1.524859e-01	2.548758e-01	8.645132e-01	1.172563e-01	1.597767e-01	1.890356e+00	9.284440e-01	-6.518307e-07	
3.864075e-01	0.000000e+00	1.010698e-01	2.159950e-01	8.014042e-01	1.011131e+00	9.220281e+00	4.846611e-02	3.909359e-02	3.701677e-01	1.421697e-02	2.023324e-02	8.446130e+00	1.523267e-01	2.536194e-01	8.639313e-01	1.175128e-01	1.601605e-01	1.872214e+00	9.289714e-01	-3.260378e-06	
3.864077e-01	0.000000e+00	1.008019e-01	2.123116e-01	8.005985e-01	1.016552e+00	9.219595e+00	4.864271e-02	3.944915e-02	3.686195e-01	1.420695e-02	2.017669e-02	8.406945e+00	1.524249e-01	2.532312e-01	8.644083e-01	1.178810e-01	1.605007e-01	1.874750e+00	9.270357e-01	-4.458761e-07	
3.864077e-01	0.000000e+00	1.002091e-01	2.120330e-01	7.991048e-01	1.014387e+00	9.177094e+00	4.821256e-02	3.904791e-02	3.694714e-01	1.424472e-02	2.019623e-02	8.424838e+00	1.527271e-01	2.540005e-01	8.679655e-01	1.173292e-01	1.605539e-01	1.881783e+00	9.303481e-01	-5.613866e-07	
3.864077e-01	0.000000e+00	1.006086e-01	2.147070e-01	7.992409e-01	1.011450e+00	9.210340e+00	4.878498e-02	3.939733e-02	3.698617e-01	1.421789e-02	2.018835e-02	8.434027e+00	1.519597e-01	2.546906e-01	8.642900e-01	1.175168e-01	1.597308e-01	1.890323e+00	9.277444e-01	-5.723584e-08	
3.864078e-01	0.000000e+00	1.009424e-01	2.147083e-01	8.032616e-01	1.012019e+00	9.215309e+00	4.816363e-02	3.899942e-02	3.701129e-01	1.424731e-02	2.023005e-02	8.442940e+00	1.527729e-01	2.548195e-01	8.612833e-01	1.175791e-01	1.612049e-01	1.873038e+00	9.296516e-01	-5.171174e-07	
3.864080e-01	0.000000e+00	1.006663e-01	2.146956e-01	8.024631e-01	1.011795e+00	9.253801e+00	4.843870e-02	3.897324e-02	3.717640e-01	1.432548e-02	2.020384e-02	8.484542e+00	1.529176e-01	2.542484e-01	8.659051e-01	1.174026e-01	1.601433e-01	1.880404e+00	9.309273e-01	-1.413700e-06	
3.864080e-01	0.000000e+00	1.005257e-01	2.147623e-01	7.990738e-01	1.013141e+00	9.187133e+00	4.848785e-02	3.925017e-02	3.711044e-01	1.431018e-02	2.024159e-02	8.476392e+00	1.526983e-01	2.553086e-01	8.661917e-01	1.171903e-01	1.598772e-01	1.886615e+00	9.340170e-01	-2.507103e-06	
3.864083e-01	0.000000e+00	1.002699e-01	2.131537e-01	8.017784e-01	1.013415e+00	9.205696e+00	4.821188e-02	3.908829e-02	3.707805e-01	1.429638e-02	2.017004e-02	8.461358e+00	1.522568e-01	2.551460e-01	8.666292e-01	1.173834e-01	1.605716e-01	1.882365e+00	9.335962e-01	-2.777183e-06	
3.864085e-01	0.000000e+00	1.013811e-01	2.145888e-01	8.015546e-01	1.010624e+00	9.225497e+00	4.873907e-02	3.935870e-02	3.683801e-01	1.420033e-02	2.010563e-02	8.388202e+00	1.530964e-01	2.560186e-01	8.577972e-01	1.172913e-01	1.606392e-01	1.887366e+00	9.266498e-01	-8.488916e-07	
3.864086e-01	0.000000e+00	1.011307e-01	2.133304e-01	7.998535e-01	1.012817e+00	9.172031e+00	4.835274e-02	3.926998e-02	3.703481e-01	1.423369e-02	2.018995e-02	8.445062e+00	1.525218e-01	2.535991e-01	8.665292e-01	1.174847e-01	1.613718e-01	1.865040e+00	9.287678e-01	-5.759075e-07	
3.864086e-01	0.000000e+00	1.010313e-01	2.149893e-01	7.974523e-01	1.011840e+00	9.185025e+00	4.873105e-02	3.945169e-02	3.712258e-01	1.427542e-02	2.022094e-02	8.476176e+00	1.521133e-01	2.543785e-01	8.637237e-01	1.177704e-01	1.606944e-01	1.875162e+00	9.287923e-01	-4.039401e-06	
3.864088e-01	0.000000e+00	1.008699e-01	2.133854e-01	8.006094e-01	1.012151e+00	9.219359e+00	4.852961e-02	3.919260e-02	3.698533e-01	1.425627e-02	2.012483e-02	8.422756e+00	1.528867e-01	2.549829e-01	8.600858e-01	1.175738e-01	1.603234e-01	1.890049e+00	9.258542e-01	-3.026072e-06	
3.864090e-01	0.000000e+00	1.002572e-01	2.134106e-01	8.025120e-01	1.013006e+00	9.253642e+00	4.833682e-02	3.889642e-02	3.684856e-01	1.421329e-02	2.014469e-02	8.400318e+00	1.521795e-01	2.544696e-01	8.642320e-01	1.171825e-01	1.604603e-01	1.878683e+00	9.294596e-01	-1.884037e-06	
3.864090e-01	0.000000e+00	1.007899e-01	2.133813e-01	8.027468e-01	1.014316e+00	9.261528e+00	4.856544e-02	3.914121e-02	3.690792e-01	1.421974e-02	2.025408e-02	8.423593e+00	1.529875e-01	2.534475e-01	8.629849e-01	1.176865e-01	1.600389e-01	1.877886e+00	9.258311e-01	-1.511230e-06	
3.864091e-01	0.000000e+00	1.008475e-01	2.140769e-01	7.988223e-01	1.014359e+00	9.182876e+00	4.834743e-02	3.912142e-02	3.702041e-01	1.427924e-02	2.020332e-02	8.445921e+00	1.529018e-01	2.535506e-01	8.638173e-01	1.173274e-01	1.607389e-01	1.870492e+00	9.292509e-01	-1.916375e-06	
3.864092e-01	0.000000e+00	1.003496e-01	2.133441e-01	8.006775e-01	1.012288e+00	9.221570e+00	4.836553e-02	3.893712e-02	3.706366e-01	1.428396e-02	2.018530e-02	8.456121e+00	1.526033e-01	2.540913e-01	8.659331e-01	1.175177e-01	1.600748e-01	1.881936e+00	9.307482e-01	-1.554022e-06	
3.864093e-01	0.000000e+00	1.000316e-01	2.126219e-01	8.019359e-01	1.015190e+00	9.235070e+00	4.837976e-02	3.917176e-02	3.702102e-01	1.426181e-02	2.026726e-02	8.459452e+00	1.520088e-01	2.538847e-01	8.649279e-01	1.176874e-01	1.604199e-01	1.877847e+00	9.268551e-01	-1.539275e-06	
3.864093e-01	0.000000e+00	1.009368e-01	2.135356e-01	7.978047e-01	1.013749e+00	9.197553e+00	4.858631e-02	3.927207e-02	3.699526e-01	1.426294e-02	2.024862e-02	8.443232e+00	1.524093e-01	2.547398e-01	8.617660e-01	1.176086e-01	1.597966e-01	1.882477e+00	9.302011e-01	-6.040465e-07	
3.864095e-01	0.000000e+00	1.000102e-01	2.138533e-01	8.013499e-01	1.012115e+00	9.219867e+00	4.844416e-02	3.909870e-02	3.700731e-01	1.425141e-02	2.016723e-02	8.434635e+00	1.524526e-01	2.546212e-01	8.630151e-01	1.173077e-01	1.606916e-01	1.879405e+00	9.279668e-01	-2.250153e-06	
3.864096e-01	0.000000e+00	1.002431e-01	2.145054e-01	8.005675e-01	1.016207e+00	9.187224e+00	4.827262e-02	3.927544e-02	3.711030e-01	1.427115e-02	2.023647e-02	8.461104e+00	1.532584e-01	2.546560e-01	8.606677e-01	1.177148e-01	1.605776e-01	1.874400e+00	9.283768e-01	-4.765218e-07	
3.864096e-01	0.000000e+00	1.009361e-01	2.131518e-01	8.008207e-01	1.015018e+00	9.224982e+00	4.840998e-02	3.923174e-02	3.700473e-01	1.427680e-02	2.017302e-02	8.437781e+00	1.528178e-01	2.545858e-01	8.641216e-01	1.173990e-01	1.603216e-01	1.877357e+00	9.315432e-01	-2.653833e-06	
3.864097e-01	0.000000e+00	1.001630e-01	2.140515e-01	7.968443e-01	1.012174e+00	9.183615e+00	4.895000e-02	3.961115e-02	3.695692e-01	1.424359e-02	2.023785e-02	8.436603e+00	1.524721e-01	2.555658e-01	8.600142e-01	1.176226e-01	1.599799e-01	1.888409e+00	9.286552e-01	-1.592542e-06	
3.864097e-01	0.000000e+00	1.005773e-01	2.144631e-01	7.999553e-01	1.009785e+00	9.209193e+00	4.869568e-02	3.927233e-02	3.709730e-01	1.426516e-02	2.013762e-02	8.453598e+00	1.517841e-01	2.549502e-01	8.653203e-01	1.176392e-01	1.615412e-01	1.873708e+00	9.313860e-01	-3.325648e-06	
3.864097e-01	0.000000e+00	1.008193e-01	2.139212e-01	7.972658e-01	1.012939e+00	9.165954e+00	4.848983e-02	3.922996e-02	3.700458e-01	1.427382e-02	2.021749e-02	8.447503e+00	1.525820e-01	2.547802e-01	8.660492e-01	1.173099e-01	1.602840e-01	1.884196e+00	9.324151e-01	-3.655413e-06	
3.864098e-01	0.000000e+00	1.005580e-01	2.135760e-01	7.938514e-01	1.012282e+00	9.143161e+00	4.852888e-02	3.916647e-02	3.699451e-01	1.424973e-02	2.024145e-02	8.445121e+00	1.527764e-01	2.544560e-01	8.627874e-01	1.177109e-01	1.611653e-01	1.873193e+00	9.280057e-01	-2.922131e-06	
3.864099e-01	0.000000e+00	1.008632e-01	2.130921e-01	8.011670e-01	1.010085e+00	9.232911e+00	4.856469e-02	3.895303e-02	3.699994e-01	1.426941e-02	2.016059e-02	8.435227e+00	1.524000e-01	2.547746e-01	8.590939e-01	1.176836e-01	1.603580e-01	1.883686e+00	9.268820e-01	-2.493913e-07	
3.864099e-01	0.000000e+00	1.001742e-01	2.136737e-01	8.005056e-01	1.013481e+00	9.190968e+00	4.845513e-02	3.933278e-02	3.704524e-01	1.426980e-02	2.019338e-02	8.447960e+00	1.524329e-01	2.555734e-01	8.632362e-01	1.174471e-01	1.598512e-01	1.888683e+00	9.326209e-01	-2.100089e-06	
3.864099e-01	0.000000e+00	1.006510e-01	2.127539e-01	7.961289e-01	1.012347e+00	9.154746e+00	4.843519e-02	3.900833e-02	3.694751e-01	1.422919e-02	2.010810e-02	8.414979e+00	1.525012e-01	2.541293e-01	8.633616e-01	1.174279e-01	1.610814e-01	1.872775e+00	9.272555e-01	-1.271869e-06	
3.864100e-01	0.000000e+00	9.999007e-02	2.138871e-01	8.001041e-01	1.012449e+00	9.202787e+00	4.869670e-02	3.930868e-02	3.697668e-01	1.422774e-02	2.005718e-02	8.419911e+00	1.518909e-01	2.550142e-01	8.647291e-01	1.174132e-01	1.603278e-01	1.882503e+00	9.309142e-01	-3.562295e-06	
3.864100e-01	0.000000e+00	1.005256e-01	2.143059e-01	8.003356e-01	1.011615e+00	9.220692e+00	4.858910e-02	3.918106e-02	3.706330e-01	1.424677e-02	2.013316e-02	8.445791e+00	1.526165e-01	2.548193e-01	8.636601e-01	1.175924e-01	1.608491e-01	1.876566e+00	9.281461e-01	-3.950492e-06	
3.864100e-01	0.000000e+00	1.007521e-01	2.121225e-01	8.009067e-01	1.017277e+00	9.199453e+00	4.849678e-02	3.942396e-02	3.699425e-01	1.425540e-02	2.015265e-02	8.425421e+00	1.532841e-01	2.545426e-01	8.571346e-01	1.178395e-01	1.597463e-01	1.883332e+00	9.247826e-01	-5.980434e-07	
3.864101e-01	0.000000e+00	1.002924e-01	2.125091e-01	7.966802e-01	1.014647e+00	9.145858e+00	4.817558e-02	3.903353e-02	3.700580e-01	1.426675e-02	2.019536e-02	8.436163e+00	1.530738e-01	2.548449e-01	8.621403e-01	1.171891e-01	1.596593e-01	1.889924e+00	9.272562e-01	-1.410127e-06	
3.864028e-01	2.399736e-12	1.004904e-01	2.133701e-01	7.992456e-01	1.012524e+00	9.190601e+00	4.849142e-02	3.928059e-02	3.686317e-01	1.422441e-02	2.016778e-02	8.411209e+00	1.523452e-01	2.551003e-01	8.609929e-01	1.171901e-01	1.608866e-01	1.875084e+00	9.287697e-01	1.549108e-06	
3.864102e-01	0.000000e+00	1.001074e-01	2.131922e-01	8.031796e-01	1.014137e+00	9.222094e+00	4.837695e-02	3.929177e-02	3.692165e-01	1.423026e-02	2.020378e-02	8.423559e+00	1.518302e-01	2.539752e-01	8.586520e-01	1.172884e-01	1.603927e-01	1.870949e+00	9.256910e-01	-3.656198e-06	
3.864102e-01	0.000000e+00	1.010126e-01	2.136010e-01	8.030306e-01	1.012507e+00	9.232286e+00	4.860643e-02	3.935843e-02	3.703346e-01	1.422531e-02	2.013530e-02	8.437563e+00	1.521259e-01	2.538434e-01	8.648547e-01	1.177318e-01	1.603845e-01	1.876301e+00	9.280792e-01	-3.363651e-06	
3.864103e-01	0.000000e+00	9.984146e-02	2.120673e-01	7.953315e-01	1.014608e+00	9.149563e+00	4.855290e-02	3.927338e-02	3.701721e-01	1.426573e-02	2.023735e-02	8.452105e+00	1.521872e-01	2.543903e-01	8.644842e-01	1.178822e-01	1.606032e-01	1.881631e+00	9.285023e-01	-1.913942e-06	
3.864105e-01	0.000000e+00	1.001332e-01	2.139597e-01	8.000091e-01	1.011599e+00	9.191826e+00	4.847649e-02	3.920221e-02	3.702177e-01	1.424036e-02	2.018339e-02	8.454311e+00	1.515206e-01	2.548720e-01	8.653780e-01	1.175438e-01	1.610628e-01	1.874925e+00	9.300545e-01	-1.467285e-06	
3.864105e-01	0.000000e+00	1.007612e-01	2.119732e-01	7.988272e-01	1.012065e+00	9.159768e+00	4.834073e-02	3.922701e-02	3.700947e-01	1.426450e-02	2.021904e-02	8.446828e+00	1.521288e-01	2.541554e-01	8.644222e-01	1.175916e-01	1.610031e-01	1.872764e+00	9.307768e-01	-3.201799e-06	
3.864106e-01	0.000000e+00	9.991159e-02	2.133654e-01	8.034014e-01	1.012639e+00	9.252008e+00	4.862453e-02	3.927684e-02	3.701249e-01	1.427190e-02	2.018385e-02	8.442249e+00	1.520355e-01	2.547313e-01	8.614669e-01	1.174289e-01	1.603740e-01	1.878603e+00	9.293045e-01	-2.981920e-06	
3.864106e-01	0.000000e+00	1.002096e-01	2.129750e-01	8.003958e-01	1.014545e+00	9.197051e+00	4.848074e-02	3.932370e-02	3.689921e-01	1.420812e-02	2.017001e-02	8.415588e+00	1.521682e-01	2.527789e-01	8.624075e-01	1.178474e-01	1.601604e-01	1.869432e+00	9.283415e-01	-3.854940e-06	
3.864106e-01	0.000000e+00	1.001000e-01	2.136491e-01	7.992286e-01	1.012363e+00	9.237470e+00	4.864400e-02	3.906484e-02	3.699055e-01	1.426488e-02	2.025220e-02	8.439222e+00	1.523907e-01	2.556659e-01	8.652996e-01	1.174091e-01	1.606536e-01	1.884042e+00	9.323617e-01	-1.219473e-07	
3.864106e-01	0.000000e+00	1.004368e-01	2.144242e-01	8.008196e-01	1.014428e+00	9.209746e+00	4.835325e-02	3.906633e-02	3.703399e-01	1.427401e-02	2.023597e-02	8.453565e+00	1.530349e-01	2.551616e-01	8.611520e-01	1.175153e-01	1.603621e-01	1.881582e+00	9.288890e-01	-4.077376e-06	
3.864106e-01	0.000000e+00	1.003306e-01	2.131048e-01	8.004002e-01	1.015049e+00	9.234549e+00	4.862246e-02	3.931443e-02	3.706739e-01	1.426068e-02	2.017154e-02	8.452849e+00	1.529810e-01	2.538893e-01	8.658112e-01	1.179025e-01	1.607487e-01	1.877250e+00	9.266119e-01	-2.778576e-06	
3.864107e-01	0.000000e+00	1.005175e-01	2.136196e-01	7.954226e-01	1.011440e+00	9.137938e+00	4.848436e-02	3.922683e-02	3.708524e-01	1.427756e-02	2.019300e-02	8.463506e+00	1.523133e-01	2.542591e-01	8.666286e-01	1.177094e-01	1.614657e-01	1.869047e+00	9.327791e-01	-2.106608e-06	
3.864107e-01	0.000000e+00	1.011140e-01	2.148909e-01	7.988190e-01	1.013587e+00	9.199225e+00	4.846898e-02	3.912299e-02	3.686166e-01	1.419624e-02	2.024597e-02	8.411329e+00	1.529002e-01	2.541901e-01	8.630670e-01	1.174016e-01	1.610318e-01	1.874574e+00	9.263725e-01	-1.893562e-06	
3.864107e-01	0.000000e+00	1.006935e-01	2.122366e-01	8.021568e-01	1.010914e+00	9.233427e+00	4.846831e-02	3.908501e-02	3.696921e-01	1.425660e-02	2.016923e-02	8.436314e+00	1.519441e-01	2.544855e-01	8.670748e-01	1.176044e-01	1.609932e-01	1.875271e+00	9.333486e-01	-1.525608e-06	
3.864109e-01	0.000000e+00	1.005466e-01	2.136237e-01	8.034052e-01	1.010727e+00	9.252879e+00	4.870253e-02	3.926570e-02	3.700947e-01	1.422933e-02	2.013187e-02	8.435685e+00	1.517347e-01	2.532125e-01	8.682762e-01	1.176779e-01	1.609328e-01	1.868503e+00	9.311913e-01	-2.447338e-06	
3.864109e-01	0.000000e+00	1.008815e-01	2.136801e-01	7.939366e-01	1.014959e+00	9.089291e+00	4.831193e-02	3.942409e-02	3.695717e-01	1.424050e-02	2.018820e-02	8.428359e+00	1.525391e-01	2.528614e-01	8.636210e-01	1.172945e-01	1.601306e-01	1.868049e+00	9.306690e-01	-2.533806e-07	
3.864111e-01	0.000000e+00	1.000957e-01	2.133210e-01	7.987293e-01	1.008726e+00	9.219320e+00	4.858456e-02	3.896820e-02	3.708949e-01	1.426407e-02	2.016623e-02	8.460167e+00	1.522181e-01	2.537080e-01	8.678116e-01	1.176520e-01	1.598332e-01	1.882778e+00	9.306088e-01	-3.767365e-06	
3.864111e-01	0.000000e+00	1.010444e-01	2.152095e-01	8.004398e-01	1.012205e+00	9.237776e+00	4.865324e-02	3.914859e-02	3.691000e-01	1.421648e-02	2.018062e-02	8.418906e+00	1.528528e-01	2.535703e-01	8.611123e-01	1.178386e-01	1.595299e-01	1.885485e+00	9.268453e-01	-5.372898e-07	
3.864112e-01	0.000000e+00	1.008550e-01	2.157427e-01	8.070053e-01	1.012512e+00	9.284671e+00	4.824130e-02	3.908827e-02	3.702075e-01	1.423469e-02	2.025485e-02	8.446733e+00	1.528634e-01	2.544116e-01	8.621197e-01	1.175864e-01	1.601383e-01	1.879637e+00	9.290258e-01	-6.774150e-07	
3.864113e-01	0.000000e+00	1.004821e-01	2.131064e-01	8.024938e-01	1.014348e+00	9.233259e+00	4.860437e-02	3.927143e-02	3.681291e-01	1.418468e-02	2.016506e-02	8.385956e+00	1.527425e-01	2.530213e-01	8.583965e-01	1.178997e-01	1.597504e-01	1.876282e+00	9.258954e-01	-5.045688e-07	
3.864113e-01	0.000000e+00	1.002942e-01	2.126573e-01	8.036571e-01	1.016589e+00	9.246634e+00	4.816462e-02	3.906234e-02	3.708619e-01	1.427698e-02	2.019324e-02	8.456984e+00	1.531226e-01	2.534897e-01	8.628579e-01	1.177244e-01	1.603082e-01	1.872490e+00	9.262007e-01	-1.680780e-06	
3.864116e-01	0.000000e+00	1.003280e-01	2.142563e-01	8.007642e-01	1.011199e+00	9.213730e+00	4.831348e-02	3.892701e-02	3.700473e-01	1.424249e-02	2.022104e-02	8.442099e+00	1.525361e-01	2.540805e-01	8.650941e-01	1.173491e-01	1.606331e-01	1.873782e+00	9.302207e-01	-3.965801e-06	
3.864117e-01	0.000000e+00	1.010599e-01	2.151498e-01	7.971340e-01	1.012028e+00	9.164305e+00	4.866519e-02	3.939123e-02	3.702411e-01	1.423709e-02	2.022197e-02	8.443012e+00	1.524878e-01	2.548117e-01	8.613021e-01	1.176090e-01	1.613158e-01	1.872997e+00	9.274806e-01	-5.696839e-06	
3.864117e-01	0.000000e+00	1.012553e-01	2.143592e-01	7.995284e-01	1.010935e+00	9.196628e+00	4.854426e-02	3.924756e-02	3.694991e-01	1.419167e-02	2.013876e-02	8.416885e+00	1.523652e-01	2.530859e-01	8.671498e-01	1.176665e-01	1.602469e-01	1.871702e+00	9.315739e-01	-2.406112e-06	
3.864117e-01	0.000000e+00	1.005039e-01	2.129240e-01	7.997254e-01	1.012570e+00	9.200649e+00	4.848617e-02	3.915071e-02	3.690885e-01	1.422084e-02	2.017426e-02	8.415237e+00	1.524801e-01	2.558525e-01	8.646739e-01	1.172599e-01	1.600399e-01	1.893140e+00	9.301825e-01	-4.018300e-06	
3.864117e-01	0.000000e+00	1.014936e-01	2.140611e-01	7.994568e-01	1.009378e+00	9.219320e+00	4.871289e-02	3.921933e-02	3.706559e-01	1.426869e-02	2.016850e-02	8.451543e+00	1.524218e-01	2.536414e-01	8.649907e-01	1.175125e-01	1.605541e-01	1.874681e+00	9.290025e-01	-5.270648e-06	
3.864117e-01	0.000000e+00	1.002716e-01	2.141617e-01	7.990481e-01	1.012380e+00	9.206455e+00	4.868371e-02	3.929284e-02	3.708074e-01	1.425843e-02	2.015769e-02	8.449246e+00	1.523530e-01	2.543044e-01	8.653477e-01	1.175324e-01	1.600612e-01	1.880673e+00	9.302753e-01	-3.409210e-06	
3.864118e-01	0.000000e+00	1.006271e-01	2.131997e-01	8.045222e-01	1.013867e+00	9.230487e+00	4.833682e-02	3.932564e-02	3.701857e-01	1.423952e-02	2.012592e-02	8.428291e+00	1.529372e-01	2.544588e-01	8.647338e-01	1.176666e-01	1.599517e-01	1.883667e+00	9.320082e-01	-3.417142e-06	
3.864119e-01	0.000000e+00	1.010075e-01	2.161158e-01	7.960615e-01	1.013121e+00	9.143649e+00	4.843077e-02	3.920761e-02	3.699793e-01	1.420249e-02	2.021746e-02	8.444095e+00	1.527345e-01	2.542174e-01	8.629479e-01	1.177489e-01	1.613855e-01	1.870752e+00	9.254567e-01	-1.161801e-06	
3.864119e-01	0.000000e+00	1.005817e-01	2.148494e-01	8.022847e-01	1.012375e+00	9.249953e+00	4.843307e-02	3.891708e-02	3.690037e-01	1.421766e-02	2.018123e-02	8.406671e+00	1.535964e-01	2.556593e-01	8.579535e-01	1.174222e-01	1.598809e-01	1.889512e+00	9.268718e-01	-1.596398e-06	
3.864119e-01	0.000000e+00	1.001706e-01	2.135175e-01	7.985603e-01	1.012245e+00	9.183099e+00	4.848586e-02	3.918290e-02	3.703822e-01	1.425506e-02	2.026029e-02	8.465569e+00	1.518327e-01	2.538224e-01	8.684489e-01	1.176762e-01	1.598500e-01	1.882471e+00	9.320665e-01	-2.992418e-06	
3.864119e-01	0.000000e+00	1.012560e-01	2.140667e-01	8.011231e-01	1.015917e+00	9.202445e+00	4.833303e-02	3.932056e-02	3.691782e-01	1.422369e-02	2.022284e-02	8.413602e+00	1.534661e-01	2.550798e-01	8.614543e-01	1.174708e-01	1.596658e-01	1.887776e+00	9.302788e-01	-2.763861e-06	
3.864119e-01	0.000000e+00	1.004664e-01	2.120001e-01	8.032102e-01	1.011508e+00	9.250997e+00	4.822316e-02	3.871271e-02	3.699382e-01	1.427454e-02	2.022948e-02	8.442501e+00	1.521125e-01	2.533557e-01	8.673954e-01	1.176026e-01	1.600496e-01	1.873567e+00	9.350261e-01	-1.896945e-06	
3.864119e-01	0.000000e+00	1.010056e-01	2.134048e-01	7.991287e-01	1.010025e+00	9.182639e+00	4.850353e-02	3.915113e-02	3.694087e-01	1.420561e-02	2.018424e-02	8.419568e+00	1.521945e-01	2.550369e-01	8.636624e-01	1.174975e-01	1.608934e-01	1.876998e+00	9.302897e-01	-3.879298e-06	
3.864120e-01	0.000000e+00	1.008934e-01	2.140903e-01	7.984128e-01	1.013553e+00	9.183938e+00	4.844071e-02	3.913432e-02	3.683628e-01	1.417057e-02	2.018057e-02	8.393454e+00	1.527663e-01	2.536491e-01	8.618764e-01	1.177109e-01	1.603109e-01	1.879504e+00	9.257869e-01	-2.086220e-06	
3.864045e-01	2.737567e-12	1.000680e-01	2.128540e-01	7.978555e-01	1.015176e+00	9.173284e+00	4.844819e-02	3.928568e-02	3.697560e-01	1.426675e-02	2.016694e-02	8.431732e+00	1.529017e-01	2.553816e-01	8.591366e-01	1.175387e-01	1.605099e-01	1.884032e+00	9.267863e-01	1.654559e-06	
3.864120e-01	0.000000e+00	1.006652e-01	2.137487e-01	8.005590e-01	1.012441e+00	9.196034e+00	4.858334e-02	3.933748e-02	3.689411e-01	1.422290e-02	2.018775e-02	8.419018e+00	1.522103e-01	2.547274e-01	8.620248e-01	1.174661e-01	1.610515e-01	1.874357e+00	9.294955e-01	-3.422566e-06	
3.864121e-01	0.000000e+00	1.007162e-01	2.145191e-01	8.012156e-01	1.009159e+00	9.211636e+00	4.861400e-02	3.915900e-02	3.710707e-01	1.428586e-02	2.021545e-02	8.470405e+00	1.514096e-01	2.545962e-01	8.655415e-01	1.172724e-01	1.603871e-01	1.875995e+00	9.333780e-01	-2.033310e-06	
3.864122e-01	0.000000e+00	1.007517e-01	2.133195e-01	7.997477e-01	1.012018e+00	9.189220e+00	4.839487e-02	3.908376e-02	3.703747e-01	1.427056e-02	2.026091e-02	8.452697e+00	1.529705e-01	2.560880e-01	8.657466e-01	1.173433e-01	1.599896e-01	1.889620e+00	9.348118e-01	-3.078710e-06	
3.864122e-01	0.000000e+00	1.004612e-01	2.149288e-01	7.969790e-01	1.012418e+00	9.193599e+00	4.883631e-02	3.933810e-02	3.705018e-01	1.427253e-02	2.014572e-02	8.446345e+00	1.531750e-01	2.533817e-01	8.581483e-01	1.179406e-01	1.604116e-01	1.878026e+00	9.229981e-01	-5.863451e-07	
3.864122e-01	0.000000e+00	1.004690e-01	2.144995e-01	7.990263e-01	1.010767e+00	9.197045e+00	4.847934e-02	3.901723e-02	3.702522e-01	1.424859e-02	2.024311e-02	8.451447e+00	1.528623e-01	2.545075e-01	8.632377e-01	1.174671e-01	1.604485e-01	1.879792e+00	9.279421e-01	-3.120403e-06	
3.864125e-01	0.000000e+00	1.006447e-01	2.127183e-01	8.011368e-01	1.010926e+00	9.250234e+00	4.863628e-02	3.903039e-02	3.694466e-01	1.422005e-02	2.019946e-02	8.424184e+00	1.528587e-01	2.542323e-01	8.678262e-01	1.177330e-01	1.602151e-01	1.889326e+00	9.285852e-01	-5.699165e-06	
3.864125e-01	0.000000e+00	1.003107e-01	2.149381e-01	7.980796e-01	1.013752e+00	9.185200e+00	4.863761e-02	3.939639e-02	3.700325e-01	1.424530e-02	2.022430e-02	8.439142e+00	1.530856e-01	2.554258e-01	8.624929e-01	1.175343e-01	1.601323e-01	1.893493e+00	9.277072e-01	-2.560339e-06	
3.864126e-01	0.000000e+00	1.004931e-01	2.128853e-01	7.994528e-01	1.014298e+00	9.211835e+00	4.874268e-02	3.926167e-02	3.691869e-01	1.423636e-02	2.016969e-02	8.425050e+00	1.519759e-01	2.535432e-01	8.645661e-01	1.174421e-01	1.602881e-01	1.871611e+00	9.288204e-01	-2.154995e-06	
3.864126e-01	0.000000e+00	1.009279e-01	2.145275e-01	7.990145e-01	1.014735e+00	9.176956e+00	4.831346e-02	3.924830e-02	3.707866e-01	1.429035e-02	2.021302e-02	8.465988e+00	1.532256e-01	2.546598e-01	8.637643e-01	1.172915e-01	1.603751e-01	1.876559e+00	9.303849e-01	-2.929135e-06	
3.864127e-01	0.000000e+00	1.001667e-01	2.121219e-01	7.971063e-01	1.015251e+00	9.165521e+00	4.840304e-02	3.924687e-02	3.694032e-01	1.422937e-02	2.021989e-02	8.428612e+00	1.521221e-01	2.533456e-01	8.646286e-01	1.179152e-01	1.596483e-01	1.883830e+00	9.288702e-01	-2.586495e-06	
3.864127e-01	0.000000e+00	1.008183e-01	2.131452e-01	8.052759e-01	1.013478e+00	9.251925e+00	4.848913e-02	3.923694e-02	3.712649e-01	1.428912e-02	2.021521e-02	8.475073e+00	1.522267e-01	2.544196e-01	8.660310e-01	1.178544e-01	1.607925e-01	1.873546e+00	9.320736e-01	-2.174973e-06	
3.864127e-01	0.000000e+00	1.005325e-01	2.141746e-01	7.992936e-01	1.013209e+00	9.201202e+00	4.882875e-02	3.955423e-02	3.690548e-01	1.421111e-02	2.021988e-02	8.422559e+00	1.519078e-01	2.547848e-01	8.649355e-01	1.176215e-01	1.604829e-01	1.879906e+00	9.317921e-01	-3.680237e-06	
3.864127e-01	0.000000e+00	1.002715e-01	2.142979e-01	7.995474e-01	1.010152e+00	9.197328e+00	4.866625e-02	3.925156e-02	3.714486e-01	1.430945e-02	2.008753e-02	8.468038e+00	1.521732e-01	2.545694e-01	8.642654e-01	1.174310e-01	1.606807e-01	1.877663e+00	9.312504e-01	-5.158829e-06	
3.864128e-01	0.000000e+00	1.008402e-01	2.150501e-01	8.002619e-01	1.014058e+00	9.218567e+00	4.834045e-02	3.889718e-02	3.688091e-01	1.418089e-02	2.010458e-02	8.398547e+00	1.526582e-01	2.546723e-01	8.678074e-01	1.175023e-01	1.606169e-01	1.881974e+00	9.312470e-01	-2.307038e-06	
3.864128e-01	0.000000e+00	1.010177e-01	2.145871e-01	7.977627e-01	1.010369e+00	9.181315e+00	4.867642e-02	3.934898e-02	3.709429e-01	1.428923e-02	2.022771e-02	8.471596e+00	1.524311e-01	2.561566e-01	8.637857e-01	1.175102e-01	1.610846e-01	1.885643e+00	9.306920e-01	-3.422702e-06	
3.864128e-01	0.000000e+00	1.003800e-01	2.121479e-01	8.041582e-01	1.014005e+00	9.260435e+00	4.851363e-02	3.917618e-02	3.696546e-01	1.424261e-02	2.019031e-02	8.427450e+00	1.524805e-01	2.540052e-01	8.635796e-01	1.178220e-01	1.600974e-01	1.884053e+00	9.278115e-01	-3.670776e-06	
3.864129e-01	0.000000e+00	1.005337e-01	2.139982e-01	8.017581e-01	1.013127e+00	9.225326e+00	4.835512e-02	3.908777e-02	3.702233e-01	1.427030e-02	2.024722e-02	8.460120e+00	1.524094e-01	2.544729e-01	8.615569e-01	1.177430e-01	1.604650e-01	1.877961e+00	9.285181e-01	-2.177867e-06	
3.864063e-01	7.201188e-13	1.002010e-01	2.151268e-01	7.990760e-01	1.013387e+00	9.204450e+00	4.854458e-02	3.925384e-02	3.711631e-01	1.427763e-02	2.022966e-02	8.467373e+00	1.530796e-01	2.554584e-01	8.615275e-01	1.177988e-01	1.609694e-01	1.881030e+00	9.278990e-01	8.485982e-07	
3.864130e-01	0.000000e+00	1.010038e-01	2.151721e-01	8.000918e-01	1.012646e+00	9.209480e+00	4.860294e-02	3.927600e-02	3.695428e-01	1.423578e-02	2.016993e-02	8.429246e+00	1.524072e-01	2.550643e-01	8.611446e-01	1.173153e-01	1.602979e-01	1.880802e+00	9.287274e-01	-3.976748e-06	
3.864131e-01	0.000000e+00	1.004673e-01	2.149751e-01	7.977651e-01	1.010409e+00	9.185629e+00	4.852913e-02	3.908298e-02	3.707043e-01	1.426778e-02	2.022814e-02	8.458764e+00	1.528807e-01	2.551578e-01	8.615268e-01	1.175326e-01	1.603200e-01	1.883412e+00	9.290535e-01	-7.690116e-06	
3.864082e-01	1.129722e-11	1.009837e-01	2.148440e-01	7.988016e-01	1.012732e+00	9.204236e+00	4.862080e-02	3.936758e-02	3.692948e-01	1.421492e-02	2.015467e-02	8.424432e+00	1.523718e-01	2.548306e-01	8.617754e-01	1.176177e-01	1.613499e-01	1.872495e+00	9.270517e-01	3.361134e-06	
3.864132e-01	0.000000e+00	1.001992e-01	2.126443e-01	8.006267e-01	1.013832e+00	9.224345e+00	4.821105e-02	3.884701e-02	3.695097e-01	1.423924e-02	2.019869e-02	8.436700e+00	1.525017e-01	2.530009e-01	8.681952e-01	1.175461e-01	1.605883e-01	1.874511e+00	9.280045e-01	-1.953119e-06	
3.864132e-01	0.000000e+00	1.009725e-01	2.142616e-01	7.978379e-01	1.009793e+00	9.163441e+00	4.876348e-02	3.953228e-02	3.713518e-01	1.429689e-02	2.016715e-02	8.473822e+00	1.524842e-01	2.557092e-01	8.606936e-01	1.176469e-01	1.611101e-01	1.880529e+00	9.289379e-01	-4.351892e-06	
3.864132e-01	0.000000e+00	1.005155e-01	2.149715e-01	8.001197e-01	1.011698e+00	9.208464e+00	4.855213e-02	3.914701e-02	3.704113e-01	1.425155e-02	2.022210e-02	8.456462e+00	1.526981e-01	2.533265e-01	8.670024e-01	1.176387e-01	1.600592e-01	1.876967e+00	9.312112e-01	-3.917406e-06	
3.864132e-01	0.000000e+00	1.006154e-01	2.135257e-01	8.062150e-01	1.014202e+00	9.284934e+00	4.828964e-02	3.889835e-02	3.690056e-01	1.421267e-02	2.025313e-02	8.420698e+00	1.529407e-01	2.543177e-01	8.646730e-01	1.177305e-01	1.610171e-01	1.879560e+00	9.271075e-01	-2.857917e-07	
3.864132e-01	0.000000e+00	1.006591e-01	2.141899e-01	8.009098e-01	1.016460e+00	9.193685e+00	4.838329e-02	3.940787e-02	3.695197e-01	1.423665e-02	2.013169e-02	8.414850e+00	1.529302e-01	2.554082e-01	8.552891e-01	1.178167e-01	1.613350e-01	1.874878e+00	9.255496e-01	-5.866585e-06	
3.864133e-01	0.000000e+00	1.011246e-01	2.144351e-01	8.001509e-01	1.009523e+00	9.230354e+00	4.874868e-02	3.913120e-02	3.693985e-01	1.419373e-02	2.020684e-02	8.418776e+00	1.528662e-01	2.542524e-01	8.637202e-01	1.173756e-01	1.596255e-01	1.885908e+00	9.264413e-01	-3.860482e-06	
3.864137e-01	0.000000e+00	9.968195e-02	2.137068e-01	7.976031e-01	1.015080e+00	9.140584e+00	4.852591e-02	3.957237e-02	3.708241e-01	1.425932e-02	2.017454e-02	8.454567e+00	1.527353e-01	2.558707e-01	8.624204e-01	1.174795e-01	1.605279e-01	1.887589e+00	9.279628e-01	-3.257311e-06	
3.864137e-01	0.000000e+00	1.007422e-01	2.152801e-01	8.039941e-01	1.011683e+00	9.246430e+00	4.833151e-02	3.911467e-02	3.715153e-01	1.428701e-02	2.023693e-02	8.474988e+00	1.528381e-01	2.552250e-01	8.620095e-01	1.173983e-01	1.608031e-01	1.882162e+00	9.268500e-01	-3.274594e-06	
3.864137e-01	0.000000e+00	9.986171e-02	2.130377e-01	8.006023e-01	1.012494e+00	9.212089e+00	4.847221e-02	3.911063e-02	3.693452e-01	1.420830e-02	2.026455e-02	8.434556e+00	1.518690e-01	2.543768e-01	8.687477e-01	1.176788e-01	1.607994e-01	1.883170e+00	9.297723e-01	-3.671734e-06	
3.864138e-01	0.000000e+00	1.010372e-01	2.160249e-01	7.999260e-01	1.011159e+00	9.190352e+00	4.857111e-02	3.923833e-02	3.718152e-01	1.427358e-02	2.013733e-02	8.469253e+00	1.529139e-01	2.557085e-01	8.609894e-01	1.175413e-01	1.607328e-01	1.882121e+00	9.276174e-01	-3.026269e-06	
3.864138e-01	0.000000e+00	1.002455e-01	2.141108e-01	7.985555e-01	1.011328e+00	9.195919e+00	4.857717e-02	3.914225e-02	3.703384e-01	1.424971e-02	2.026274e-02	8.456386e+00	1.525101e-01	2.539562e-01	8.664573e-01	1.176648e-01	1.604507e-01	1.877614e+00	9.306520e-01	-5.873911e-06	
3.864138e-01	0.000000e+00	1.013356e-01	2.135455e-01	8.040301e-01	1.010613e+00	9.239742e+00	4.820987e-02	3.899829e-02	3.699385e-01	1.426743e-02	2.027147e-02	8.447793e+00	1.527195e-01	2.552416e-01	8.637884e-01	1.173519e-01	1.599836e-01	1.889088e+00	9.320577e-01	-2.706251e-06	
3.864139e-01	0.000000e+00	1.005101e-01	2.145986e-01	8.026281e-01	1.011191e+00	9.229356e+00	4.838477e-02	3.904003e-02	3.711456e-01	1.429603e-02	2.024092e-02	8.473991e+00	1.529585e-01	2.553490e-01	8.602826e-01	1.175980e-01	1.602568e-01	1.886103e+00	9.282591e-01	-5.174076e-06	
3.864139e-01	0.000000e+00	1.000662e-01	2.129265e-01	8.008562e-01	1.016506e+00	9.217318e+00	4.832645e-02	3.913172e-02	3.698800e-01	1.426531e-02	2.019838e-02	8.437600e+00	1.535333e-01	2.529865e-01	8.619376e-01	1.176160e-01	1.600190e-01	1.873844e+00	9.260700e-01	-5.492009e-06	
3.864139e-01	0.000000e+00	1.007226e-01	2.138936e-01	8.034437e-01	1.013828e+00	9.253083e+00	4.855099e-02	3.915332e-02	3.693294e-01	1.421275e-02	2.015747e-02	8.417030e+00	1.522714e-01	2.544987e-01	8.625863e-01	1.174965e-01	1.608019e-01	1.873274e+00	9.275306e-01	-4.709056e-06	
3.864140e-01	0.000000e+00	1.010037e-01	2.141625e-01	7.976155e-01	1.007852e+00	9.189196e+00	4.851732e-02	3.892530e-02	3.705379e-01	1.427024e-02	2.024212e-02	8.464466e+00	1.521437e-01	2.548283e-01	8.641353e-01	1.174352e-01	1.612190e-01	1.871196e+00	9.307621e-01	-3.488406e-06	
3.863981e-01	6.172368e-12	9.974368e-02	2.148569e-01	7.965134e-01	1.014596e+00	9.176580e+00	4.848046e-02	3.913822e-02	3.705471e-01	1.426692e-02	2.024143e-02	8.458371e+00	1.527426e-01	2.535435e-01	8.609850e-01	1.177760e-01	1.600109e-01	1.875666e+00	9.266051e-01	2.484425e-06	
3.864141e-01	0.000000e+00	1.006738e-01	2.135173e-01	8.025191e-01	1.010286e+00	9.250402e+00	4.883222e-02	3.925168e-02	3.693735e-01	1.423538e-02	2.022317e-02	8.438049e+00	1.517301e-01	2.548943e-01	8.668053e-01	1.177246e-01	1.603180e-01	1.883796e+00	9.336157e-01	-2.466879e-06	
3.864141e-01	0.000000e+00	1.006254e-01	2.143261e-01	7.997274e-01	1.014055e+00	9.240021e+00	4.876471e-02	3.936639e-02	3.689311e-01	1.420182e-02	2.023880e-02	8.415867e+00	1.525284e-01	2.534968e-01	8.632932e-01	1.177328e-01	1.597268e-01	1.879466e+00	9.277859e-01	-3.397880e-06	
3.864142e-01	0.000000e+00	1.005391e-01	2.147392e-01	7.982339e-01	1.010072e+00	9.146360e+00	4.819919e-02	3.897004e-02	3.715216e-01	1.428245e-02	2.025908e-02	8.483669e+00	1.519204e-01	2.559419e-01	8.683373e-01	1.171030e-01	1.612051e-01	1.879982e+00	9.340731e-01	-9.972745e-07	
3.864144e-01	0.000000e+00	1.007475e-01	2.141089e-01	8.017915e-01	1.013896e+00	9.229074e+00	4.836490e-02	3.908634e-02	3.711005e-01	1.428273e-02	2.020116e-02	8.465894e+00	1.531071e-01	2.542841e-01	8.625610e-01	1.177279e-01	1.602042e-01	1.878485e+00	9.281853e-01	-5.164447e-06	
3.864144e-01	0.000000e+00	1.005376e-01	2.140661e-01	8.018207e-01	1.011584e+00	9.213288e+00	4.832392e-02	3.917206e-02	3.719840e-01	1.432668e-02	2.022505e-02	8.489867e+00	1.525821e-01	2.550210e-01	8.653748e-01	1.173679e-01	1.605241e-01	1.884422e+00	9.310539e-01	-5.522372e-06	
3.864145e-01	0.000000e+00	1.010718e-01	2.129666e-01	8.016376e-01	1.012993e+00	9.215436e+00	4.844367e-02	3.928730e-02	3.687228e-01	1.423748e-02	2.024596e-02	8.417844e+00	1.527181e-01	2.563882e-01	8.577016e-01	1.174297e-01	1.601858e-01	1.889574e+00	9.290770e-01	-8.284087e-07	
3.864145e-01	0.000000e+00	1.010547e-01	2.143781e-01	8.013476e-01	1.012015e+00	9.210982e+00	4.865439e-02	3.946230e-02	3.715576e-01	1.430650e-02	2.017844e-02	8.471899e+00	1.521738e-01	2.548828e-01	8.641807e-01	1.173568e-01	1.608463e-01	1.871212e+00	9.332409e-01	-4.206547e-06	
3.864147e-01	0.000000e+00	1.008679e-01	2.141505e-01	8.001079e-01	1.013637e+00	9.191629e+00	4.844194e-02	3.933745e-02	3.697910e-01	1.423486e-02	2.015627e-02	8.435575e+00	1.518399e-01	2.553943e-01	8.633356e-01	1.174891e-01	1.608125e-01	1.881524e+00	9.295356e-01	-7.059727e-06	
3.864053e-01	3.615218e-13	1.005648e-01	2.138996e-01	7.980443e-01	1.013327e+00	9.182424e+00	4.835036e-02	3.899549e-02	3.708334e-01	1.425932e-02	2.022536e-02	8.462523e+00	1.530720e-01	2.534280e-01	8.664476e-01	1.175477e-01	1.602020e-01	1.875915e+00	9.275197e-01	6.012668e-07	
3.864148e-01	0.000000e+00	1.010284e-01	2.150245e-01	8.031416e-01	1.012972e+00	9.233834e+00	4.842974e-02	3.917523e-02	3.697447e-01	1.422052e-02	2.026413e-02	8.439252e+00	1.530292e-01	2.545733e-01	8.616719e-01	1.178526e-01	1.612775e-01	1.872133e+00	9.278815e-01	-4.486377e-06	
3.864148e-01	0.000000e+00	1.012950e-01	2.150728e-01	7.991791e-01	1.009780e+00	9.221036e+00	4.901700e-02	3.941661e-02	3.703263e-01	1.422479e-02	2.015552e-02	8.446300e+00	1.519382e-01	2.545953e-01	8.662512e-01	1.177699e-01	1.606294e-01	1.884489e+00	9.276375e-01	-8.311267e-07	
3.864148e-01	0.000000e+00	1.003865e-01	2.148694e-01	7.968070e-01	1.013673e+00	9.171710e+00	4.838297e-02	3.904630e-02	3.689057e-01	1.421615e-02	2.027094e-02	8.419237e+00	1.526775e-01	2.553616e-01	8.610629e-01	1.172180e-01	1.607995e-01	1.875541e+00	9.295606e-01	-4.241760e-06	
3.864148e-01	0.000000e+00	1.012295e-01	2.147494e-01	8.002520e-01	1.013256e+00	9.183835e+00	4.819222e-02	3.897169e-02	3.703084e-01	1.421828e-02	2.023741e-02	8.446399e+00	1.531940e-01	2.543288e-01	8.653778e-01	1.177387e-01	1.601381e-01	1.881972e+00	9.294028e-01	-4.365263e-06	
3.864150e-01	0.000000e+00	1.006453e-01	2.138661e-01	8.024050e-01	1.013872e+00	9.239135e+00	4.844939e-02	3.908683e-02	3.699654e-01	1.422695e-02	2.028416e-02	8.447026e+00	1.527283e-01	2.545353e-01	8.662178e-01	1.178969e-01	1.607521e-01	1.883246e+00	9.280945e-01	-4.972290e-06	
3.864150e-01	0.000000e+00	1.007876e-01	2.126843e-01	8.033020e-01	1.011910e+00	9.245234e+00	4.851834e-02	3.921008e-02	3.693927e-01	1.422709e-02	2.019312e-02	8.426613e+00	1.524200e-01	2.536343e-01	8.654567e-01	1.177978e-01	1.603848e-01	1.875719e+00	9.310427e-01	-5.887385e-06	
3.864151e-01	0.000000e+00	1.009218e-01	2.147086e-01	7.995581e-01	1.011470e+00	9.220395e+00	4.847933e-02	3.896507e-02	3.698289e-01	1.424651e-02	2.029211e-02	8.443559e+00	1.534346e-01	2.544876e-01	8.591667e-01	1.175712e-01	1.602660e-01	1.879803e+00	9.253960e-01	-4.732155e-06	
3.864151e-01	0.000000e+00	1.004739e-01	2.120204e-01	8.024660e-01	1.014827e+00	9.207034e+00	4.834343e-02	3.924289e-02	3.685238e-01	1.421590e-02	2.019382e-02	8.406894e+00	1.526711e-01	2.547012e-01	8.601761e-01	1.175483e-01	1.603821e-01	1.878967e+00	9.281160e-01	-1.306590e-06	
3.864151e-01	0.000000e+00	1.001705e-01	2.133420e-01	7.975157e-01	1.013058e+00	9.154193e+00	4.856355e-02	3.939326e-02	3.709877e-01	1.429048e-02	2.013644e-02	8.451949e+00	1.523946e-01	2.566837e-01	8.619908e-01	1.173709e-01	1.611777e-01	1.886839e+00	9.302576e-01	-3.751316e-06	
3.864152e-01	0.000000e+00	1.008720e-01	2.149395e-01	7.961181e-01	1.013204e+00	9.168434e+00	4.822579e-02	3.886752e-02	3.699116e-01	1.420623e-02	2.020270e-02	8.431127e+00	1.525593e-01	2.532498e-01	8.673065e-01	1.176740e-01	1.600241e-01	1.873697e+00	9.314425e-01	-6.585345e-06	
3.864153e-01	0.000000e+00	1.005870e-01	2.134613e-01	7.990454e-01	1.013598e+00	9.149331e+00	4.861145e-02	3.965306e-02	3.703844e-01	1.426916e-02	2.027003e-02	8.455851e+00	1.525631e-01	2.569773e-01	8.590995e-01	1.174240e-01	1.608958e-01	1.886931e+00	9.293025e-01	-4.030156e-06	
3.864009e-01	4.558425e-12	1.003774e-01	2.138346e-01	7.982294e-01	1.013576e+00	9.166894e+00	4.843026e-02	3.925407e-02	3.710623e-01	1.428209e-02	2.013536e-02	8.456564e+00	1.520809e-01	2.563361e-01	8.650464e-01	1.171349e-01	1.610945e-01	1.883423e+00	9.304542e-01	2.135047e-06	
3.864153e-01	0.000000e+00	1.015654e-01	2.145283e-01	8.042641e-01	1.009545e+00	9.255755e+00	4.867197e-02	3.925798e-02	3.710891e-01	1.428564e-02	2.020622e-02	8.470635e+00	1.530028e-01	2.548615e-01	8.642485e-01	1.175257e-01	1.607912e-01	1.876072e+00	9.307459e-01	-3.032566e-06	
3.864153e-01	0.000000e+00	1.005803e-01	2.124929e-01	8.027137e-01	1.011911e+00	9.234792e+00	4.846129e-02	3.912084e-02	3.695219e-01	1.421959e-02	2.008664e-02	8.413091e+00	1.520717e-01	2.550443e-01	8.689922e-01	1.174383e-01	1.606082e-01	1.885348e+00	9.329535e-01	-6.985395e-06	
3.864154e-01	0.000000e+00	9.995411e-02	2.134676e-01	8.030374e-01	1.010005e+00	9.270155e+00	4.837065e-02	3.885946e-02	3.701617e-01	1.426539e-02	2.023517e-02	8.446606e+00	1.527616e-01	2.559887e-01	8.641282e-01	1.173355e-01	1.608890e-01	1.886220e+00	9.299435e-01	-2.245196e-06	
3.864095e-01	5.055047e-13	9.969357e-02	2.123636e-01	7.981423e-01	1.016285e+00	9.187845e+00	4.838909e-02	3.905634e-02	3.694560e-01	1.423740e-02	2.019578e-02	8.425821e+00	1.521464e-01	2.535401e-01	8.622319e-01	1.180455e-01	1.611477e-01	1.872744e+00	9.257207e-01	7.109886e-07	
3.864154e-01	0.000000e+00	1.009638e-01	2.142955e-01	7.983138e-01	1.011149e+00	9.162830e+00	4.890290e-02	3.979320e-02	3.709023e-01	1.427706e-02	2.015685e-02	8.459070e+00	1.518637e-01	2.559737e-01	8.620345e-01	1.174959e-01	1.612773e-01	1.881341e+00	9.298350e-01	-3.643402e-06	
3.864155e-01	0.000000e+00	1.002394e-01	2.122579e-01	8.035222e-01	1.015964e+00	9.249871e+00	4.844481e-02	3.923157e-02	3.694591e-01	1.424759e-02	2.027360e-02	8.433054e+00	1.529286e-01	2.530577e-01	8.631120e-01	1.178032e-01	1.603814e-01	1.870549e+00	9.281607e-01	-3.718831e-06	
3.864155e-01	0.000000e+00	1.009012e-01	2.132349e-01	7.985136e-01	1.013529e+00	9.171349e+00	4.838444e-02	3.930458e-02	3.695357e-01	1.423645e-02	2.015229e-02	8.415564e+00	1.528854e-01	2.542351e-01	8.621803e-01	1.172530e-01	1.595581e-01	1.887620e+00	9.281965e-01	-3.512859e-06	
3.864155e-01	0.000000e+00	1.016915e-01	2.169736e-01	8.015365e-01	1.010776e+00	9.204719e+00	4.828546e-02	3.914287e-02	3.709113e-01	1.428631e-02	2.026122e-02	8.468296e+00	1.532855e-01	2.544364e-01	8.605481e-01	1.172341e-01	1.601836e-01	1.876720e+00	9.304667e-01	-3.230500e-06	
3.864155e-01	0.000000e+00	1.006336e-01	2.145106e-01	7.989173e-01	1.011997e+00	9.202112e+00	4.838022e-02	3.903376e-02	3.707399e-01	1.427557e-02	2.025623e-02	8.467161e+00	1.527151e-01	2.536738e-01	8.641927e-01	1.174573e-01	1.605711e-01	1.868755e+00	9.296586e-01	-7.135187e-06	
3.864157e-01	0.000000e+00	1.005335e-01	2.151576e-01	7.969298e-01	1.008994e+00	9.161328e+00	4.873064e-02	3.938959e-02	3.710436e-01	1.429134e-02	2.019825e-02	8.470754e+00	1.518800e-01	2.565758e-01	8.636549e-01	1.172584e-01	1.611729e-01	1.879023e+00	9.349572e-01	-4.179228e-06	
3.864157e-01	0.000000e+00	1.011573e-01	2.132500e-01	8.033271e-01	1.013031e+00	9.247627e+00	4.831647e-02	3.892647e-02	3.698343e-01	1.423896e-02	2.005131e-02	8.412168e+00	1.529002e-01	2.527770e-01	8.688034e-01	1.172953e-01	1.600188e-01	1.872225e+00	9.325741e-01	-3.234901e-06	
3.864157e-01	0.000000e+00	1.000323e-01	2.142773e-01	7.967359e-01	1.015936e+00	9.137680e+00	4.858347e-02	3.961718e-02	3.696190e-01	1.418548e-02	2.021453e-02	8.434938e+00	1.517822e-01	2.548955e-01	8.644709e-01	1.178852e-01	1.602910e-01	1.885509e+00	9.276436e-01	-5.997157e-06	
3.864158e-01	0.000000e+00	1.000991e-01	2.145423e-01	7.971130e-01	1.014620e+00	9.194240e+00	4.859444e-02	3.917417e-02	3.680445e-01	1.419189e-02	2.025200e-02	8.398373e+00	1.528462e-01	2.541868e-01	8.587006e-01	1.174848e-01	1.599568e-01	1.882389e+00	9.247144e-01	-2.489012e-06	
3.864159e-01	0.000000e+00	1.005780e-01	2.138676e-01	8.007086e-01	1.011899e+00	9.209530e+00	4.869884e-02	3.937356e-02	3.716731e-01	1.431599e-02	2.017241e-02	8.475786e+00	1.524731e-01	2.534612e-01	8.664936e-01	1.173736e-01	1.608425e-01	1.867331e+00	9.317356e-01	-4.797910e-06	
3.864161e-01	0.000000e+00	1.000591e-01	2.118643e-01	8.038496e-01	1.011671e+00	9.237064e+00	4.857686e-02	3.937311e-02	3.702166e-01	1.427383e-02	2.020695e-02	8.450758e+00	1.521474e-01	2.556379e-01	8.652705e-01	1.174318e-01	1.604994e-01	1.888911e+00	9.309933e-01	-4.627167e-06	
3.864162e-01	0.000000e+00	1.002364e-01	2.140664e-01	7.952498e-01	1.013052e+00	9.156407e+00	4.864247e-02	3.930338e-02	3.712782e-01	1.428037e-02	2.018357e-02	8.467733e+00	1.522199e-01	2.540567e-01	8.628057e-01	1.180002e-01	1.609939e-01	1.870064e+00	9.294584e-01	-5.879546e-06	
3.864167e-01	0.000000e+00	1.006886e-01	2.141873e-01	8.014118e-01	1.013343e+00	9.221469e+00	4.833270e-02	3.896619e-02	3.704552e-01	1.425266e-02	2.013872e-02	8.440031e+00	1.525132e-01	2.532755e-01	8.655181e-01	1.177637e-01	1.607811e-01	1.872643e+00	9.294504e-01	-6.408292e-06	
3.864167e-01	0.000000e+00	1.013251e-01	2.127148e-01	7.988208e-01	1.011870e+00	9.201084e+00	4.855586e-02	3.905294e-02	3.691930e-01	1.424361e-02	2.021846e-02	8.419818e+00	1.531454e-01	2.554062e-01	8.600539e-01	1.175212e-01	1.600480e-01	1.887078e+00	9.286330e-01	-7.413906e-06	
3.864169e-01	0.000000e+00	1.009209e-01	2.136614e-01	8.000334e-01	1.011234e+00	9.216281e+00	4.862693e-02	3.935016e-02	3.695801e-01	1.421024e-02	2.016805e-02	8.426402e+00	1.520015e-01	2.538837e-01	8.651709e-01	1.175492e-01	1.611267e-01	1.872141e+00	9.272784e-01	-6.617584e-06	
3.864173e-01	0.000000e+00	9.956091e-02	2.137161e-01	8.000821e-01	1.014582e+00	9.194089e+00	4.866332e-02	3.958428e-02	3.699230e-01	1.424865e-02	2.015310e-02	8.431651e+00	1.526032e-01	2.563620e-01	8.609964e-01	1.173525e-01	1.607763e-01	1.888927e+00	9.278256e-01	-5.961209e-06	
3.864173e-01	0.000000e+00	1.006144e-01	2.137044e-01	8.010628e-01	1.015688e+00	9.226095e+00	4.831725e-02	3.912397e-02	3.697049e-01	1.425512e-02	2.024537e-02	8.443772e+00	1.529678e-01	2.537682e-01	8.604678e-01	1.176541e-01	1.602816e-01	1.872749e+00	9.264221e-01	-4.615996e-06	
3.864071e-01	2.388681e-14	1.010476e-01	2.147353e-01	8.004630e-01	1.009640e+00	9.202837e+00	4.837756e-02	3.906033e-02	3.705997e-01	1.425749e-02	2.021918e-02	8.456183e+00	1.523498e-01	2.547269e-01	8.672574e-01	1.173971e-01	1.617198e-01	1.870491e+00	9.322006e-01	1.545536e-07	
3.864174e-01	0.000000e+00	1.002667e-01	2.127428e-01	8.022895e-01	1.017300e+00	9.245932e+00	4.874772e-02	3.961315e-02	3.678489e-01	1.417219e-02	2.018217e-02	8.378408e+00	1.528964e-01	2.533494e-01	8.592974e-01	1.180186e-01	1.600497e-01	1.879876e+00	9.242917e-01	-4.693371e-06	
3.864176e-01	0.000000e+00	1.010471e-01	2.128659e-01	8.033709e-01	1.013883e+00	9.257943e+00	4.839831e-02	3.914426e-02	3.695079e-01	1.423186e-02	2.019001e-02	8.420841e+00	1.528350e-01	2.535486e-01	8.636474e-01	1.176849e-01	1.608442e-01	1.874601e+00	9.265049e-01	-5.840818e-06	
3.864176e-01	0.000000e+00	1.008085e-01	2.139389e-01	7.986531e-01	1.013921e+00	9.173879e+00	4.824180e-02	3.907475e-02	3.700797e-01	1.425807e-02	2.024373e-02	8.448160e+00	1.532707e-01	2.539446e-01	8.639684e-01	1.174241e-01	1.607775e-01	1.870061e+00	9.297906e-01	-7.312789e-06	
3.864176e-01	0.000000e+00	1.008267e-01	2.126862e-01	8.013925e-01	1.011015e+00	9.188908e+00	4.832884e-02	3.918606e-02	3.709066e-01	1.427762e-02	2.022073e-02	8.462986e+00	1.522445e-01	2.553590e-01	8.651206e-01	1.176205e-01	1.607278e-01	1.884535e+00	9.320702e-01	-6.816452e-06	
3.864176e-01	0.000000e+00	1.010365e-01	2.135673e-01	7.998566e-01	1.010259e+00	9.167606e+00	4.862139e-02	3.941177e-02	3.721216e-01	1.433391e-02	2.015873e-02	8.490529e+00	1.519003e-01	2.544376e-01	8.675467e-01	1.173701e-01	1.602460e-01	1.877645e+00	9.361482e-01	-6.864245e-06	
3.864005e-01	7.997851e-12	1.005947e-01	2.139249e-01	7.996769e-01	1.011374e+00	9.214233e+00	4.839695e-02	3.900897e-02	3.706642e-01	1.430376e-02	2.020658e-02	8.458947e+00	1.527350e-01	2.556609e-01	8.591279e-01	1.177762e-01	1.612386e-01	1.877562e+00	9.299220e-01	2.828047e-06	
3.864177e-01	0.000000e+00	1.004496e-01	2.161555e-01	7.980833e-01	1.011834e+00	9.157236e+00	4.843415e-02	3.931736e-02	3.716222e-01	1.430988e-02	2.016151e-02	8.475618e+00	1.528217e-01	2.553774e-01	8.614708e-01	1.172483e-01	1.594491e-01	1.884407e+00	9.346212e-01	-2.554015e-06	
3.864177e-01	0.000000e+00	1.014827e-01	2.143378e-01	8.009375e-01	1.012724e+00	9.220157e+00	4.856008e-02	3.928791e-02	3.705145e-01	1.425655e-02	2.026997e-02	8.462783e+00	1.531335e-01	2.542794e-01	8.637514e-01	1.174549e-01	1.595249e-01	1.883907e+00	9.276028e-01	-4.799066e-06	
3.864177e-01	0.000000e+00	1.004616e-01	2.138420e-01	7.986384e-01	1.013001e+00	9.157171e+00	4.842739e-02	3.941970e-02	3.700450e-01	1.425114e-02	2.013550e-02	8.437626e+00	1.523598e-01	2.559031e-01	8.572537e-01	1.174429e-01	1.613292e-01	1.876582e+00	9.261170e-01	-6.106890e-06	
3.864180e-01	0.000000e+00	1.006967e-01	2.149368e-01	8.013535e-01	1.008722e+00	9.222589e+00	4.848967e-02	3.902114e-02	3.698061e-01	1.420720e-02	2.018000e-02	8.439965e+00	1.518932e-01	2.535466e-01	8.648934e-01	1.176132e-01	1.608743e-01	1.866837e+00	9.295598e-01	-7.654287e-06	
3.864186e-01	0.000000e+00	1.000832e-01	2.137246e-01	8.056902e-01	1.013991e+00	9.245806e+00	4.824260e-02	3.911667e-02	3.714910e-01	1.431342e-02	2.025294e-02	8.477649e+00	1.531089e-01	2.550638e-01	8.589854e-01	1.176804e-01	1.606887e-01	1.879678e+00	9.274258e-01	-6.981189e-06	
3.864188e-01	0.000000e+00	1.006549e-01	2.147504e-01	7.990806e-01	1.013431e+00	9.195032e+00	4.868758e-02	3.938942e-02	3.717406e-01	1.430464e-02	2.014863e-02	8.474185e+00	1.528187e-01	2.545961e-01	8.626852e-01	1.179597e-01	1.608514e-01	1.878483e+00	9.294861e-01	-3.651455e-06	
3.864188e-01	0.000000e+00	9.933828e-02	2.128649e-01	8.005452e-01	1.015416e+00	9.181534e+00	4.867401e-02	3.959667e-02	3.715692e-01	1.429013e-02	2.022644e-02	8.487486e+00	1.517308e-01	2.538681e-01	8.644508e-01	1.180791e-01	1.607207e-01	1.876630e+00	9.275917e-01	-3.630899e-06	
3.864190e-01	0.000000e+00	1.007409e-01	2.138010e-01	8.003364e-01	1.010681e+00	9.239555e+00	4.828047e-02	3.877824e-02	3.696743e-01	1.423219e-02	2.018069e-02	8.422773e+00	1.531907e-01	2.555453e-01	8.631774e-01	1.175084e-01	1.604717e-01	1.893360e+00	9.270490e-01	-3.603033e-06	
3.864190e-01	0.000000e+00	1.011901e-01	2.145457e-01	8.052062e-01	1.012210e+00	9.281960e+00	4.841640e-02	3.895112e-02	3.686793e-01	1.419905e-02	2.017737e-02	8.401465e+00	1.529784e-01	2.530724e-01	8.614277e-01	1.179961e-01	1.596316e-01	1.878781e+00	9.299026e-01	-5.928076e-06	
3.864195e-01	0.000000e+00	1.007475e-01	2.154915e-01	8.008763e-01	1.013475e+00	9.228939e+00	4.843698e-02	3.918384e-02	3.702590e-01	1.423827e-02	2.017042e-02	8.434017e+00	1.531263e-01	2.543064e-01	8.615441e-01	1.176516e-01	1.605479e-01	1.879722e+00	9.268632e-01	-5.787672e-06	
3.864196e-01	0.000000e+00	1.004771e-01	2.151906e-01	8.018020e-01	1.011118e+00	9.234430e+00	4.846338e-02	3.889633e-02	3.707750e-01	1.424362e-02	2.030059e-02	8.467578e+00	1.528656e-01	2.531161e-01	8.660580e-01	1.178237e-01	1.601906e-01	1.871525e+00	9.300873e-01	-6.663982e-06	
3.864045e-01	8.249028e-12	1.003133e-01	2.137239e-01	7.988022e-01	1.014015e+00	9.179306e+00	4.817909e-02	3.894160e-02	3.703929e-01	1.425792e-02	2.020377e-02	8.437379e+00	1.532102e-01	2.544697e-01	8.605586e-01	1.178120e-01	1.599509e-01	1.886570e+00	9.279724e-01	2.872112e-06	
3.864197e-01	0.000000e+00	1.010578e-01	2.142676e-01	7.997800e-01	1.013673e+00	9.215096e+00	4.869533e-02	3.942164e-02	3.699184e-01	1.424593e-02	2.019243e-02	8.433310e+00	1.529086e-01	2.545918e-01	8.638775e-01	1.174086e-01	1.605480e-01	1.880690e+00	9.282704e-01	-7.401584e-06	
3.864197e-01	0.000000e+00	1.001907e-01	2.117347e-01	8.037912e-01	1.015021e+00	9.261612e+00	4.854493e-02	3.923882e-02	3.700106e-01	1.428524e-02	2.004907e-02	8.420561e+00	1.523495e-01	2.550380e-01	8.623440e-01	1.175055e-01	1.601816e-01	1.892086e+00	9.277896e-01	-5.971300e-06	
3.864201e-01	0.000000e+00	1.000554e-01	2.130378e-01	7.997154e-01	1.013791e+00	9.194823e+00	4.824788e-02	3.897204e-02	3.692658e-01	1.421274e-02	2.025813e-02	8.426025e+00	1.523482e-01	2.539695e-01	8.641737e-01	1.175356e-01	1.594760e-01	1.886685e+00	9.284723e-01	-6.634353e-06	
3.864040e-01	3.581349e-13	1.010068e-01	2.140591e-01	7.973639e-01	1.010396e+00	9.139454e+00	4.831595e-02	3.915288e-02	3.701016e-01	1.425734e-02	2.015473e-02	8.437985e+00	1.524281e-01	2.549753e-01	8.623059e-01	1.172463e-01	1.610065e-01	1.877527e+00	9.299029e-01	5.984438e-07	
3.864202e-01	0.000000e+00	1.006105e-01	2.120166e-01	8.034468e-01	1.015510e+00	9.270388e+00	4.835228e-02	3.893059e-02	3.691295e-01	1.424769e-02	2.012520e-02	8.405815e+00	1.531463e-01	2.534974e-01	8.605026e-01	1.178952e-01	1.599815e-01	1.877878e+00	9.279122e-01	-4.708758e-06	
3.864203e-01	0.000000e+00	1.009300e-01	2.135942e-01	7.969341e-01	1.012801e+00	9.163311e+00	4.858342e-02	3.933843e-02	3.688410e-01	1.420356e-02	2.011941e-02	8.402230e+00	1.521166e-01	2.537888e-01	8.637325e-01	1.176379e-01	1.609751e-01	1.874064e+00	9.291575e-01	-7.429469e-06	
3.864204e-01	0.000000e+00	1.010494e-01	2.153179e-01	8.030288e-01	1.011240e+00	9.254955e+00	4.864200e-02	3.923396e-02	3.704611e-01	1.425756e-02	2.025340e-02	8.454969e+00	1.532957e-01	2.544069e-01	8.573348e-01	1.176600e-01	1.591946e-01	1.883523e+00	9.265003e-01	-7.442064e-06	
3.864119e-01	1.515057e-15	1.011606e-01	2.150965e-01	7.972438e-01	1.012595e+00	9.166328e+00	4.871371e-02	3.936282e-02	3.719339e-01	1.429389e-02	2.024382e-02	8.486755e+00	1.529318e-01	2.543090e-01	8.600259e-01	1.178499e-01	1.604984e-01	1.870130e+00	9.277149e-01	3.892374e-08	
3.864058e-01	1.945258e-13	1.006844e-01	2.137033e-01	7.964517e-01	1.008482e+00	9.164627e+00	4.862327e-02	3.908964e-02	3.706316e-01	1.425841e-02	2.014674e-02	8.453753e+00	1.517009e-01	2.547241e-01	8.692766e-01	1.171992e-01	1.607705e-01	1.878348e+00	9.326438e-01	4.410508e-07	
3.864231e-01	0.000000e+00	1.000581e-01	2.125203e-01	7.964320e-01	1.009530e+00	9.197024e+00	4.907949e-02	3.969680e-02	3.698056e-01	1.427044e-02	2.012887e-02	8.432759e+00	1.510542e-01	2.549221e-01	8.621299e-01	1.175102e-01	1.607449e-01	1.882632e+00	9.294241e-01	-5.916303e-06	
3.864053e-01	1.149991e-12	1.002825e-01	2.139873e-01	8.001906e-01	1.016463e+00	9.227037e+00	4.858688e-02	3.924015e-02	3.691817e-01	1.424285e-02	2.024469e-02	8.422839e+00	1.528425e-01	2.542262e-01	8.574145e-01	1.179643e-01	1.602269e-01	1.877589e+00	9.264105e-01	1.072377e-06	
3.864047e-01	1.792145e-12	1.001563e-01	2.128565e-01	8.004452e-01	1.013333e+00	9.206223e+00	4.859494e-02	3.937469e-02	3.700904e-01	1.424123e-02	2.020118e-02	8.441814e+00	1.519752e-01	2.549492e-01	8.649229e-01	1.176368e-01	1.608679e-01	1.881898e+00	9.281901e-01	1.338710e-06	
3.864075e-01	1.266006e-13	1.002255e-01	2.144082e-01	7.963602e-01	1.014597e+00	9.167692e+00	4.850749e-02	3.931135e-02	3.692312e-01	1.424807e-02	2.022936e-02	8.428827e+00	1.528840e-01	2.537758e-01	8.602975e-01	1.172319e-01	1.601775e-01	1.871827e+00	9.276982e-01	3.558097e-07	
3.864078e-01	6.472808e-13	1.005697e-01	2.128883e-01	7.992019e-01	1.015180e+00	9.187522e+00	4.851822e-02	3.945433e-02	3.688760e-01	1.419941e-02	2.017369e-02	8.405244e+00	1.522617e-01	2.552316e-01	8.648260e-01	1.175394e-01	1.610946e-01	1.881032e+00	9.291885e-01	8.045376e-07	
3.864058e-01	1.303999e-12	1.007709e-01	2.140697e-01	7.997228e-01	1.013967e+00	9.199369e+00	4.855258e-02	3.933228e-02	3.703582e-01	1.426282e-02	2.027159e-02	8.460094e+00	1.527637e-01	2.534171e-01	8.630316e-01	1.178564e-01	1.602251e-01	1.872596e+00	9.289618e-01	1.141928e-06	
3.864110e-01	1.180984e-13	1.001257e-01	2.123537e-01	8.042272e-01	1.013427e+00	9.254479e+00	4.821391e-02	3.892532e-02	3.709412e-01	1.428742e-02	2.019528e-02	8.459538e+00	1.526373e-01	2.544534e-01	8.674915e-01	1.176326e-01	1.594204e-01	1.893499e+00	9.314630e-01	3.436545e-07	
3.864051e-01	6.747641e-12	1.011092e-01	2.140570e-01	8.025361e-01	1.014803e+00	9.209251e+00	4.839910e-02	3.937336e-02	3.701084e-01	1.427993e-02	2.022728e-02	8.445197e+00	1.532196e-01	2.551267e-01	8.537473e-01	1.174472e-01	1.606761e-01	1.869977e+00	9.257276e-01	2.597622e-06	
3.864089e-01	4.845996e-12	1.002293e-01	2.137307e-01	7.979559e-01	1.009903e+00	9.167520e+00	4.832833e-02	3.898438e-02	3.716738e-01	1.431700e-02	2.014902e-02	8.475340e+00	1.522241e-01	2.545426e-01	8.678700e-01	1.171214e-01	1.606154e-01	1.878968e+00	9.332891e-01	2.201362e-06	
3.864001e-01	8.388297e-12	1.007449e-01	2.136644e-01	8.021908e-01	1.011585e+00	9.231012e+00	4.828623e-02	3.894075e-02	3.692518e-01	1.423077e-02	2.021058e-02	8.431072e+00	1.522892e-01	2.551094e-01	8.666694e-01	1.172234e-01	1.605380e-01	1.887268e+00	9.293622e-01	2.896256e-06	
