f	phi	x(1)	x(2)	x(3)	x(4)	x(5)	x(6)	x(7)	x(8)	x(9)	x(10)	x(11)	x(12)	x(13)	x(14)	x(15)	x(16)	x(17)	x(18)	g(1)	
3.864044e-01	0.000000e+00	1.012914e-01	2.146516e-01	7.993570e-01	1.011449e+00	9.187944e+00	4.835442e-02	3.909066e-02	3.699337e-01	1.422293e-02	2.019155e-02	8.427896e+00	1.529988e-01	2.541317e-01	8.616804e-01	1.176078e-01	1.602462e-01	1.876651e+00	9.289165e-01	-6.102488e-08	
3.864048e-01	0.000000e+00	1.009372e-01	2.138382e-01	7.996142e-01	1.010661e+00	9.199229e+00	4.857361e-02	3.921120e-02	3.708668e-01	1.427575e-02	2.021211e-02	8.466482e+00	1.522231e-01	2.538336e-01	8.607785e-01	1.175829e-01	1.599527e-01	1.880152e+00	9.249649e-01	-1.166712e-06	
3.864050e-01	0.000000e+00	1.005923e-01	2.136778e-01	7.981312e-01	1.011462e+00	9.160945e+00	4.831704e-02	3.908599e-02	3.707397e-01	1.425053e-02	2.018966e-02	8.453529e+00	1.527092e-01	2.538642e-01	8.638195e-01	1.175342e-01	1.610411e-01	1.869666e+00	9.274038e-01	-2.146560e-06	
3.864055e-01	0.000000e+00	1.009468e-01	2.138383e-01	7.979294e-01	1.014110e+00	9.157630e+00	4.846486e-02	3.930542e-02	3.702558e-01	1.426283e-02	2.022108e-02	8.453168e+00	1.515072e-01	2.548091e-01	8.637876e-01	1.173788e-01	1.608744e-01	1.877473e+00	9.287609e-01	-4.011989e-07	
3.864058e-01	0.000000e+00	1.006409e-01	2.134903e-01	8.006802e-01	1.012604e+00	9.214390e+00	4.866487e-02	3.936237e-02	3.700975e-01	1.427106e-02	2.016180e-02	8.435027e+00	1.526190e-01	2.549139e-01	8.635765e-01	1.170924e-01	1.598968e-01	1.885113e+00	9.301797e-01	-2.576927e-07	
3.864062e-01	0.000000e+00	1.004852e-01	2.144267e-01	8.029890e-01	1.013452e+00	9.192680e+00	4.819722e-02	3.929254e-02	3.710441e-01	1.428668e-02	2.026630e-02	8.475799e+00	1.527673e-01	2.541839e-01	8.633576e-01	1.173985e-01	1.600249e-01	1.874316e+00	9.322356e-01	-7.519145e-07	
3.864064e-01	0.000000e+00	1.009465e-01	2.139207e-01	7.995520e-01	1.014116e+00	9.194377e+00	4.840377e-02	3.918537e-02	3.693693e-01	1.422689e-02	2.017297e-02	8.424565e+00	1.513665e-01	2.554881e-01	8.627716e-01	1.172783e-01	1.606194e-01	1.885960e+00	9.271841e-01	-5.044218e-07	
3.864065e-01	0.000000e+00	1.002829e-01	2.137887e-01	8.019901e-01	1.007255e+00	9.207762e+00	4.862854e-02	3.928233e-02	3.714443e-01	1.430228e-02	2.023515e-02	8.481749e+00	1.529300e-01	2.538306e-01	8.604746e-01	1.172359e-01	1.601651e-01	1.876048e+00	9.258880e-01	-1.485353e-06	
3.864068e-01	0.000000e+00	1.003942e-01	2.127509e-01	7.974575e-01	1.016508e+00	9.165893e+00	4.845143e-02	3.929832e-02	3.696023e-01	1.425109e-02	2.028538e-02	8.443895e+00	1.527497e-01	2.549877e-01	8.619551e-01	1.177553e-01	1.596924e-01	1.893718e+00	9.264481e-01	-2.239329e-06	
3.864068e-01	0.000000e+00	1.009232e-01	2.140252e-01	7.985074e-01	1.012024e+00	9.198852e+00	4.848579e-02	3.905933e-02	3.694701e-01	1.422246e-02	2.022848e-02	8.433036e+00	1.528015e-01	2.547410e-01	8.674833e-01	1.177803e-01	1.608573e-01	1.885035e+00	9.303547e-01	-1.873434e-07	
3.864069e-01	0.000000e+00	1.005085e-01	2.126805e-01	7.990870e-01	1.011285e+00	9.184766e+00	4.832304e-02	3.900732e-02	3.703813e-01	1.426168e-02	2.019798e-02	8.443699e+00	1.530994e-01	2.542347e-01	8.677278e-01	1.173954e-01	1.601287e-01	1.880954e+00	9.329897e-01	-1.412561e-06	
3.864069e-01	0.000000e+00	1.006716e-01	2.139683e-01	7.982526e-01	1.012014e+00	9.155919e+00	4.834702e-02	3.917172e-02	3.692331e-01	1.418165e-02	2.019874e-02	8.418492e+00	1.528347e-01	2.540822e-01	8.611925e-01	1.175236e-01	1.601477e-01	1.880745e+00	9.241082e-01	-1.043176e-06	
3.864071e-01	0.000000e+00	1.007231e-01	2.131071e-01	8.005124e-01	1.011286e+00	9.185839e+00	4.850479e-02	3.927937e-02	3.713077e-01	1.428313e-02	2.019302e-02	8.472353e+00	1.524784e-01	2.548235e-01	8.682055e-01	1.172991e-01	1.612247e-01	1.876734e+00	9.300727e-01	-1.601667e-07	
3.864071e-01	0.000000e+00	1.009561e-01	2.147162e-01	7.972874e-01	1.012507e+00	9.157093e+00	4.836714e-02	3.913546e-02	3.705566e-01	1.427230e-02	2.019293e-02	8.452768e+00	1.520403e-01	2.544972e-01	8.661543e-01	1.175747e-01	1.598652e-01	1.879636e+00	9.370444e-01	-9.678364e-07	
3.864072e-01	0.000000e+00	1.009834e-01	2.145308e-01	8.004287e-01	1.011250e+00	9.219485e+00	4.846837e-02	3.896755e-02	3.704959e-01	1.425809e-02	2.028117e-02	8.465218e+00	1.527116e-01	2.547382e-01	8.635340e-01	1.179808e-01	1.601542e-01	1.886550e+00	9.290879e-01	-1.113629e-07	
3.864072e-01	0.000000e+00	1.006983e-01	2.153471e-01	8.007264e-01	1.009648e+00	9.202983e+00	4.859795e-02	3.919246e-02	3.701164e-01	1.425610e-02	2.019246e-02	8.438220e+00	1.527491e-01	2.548244e-01	8.626004e-01	1.172331e-01	1.604537e-01	1.875653e+00	9.331215e-01	-1.505480e-06	
3.864074e-01	0.000000e+00	1.002116e-01	2.152458e-01	8.010712e-01	1.008404e+00	9.210916e+00	4.855416e-02	3.912626e-02	3.718357e-01	1.428679e-02	2.026457e-02	8.490076e+00	1.533202e-01	2.542460e-01	8.648615e-01	1.175793e-01	1.602834e-01	1.878220e+00	9.300737e-01	-6.914491e-07	
3.864076e-01	0.000000e+00	1.006856e-01	2.150267e-01	7.973361e-01	1.011014e+00	9.164092e+00	4.845498e-02	3.919635e-02	3.699996e-01	1.424887e-02	2.022025e-02	8.436057e+00	1.526871e-01	2.545115e-01	8.633885e-01	1.174059e-01	1.601532e-01	1.879358e+00	9.333287e-01	-6.428354e-07	
3.864076e-01	0.000000e+00	1.004021e-01	2.134347e-01	8.010452e-01	1.009843e+00	9.201537e+00	4.834793e-02	3.906238e-02	3.706244e-01	1.425430e-02	2.022987e-02	8.460527e+00	1.522427e-01	2.536566e-01	8.585104e-01	1.176157e-01	1.603090e-01	1.869854e+00	9.247378e-01	-5.698142e-07	
3.864076e-01	0.000000e+00	1.007116e-01	2.136597e-01	7.966939e-01	1.008124e+00	9.187571e+00	4.875373e-02	3.912721e-02	3.702876e-01	1.425866e-02	2.020095e-02	8.439124e+00	1.536512e-01	2.549796e-01	8.687053e-01	1.173557e-01	1.603280e-01	1.884743e+00	9.348710e-01	-7.849368e-07	
3.864076e-01	0.000000e+00	1.005526e-01	2.163235e-01	8.005367e-01	1.013283e+00	9.175941e+00	4.830380e-02	3.930741e-02	3.703985e-01	1.426304e-02	2.021988e-02	8.455451e+00	1.522373e-01	2.543067e-01	8.620075e-01	1.175006e-01	1.601957e-01	1.876491e+00	9.327429e-01	-2.265556e-06	
3.864076e-01	0.000000e+00	1.005880e-01	2.144992e-01	8.006179e-01	1.012664e+00	9.200970e+00	4.857829e-02	3.926205e-02	3.701965e-01	1.425668e-02	2.019059e-02	8.447826e+00	1.522474e-01	2.546785e-01	8.650190e-01	1.172350e-01	1.604254e-01	1.874387e+00	9.321164e-01	-2.553270e-06	
3.864077e-01	0.000000e+00	1.008475e-01	2.137785e-01	7.993290e-01	1.013018e+00	9.208638e+00	4.866902e-02	3.936899e-02	3.697743e-01	1.425668e-02	2.014565e-02	8.428349e+00	1.527391e-01	2.542372e-01	8.645390e-01	1.174836e-01	1.595821e-01	1.886675e+00	9.313541e-01	-1.318539e-06	
3.864077e-01	0.000000e+00	1.009332e-01	2.132790e-01	7.994279e-01	1.009637e+00	9.188353e+00	4.857905e-02	3.921631e-02	3.695409e-01	1.422567e-02	2.018950e-02	8.426513e+00	1.530783e-01	2.538924e-01	8.644277e-01	1.172714e-01	1.599769e-01	1.882431e+00	9.277867e-01	-3.080844e-06	
3.864078e-01	0.000000e+00	1.011735e-01	2.138299e-01	7.999076e-01	1.010187e+00	9.217327e+00	4.863514e-02	3.918644e-02	3.702333e-01	1.429483e-02	2.021147e-02	8.446390e+00	1.527646e-01	2.552563e-01	8.623748e-01	1.173543e-01	1.597753e-01	1.889206e+00	9.326681e-01	-2.648253e-06	
3.864078e-01	0.000000e+00	1.008635e-01	2.142820e-01	8.028152e-01	1.012044e+00	9.235082e+00	4.833413e-02	3.912894e-02	3.698614e-01	1.424821e-02	2.023351e-02	8.452646e+00	1.514460e-01	2.553433e-01	8.635091e-01	1.174703e-01	1.604636e-01	1.884790e+00	9.293430e-01	-4.128411e-07	
3.864079e-01	0.000000e+00	1.003421e-01	2.127370e-01	8.009513e-01	1.016594e+00	9.199859e+00	4.825576e-02	3.911953e-02	3.713424e-01	1.430176e-02	2.021659e-02	8.476088e+00	1.524481e-01	2.546064e-01	8.658685e-01	1.173422e-01	1.601635e-01	1.886218e+00	9.264024e-01	-1.046883e-06	
3.864082e-01	0.000000e+00	9.999494e-02	2.153172e-01	8.030990e-01	1.012092e+00	9.238073e+00	4.850710e-02	3.924680e-02	3.707847e-01	1.427147e-02	2.026076e-02	8.468809e+00	1.527873e-01	2.545015e-01	8.621498e-01	1.175135e-01	1.601905e-01	1.877240e+00	9.295980e-01	-2.241612e-06	
3.864082e-01	0.000000e+00	1.007626e-01	2.132274e-01	7.982937e-01	1.015397e+00	9.179450e+00	4.837568e-02	3.917223e-02	3.702813e-01	1.425312e-02	2.020645e-02	8.445925e+00	1.535141e-01	2.537621e-01	8.629974e-01	1.176374e-01	1.609965e-01	1.869675e+00	9.253141e-01	-2.416976e-07	
3.864083e-01	0.000000e+00	1.012614e-01	2.136926e-01	8.015636e-01	1.011111e+00	9.213229e+00	4.853930e-02	3.918215e-02	3.697565e-01	1.424895e-02	2.020130e-02	8.437841e+00	1.521062e-01	2.547953e-01	8.640588e-01	1.174417e-01	1.596819e-01	1.888409e+00	9.313202e-01	-7.676398e-07	
3.864084e-01	0.000000e+00	1.008430e-01	2.137825e-01	8.012763e-01	1.010508e+00	9.201330e+00	4.851549e-02	3.925954e-02	3.699989e-01	1.425527e-02	2.011221e-02	8.429513e+00	1.525033e-01	2.545321e-01	8.588776e-01	1.172999e-01	1.605428e-01	1.875748e+00	9.270987e-01	-3.437839e-06	
3.864084e-01	0.000000e+00	1.009586e-01	2.137133e-01	8.028164e-01	1.015809e+00	9.199622e+00	4.824777e-02	3.920422e-02	3.700104e-01	1.425430e-02	2.018036e-02	8.444086e+00	1.522008e-01	2.548787e-01	8.646483e-01	1.173520e-01	1.607422e-01	1.876545e+00	9.304259e-01	-2.380339e-06	
3.864085e-01	0.000000e+00	1.013557e-01	2.144897e-01	7.981259e-01	1.008467e+00	9.205832e+00	4.862871e-02	3.903918e-02	3.696096e-01	1.422418e-02	2.018029e-02	8.425940e+00	1.527321e-01	2.543431e-01	8.652099e-01	1.174859e-01	1.601269e-01	1.884462e+00	9.301352e-01	-1.055569e-06	
3.864085e-01	0.000000e+00	9.996297e-02	2.143424e-01	8.030352e-01	1.014195e+00	9.192148e+00	4.811918e-02	3.931338e-02	3.705420e-01	1.425637e-02	2.029560e-02	8.467701e+00	1.515650e-01	2.546005e-01	8.620229e-01	1.172982e-01	1.609909e-01	1.871816e+00	9.277319e-01	-6.817085e-07	
3.864086e-01	0.000000e+00	1.001606e-01	2.147580e-01	8.011760e-01	1.016874e+00	9.177457e+00	4.808693e-02	3.913317e-02	3.714388e-01	1.430457e-02	2.025422e-02	8.479679e+00	1.523450e-01	2.541524e-01	8.658688e-01	1.175770e-01	1.603522e-01	1.877246e+00	9.331763e-01	-2.266778e-06	
3.864086e-01	0.000000e+00	1.013078e-01	2.145770e-01	7.985481e-01	1.009180e+00	9.207824e+00	4.875231e-02	3.925690e-02	3.705312e-01	1.426652e-02	2.018317e-02	8.449861e+00	1.518913e-01	2.546090e-01	8.619526e-01	1.173828e-01	1.600417e-01	1.885576e+00	9.273743e-01	-1.614460e-06	
3.864087e-01	0.000000e+00	1.005941e-01	2.140491e-01	8.028568e-01	1.012364e+00	9.237568e+00	4.866747e-02	3.943965e-02	3.701608e-01	1.426915e-02	2.025291e-02	8.454533e+00	1.522248e-01	2.541531e-01	8.616470e-01	1.172610e-01	1.597345e-01	1.880219e+00	9.278394e-01	-4.903915e-07	
3.864087e-01	0.000000e+00	1.009508e-01	2.148887e-01	8.013105e-01	1.012719e+00	9.224540e+00	4.856449e-02	3.918115e-02	3.698379e-01	1.425603e-02	2.019435e-02	8.444300e+00	1.519848e-01	2.554255e-01	8.627750e-01	1.174749e-01	1.607046e-01	1.882882e+00	9.296562e-01	-1.259744e-06	
3.864088e-01	0.000000e+00	1.002814e-01	2.139628e-01	8.026869e-01	1.010247e+00	9.214637e+00	4.857081e-02	3.932805e-02	3.710727e-01	1.428317e-02	2.016303e-02	8.464961e+00	1.525091e-01	2.539157e-01	8.608379e-01	1.171255e-01	1.597109e-01	1.881164e+00	9.249771e-01	-2.257737e-06	
3.864091e-01	0.000000e+00	1.010813e-01	2.147859e-01	8.015443e-01	1.010954e+00	9.245459e+00	4.858279e-02	3.915397e-02	3.701078e-01	1.427794e-02	2.022517e-02	8.444604e+00	1.528494e-01	2.545011e-01	8.608881e-01	1.175520e-01	1.593790e-01	1.882202e+00	9.331503e-01	-9.806282e-07	
3.864092e-01	0.000000e+00	1.013448e-01	2.148669e-01	7.970801e-01	1.009874e+00	9.145547e+00	4.840341e-02	3.908796e-02	3.701134e-01	1.423673e-02	2.020087e-02	8.434833e+00	1.530073e-01	2.549976e-01	8.658196e-01	1.174143e-01	1.607580e-01	1.878336e+00	9.345031e-01	-5.840612e-07	
3.864092e-01	0.000000e+00	1.012697e-01	2.156702e-01	8.003819e-01	1.009439e+00	9.212045e+00	4.857355e-02	3.903478e-02	3.704506e-01	1.425941e-02	2.015246e-02	8.433873e+00	1.537699e-01	2.557912e-01	8.621224e-01	1.176321e-01	1.606736e-01	1.884924e+00	9.332391e-01	-1.456758e-06	
3.864093e-01	0.000000e+00	1.005620e-01	2.154069e-01	8.010006e-01	1.008376e+00	9.216172e+00	4.858445e-02	3.906972e-02	3.709305e-01	1.427745e-02	2.021429e-02	8.461960e+00	1.536352e-01	2.548460e-01	8.596358e-01	1.171617e-01	1.608572e-01	1.875210e+00	9.255560e-01	-1.731171e-06	
3.864093e-01	0.000000e+00	1.011426e-01	2.148583e-01	7.996291e-01	1.009175e+00	9.181934e+00	4.849367e-02	3.917893e-02	3.697599e-01	1.419342e-02	2.016632e-02	8.427142e+00	1.522527e-01	2.544251e-01	8.591369e-01	1.177981e-01	1.607296e-01	1.878789e+00	9.241611e-01	-1.465320e-06	
3.864094e-01	0.000000e+00	1.007047e-01	2.146651e-01	7.993243e-01	1.007283e+00	9.224199e+00	4.864989e-02	3.900979e-02	3.694415e-01	1.421017e-02	2.018051e-02	8.414192e+00	1.540162e-01	2.549518e-01	8.604717e-01	1.177056e-01	1.602658e-01	1.886324e+00	9.278411e-01	-1.951920e-07	
3.864095e-01	0.000000e+00	1.006173e-01	2.156543e-01	8.048457e-01	1.012253e+00	9.250105e+00	4.859956e-02	3.938400e-02	3.699217e-01	1.426416e-02	2.020217e-02	8.441076e+00	1.522215e-01	2.550580e-01	8.579599e-01	1.173225e-01	1.602858e-01	1.880576e+00	9.284370e-01	-2.559945e-06	
3.864095e-01	0.000000e+00	1.002138e-01	2.147099e-01	8.041642e-01	1.008849e+00	9.245265e+00	4.839907e-02	3.907338e-02	3.705369e-01	1.426161e-02	2.025658e-02	8.466268e+00	1.520697e-01	2.545416e-01	8.619248e-01	1.172388e-01	1.597076e-01	1.883132e+00	9.283257e-01	-1.636028e-06	
3.864096e-01	0.000000e+00	1.001504e-01	2.133295e-01	7.973488e-01	1.010109e+00	9.156275e+00	4.847530e-02	3.908098e-02	3.699991e-01	1.424911e-02	2.013518e-02	8.438834e+00	1.520015e-01	2.550479e-01	8.639963e-01	1.171678e-01	1.614589e-01	1.874542e+00	9.281547e-01	-1.562130e-06	
3.864098e-01	0.000000e+00	1.012203e-01	2.157667e-01	8.012962e-01	1.011561e+00	9.219656e+00	4.871792e-02	3.933628e-02	3.689830e-01	1.419961e-02	2.017646e-02	8.403162e+00	1.531638e-01	2.543612e-01	8.604903e-01	1.174276e-01	1.599488e-01	1.880417e+00	9.293451e-01	-3.165913e-06	
3.864099e-01	0.000000e+00	1.007182e-01	2.141797e-01	8.004714e-01	1.009545e+00	9.193568e+00	4.864197e-02	3.944806e-02	3.695356e-01	1.422805e-02	2.021074e-02	8.438053e+00	1.521517e-01	2.539591e-01	8.626273e-01	1.170567e-01	1.594295e-01	1.882137e+00	9.279490e-01	-1.099475e-06	
3.864099e-01	0.000000e+00	1.011452e-01	2.151107e-01	8.022724e-01	1.009661e+00	9.206024e+00	4.865590e-02	3.934771e-02	3.697951e-01	1.422477e-02	2.023946e-02	8.438414e+00	1.526674e-01	2.542676e-01	8.617403e-01	1.172420e-01	1.604383e-01	1.876432e+00	9.274397e-01	-1.196824e-06	
3.864100e-01	0.000000e+00	1.001654e-01	2.148771e-01	8.008863e-01	1.013956e+00	9.194152e+00	4.826134e-02	3.915187e-02	3.699699e-01	1.427196e-02	2.016799e-02	8.443749e+00	1.525424e-01	2.551500e-01	8.639920e-01	1.171454e-01	1.600010e-01	1.883371e+00	9.335750e-01	-1.347946e-06	
3.864100e-01	0.000000e+00	1.011390e-01	2.141529e-01	7.970818e-01	1.009479e+00	9.176992e+00	4.870621e-02	3.919267e-02	3.696393e-01	1.423937e-02	2.021859e-02	8.431903e+00	1.529079e-01	2.541395e-01	8.624063e-01	1.174539e-01	1.597712e-01	1.881872e+00	9.298228e-01	-1.297865e-06	
3.864100e-01	0.000000e+00	1.003212e-01	2.152360e-01	7.996690e-01	1.007775e+00	9.189197e+00	4.873013e-02	3.933849e-02	3.708281e-01	1.427063e-02	2.020759e-02	8.458563e+00	1.531146e-01	2.548964e-01	8.603737e-01	1.173333e-01	1.605153e-01	1.877702e+00	9.293399e-01	-4.261728e-06	
3.864101e-01	0.000000e+00	1.017670e-01	2.142711e-01	7.984241e-01	1.012437e+00	9.194509e+00	4.865244e-02	3.921064e-02	3.684545e-01	1.416912e-02	2.012605e-02	8.382515e+00	1.527840e-01	2.547762e-01	8.613689e-01	1.172480e-01	1.599219e-01	1.887881e+00	9.248526e-01	-3.900863e-08	
3.864102e-01	0.000000e+00	1.006426e-01	2.141618e-01	7.977561e-01	1.013037e+00	9.141609e+00	4.845278e-02	3.934217e-02	3.704963e-01	1.427470e-02	2.019442e-02	8.452202e+00	1.527484e-01	2.535899e-01	8.623956e-01	1.169339e-01	1.598977e-01	1.874890e+00	9.275582e-01	-3.647120e-07	
3.864102e-01	0.000000e+00	1.004487e-01	2.131649e-01	8.001261e-01	1.015823e+00	9.185072e+00	4.824359e-02	3.924316e-02	3.704399e-01	1.429283e-02	2.026392e-02	8.466308e+00	1.523905e-01	2.539006e-01	8.621778e-01	1.175477e-01	1.594317e-01	1.884477e+00	9.285330e-01	-7.936054e-08	
3.864103e-01	0.000000e+00	1.005028e-01	2.130231e-01	7.997576e-01	1.013901e+00	9.197914e+00	4.865640e-02	3.942345e-02	3.699721e-01	1.425205e-02	2.014569e-02	8.426546e+00	1.529347e-01	2.557991e-01	8.675177e-01	1.173106e-01	1.602204e-01	1.888114e+00	9.348244e-01	-6.934912e-07	
3.864067e-01	1.334529e-12	1.017637e-01	2.127255e-01	7.982871e-01	1.006311e+00	9.201979e+00	4.875591e-02	3.902058e-02	3.715366e-01	1.430105e-02	2.016292e-02	8.470098e+00	1.525899e-01	2.547400e-01	8.617532e-01	1.176706e-01	1.606776e-01	1.884391e+00	9.250906e-01	1.155218e-06	
3.864103e-01	0.000000e+00	1.006457e-01	2.149265e-01	7.992875e-01	1.010940e+00	9.191976e+00	4.855419e-02	3.915984e-02	3.705097e-01	1.424580e-02	2.017674e-02	8.446779e+00	1.538973e-01	2.549561e-01	8.654896e-01	1.172723e-01	1.598143e-01	1.888913e+00	9.293632e-01	-7.903992e-07	
3.864105e-01	0.000000e+00	1.009045e-01	2.156210e-01	8.005942e-01	1.009699e+00	9.213092e+00	4.854825e-02	3.905865e-02	3.700683e-01	1.424542e-02	2.021733e-02	8.443482e+00	1.526341e-01	2.553290e-01	8.668070e-01	1.175773e-01	1.602807e-01	1.884873e+00	9.366897e-01	-2.044807e-06	
3.864105e-01	0.000000e+00	1.009379e-01	2.140781e-01	8.015705e-01	1.013710e+00	9.194538e+00	4.838261e-02	3.927234e-02	3.691667e-01	1.422124e-02	2.019281e-02	8.428352e+00	1.521483e-01	2.544528e-01	8.633394e-01	1.175250e-01	1.600887e-01	1.881085e+00	9.303719e-01	-3.471860e-06	
3.864105e-01	0.000000e+00	1.004688e-01	2.154545e-01	8.022281e-01	1.009286e+00	9.211091e+00	4.862894e-02	3.925687e-02	3.708503e-01	1.426434e-02	2.036810e-02	8.487728e+00	1.521338e-01	2.543770e-01	8.615385e-01	1.174094e-01	1.604261e-01	1.872178e+00	9.281097e-01	-4.600762e-07	
3.864105e-01	0.000000e+00	1.003058e-01	2.138181e-01	8.000687e-01	1.013303e+00	9.184310e+00	4.853315e-02	3.938002e-02	3.706369e-01	1.426576e-02	2.013701e-02	8.458492e+00	1.515372e-01	2.551222e-01	8.645014e-01	1.173033e-01	1.603128e-01	1.888910e+00	9.267857e-01	-2.272369e-06	
3.864105e-01	0.000000e+00	1.006285e-01	2.120503e-01	8.026703e-01	1.011187e+00	9.216858e+00	4.840427e-02	3.911025e-02	3.708064e-01	1.429147e-02	2.024517e-02	8.463492e+00	1.533469e-01	2.547304e-01	8.634079e-01	1.174642e-01	1.598280e-01	1.889828e+00	9.279698e-01	-1.712306e-06	
3.864106e-01	0.000000e+00	1.009127e-01	2.149609e-01	7.994493e-01	1.011537e+00	9.219082e+00	4.849256e-02	3.908702e-02	3.704592e-01	1.427200e-02	2.018216e-02	8.445497e+00	1.529411e-01	2.545661e-01	8.622209e-01	1.173835e-01	1.599432e-01	1.885537e+00	9.285411e-01	-1.173243e-06	
3.864106e-01	0.000000e+00	1.006784e-01	2.146596e-01	7.996129e-01	1.010351e+00	9.202860e+00	4.860952e-02	3.924383e-02	3.696901e-01	1.422749e-02	2.022315e-02	8.437550e+00	1.526673e-01	2.545729e-01	8.625899e-01	1.174289e-01	1.598400e-01	1.885198e+00	9.283465e-01	-3.771458e-06	
3.864107e-01	0.000000e+00	1.008123e-01	2.140513e-01	7.974811e-01	1.008500e+00	9.191493e+00	4.885983e-02	3.927087e-02	3.709599e-01	1.428247e-02	2.020988e-02	8.468697e+00	1.530112e-01	2.550931e-01	8.654945e-01	1.172129e-01	1.604116e-01	1.879724e+00	9.304379e-01	-1.880335e-06	
3.864108e-01	0.000000e+00	1.007350e-01	2.155339e-01	8.007247e-01	1.013467e+00	9.220938e+00	4.847488e-02	3.924929e-02	3.690658e-01	1.422487e-02	2.016737e-02	8.418522e+00	1.520271e-01	2.548602e-01	8.584942e-01	1.175364e-01	1.601746e-01	1.877380e+00	9.297384e-01	-2.819434e-07	
3.864108e-01	0.000000e+00	1.013706e-01	2.148125e-01	7.970897e-01	1.007559e+00	9.169978e+00	4.840234e-02	3.881936e-02	3.710215e-01	1.426337e-02	2.017115e-02	8.458282e+00	1.524840e-01	2.552192e-01	8.612262e-01	1.177510e-01	1.614980e-01	1.878142e+00	9.271898e-01	-2.910671e-06	
3.864108e-01	0.000000e+00	1.007557e-01	2.148231e-01	7.993650e-01	1.014218e+00	9.198125e+00	4.843935e-02	3.906943e-02	3.701925e-01	1.426375e-02	2.018050e-02	8.443583e+00	1.525582e-01	2.555518e-01	8.657777e-01	1.174383e-01	1.600408e-01	1.892229e+00	9.321995e-01	-2.200972e-06	
3.864109e-01	0.000000e+00	1.002652e-01	2.136587e-01	7.995723e-01	1.012990e+00	9.183044e+00	4.835340e-02	3.914919e-02	3.704614e-01	1.429083e-02	2.020160e-02	8.459402e+00	1.523652e-01	2.539868e-01	8.645932e-01	1.171615e-01	1.595416e-01	1.885403e+00	9.298065e-01	-2.918474e-06	
3.864109e-01	0.000000e+00	1.005717e-01	2.130788e-01	8.009680e-01	1.008390e+00	9.236974e+00	4.870194e-02	3.920337e-02	3.707003e-01	1.431549e-02	2.023116e-02	8.461162e+00	1.525882e-01	2.546809e-01	8.660038e-01	1.173879e-01	1.599859e-01	1.885862e+00	9.352407e-01	-1.216065e-06	
3.864110e-01	0.000000e+00	1.007919e-01	2.137597e-01	7.996334e-01	1.010647e+00	9.217337e+00	4.868681e-02	3.908818e-02	3.692054e-01	1.422391e-02	2.017456e-02	8.413405e+00	1.530712e-01	2.544864e-01	8.641013e-01	1.175952e-01	1.604520e-01	1.881700e+00	9.304928e-01	-3.644551e-06	
3.864111e-01	0.000000e+00	1.007347e-01	2.143871e-01	7.998547e-01	1.009817e+00	9.223496e+00	4.870114e-02	3.916500e-02	3.694439e-01	1.422776e-02	2.021642e-02	8.428228e+00	1.537652e-01	2.549708e-01	8.624278e-01	1.173590e-01	1.598357e-01	1.887098e+00	9.282100e-01	-2.378888e-06	
3.864111e-01	0.000000e+00	1.007482e-01	2.140768e-01	7.985707e-01	1.009988e+00	9.211272e+00	4.883340e-02	3.921310e-02	3.706295e-01	1.428444e-02	2.027751e-02	8.470892e+00	1.525128e-01	2.547285e-01	8.651416e-01	1.175214e-01	1.600496e-01	1.885525e+00	9.301229e-01	-3.291941e-06	
3.864111e-01	0.000000e+00	1.003671e-01	2.138488e-01	8.017855e-01	1.011858e+00	9.214435e+00	4.838549e-02	3.916698e-02	3.708746e-01	1.430153e-02	2.016434e-02	8.468430e+00	1.512557e-01	2.540147e-01	8.613193e-01	1.173911e-01	1.606617e-01	1.873192e+00	9.278759e-01	-3.322855e-06	
3.864111e-01	0.000000e+00	1.016157e-01	2.130535e-01	7.984504e-01	1.013696e+00	9.175797e+00	4.838690e-02	3.910689e-02	3.699914e-01	1.425288e-02	2.013796e-02	8.427749e+00	1.524259e-01	2.538782e-01	8.615406e-01	1.175867e-01	1.601743e-01	1.881351e+00	9.262777e-01	-3.235602e-06	
3.864112e-01	0.000000e+00	1.006095e-01	2.152692e-01	7.982406e-01	1.013002e+00	9.185300e+00	4.853247e-02	3.917485e-02	3.695367e-01	1.423262e-02	2.019133e-02	8.422277e+00	1.527254e-01	2.557813e-01	8.631772e-01	1.174773e-01	1.608353e-01	1.885895e+00	9.313925e-01	-2.913632e-06	
3.864112e-01	0.000000e+00	1.005172e-01	2.134340e-01	8.022054e-01	1.011529e+00	9.215310e+00	4.840740e-02	3.903117e-02	3.703420e-01	1.427214e-02	2.019768e-02	8.459805e+00	1.515320e-01	2.543995e-01	8.630219e-01	1.174701e-01	1.597818e-01	1.888118e+00	9.274785e-01	-2.172831e-07	
3.864112e-01	0.000000e+00	1.007716e-01	2.134461e-01	7.973197e-01	1.010722e+00	9.176058e+00	4.862421e-02	3.924658e-02	3.708815e-01	1.429889e-02	2.027415e-02	8.472587e+00	1.526934e-01	2.551629e-01	8.629904e-01	1.175784e-01	1.601552e-01	1.888189e+00	9.297566e-01	-3.568329e-06	
3.864112e-01	0.000000e+00	1.004578e-01	2.158929e-01	8.024783e-01	1.007327e+00	9.258861e+00	4.875383e-02	3.905667e-02	3.701507e-01	1.424896e-02	2.023108e-02	8.446968e+00	1.533970e-01	2.551851e-01	8.646432e-01	1.173277e-01	1.596988e-01	1.889476e+00	9.324398e-01	-2.673044e-06	
3.864113e-01	0.000000e+00	1.012043e-01	2.134390e-01	8.004366e-01	1.010453e+00	9.217231e+00	4.866545e-02	3.920908e-02	3.697483e-01	1.425145e-02	2.024183e-02	8.439941e+00	1.522346e-01	2.545996e-01	8.620375e-01	1.175365e-01	1.601935e-01	1.879986e+00	9.297865e-01	-3.010121e-06	
3.864113e-01	0.000000e+00	1.004832e-01	2.153132e-01	8.041632e-01	1.014165e+00	9.229441e+00	4.832113e-02	3.924361e-02	3.702925e-01	1.426970e-02	2.026788e-02	8.453846e+00	1.528213e-01	2.548912e-01	8.613829e-01	1.177697e-01	1.605553e-01	1.882101e+00	9.312686e-01	-8.456799e-07	
3.864114e-01	0.000000e+00	1.001984e-01	2.137201e-01	8.007141e-01	1.011967e+00	9.219023e+00	4.863308e-02	3.937087e-02	3.709449e-01	1.430355e-02	2.030673e-02	8.478852e+00	1.522103e-01	2.555623e-01	8.680388e-01	1.171343e-01	1.598634e-01	1.887036e+00	9.354586e-01	-6.030432e-07	
3.864114e-01	0.000000e+00	1.008565e-01	2.134191e-01	7.964017e-01	1.007239e+00	9.189902e+00	4.887464e-02	3.918209e-02	3.712973e-01	1.429536e-02	2.023193e-02	8.472146e+00	1.533051e-01	2.555336e-01	8.700558e-01	1.169829e-01	1.599461e-01	1.895459e+00	9.312579e-01	-1.044699e-06	
3.864114e-01	0.000000e+00	1.004598e-01	2.130958e-01	8.044493e-01	1.012273e+00	9.238235e+00	4.827470e-02	3.900888e-02	3.704591e-01	1.428331e-02	2.021351e-02	8.456248e+00	1.525588e-01	2.551878e-01	8.628758e-01	1.175889e-01	1.597064e-01	1.892191e+00	9.307577e-01	-2.336982e-06	
3.864114e-01	0.000000e+00	1.008896e-01	2.144783e-01	8.040103e-01	1.011534e+00	9.260005e+00	4.846598e-02	3.919876e-02	3.688104e-01	1.420603e-02	2.009744e-02	8.398314e+00	1.525881e-01	2.551580e-01	8.634147e-01	1.172946e-01	1.600012e-01	1.889790e+00	9.303851e-01	-1.088615e-06	
3.864115e-01	0.000000e+00	1.003342e-01	2.144670e-01	7.989005e-01	1.015071e+00	9.186389e+00	4.842648e-02	3.916171e-02	3.695525e-01	1.424128e-02	2.018453e-02	8.437218e+00	1.524499e-01	2.540823e-01	8.654522e-01	1.174085e-01	1.596581e-01	1.885083e+00	9.298559e-01	-2.518548e-06	
3.864116e-01	0.000000e+00	1.008176e-01	2.159247e-01	8.049682e-01	1.008282e+00	9.250203e+00	4.843864e-02	3.906984e-02	3.702765e-01	1.424405e-02	2.018270e-02	8.453632e+00	1.515119e-01	2.546429e-01	8.612811e-01	1.177646e-01	1.603635e-01	1.877546e+00	9.320697e-01	-1.737925e-06	
3.864116e-01	0.000000e+00	1.005712e-01	2.143956e-01	8.000558e-01	1.011707e+00	9.232670e+00	4.860425e-02	3.923550e-02	3.704988e-01	1.424871e-02	2.023060e-02	8.446224e+00	1.540291e-01	2.546816e-01	8.677589e-01	1.174101e-01	1.605750e-01	1.880228e+00	9.309049e-01	-4.555644e-07	
3.864116e-01	0.000000e+00	1.007473e-01	2.142620e-01	8.029321e-01	1.012535e+00	9.202929e+00	4.822347e-02	3.912794e-02	3.705749e-01	1.429708e-02	2.021856e-02	8.458934e+00	1.530345e-01	2.548994e-01	8.601166e-01	1.174499e-01	1.601712e-01	1.886573e+00	9.291643e-01	-1.126538e-06	
3.864116e-01	0.000000e+00	1.016016e-01	2.154352e-01	8.007967e-01	1.006239e+00	9.218571e+00	4.870465e-02	3.910372e-02	3.705232e-01	1.425875e-02	2.010655e-02	8.445486e+00	1.524505e-01	2.549494e-01	8.573444e-01	1.170829e-01	1.601822e-01	1.875045e+00	9.263926e-01	-1.324483e-06	
3.864117e-01	0.000000e+00	1.007388e-01	2.144412e-01	7.981574e-01	1.008348e+00	9.217680e+00	4.884780e-02	3.913138e-02	3.712600e-01	1.432130e-02	2.026486e-02	8.482838e+00	1.523658e-01	2.547828e-01	8.658797e-01	1.174964e-01	1.609031e-01	1.878214e+00	9.326219e-01	-1.273482e-06	
3.864117e-01	0.000000e+00	1.012087e-01	2.147762e-01	8.000548e-01	1.014357e+00	9.171797e+00	4.836286e-02	3.921215e-02	3.691573e-01	1.421956e-02	2.017965e-02	8.425942e+00	1.513537e-01	2.537666e-01	8.618436e-01	1.173890e-01	1.598903e-01	1.873321e+00	9.303209e-01	-7.251581e-07	
3.864118e-01	0.000000e+00	1.007770e-01	2.135646e-01	8.013860e-01	1.009804e+00	9.215573e+00	4.859337e-02	3.919281e-02	3.707304e-01	1.431572e-02	2.025072e-02	8.471498e+00	1.521133e-01	2.545663e-01	8.618918e-01	1.173337e-01	1.604692e-01	1.878406e+00	9.304875e-01	-4.300601e-06	
3.864118e-01	0.000000e+00	1.002906e-01	2.148337e-01	8.019640e-01	1.012224e+00	9.206032e+00	4.835796e-02	3.910307e-02	3.700232e-01	1.423036e-02	2.022799e-02	8.454467e+00	1.517600e-01	2.546561e-01	8.658154e-01	1.176549e-01	1.610318e-01	1.876867e+00	9.302069e-01	-8.713607e-07	
3.864118e-01	0.000000e+00	1.004599e-01	2.150589e-01	7.982216e-01	1.008024e+00	9.198546e+00	4.872948e-02	3.917347e-02	3.711697e-01	1.431484e-02	2.021824e-02	8.465805e+00	1.536173e-01	2.543855e-01	8.597164e-01	1.175839e-01	1.598490e-01	1.881251e+00	9.317321e-01	-4.976553e-06	
3.864119e-01	0.000000e+00	1.004201e-01	2.148697e-01	8.030117e-01	1.010953e+00	9.220990e+00	4.834589e-02	3.912262e-02	3.683002e-01	1.418272e-02	2.022781e-02	8.406071e+00	1.523963e-01	2.548843e-01	8.597722e-01	1.174339e-01	1.607908e-01	1.875203e+00	9.289572e-01	-3.200440e-06	
3.864119e-01	0.000000e+00	1.002127e-01	2.140258e-01	8.017702e-01	1.010167e+00	9.203206e+00	4.834726e-02	3.914655e-02	3.706311e-01	1.426969e-02	2.027979e-02	8.467102e+00	1.526907e-01	2.540376e-01	8.618769e-01	1.173793e-01	1.603861e-01	1.872800e+00	9.289299e-01	-1.996511e-06	
3.864120e-01	0.000000e+00	1.005201e-01	2.140229e-01	8.049528e-01	1.011382e+00	9.235711e+00	4.824221e-02	3.905102e-02	3.710296e-01	1.429206e-02	2.019679e-02	8.462591e+00	1.526319e-01	2.539895e-01	8.609424e-01	1.176575e-01	1.602427e-01	1.878249e+00	9.295604e-01	-5.348207e-06	
3.864121e-01	0.000000e+00	1.003885e-01	2.153446e-01	7.989936e-01	1.011167e+00	9.177375e+00	4.841376e-02	3.920018e-02	3.703105e-01	1.423434e-02	2.022979e-02	8.449162e+00	1.529041e-01	2.541077e-01	8.598821e-01	1.175707e-01	1.608758e-01	1.870617e+00	9.260749e-01	-2.957788e-06	
3.864122e-01	0.000000e+00	1.005131e-01	2.147174e-01	8.058328e-01	1.014531e+00	9.252948e+00	4.834306e-02	3.930755e-02	3.702113e-01	1.425099e-02	2.022117e-02	8.450638e+00	1.517036e-01	2.549255e-01	8.615938e-01	1.171454e-01	1.597543e-01	1.881053e+00	9.287435e-01	-2.512270e-06	
3.864124e-01	0.000000e+00	9.984517e-02	2.143313e-01	8.014911e-01	1.009447e+00	9.194360e+00	4.863697e-02	3.951319e-02	3.708970e-01	1.426945e-02	2.025787e-02	8.468620e+00	1.526413e-01	2.540866e-01	8.604118e-01	1.170257e-01	1.600933e-01	1.873009e+00	9.267413e-01	-5.246111e-07	
3.864124e-01	0.000000e+00	1.007000e-01	2.156124e-01	8.019139e-01	1.007918e+00	9.227809e+00	4.860879e-02	3.920058e-02	3.683428e-01	1.416696e-02	2.018103e-02	8.400430e+00	1.517960e-01	2.541714e-01	8.563745e-01	1.175284e-01	1.601289e-01	1.876092e+00	9.257027e-01	-2.934159e-06	
3.864125e-01	0.000000e+00	1.007785e-01	2.149635e-01	7.993818e-01	1.008649e+00	9.217164e+00	4.868403e-02	3.910616e-02	3.706187e-01	1.422909e-02	2.021939e-02	8.447815e+00	1.533601e-01	2.542897e-01	8.650923e-01	1.173783e-01	1.603515e-01	1.881473e+00	9.264411e-01	-3.351996e-06	
3.864125e-01	0.000000e+00	1.008410e-01	2.131788e-01	8.019119e-01	1.011986e+00	9.234562e+00	4.848429e-02	3.911158e-02	3.710596e-01	1.430482e-02	2.024119e-02	8.475441e+00	1.525048e-01	2.547260e-01	8.633527e-01	1.177908e-01	1.604738e-01	1.882312e+00	9.295275e-01	-2.748283e-06	
3.864125e-01	0.000000e+00	1.010498e-01	2.143173e-01	8.009228e-01	1.009528e+00	9.206424e+00	4.857415e-02	3.914536e-02	3.705551e-01	1.425922e-02	2.022550e-02	8.461281e+00	1.519396e-01	2.537653e-01	8.647041e-01	1.176250e-01	1.600067e-01	1.877448e+00	9.311729e-01	-4.401283e-06	
3.864125e-01	0.000000e+00	1.002970e-01	2.146168e-01	8.037663e-01	1.016223e+00	9.200448e+00	4.830455e-02	3.940588e-02	3.710386e-01	1.430863e-02	2.015735e-02	8.473572e+00	1.519969e-01	2.544935e-01	8.618228e-01	1.171540e-01	1.596571e-01	1.879769e+00	9.302654e-01	-1.005980e-06	
3.864126e-01	0.000000e+00	1.001768e-01	2.137260e-01	8.014259e-01	1.017069e+00	9.153895e+00	4.798344e-02	3.928305e-02	3.691561e-01	1.423439e-02	2.027237e-02	8.437858e+00	1.519885e-01	2.540768e-01	8.623744e-01	1.172445e-01	1.607818e-01	1.868088e+00	9.302162e-01	-1.803319e-06	
3.864126e-01	0.000000e+00	9.997297e-02	2.145833e-01	8.001467e-01	1.011821e+00	9.170644e+00	4.832933e-02	3.928658e-02	3.714941e-01	1.432010e-02	2.023535e-02	8.492880e+00	1.519352e-01	2.547423e-01	8.620702e-01	1.170651e-01	1.597787e-01	1.879791e+00	9.307849e-01	-2.250611e-06	
3.864126e-01	0.000000e+00	1.000935e-01	2.132431e-01	8.018498e-01	1.018762e+00	9.198177e+00	4.795045e-02	3.911296e-02	3.696221e-01	1.424549e-02	2.022653e-02	8.430905e+00	1.530133e-01	2.543395e-01	8.633250e-01	1.173206e-01	1.595604e-01	1.884909e+00	9.290179e-01	-2.835039e-06	
3.864064e-01	6.571453e-14	1.009412e-01	2.151287e-01	8.020706e-01	1.010813e+00	9.230286e+00	4.863523e-02	3.927611e-02	3.697311e-01	1.421461e-02	2.018730e-02	8.430453e+00	1.530699e-01	2.544193e-01	8.614912e-01	1.174163e-01	1.596224e-01	1.884209e+00	9.268367e-01	2.563484e-07	
3.864127e-01	0.000000e+00	1.007550e-01	2.142272e-01	8.019836e-01	1.007310e+00	9.224780e+00	4.872107e-02	3.927918e-02	3.694025e-01	1.423518e-02	2.019227e-02	8.426258e+00	1.528844e-01	2.546846e-01	8.604624e-01	1.174106e-01	1.594064e-01	1.885976e+00	9.315784e-01	-3.150548e-06	
3.864127e-01	0.000000e+00	1.003122e-01	2.131853e-01	7.989660e-01	1.011882e+00	9.160975e+00	4.812172e-02	3.902329e-02	3.708947e-01	1.428007e-02	2.019574e-02	8.457413e+00	1.530000e-01	2.547102e-01	8.679114e-01	1.174547e-01	1.610609e-01	1.879282e+00	9.334281e-01	-2.359187e-06	
3.864127e-01	0.000000e+00	1.017346e-01	2.143453e-01	7.974522e-01	1.010976e+00	9.160638e+00	4.843121e-02	3.907058e-02	3.690137e-01	1.418569e-02	2.017433e-02	8.412458e+00	1.530405e-01	2.545851e-01	8.621857e-01	1.173462e-01	1.606963e-01	1.872611e+00	9.274537e-01	-3.043632e-06	
3.864128e-01	0.000000e+00	1.010660e-01	2.125671e-01	7.996392e-01	1.011708e+00	9.200088e+00	4.860585e-02	3.920356e-02	3.697415e-01	1.424690e-02	2.014837e-02	8.432550e+00	1.525216e-01	2.556431e-01	8.619213e-01	1.173237e-01	1.607399e-01	1.885031e+00	9.258127e-01	-3.918145e-06	
3.864057e-01	1.192246e-13	1.004588e-01	2.134466e-01	8.001460e-01	1.011022e+00	9.176706e+00	4.852631e-02	3.927004e-02	3.696480e-01	1.424797e-02	2.023047e-02	8.440034e+00	1.520425e-01	2.539000e-01	8.611099e-01	1.174729e-01	1.600460e-01	1.879969e+00	9.280963e-01	3.452892e-07	
3.864130e-01	0.000000e+00	1.009453e-01	2.133710e-01	8.010580e-01	1.009430e+00	9.219981e+00	4.842545e-02	3.910003e-02	3.701427e-01	1.427446e-02	2.024274e-02	8.451193e+00	1.525313e-01	2.538405e-01	8.609783e-01	1.173293e-01	1.592561e-01	1.884390e+00	9.284970e-01	-1.729073e-06	
3.864130e-01	0.000000e+00	1.010939e-01	2.124622e-01	7.998447e-01	1.017270e+00	9.155623e+00	4.826549e-02	3.944430e-02	3.698107e-01	1.428250e-02	2.011519e-02	8.436554e+00	1.514059e-01	2.547563e-01	8.620791e-01	1.171119e-01	1.597180e-01	1.886582e+00	9.291875e-01	-3.685791e-06	
3.864131e-01	0.000000e+00	1.000635e-01	2.149103e-01	8.011018e-01	1.011000e+00	9.251807e+00	4.847128e-02	3.895099e-02	3.713807e-01	1.430783e-02	2.027644e-02	8.476596e+00	1.537554e-01	2.540961e-01	8.627327e-01	1.177406e-01	1.594909e-01	1.884532e+00	9.308236e-01	-1.673898e-06	
3.864131e-01	0.000000e+00	1.015025e-01	2.139669e-01	7.986062e-01	1.010821e+00	9.169764e+00	4.818924e-02	3.881441e-02	3.711547e-01	1.429470e-02	2.017550e-02	8.462970e+00	1.530252e-01	2.539713e-01	8.600688e-01	1.177696e-01	1.609326e-01	1.871489e+00	9.278032e-01	-2.374020e-06	
3.864133e-01	0.000000e+00	1.007777e-01	2.142770e-01	8.005371e-01	1.011393e+00	9.193734e+00	4.846983e-02	3.926708e-02	3.696872e-01	1.424055e-02	2.023457e-02	8.438591e+00	1.529700e-01	2.543974e-01	8.624044e-01	1.174504e-01	1.599658e-01	1.881491e+00	9.302414e-01	-7.097345e-06	
3.864133e-01	0.000000e+00	1.006068e-01	2.133498e-01	8.009422e-01	1.012409e+00	9.209494e+00	4.836332e-02	3.914440e-02	3.689367e-01	1.423405e-02	2.020124e-02	8.422022e+00	1.514005e-01	2.539227e-01	8.600367e-01	1.173143e-01	1.595654e-01	1.881925e+00	9.277166e-01	-3.949439e-06	
3.864134e-01	0.000000e+00	1.012647e-01	2.154888e-01	8.012088e-01	1.010058e+00	9.209309e+00	4.840249e-02	3.913146e-02	3.693909e-01	1.420500e-02	2.020763e-02	8.426635e+00	1.528281e-01	2.550460e-01	8.601105e-01	1.174908e-01	1.605472e-01	1.875866e+00	9.292105e-01	-3.520830e-06	
3.864135e-01	0.000000e+00	1.013485e-01	2.135986e-01	7.974356e-01	1.014290e+00	9.154497e+00	4.847618e-02	3.921629e-02	3.700700e-01	1.424865e-02	2.015712e-02	8.438601e+00	1.523417e-01	2.542309e-01	8.674033e-01	1.176034e-01	1.605514e-01	1.882847e+00	9.305391e-01	-1.605317e-06	
3.864135e-01	0.000000e+00	1.007170e-01	2.120397e-01	8.023283e-01	1.015594e+00	9.217341e+00	4.820328e-02	3.896064e-02	3.707889e-01	1.430437e-02	2.028196e-02	8.474230e+00	1.522960e-01	2.553930e-01	8.653253e-01	1.177537e-01	1.605850e-01	1.883104e+00	9.319860e-01	-1.608715e-06	
3.864012e-01	4.704378e-13	1.004932e-01	2.143216e-01	8.002352e-01	1.010965e+00	9.216259e+00	4.873783e-02	3.930319e-02	3.713303e-01	1.430562e-02	2.021617e-02	8.469517e+00	1.531139e-01	2.554231e-01	8.638793e-01	1.173141e-01	1.600380e-01	1.890665e+00	9.296239e-01	6.858847e-07	
3.864135e-01	0.000000e+00	1.004767e-01	2.155076e-01	8.074110e-01	1.011182e+00	9.306598e+00	4.863313e-02	3.911436e-02	3.697168e-01	1.422643e-02	2.026924e-02	8.443652e+00	1.522899e-01	2.550008e-01	8.609488e-01	1.177387e-01	1.599798e-01	1.885337e+00	9.283845e-01	-1.568467e-06	
3.864135e-01	0.000000e+00	1.007393e-01	2.147981e-01	8.035051e-01	1.010923e+00	9.204110e+00	4.844899e-02	3.943174e-02	3.699081e-01	1.422091e-02	2.019203e-02	8.442706e+00	1.519276e-01	2.538577e-01	8.586497e-01	1.175368e-01	1.610464e-01	1.870345e+00	9.236144e-01	-3.641077e-06	
3.864061e-01	7.771044e-13	1.009615e-01	2.138908e-01	7.987751e-01	1.009131e+00	9.181048e+00	4.851286e-02	3.916571e-02	3.709955e-01	1.431825e-02	2.020893e-02	8.473673e+00	1.521663e-01	2.541848e-01	8.591523e-01	1.173770e-01	1.604543e-01	1.876852e+00	9.271858e-01	8.815352e-07	
3.864135e-01	0.000000e+00	1.007474e-01	2.141456e-01	7.986582e-01	1.011504e+00	9.175100e+00	4.859826e-02	3.918094e-02	3.706074e-01	1.427949e-02	2.022026e-02	8.467216e+00	1.523157e-01	2.545268e-01	8.656237e-01	1.172728e-01	1.598609e-01	1.885651e+00	9.299663e-01	-5.869893e-09	
3.864136e-01	0.000000e+00	1.006395e-01	2.147447e-01	7.996405e-01	1.009104e+00	9.193331e+00	4.847046e-02	3.910004e-02	3.712003e-01	1.428165e-02	2.025445e-02	8.469709e+00	1.527478e-01	2.549393e-01	8.598793e-01	1.175581e-01	1.597868e-01	1.880068e+00	9.312498e-01	-3.425474e-06	
3.864136e-01	0.000000e+00	1.004906e-01	2.157398e-01	7.987271e-01	1.015051e+00	9.172666e+00	4.823567e-02	3.917060e-02	3.708034e-01	1.426806e-02	2.020167e-02	8.459245e+00	1.528356e-01	2.537211e-01	8.619831e-01	1.174928e-01	1.605201e-01	1.871827e+00	9.279223e-01	-3.763412e-06	
3.864137e-01	0.000000e+00	1.010537e-01	2.162237e-01	8.014125e-01	1.008523e+00	9.204403e+00	4.863317e-02	3.927420e-02	3.711278e-01	1.427149e-02	2.014247e-02	8.461241e+00	1.520314e-01	2.538452e-01	8.600860e-01	1.174745e-01	1.605916e-01	1.871486e+00	9.283680e-01	-4.345003e-06	
3.864137e-01	0.000000e+00	1.007548e-01	2.149038e-01	7.984956e-01	1.009788e+00	9.182717e+00	4.857917e-02	3.909948e-02	3.688005e-01	1.419595e-02	2.015686e-02	8.406004e+00	1.525069e-01	2.542217e-01	8.536958e-01	1.176104e-01	1.604899e-01	1.873229e+00	9.227577e-01	-3.308035e-06	
3.864062e-01	1.585998e-13	1.005127e-01	2.150003e-01	8.000482e-01	1.012110e+00	9.216462e+00	4.847526e-02	3.922933e-02	3.702679e-01	1.427986e-02	2.026336e-02	8.453719e+00	1.524627e-01	2.548262e-01	8.637591e-01	1.173494e-01	1.606649e-01	1.874986e+00	9.334840e-01	3.982459e-07	
3.864137e-01	0.000000e+00	1.007121e-01	2.146394e-01	7.999530e-01	1.011240e+00	9.166371e+00	4.845745e-02	3.925225e-02	3.707750e-01	1.425503e-02	2.024276e-02	8.458938e+00	1.534086e-01	2.537634e-01	8.611099e-01	1.174699e-01	1.610215e-01	1.868711e+00	9.258732e-01	-2.273531e-06	
3.864137e-01	0.000000e+00	1.008955e-01	2.151108e-01	7.997811e-01	1.011366e+00	9.205439e+00	4.851766e-02	3.910845e-02	3.699899e-01	1.422199e-02	2.019432e-02	8.433660e+00	1.531362e-01	2.547315e-01	8.646903e-01	1.174615e-01	1.597364e-01	1.885463e+00	9.308504e-01	-5.657414e-06	
3.864138e-01	0.000000e+00	1.006157e-01	2.149472e-01	7.969431e-01	1.012048e+00	9.176785e+00	4.874123e-02	3.931779e-02	3.698176e-01	1.423967e-02	2.024900e-02	8.442513e+00	1.518085e-01	2.547461e-01	8.629828e-01	1.175212e-01	1.600728e-01	1.882715e+00	9.303970e-01	-5.679624e-06	
3.864139e-01	0.000000e+00	1.007300e-01	2.158267e-01	7.980488e-01	1.009977e+00	9.185011e+00	4.865385e-02	3.935246e-02	3.684527e-01	1.416830e-02	2.023416e-02	8.407764e+00	1.523851e-01	2.542777e-01	8.632819e-01	1.172391e-01	1.608312e-01	1.868856e+00	9.301676e-01	-3.182719e-06	
3.864140e-01	0.000000e+00	1.010335e-01	2.149513e-01	8.045141e-01	1.013273e+00	9.243909e+00	4.833757e-02	3.927527e-02	3.700123e-01	1.425427e-02	2.013909e-02	8.424852e+00	1.531464e-01	2.552267e-01	8.580801e-01	1.172563e-01	1.596135e-01	1.890829e+00	9.271729e-01	-3.287214e-06	
3.864140e-01	0.000000e+00	1.009017e-01	2.129897e-01	7.975391e-01	1.008750e+00	9.178534e+00	4.858794e-02	3.915173e-02	3.710896e-01	1.429249e-02	2.016678e-02	8.464315e+00	1.526005e-01	2.547802e-01	8.668379e-01	1.174662e-01	1.604994e-01	1.882765e+00	9.323826e-01	-5.436458e-06	
3.864141e-01	0.000000e+00	1.007858e-01	2.135925e-01	7.935222e-01	1.009625e+00	9.157047e+00	4.897047e-02	3.943951e-02	3.690776e-01	1.424000e-02	2.015011e-02	8.413021e+00	1.523117e-01	2.542933e-01	8.644371e-01	1.171530e-01	1.591404e-01	1.890781e+00	9.315928e-01	-2.821783e-06	
3.864142e-01	0.000000e+00	1.015057e-01	2.134091e-01	7.977529e-01	1.014622e+00	9.165323e+00	4.844920e-02	3.932403e-02	3.687581e-01	1.422997e-02	2.010055e-02	8.403257e+00	1.516767e-01	2.548816e-01	8.610330e-01	1.173731e-01	1.591370e-01	1.892579e+00	9.306668e-01	-4.725653e-06	
3.864075e-01	1.606158e-13	1.008149e-01	2.131486e-01	7.989040e-01	1.013473e+00	9.161036e+00	4.818305e-02	3.903399e-02	3.698559e-01	1.425912e-02	2.018380e-02	8.434595e+00	1.529746e-01	2.547278e-01	8.650766e-01	1.177465e-01	1.606437e-01	1.880501e+00	9.341948e-01	4.007690e-07	
3.864142e-01	0.000000e+00	1.006065e-01	2.147193e-01	7.989179e-01	1.006042e+00	9.202611e+00	4.867524e-02	3.897155e-02	3.710981e-01	1.431052e-02	2.025981e-02	8.481154e+00	1.521190e-01	2.543088e-01	8.658595e-01	1.173989e-01	1.601176e-01	1.881408e+00	9.344417e-01	-3.184576e-06	
3.864143e-01	0.000000e+00	1.001726e-01	2.139015e-01	7.976596e-01	1.011943e+00	9.167335e+00	4.838836e-02	3.915501e-02	3.698384e-01	1.424720e-02	2.015529e-02	8.433965e+00	1.519631e-01	2.552729e-01	8.660013e-01	1.170544e-01	1.604793e-01	1.881678e+00	9.327538e-01	-4.603352e-06	
3.864145e-01	0.000000e+00	1.008289e-01	2.135121e-01	7.982826e-01	1.014424e+00	9.161472e+00	4.852460e-02	3.940505e-02	3.705168e-01	1.425488e-02	2.014994e-02	8.446403e+00	1.526887e-01	2.545068e-01	8.649443e-01	1.173480e-01	1.605507e-01	1.884005e+00	9.259688e-01	-5.179168e-06	
3.864145e-01	0.000000e+00	1.008310e-01	2.145439e-01	7.996837e-01	1.014845e+00	9.174793e+00	4.847947e-02	3.949226e-02	3.696185e-01	1.424288e-02	2.007994e-02	8.423462e+00	1.515718e-01	2.553115e-01	8.637168e-01	1.170523e-01	1.602764e-01	1.887392e+00	9.296147e-01	-3.975552e-06	
3.864145e-01	0.000000e+00	1.013226e-01	2.128318e-01	7.960090e-01	1.011989e+00	9.152749e+00	4.848484e-02	3.921696e-02	3.694959e-01	1.423797e-02	2.005713e-02	8.415031e+00	1.520832e-01	2.554171e-01	8.576616e-01	1.175237e-01	1.605518e-01	1.887641e+00	9.235199e-01	-1.364694e-06	
3.864146e-01	0.000000e+00	1.011157e-01	2.150188e-01	7.967400e-01	1.012869e+00	9.158022e+00	4.839020e-02	3.898420e-02	3.690350e-01	1.420444e-02	2.017053e-02	8.414357e+00	1.513748e-01	2.541395e-01	8.610815e-01	1.176000e-01	1.606154e-01	1.874802e+00	9.283875e-01	-2.279160e-06	
3.864146e-01	0.000000e+00	1.002896e-01	2.142215e-01	8.020284e-01	1.010594e+00	9.250950e+00	4.864223e-02	3.910022e-02	3.700963e-01	1.426553e-02	2.023994e-02	8.451608e+00	1.521423e-01	2.547062e-01	8.603862e-01	1.178619e-01	1.607251e-01	1.880211e+00	9.279863e-01	-5.133610e-06	
3.864146e-01	0.000000e+00	1.001028e-01	2.159205e-01	8.074433e-01	1.012279e+00	9.286310e+00	4.828736e-02	3.909191e-02	3.714169e-01	1.428501e-02	2.028528e-02	8.487885e+00	1.525219e-01	2.549092e-01	8.664009e-01	1.175368e-01	1.602048e-01	1.881953e+00	9.330877e-01	-3.340888e-06	
3.864147e-01	0.000000e+00	1.005804e-01	2.152230e-01	8.030607e-01	1.011923e+00	9.214439e+00	4.848559e-02	3.930731e-02	3.696309e-01	1.424108e-02	2.023580e-02	8.447053e+00	1.510971e-01	2.543367e-01	8.574706e-01	1.170625e-01	1.598655e-01	1.875119e+00	9.257001e-01	-3.154558e-06	
3.864147e-01	0.000000e+00	1.011456e-01	2.123525e-01	8.014983e-01	1.010477e+00	9.235624e+00	4.854742e-02	3.901785e-02	3.698889e-01	1.426156e-02	2.021557e-02	8.438984e+00	1.532976e-01	2.550299e-01	8.693142e-01	1.176528e-01	1.599157e-01	1.894337e+00	9.343256e-01	-2.037759e-06	
3.864149e-01	0.000000e+00	1.004558e-01	2.124261e-01	7.998543e-01	1.018261e+00	9.176957e+00	4.826502e-02	3.940147e-02	3.708292e-01	1.428323e-02	2.023297e-02	8.464347e+00	1.531126e-01	2.548935e-01	8.695564e-01	1.173195e-01	1.593851e-01	1.893703e+00	9.317342e-01	-1.894272e-06	
3.864149e-01	0.000000e+00	1.012784e-01	2.159746e-01	7.941981e-01	1.010282e+00	9.126010e+00	4.833249e-02	3.895045e-02	3.708892e-01	1.427917e-02	2.016799e-02	8.447336e+00	1.532804e-01	2.552473e-01	8.626816e-01	1.174199e-01	1.608740e-01	1.878636e+00	9.336097e-01	-3.392742e-06	
3.864150e-01	0.000000e+00	1.004504e-01	2.139554e-01	8.018005e-01	1.013625e+00	9.209952e+00	4.840260e-02	3.926696e-02	3.696331e-01	1.423692e-02	2.021225e-02	8.437779e+00	1.518603e-01	2.547189e-01	8.620812e-01	1.170994e-01	1.606593e-01	1.876915e+00	9.262524e-01	-4.687743e-06	
3.864150e-01	0.000000e+00	1.002926e-01	2.135265e-01	8.006168e-01	1.011125e+00	9.194514e+00	4.854498e-02	3.926960e-02	3.698689e-01	1.428924e-02	2.021465e-02	8.440081e+00	1.525446e-01	2.551454e-01	8.628940e-01	1.174889e-01	1.601137e-01	1.884133e+00	9.367237e-01	-2.293722e-06	
3.864150e-01	0.000000e+00	1.007879e-01	2.143054e-01	8.011237e-01	1.010875e+00	9.193978e+00	4.833474e-02	3.911266e-02	3.699504e-01	1.422694e-02	2.014196e-02	8.428531e+00	1.530166e-01	2.543003e-01	8.617865e-01	1.172331e-01	1.610606e-01	1.873257e+00	9.258025e-01	-4.590885e-06	
3.864151e-01	0.000000e+00	1.009412e-01	2.137199e-01	8.020077e-01	1.011566e+00	9.224861e+00	4.841208e-02	3.909855e-02	3.707069e-01	1.428959e-02	2.027397e-02	8.462766e+00	1.539735e-01	2.533486e-01	8.629253e-01	1.173197e-01	1.588863e-01	1.884502e+00	9.287955e-01	-5.824895e-06	
3.864151e-01	0.000000e+00	1.003072e-01	2.140535e-01	7.984370e-01	1.011452e+00	9.172453e+00	4.838536e-02	3.911035e-02	3.704319e-01	1.425322e-02	2.023926e-02	8.465991e+00	1.530060e-01	2.541725e-01	8.666289e-01	1.176435e-01	1.601273e-01	1.880875e+00	9.308468e-01	-9.361638e-07	
3.863948e-01	7.354007e-11	1.013201e-01	2.149455e-01	8.007140e-01	1.011166e+00	9.213543e+00	4.849895e-02	3.912091e-02	3.704140e-01	1.424685e-02	2.017176e-02	8.437704e+00	1.522748e-01	2.546976e-01	8.617112e-01	1.174715e-01	1.601642e-01	1.877771e+00	9.302265e-01	8.575551e-06	
3.864070e-01	2.405576e-13	1.008339e-01	2.136844e-01	7.984616e-01	1.015830e+00	9.172730e+00	4.832145e-02	3.919422e-02	3.703787e-01	1.427583e-02	2.023488e-02	8.452930e+00	1.522086e-01	2.543264e-01	8.654018e-01	1.174334e-01	1.599729e-01	1.881370e+00	9.316236e-01	4.904667e-07	
3.864151e-01	0.000000e+00	1.013823e-01	2.145314e-01	7.947596e-01	1.008451e+00	9.144348e+00	4.873387e-02	3.919651e-02	3.701548e-01	1.422564e-02	2.008491e-02	8.427250e+00	1.526120e-01	2.542229e-01	8.610552e-01	1.175894e-01	1.608236e-01	1.873141e+00	9.270517e-01	-4.654493e-06	
3.864152e-01	0.000000e+00	1.010222e-01	2.139590e-01	8.010759e-01	1.011931e+00	9.205510e+00	4.841530e-02	3.906005e-02	3.698541e-01	1.423464e-02	2.017941e-02	8.432390e+00	1.527471e-01	2.548456e-01	8.622644e-01	1.176002e-01	1.603454e-01	1.885074e+00	9.279843e-01	-6.114556e-06	
3.864152e-01	0.000000e+00	1.009040e-01	2.132029e-01	8.015646e-01	1.011227e+00	9.224042e+00	4.861223e-02	3.924939e-02	3.712518e-01	1.428925e-02	2.010964e-02	8.465351e+00	1.512124e-01	2.542887e-01	8.625835e-01	1.174618e-01	1.596738e-01	1.886808e+00	9.262264e-01	-7.284041e-06	
3.864152e-01	0.000000e+00	1.012650e-01	2.137222e-01	8.015296e-01	1.012912e+00	9.217126e+00	4.847387e-02	3.915369e-02	3.698529e-01	1.428124e-02	2.006967e-02	8.427160e+00	1.527990e-01	2.549742e-01	8.601112e-01	1.175298e-01	1.596115e-01	1.892100e+00	9.297625e-01	-8.577272e-07	
3.864152e-01	0.000000e+00	1.009446e-01	2.154719e-01	8.017766e-01	1.015193e+00	9.197746e+00	4.838656e-02	3.925561e-02	3.683226e-01	1.420256e-02	2.013273e-02	8.400841e+00	1.520953e-01	2.543635e-01	8.605860e-01	1.175203e-01	1.595045e-01	1.881577e+00	9.325626e-01	-4.706465e-07	
3.864152e-01	0.000000e+00	1.003668e-01	2.151065e-01	7.968411e-01	1.009952e+00	9.183015e+00	4.864158e-02	3.920839e-02	3.692186e-01	1.424221e-02	2.014536e-02	8.413176e+00	1.525204e-01	2.553322e-01	8.628462e-01	1.172363e-01	1.595484e-01	1.888528e+00	9.358723e-01	-1.498379e-06	
3.864153e-01	0.000000e+00	1.001220e-01	2.150018e-01	7.977688e-01	1.007628e+00	9.185847e+00	4.848372e-02	3.891168e-02	3.720261e-01	1.430881e-02	2.028383e-02	8.502123e+00	1.526237e-01	2.542125e-01	8.667957e-01	1.174215e-01	1.606177e-01	1.876814e+00	9.307451e-01	-6.319061e-06	
3.864154e-01	0.000000e+00	1.010433e-01	2.147162e-01	7.950419e-01	1.008249e+00	9.164111e+00	4.870364e-02	3.908270e-02	3.722104e-01	1.428933e-02	2.028915e-02	8.482747e+00	1.544325e-01	2.545128e-01	8.690174e-01	1.176458e-01	1.609160e-01	1.878517e+00	9.321866e-01	-4.295309e-07	
3.864054e-01	5.893128e-15	1.009148e-01	2.140375e-01	7.993185e-01	1.010356e+00	9.210531e+00	4.866217e-02	3.906746e-02	3.688349e-01	1.421177e-02	2.019074e-02	8.405641e+00	1.527526e-01	2.546734e-01	8.607168e-01	1.177037e-01	1.602953e-01	1.884038e+00	9.288500e-01	7.676671e-08	
3.864155e-01	0.000000e+00	1.013730e-01	2.154637e-01	7.994130e-01	1.012622e+00	9.194710e+00	4.830615e-02	3.896395e-02	3.705133e-01	1.424995e-02	2.016302e-02	8.442440e+00	1.527117e-01	2.554962e-01	8.645226e-01	1.174859e-01	1.606967e-01	1.882081e+00	9.320061e-01	-5.362981e-06	
3.864156e-01	0.000000e+00	1.007097e-01	2.130379e-01	7.990553e-01	1.014188e+00	9.165933e+00	4.820906e-02	3.904833e-02	3.707990e-01	1.428686e-02	2.021587e-02	8.463038e+00	1.531445e-01	2.548290e-01	8.615719e-01	1.174206e-01	1.603074e-01	1.883782e+00	9.260861e-01	-4.207386e-06	
3.864065e-01	6.626363e-13	1.009073e-01	2.144905e-01	8.019197e-01	1.005852e+00	9.237684e+00	4.881445e-02	3.926903e-02	3.717000e-01	1.428226e-02	2.022709e-02	8.480351e+00	1.526882e-01	2.542873e-01	8.642217e-01	1.174995e-01	1.604357e-01	1.880862e+00	9.275366e-01	8.140247e-07	
3.864158e-01	0.000000e+00	1.009462e-01	2.145471e-01	8.016366e-01	1.008427e+00	9.255731e+00	4.906625e-02	3.943867e-02	3.694520e-01	1.422492e-02	2.020541e-02	8.428969e+00	1.528386e-01	2.559222e-01	8.629108e-01	1.173022e-01	1.595467e-01	1.894829e+00	9.297387e-01	-3.136203e-06	
3.864160e-01	0.000000e+00	1.009637e-01	2.134867e-01	7.983129e-01	1.012710e+00	9.203138e+00	4.841199e-02	3.904151e-02	3.697780e-01	1.424226e-02	2.022605e-02	8.435388e+00	1.523808e-01	2.546691e-01	8.658532e-01	1.174265e-01	1.600027e-01	1.883916e+00	9.312614e-01	-4.649758e-06	
3.864161e-01	0.000000e+00	1.006054e-01	2.146665e-01	7.953716e-01	1.011213e+00	9.157664e+00	4.859370e-02	3.921159e-02	3.716856e-01	1.431701e-02	2.022008e-02	8.474904e+00	1.541755e-01	2.546645e-01	8.633628e-01	1.171206e-01	1.597861e-01	1.884805e+00	9.291892e-01	-6.327541e-06	
3.864161e-01	0.000000e+00	1.001976e-01	2.129333e-01	7.993238e-01	1.014043e+00	9.212534e+00	4.850649e-02	3.916002e-02	3.705656e-01	1.428663e-02	2.019622e-02	8.456661e+00	1.527640e-01	2.543712e-01	8.666900e-01	1.175272e-01	1.605782e-01	1.884880e+00	9.283169e-01	-6.375027e-06	
3.864163e-01	0.000000e+00	1.016287e-01	2.144436e-01	8.016786e-01	1.007656e+00	9.211064e+00	4.842244e-02	3.899766e-02	3.700227e-01	1.424978e-02	2.015323e-02	8.441768e+00	1.515596e-01	2.542001e-01	8.584059e-01	1.175756e-01	1.606988e-01	1.875407e+00	9.264554e-01	-6.084810e-06	
3.864166e-01	0.000000e+00	1.016845e-01	2.138929e-01	7.944525e-01	1.006599e+00	9.171442e+00	4.885487e-02	3.911655e-02	3.705788e-01	1.426963e-02	2.016406e-02	8.448238e+00	1.524447e-01	2.548117e-01	8.649822e-01	1.172652e-01	1.599655e-01	1.885841e+00	9.305850e-01	-4.334591e-06	
3.864166e-01	0.000000e+00	1.011381e-01	2.135287e-01	7.980422e-01	1.016398e+00	9.153215e+00	4.818425e-02	3.913591e-02	3.693256e-01	1.424136e-02	2.014696e-02	8.417860e+00	1.525576e-01	2.543674e-01	8.645627e-01	1.174416e-01	1.605914e-01	1.878462e+00	9.314504e-01	-6.197595e-06	
3.864167e-01	0.000000e+00	1.008247e-01	2.134480e-01	7.970497e-01	1.012206e+00	9.164421e+00	4.854180e-02	3.930174e-02	3.699266e-01	1.423890e-02	2.023619e-02	8.435049e+00	1.522406e-01	2.538564e-01	8.618310e-01	1.173773e-01	1.606068e-01	1.876347e+00	9.254565e-01	-2.207749e-06	
3.864168e-01	0.000000e+00	1.010515e-01	2.143219e-01	7.986935e-01	1.011554e+00	9.172276e+00	4.826321e-02	3.888835e-02	3.705723e-01	1.427734e-02	2.019276e-02	8.456375e+00	1.533027e-01	2.542405e-01	8.638943e-01	1.172691e-01	1.600290e-01	1.873830e+00	9.323707e-01	-2.626841e-06	
3.864172e-01	0.000000e+00	1.003099e-01	2.133950e-01	8.005242e-01	1.013198e+00	9.192862e+00	4.844112e-02	3.934082e-02	3.690338e-01	1.422148e-02	2.021457e-02	8.423963e+00	1.524813e-01	2.529820e-01	8.606745e-01	1.174449e-01	1.601704e-01	1.870620e+00	9.261693e-01	-5.939509e-06	
3.864072e-01	6.226152e-13	1.012170e-01	2.141707e-01	8.017263e-01	1.012751e+00	9.220551e+00	4.838748e-02	3.911962e-02	3.689232e-01	1.421466e-02	2.020197e-02	8.423669e+00	1.522453e-01	2.542898e-01	8.598265e-01	1.177393e-01	1.599223e-01	1.881288e+00	9.272462e-01	7.890597e-07	
3.864172e-01	0.000000e+00	1.005916e-01	2.140345e-01	7.974364e-01	1.012276e+00	9.169363e+00	4.841063e-02	3.916277e-02	3.700101e-01	1.426354e-02	2.014527e-02	8.433467e+00	1.519429e-01	2.545767e-01	8.637198e-01	1.176851e-01	1.597980e-01	1.884812e+00	9.352099e-01	-5.505071e-06	
3.864175e-01	0.000000e+00	1.012020e-01	2.144807e-01	8.006476e-01	1.014200e+00	9.209350e+00	4.838378e-02	3.924122e-02	3.692472e-01	1.422471e-02	2.020030e-02	8.418429e+00	1.529305e-01	2.549027e-01	8.578220e-01	1.173512e-01	1.601033e-01	1.881282e+00	9.255315e-01	-6.979618e-06	
3.864175e-01	0.000000e+00	1.017701e-01	2.144457e-01	7.969683e-01	1.011404e+00	9.142296e+00	4.839653e-02	3.921799e-02	3.703605e-01	1.426003e-02	2.018792e-02	8.447860e+00	1.529274e-01	2.548452e-01	8.608376e-01	1.172332e-01	1.607978e-01	1.873331e+00	9.283021e-01	-6.412106e-06	
3.864093e-01	2.621482e-17	1.006627e-01	2.145150e-01	7.991650e-01	1.011803e+00	9.216471e+00	4.869600e-02	3.932505e-02	3.703767e-01	1.430009e-02	2.017260e-02	8.446392e+00	1.531955e-01	2.552616e-01	8.574857e-01	1.174332e-01	1.599965e-01	1.883206e+00	9.290316e-01	5.120041e-09	
3.864076e-01	1.430194e-12	1.011585e-01	2.140315e-01	7.990356e-01	1.014771e+00	9.178925e+00	4.843698e-02	3.930858e-02	3.694572e-01	1.424335e-02	2.022359e-02	8.430086e+00	1.514452e-01	2.549666e-01	8.625172e-01	1.175204e-01	1.605633e-01	1.878699e+00	9.316782e-01	1.195907e-06	
3.864178e-01	0.000000e+00	1.004509e-01	2.140299e-01	8.024476e-01	1.010518e+00	9.223117e+00	4.848943e-02	3.916695e-02	3.693604e-01	1.419664e-02	2.016869e-02	8.411532e+00	1.528903e-01	2.545444e-01	8.581567e-01	1.172630e-01	1.596895e-01	1.882953e+00	9.243182e-01	-6.558177e-06	
3.863915e-01	2.773311e-11	1.003658e-01	2.152154e-01	7.989484e-01	1.011850e+00	9.194582e+00	4.835029e-02	3.892416e-02	3.704704e-01	1.427284e-02	2.018484e-02	8.446577e+00	1.531375e-01	2.557219e-01	8.643524e-01	1.175010e-01	1.605328e-01	1.881425e+00	9.351641e-01	5.266224e-06	
3.864222e-01	0.000000e+00	1.005266e-01	2.132764e-01	7.986288e-01	1.018560e+00	9.145594e+00	4.834293e-02	3.939653e-02	3.695078e-01	1.421832e-02	2.022451e-02	8.436280e+00	1.521620e-01	2.545989e-01	8.651440e-01	1.176299e-01	1.605579e-01	1.884363e+00	9.266488e-01	-5.096220e-06	
3.864228e-01	0.000000e+00	1.000847e-01	2.140184e-01	8.003865e-01	1.008514e+00	9.214742e+00	4.842667e-02	3.899174e-02	3.699719e-01	1.426328e-02	2.026274e-02	8.455882e+00	1.527897e-01	2.548970e-01	8.614146e-01	1.172878e-01	1.601011e-01	1.880952e+00	9.297348e-01	-3.489560e-06	
3.864112e-01	1.212709e-14	1.007052e-01	2.150898e-01	8.014403e-01	1.011268e+00	9.234883e+00	4.847771e-02	3.905010e-02	3.691473e-01	1.423456e-02	2.010599e-02	8.417422e+00	1.516983e-01	2.548770e-01	8.568973e-01	1.170847e-01	1.598526e-01	1.882619e+00	9.249168e-01	1.101231e-07	
3.864101e-01	4.581524e-14	1.003298e-01	2.135467e-01	8.015076e-01	1.009577e+00	9.205913e+00	4.836606e-02	3.900416e-02	3.710628e-01	1.429035e-02	2.021074e-02	8.460392e+00	1.527836e-01	2.549765e-01	8.591462e-01	1.180121e-01	1.610952e-01	1.879088e+00	9.293554e-01	2.140450e-07	
3.864090e-01	2.181153e-13	1.000140e-01	2.139944e-01	8.010412e-01	1.010415e+00	9.191049e+00	4.842519e-02	3.932088e-02	3.696256e-01	1.425653e-02	2.019479e-02	8.434514e+00	1.528972e-01	2.552365e-01	8.582550e-01	1.172166e-01	1.598283e-01	1.883684e+00	9.299909e-01	4.670281e-07	
