f	phi	x(1)	x(2)	x(3)	x(4)	x(5)	x(6)	x(7)	x(8)	x(9)	x(10)	x(11)	x(12)	x(13)	x(14)	x(15)	x(16)	x(17)	x(18)	g(1)	
3.864031e-01	0.000000e+00	1.008530e-01	2.145599e-01	7.988809e-01	1.009713e+00	9.178148e+00	4.855748e-02	3.934818e-02	3.703553e-01	1.423487e-02	2.015858e-02	8.443437e+00	1.514425e-01	2.539114e-01	8.600928e-01	1.174755e-01	1.605197e-01	1.874126e+00	9.254017e-01	-4.947930e-07	
3.864046e-01	0.000000e+00	1.004875e-01	2.140877e-01	7.987365e-01	1.014063e+00	9.193636e+00	4.846999e-02	3.918000e-02	3.701582e-01	1.425049e-02	2.013239e-02	8.433667e+00	1.526217e-01	2.540829e-01	8.653876e-01	1.174355e-01	1.607758e-01	1.875919e+00	9.288736e-01	-7.738310e-07	
3.864054e-01	0.000000e+00	1.007168e-01	2.147815e-01	7.974479e-01	1.011662e+00	9.174057e+00	4.858595e-02	3.918819e-02	3.713608e-01	1.429563e-02	2.009692e-02	8.461517e+00	1.513211e-01	2.543211e-01	8.628556e-01	1.175739e-01	1.611053e-01	1.872431e+00	9.295925e-01	-1.028633e-07	
3.864055e-01	0.000000e+00	1.008262e-01	2.129630e-01	8.012360e-01	1.009705e+00	9.217153e+00	4.860628e-02	3.924932e-02	3.693546e-01	1.421269e-02	2.017324e-02	8.421886e+00	1.524489e-01	2.543967e-01	8.640448e-01	1.175695e-01	1.602199e-01	1.880631e+00	9.295972e-01	-3.061892e-07	
3.864060e-01	0.000000e+00	1.011266e-01	2.135118e-01	8.005536e-01	1.006332e+00	9.201708e+00	4.866698e-02	3.923858e-02	3.698031e-01	1.423790e-02	2.011264e-02	8.429863e+00	1.516639e-01	2.544865e-01	8.619585e-01	1.172225e-01	1.607586e-01	1.877536e+00	9.276217e-01	-8.847571e-07	
3.864063e-01	0.000000e+00	1.008526e-01	2.149812e-01	7.981410e-01	1.009815e+00	9.192986e+00	4.876408e-02	3.922933e-02	3.707835e-01	1.428022e-02	2.012418e-02	8.441132e+00	1.532349e-01	2.543403e-01	8.634505e-01	1.173963e-01	1.599505e-01	1.882253e+00	9.319942e-01	-5.538877e-07	
3.864068e-01	0.000000e+00	1.010238e-01	2.124985e-01	7.994210e-01	1.013967e+00	9.185613e+00	4.847925e-02	3.932001e-02	3.697577e-01	1.426123e-02	2.022637e-02	8.445110e+00	1.526646e-01	2.555315e-01	8.635979e-01	1.175541e-01	1.604442e-01	1.887487e+00	9.291313e-01	-1.268923e-06	
3.864068e-01	0.000000e+00	1.003358e-01	2.158697e-01	8.014804e-01	1.011223e+00	9.202546e+00	4.839203e-02	3.915051e-02	3.698234e-01	1.422744e-02	2.027528e-02	8.439723e+00	1.536189e-01	2.531317e-01	8.598427e-01	1.176641e-01	1.596765e-01	1.878893e+00	9.268330e-01	-3.708207e-07	
3.864070e-01	0.000000e+00	1.012979e-01	2.126894e-01	7.998349e-01	1.011634e+00	9.192550e+00	4.846394e-02	3.914349e-02	3.708788e-01	1.428211e-02	2.020234e-02	8.460356e+00	1.528264e-01	2.543284e-01	8.650427e-01	1.177509e-01	1.597897e-01	1.889188e+00	9.295743e-01	-2.585643e-06	
3.864073e-01	0.000000e+00	1.012454e-01	2.143594e-01	7.979353e-01	1.013947e+00	9.178304e+00	4.853692e-02	3.930882e-02	3.703986e-01	1.425709e-02	2.011246e-02	8.436707e+00	1.524048e-01	2.539703e-01	8.627718e-01	1.176708e-01	1.596387e-01	1.883773e+00	9.293576e-01	-2.161366e-07	
3.864075e-01	0.000000e+00	1.005198e-01	2.145755e-01	7.988205e-01	1.010025e+00	9.187759e+00	4.861844e-02	3.914843e-02	3.722759e-01	1.431426e-02	2.021666e-02	8.505529e+00	1.519488e-01	2.554128e-01	8.646286e-01	1.176395e-01	1.606951e-01	1.882020e+00	9.293126e-01	-1.082351e-06	
3.864076e-01	0.000000e+00	1.011571e-01	2.131811e-01	7.995038e-01	1.014216e+00	9.180680e+00	4.844562e-02	3.932883e-02	3.705543e-01	1.426124e-02	2.020517e-02	8.455770e+00	1.523257e-01	2.546071e-01	8.649972e-01	1.175819e-01	1.597596e-01	1.886595e+00	9.294739e-01	-1.614926e-06	
3.864078e-01	0.000000e+00	1.014017e-01	2.151490e-01	8.002033e-01	1.006854e+00	9.218931e+00	4.874701e-02	3.915837e-02	3.706130e-01	1.427118e-02	2.022998e-02	8.455624e+00	1.529785e-01	2.550215e-01	8.603766e-01	1.174145e-01	1.600958e-01	1.884099e+00	9.289850e-01	-2.401755e-06	
3.864078e-01	0.000000e+00	1.016661e-01	2.148651e-01	8.007554e-01	1.010855e+00	9.206708e+00	4.866363e-02	3.942653e-02	3.688165e-01	1.421936e-02	2.019759e-02	8.416308e+00	1.518482e-01	2.549454e-01	8.617980e-01	1.170453e-01	1.606754e-01	1.874333e+00	9.304064e-01	-3.254511e-06	
3.864078e-01	0.000000e+00	1.007482e-01	2.127559e-01	8.023008e-01	1.009407e+00	9.236357e+00	4.876129e-02	3.935562e-02	3.699953e-01	1.424477e-02	2.027330e-02	8.447411e+00	1.525051e-01	2.544226e-01	8.622831e-01	1.178153e-01	1.601603e-01	1.884068e+00	9.278286e-01	-2.056167e-06	
3.864079e-01	0.000000e+00	1.016965e-01	2.157007e-01	8.008071e-01	1.010935e+00	9.200148e+00	4.840232e-02	3.911570e-02	3.700883e-01	1.421727e-02	2.015481e-02	8.433909e+00	1.521382e-01	2.535824e-01	8.636830e-01	1.174104e-01	1.597679e-01	1.871717e+00	9.314502e-01	-8.762640e-07	
3.864079e-01	0.000000e+00	1.003029e-01	2.149249e-01	7.997998e-01	1.009564e+00	9.190315e+00	4.876166e-02	3.938651e-02	3.708809e-01	1.423672e-02	2.018326e-02	8.463329e+00	1.516982e-01	2.543547e-01	8.633551e-01	1.175856e-01	1.605195e-01	1.880660e+00	9.254067e-01	-5.548480e-07	
3.864080e-01	0.000000e+00	1.010757e-01	2.123115e-01	7.960215e-01	1.011435e+00	9.156627e+00	4.870172e-02	3.937970e-02	3.702790e-01	1.424703e-02	2.013351e-02	8.445683e+00	1.516810e-01	2.542910e-01	8.647547e-01	1.176545e-01	1.601249e-01	1.886109e+00	9.262715e-01	-3.094327e-07	
3.864080e-01	0.000000e+00	1.004495e-01	2.147599e-01	8.021146e-01	1.012055e+00	9.250865e+00	4.858107e-02	3.906383e-02	3.708839e-01	1.427102e-02	2.019212e-02	8.467830e+00	1.521567e-01	2.522973e-01	8.669055e-01	1.177651e-01	1.595086e-01	1.870876e+00	9.312684e-01	-2.661991e-07	
3.864083e-01	0.000000e+00	1.011801e-01	2.138322e-01	7.982605e-01	1.012989e+00	9.171003e+00	4.851389e-02	3.928392e-02	3.698673e-01	1.426358e-02	2.011406e-02	8.429681e+00	1.527081e-01	2.553142e-01	8.640304e-01	1.173494e-01	1.605803e-01	1.881126e+00	9.329221e-01	-1.938058e-07	
3.864083e-01	0.000000e+00	1.009805e-01	2.141866e-01	8.008584e-01	1.010474e+00	9.228483e+00	4.848082e-02	3.895618e-02	3.716925e-01	1.431562e-02	2.009828e-02	8.458885e+00	1.534146e-01	2.539884e-01	8.641929e-01	1.176249e-01	1.593569e-01	1.886943e+00	9.324737e-01	-1.446362e-06	
3.864084e-01	0.000000e+00	1.016980e-01	2.139749e-01	7.986417e-01	1.012191e+00	9.172710e+00	4.861475e-02	3.935005e-02	3.709515e-01	1.428389e-02	2.013674e-02	8.454789e+00	1.532456e-01	2.546158e-01	8.641027e-01	1.175917e-01	1.599989e-01	1.887020e+00	9.298172e-01	-2.232353e-07	
3.864088e-01	0.000000e+00	1.009074e-01	2.132398e-01	8.014470e-01	1.012245e+00	9.203125e+00	4.836687e-02	3.923906e-02	3.715148e-01	1.430081e-02	2.020701e-02	8.474032e+00	1.532120e-01	2.543211e-01	8.671493e-01	1.175754e-01	1.605606e-01	1.879973e+00	9.316588e-01	-9.782753e-07	
3.864089e-01	0.000000e+00	1.010388e-01	2.138528e-01	7.988307e-01	1.009950e+00	9.154954e+00	4.861687e-02	3.950260e-02	3.704298e-01	1.426597e-02	2.019070e-02	8.454060e+00	1.521212e-01	2.547032e-01	8.651467e-01	1.173746e-01	1.613338e-01	1.873023e+00	9.320039e-01	-3.241610e-06	
3.864090e-01	0.000000e+00	1.014768e-01	2.122933e-01	8.005714e-01	1.011517e+00	9.191054e+00	4.848311e-02	3.923240e-02	3.714007e-01	1.431378e-02	2.018147e-02	8.474768e+00	1.532002e-01	2.552680e-01	8.660822e-01	1.174703e-01	1.612026e-01	1.877940e+00	9.309517e-01	-7.148554e-07	
3.864094e-01	0.000000e+00	1.009417e-01	2.125713e-01	7.979168e-01	1.009856e+00	9.200647e+00	4.870185e-02	3.923932e-02	3.703234e-01	1.426499e-02	2.022619e-02	8.453419e+00	1.520000e-01	2.538954e-01	8.680237e-01	1.177947e-01	1.602081e-01	1.878190e+00	9.340090e-01	-1.791555e-06	
3.864096e-01	0.000000e+00	1.003241e-01	2.129537e-01	7.994809e-01	1.011840e+00	9.205855e+00	4.853142e-02	3.904132e-02	3.713106e-01	1.429291e-02	2.019806e-02	8.478927e+00	1.521699e-01	2.530990e-01	8.675809e-01	1.177887e-01	1.601318e-01	1.873955e+00	9.304244e-01	-2.623431e-06	
3.864096e-01	0.000000e+00	1.005321e-01	2.139787e-01	8.003964e-01	1.013414e+00	9.175540e+00	4.844046e-02	3.933975e-02	3.704119e-01	1.422563e-02	2.019809e-02	8.446557e+00	1.525588e-01	2.543886e-01	8.680894e-01	1.176930e-01	1.598640e-01	1.881161e+00	9.342817e-01	-9.967343e-07	
3.864096e-01	0.000000e+00	1.007325e-01	2.145266e-01	7.997281e-01	1.011660e+00	9.206993e+00	4.881714e-02	3.949225e-02	3.698030e-01	1.422828e-02	2.024053e-02	8.442179e+00	1.517226e-01	2.540086e-01	8.656122e-01	1.175631e-01	1.608693e-01	1.872883e+00	9.299110e-01	-2.517926e-07	
3.864098e-01	0.000000e+00	1.016431e-01	2.149356e-01	7.972097e-01	1.012778e+00	9.168157e+00	4.854677e-02	3.933798e-02	3.708497e-01	1.429842e-02	2.010530e-02	8.455273e+00	1.510759e-01	2.539078e-01	8.581676e-01	1.173991e-01	1.604920e-01	1.873250e+00	9.258929e-01	-1.161850e-06	
3.864099e-01	0.000000e+00	1.005842e-01	2.129941e-01	8.015965e-01	1.010976e+00	9.214408e+00	4.862152e-02	3.920614e-02	3.708445e-01	1.429161e-02	2.020062e-02	8.465485e+00	1.527659e-01	2.540425e-01	8.665728e-01	1.175043e-01	1.614375e-01	1.865009e+00	9.320750e-01	-1.882929e-06	
3.864100e-01	0.000000e+00	1.006749e-01	2.149451e-01	7.983809e-01	1.016734e+00	9.191527e+00	4.848433e-02	3.924711e-02	3.697165e-01	1.423055e-02	2.012598e-02	8.427438e+00	1.520554e-01	2.535139e-01	8.639892e-01	1.177193e-01	1.599203e-01	1.878554e+00	9.286848e-01	-4.675136e-06	
3.864102e-01	0.000000e+00	1.007536e-01	2.134213e-01	8.004083e-01	1.010788e+00	9.186339e+00	4.859684e-02	3.938127e-02	3.699920e-01	1.421838e-02	2.025339e-02	8.453114e+00	1.525383e-01	2.554562e-01	8.657319e-01	1.175150e-01	1.612506e-01	1.879766e+00	9.276036e-01	-4.231568e-07	
3.864102e-01	0.000000e+00	1.018925e-01	2.122767e-01	8.026983e-01	1.010816e+00	9.209653e+00	4.844886e-02	3.917228e-02	3.698252e-01	1.425594e-02	2.017629e-02	8.432097e+00	1.525191e-01	2.540825e-01	8.635419e-01	1.176937e-01	1.604918e-01	1.879822e+00	9.302987e-01	-1.833311e-06	
3.864103e-01	0.000000e+00	1.002275e-01	2.143823e-01	7.976334e-01	1.012899e+00	9.199527e+00	4.844807e-02	3.895252e-02	3.704860e-01	1.425929e-02	2.024130e-02	8.463514e+00	1.520812e-01	2.523282e-01	8.644663e-01	1.178125e-01	1.594448e-01	1.878645e+00	9.259775e-01	-3.285404e-06	
3.864103e-01	0.000000e+00	1.012252e-01	2.136712e-01	7.982938e-01	1.014234e+00	9.207336e+00	4.888769e-02	3.949813e-02	3.692114e-01	1.423533e-02	2.021883e-02	8.429996e+00	1.511517e-01	2.542098e-01	8.634276e-01	1.177436e-01	1.601990e-01	1.878145e+00	9.300751e-01	-1.651071e-06	
3.864106e-01	0.000000e+00	1.003426e-01	2.142571e-01	8.006135e-01	1.013349e+00	9.204244e+00	4.838196e-02	3.922504e-02	3.702326e-01	1.424230e-02	2.025166e-02	8.456135e+00	1.518995e-01	2.543263e-01	8.660702e-01	1.177485e-01	1.606661e-01	1.879114e+00	9.302847e-01	-4.358365e-06	
3.864107e-01	0.000000e+00	1.013147e-01	2.144104e-01	7.987055e-01	1.010151e+00	9.195716e+00	4.850680e-02	3.915026e-02	3.710559e-01	1.429566e-02	2.016080e-02	8.462140e+00	1.522606e-01	2.542405e-01	8.621476e-01	1.175056e-01	1.595179e-01	1.883912e+00	9.308693e-01	-1.421366e-06	
3.864107e-01	0.000000e+00	1.003812e-01	2.138286e-01	7.998530e-01	1.012471e+00	9.187149e+00	4.842979e-02	3.909488e-02	3.717668e-01	1.430394e-02	2.010473e-02	8.478281e+00	1.512772e-01	2.534862e-01	8.626176e-01	1.172811e-01	1.600416e-01	1.872725e+00	9.262760e-01	-1.272304e-06	
3.864107e-01	0.000000e+00	1.007232e-01	2.147064e-01	8.035965e-01	1.013662e+00	9.252881e+00	4.827621e-02	3.906785e-02	3.704437e-01	1.426575e-02	2.015207e-02	8.451079e+00	1.514518e-01	2.538016e-01	8.673371e-01	1.174009e-01	1.599678e-01	1.877941e+00	9.329264e-01	-3.609893e-06	
3.864109e-01	0.000000e+00	1.010545e-01	2.152610e-01	7.978677e-01	1.013941e+00	9.187890e+00	4.835264e-02	3.891108e-02	3.709864e-01	1.430296e-02	2.011165e-02	8.460836e+00	1.520718e-01	2.537239e-01	8.659144e-01	1.172634e-01	1.608248e-01	1.865914e+00	9.323973e-01	-3.199743e-06	
3.864110e-01	0.000000e+00	1.009048e-01	2.138323e-01	7.992980e-01	1.012642e+00	9.220114e+00	4.853589e-02	3.902528e-02	3.707775e-01	1.429983e-02	2.016712e-02	8.466292e+00	1.517985e-01	2.542748e-01	8.628198e-01	1.175529e-01	1.601255e-01	1.877845e+00	9.290374e-01	-3.521490e-06	
3.864111e-01	0.000000e+00	1.011069e-01	2.140765e-01	7.994575e-01	1.017281e+00	9.179378e+00	4.822246e-02	3.925596e-02	3.716958e-01	1.432317e-02	2.016100e-02	8.477957e+00	1.522285e-01	2.537659e-01	8.598649e-01	1.177180e-01	1.598262e-01	1.877254e+00	9.272868e-01	-5.247064e-06	
3.864112e-01	0.000000e+00	1.010294e-01	2.144945e-01	7.978788e-01	1.012109e+00	9.191020e+00	4.860286e-02	3.922103e-02	3.702278e-01	1.427629e-02	2.021674e-02	8.452327e+00	1.518765e-01	2.532155e-01	8.584044e-01	1.178197e-01	1.602007e-01	1.872139e+00	9.266826e-01	-1.420176e-06	
3.864113e-01	0.000000e+00	1.008025e-01	2.135747e-01	8.002006e-01	1.008746e+00	9.225298e+00	4.869285e-02	3.902538e-02	3.700847e-01	1.426271e-02	2.032323e-02	8.452270e+00	1.535880e-01	2.545744e-01	8.660521e-01	1.175058e-01	1.602483e-01	1.885179e+00	9.310707e-01	-6.388115e-07	
3.864113e-01	0.000000e+00	1.014821e-01	2.142680e-01	8.034760e-01	1.008857e+00	9.228980e+00	4.848232e-02	3.917611e-02	3.706176e-01	1.426261e-02	2.022487e-02	8.458630e+00	1.521405e-01	2.544504e-01	8.649337e-01	1.174609e-01	1.604889e-01	1.880876e+00	9.306655e-01	-3.546698e-06	
3.864114e-01	0.000000e+00	1.009077e-01	2.134442e-01	7.965871e-01	1.012636e+00	9.173650e+00	4.860071e-02	3.920503e-02	3.712932e-01	1.426755e-02	2.014005e-02	8.461529e+00	1.525010e-01	2.538027e-01	8.633895e-01	1.178885e-01	1.600588e-01	1.883169e+00	9.249656e-01	-2.890294e-06	
3.864115e-01	0.000000e+00	1.004465e-01	2.137492e-01	8.018631e-01	1.012798e+00	9.259478e+00	4.858355e-02	3.913240e-02	3.706575e-01	1.428989e-02	2.018568e-02	8.463921e+00	1.525119e-01	2.541294e-01	8.657636e-01	1.178004e-01	1.592816e-01	1.888259e+00	9.318259e-01	-1.269910e-06	
3.864115e-01	0.000000e+00	1.007291e-01	2.140406e-01	8.021404e-01	1.012967e+00	9.238517e+00	4.835974e-02	3.903346e-02	3.707259e-01	1.430334e-02	2.022661e-02	8.469926e+00	1.515917e-01	2.536249e-01	8.608867e-01	1.177720e-01	1.603520e-01	1.878661e+00	9.267099e-01	-1.796491e-06	
3.864116e-01	0.000000e+00	1.006965e-01	2.112539e-01	8.004771e-01	1.015189e+00	9.208127e+00	4.856165e-02	3.943576e-02	3.703318e-01	1.426697e-02	2.008474e-02	8.436056e+00	1.508288e-01	2.534496e-01	8.647401e-01	1.180192e-01	1.607770e-01	1.879724e+00	9.268191e-01	-2.246902e-07	
3.864116e-01	0.000000e+00	1.009008e-01	2.151056e-01	7.987851e-01	1.008706e+00	9.193954e+00	4.864896e-02	3.915395e-02	3.696049e-01	1.424635e-02	2.026507e-02	8.451306e+00	1.520728e-01	2.552703e-01	8.626056e-01	1.171722e-01	1.603429e-01	1.884767e+00	9.286699e-01	-1.796128e-06	
3.864117e-01	0.000000e+00	1.004117e-01	2.142560e-01	8.011570e-01	1.008952e+00	9.233973e+00	4.854935e-02	3.900664e-02	3.711523e-01	1.427572e-02	2.018116e-02	8.470742e+00	1.514027e-01	2.539930e-01	8.667419e-01	1.176317e-01	1.604206e-01	1.876998e+00	9.315352e-01	-4.023875e-06	
3.864119e-01	0.000000e+00	1.002897e-01	2.122723e-01	8.007977e-01	1.016242e+00	9.210522e+00	4.864897e-02	3.951586e-02	3.693398e-01	1.424541e-02	2.022232e-02	8.435652e+00	1.519551e-01	2.545652e-01	8.636990e-01	1.177139e-01	1.600414e-01	1.889405e+00	9.268496e-01	-1.751873e-06	
3.864120e-01	0.000000e+00	1.014393e-01	2.123927e-01	8.014229e-01	1.010839e+00	9.244891e+00	4.860868e-02	3.900142e-02	3.707423e-01	1.428492e-02	2.017797e-02	8.459107e+00	1.521359e-01	2.535952e-01	8.632722e-01	1.176323e-01	1.598192e-01	1.881184e+00	9.259263e-01	-8.746766e-07	
3.864121e-01	0.000000e+00	1.020705e-01	2.130003e-01	7.993281e-01	1.014261e+00	9.194762e+00	4.850722e-02	3.929835e-02	3.709835e-01	1.430790e-02	2.011270e-02	8.462120e+00	1.517559e-01	2.554725e-01	8.563206e-01	1.175724e-01	1.607557e-01	1.880253e+00	9.226919e-01	-1.494367e-07	
3.864121e-01	0.000000e+00	1.016440e-01	2.141838e-01	8.015137e-01	1.014188e+00	9.204161e+00	4.835403e-02	3.924531e-02	3.694542e-01	1.422141e-02	2.017515e-02	8.423546e+00	1.528832e-01	2.547703e-01	8.664950e-01	1.172011e-01	1.608120e-01	1.877310e+00	9.303867e-01	-3.482965e-06	
3.864121e-01	0.000000e+00	1.007009e-01	2.147443e-01	7.956598e-01	1.008964e+00	9.168110e+00	4.868488e-02	3.912212e-02	3.696204e-01	1.421802e-02	2.026554e-02	8.443545e+00	1.516265e-01	2.533429e-01	8.658697e-01	1.174362e-01	1.602678e-01	1.869885e+00	9.308933e-01	-2.805748e-06	
3.864121e-01	0.000000e+00	1.006742e-01	2.133735e-01	7.995990e-01	1.011343e+00	9.178576e+00	4.848490e-02	3.921982e-02	3.702739e-01	1.424958e-02	2.015107e-02	8.447275e+00	1.517628e-01	2.550033e-01	8.652286e-01	1.177065e-01	1.604078e-01	1.883091e+00	9.324480e-01	-3.257680e-06	
3.864121e-01	0.000000e+00	1.015808e-01	2.129938e-01	7.978905e-01	1.008890e+00	9.157767e+00	4.849451e-02	3.921057e-02	3.706232e-01	1.427256e-02	2.013544e-02	8.443017e+00	1.518942e-01	2.552055e-01	8.609956e-01	1.174188e-01	1.614291e-01	1.874457e+00	9.291357e-01	-9.319152e-07	
3.864121e-01	0.000000e+00	1.008245e-01	2.120897e-01	7.969216e-01	1.010054e+00	9.186787e+00	4.870367e-02	3.913861e-02	3.707907e-01	1.430731e-02	2.021124e-02	8.461517e+00	1.523773e-01	2.531821e-01	8.654744e-01	1.177437e-01	1.601765e-01	1.872800e+00	9.327968e-01	-1.915054e-06	
3.864122e-01	0.000000e+00	1.015163e-01	2.146476e-01	8.019621e-01	1.011096e+00	9.227121e+00	4.867876e-02	3.939793e-02	3.706764e-01	1.424520e-02	2.008823e-02	8.438006e+00	1.522751e-01	2.563496e-01	8.638204e-01	1.173302e-01	1.620554e-01	1.874564e+00	9.292355e-01	-3.505060e-07	
3.864122e-01	0.000000e+00	1.012083e-01	2.147073e-01	8.005493e-01	1.010538e+00	9.221186e+00	4.845254e-02	3.901324e-02	3.703945e-01	1.428001e-02	2.024680e-02	8.469772e+00	1.520814e-01	2.539940e-01	8.648927e-01	1.172541e-01	1.598794e-01	1.874438e+00	9.316687e-01	-1.016358e-06	
3.864122e-01	0.000000e+00	1.008761e-01	2.141231e-01	8.034632e-01	1.009067e+00	9.221742e+00	4.855818e-02	3.926057e-02	3.715881e-01	1.428691e-02	2.023663e-02	8.483777e+00	1.525599e-01	2.530833e-01	8.673800e-01	1.175898e-01	1.599305e-01	1.873487e+00	9.327599e-01	-4.145775e-06	
3.864123e-01	0.000000e+00	1.011114e-01	2.145545e-01	7.944159e-01	1.010170e+00	9.159007e+00	4.894538e-02	3.945836e-02	3.703298e-01	1.427130e-02	2.017831e-02	8.454391e+00	1.516678e-01	2.538595e-01	8.631382e-01	1.174060e-01	1.597777e-01	1.877235e+00	9.301907e-01	-3.326461e-06	
3.864123e-01	0.000000e+00	1.011456e-01	2.147783e-01	8.018808e-01	1.015803e+00	9.220333e+00	4.826197e-02	3.915893e-02	3.712298e-01	1.428658e-02	2.007339e-02	8.447290e+00	1.538504e-01	2.535660e-01	8.651621e-01	1.176902e-01	1.596928e-01	1.877519e+00	9.328497e-01	-4.199827e-07	
3.864096e-01	3.928421e-15	1.003776e-01	2.142516e-01	7.979940e-01	1.013214e+00	9.146063e+00	4.832492e-02	3.919781e-02	3.720439e-01	1.429739e-02	2.016103e-02	8.483009e+00	1.525122e-01	2.538104e-01	8.644599e-01	1.172826e-01	1.607816e-01	1.870606e+00	9.268577e-01	6.267712e-08	
3.864123e-01	0.000000e+00	1.016622e-01	2.137588e-01	8.005695e-01	1.014634e+00	9.178014e+00	4.837499e-02	3.929871e-02	3.711849e-01	1.426706e-02	2.017716e-02	8.465303e+00	1.519212e-01	2.539750e-01	8.648146e-01	1.173957e-01	1.604863e-01	1.872425e+00	9.278022e-01	-2.456708e-06	
3.864124e-01	0.000000e+00	1.015917e-01	2.143106e-01	8.030460e-01	1.007579e+00	9.223749e+00	4.845375e-02	3.920699e-02	3.704999e-01	1.425327e-02	2.015068e-02	8.446448e+00	1.518035e-01	2.552842e-01	8.589862e-01	1.174320e-01	1.608791e-01	1.880578e+00	9.265875e-01	-4.834632e-07	
3.864124e-01	0.000000e+00	1.014536e-01	2.122121e-01	7.938641e-01	1.011647e+00	9.141820e+00	4.875138e-02	3.917921e-02	3.701161e-01	1.425680e-02	2.017287e-02	8.442611e+00	1.518512e-01	2.526458e-01	8.626271e-01	1.177676e-01	1.598067e-01	1.873438e+00	9.261555e-01	-5.314078e-07	
3.864124e-01	0.000000e+00	1.006625e-01	2.135497e-01	7.987095e-01	1.011944e+00	9.184992e+00	4.856315e-02	3.928260e-02	3.709149e-01	1.428655e-02	2.006904e-02	8.434092e+00	1.535017e-01	2.550982e-01	8.640372e-01	1.174907e-01	1.603817e-01	1.888378e+00	9.315360e-01	-2.438155e-06	
3.864113e-01	6.376299e-13	1.018072e-01	2.132654e-01	7.996097e-01	1.014009e+00	9.226910e+00	4.877831e-02	3.934604e-02	3.702295e-01	1.428309e-02	2.020064e-02	8.462392e+00	1.513073e-01	2.535237e-01	8.632263e-01	1.177725e-01	1.601763e-01	1.873644e+00	9.275055e-01	7.985173e-07	
3.864127e-01	0.000000e+00	1.012788e-01	2.147942e-01	8.006042e-01	1.015062e+00	9.171715e+00	4.834518e-02	3.936029e-02	3.702097e-01	1.425005e-02	2.014831e-02	8.441004e+00	1.531495e-01	2.547345e-01	8.631840e-01	1.169232e-01	1.610080e-01	1.871885e+00	9.269607e-01	-1.585889e-06	
3.864127e-01	0.000000e+00	1.012552e-01	2.131255e-01	7.916735e-01	1.008715e+00	9.139668e+00	4.899732e-02	3.921792e-02	3.709604e-01	1.427912e-02	2.013324e-02	8.455480e+00	1.517211e-01	2.544812e-01	8.655672e-01	1.173112e-01	1.608671e-01	1.875853e+00	9.278894e-01	-7.792285e-08	
3.864127e-01	0.000000e+00	1.011162e-01	2.136489e-01	7.970331e-01	1.011931e+00	9.165631e+00	4.855701e-02	3.922652e-02	3.705700e-01	1.428232e-02	2.023182e-02	8.460843e+00	1.532766e-01	2.555315e-01	8.625734e-01	1.172580e-01	1.614356e-01	1.877327e+00	9.265412e-01	-4.188213e-06	
3.864127e-01	0.000000e+00	1.015681e-01	2.135729e-01	8.020297e-01	1.013934e+00	9.223755e+00	4.854877e-02	3.926929e-02	3.711866e-01	1.430646e-02	2.020296e-02	8.485029e+00	1.515784e-01	2.537234e-01	8.685424e-01	1.174274e-01	1.613703e-01	1.864166e+00	9.306671e-01	-8.205930e-07	
3.864127e-01	0.000000e+00	1.009298e-01	2.129295e-01	7.945424e-01	1.004700e+00	9.148190e+00	4.904633e-02	3.942653e-02	3.711977e-01	1.428837e-02	2.021319e-02	8.480234e+00	1.516607e-01	2.554470e-01	8.661299e-01	1.177256e-01	1.614823e-01	1.878044e+00	9.322227e-01	-1.236997e-06	
3.864127e-01	0.000000e+00	1.005583e-01	2.135320e-01	7.975290e-01	1.010614e+00	9.194841e+00	4.860855e-02	3.914747e-02	3.699445e-01	1.427344e-02	2.021577e-02	8.454019e+00	1.518999e-01	2.544438e-01	8.635962e-01	1.174338e-01	1.607994e-01	1.877637e+00	9.283974e-01	-3.555355e-06	
3.864127e-01	0.000000e+00	1.015005e-01	2.149927e-01	7.969037e-01	1.010270e+00	9.159971e+00	4.869182e-02	3.937979e-02	3.701949e-01	1.426052e-02	2.002825e-02	8.427881e+00	1.519874e-01	2.533496e-01	8.585734e-01	1.174432e-01	1.601520e-01	1.870430e+00	9.281120e-01	-3.188442e-06	
3.864128e-01	0.000000e+00	1.015302e-01	2.130572e-01	8.004479e-01	1.008141e+00	9.216592e+00	4.870482e-02	3.926620e-02	3.709873e-01	1.430849e-02	2.017400e-02	8.459183e+00	1.539446e-01	2.550604e-01	8.633011e-01	1.171957e-01	1.611589e-01	1.876068e+00	9.293498e-01	-2.018790e-06	
3.864128e-01	0.000000e+00	1.016513e-01	2.141176e-01	7.954018e-01	1.011665e+00	9.156991e+00	4.866286e-02	3.921993e-02	3.697385e-01	1.424999e-02	2.020278e-02	8.440029e+00	1.518704e-01	2.539448e-01	8.609801e-01	1.174819e-01	1.599892e-01	1.875385e+00	9.282749e-01	-4.141595e-06	
3.864128e-01	0.000000e+00	1.003031e-01	2.130326e-01	7.991458e-01	1.013539e+00	9.196481e+00	4.859427e-02	3.918760e-02	3.700045e-01	1.424087e-02	2.014780e-02	8.438269e+00	1.519746e-01	2.527086e-01	8.673362e-01	1.176546e-01	1.600740e-01	1.867113e+00	9.319449e-01	-4.047240e-06	
3.864130e-01	0.000000e+00	1.013477e-01	2.130104e-01	7.983757e-01	1.007511e+00	9.220211e+00	4.901034e-02	3.910964e-02	3.704434e-01	1.427702e-02	2.033712e-02	8.473882e+00	1.526956e-01	2.541526e-01	8.658751e-01	1.177290e-01	1.601976e-01	1.878170e+00	9.305249e-01	-4.236958e-07	
3.864130e-01	0.000000e+00	1.013465e-01	2.135655e-01	7.975568e-01	1.014301e+00	9.157452e+00	4.840719e-02	3.940437e-02	3.697873e-01	1.424723e-02	2.007044e-02	8.419212e+00	1.520444e-01	2.535979e-01	8.574200e-01	1.174765e-01	1.595521e-01	1.881937e+00	9.242601e-01	-3.326076e-06	
3.864131e-01	0.000000e+00	1.010554e-01	2.143720e-01	7.970826e-01	1.010983e+00	9.192158e+00	4.855417e-02	3.907741e-02	3.715163e-01	1.435617e-02	2.006913e-02	8.470092e+00	1.515364e-01	2.544467e-01	8.589746e-01	1.174880e-01	1.597994e-01	1.877829e+00	9.325316e-01	-1.373907e-06	
3.864131e-01	0.000000e+00	1.007843e-01	2.135866e-01	7.946950e-01	1.012072e+00	9.146016e+00	4.864998e-02	3.928012e-02	3.693807e-01	1.423432e-02	2.012449e-02	8.429992e+00	1.508162e-01	2.538105e-01	8.633493e-01	1.173059e-01	1.593217e-01	1.880435e+00	9.297775e-01	-3.760806e-06	
3.864131e-01	0.000000e+00	1.013166e-01	2.130665e-01	7.990380e-01	1.012451e+00	9.196491e+00	4.851379e-02	3.922753e-02	3.687975e-01	1.419984e-02	2.029171e-02	8.423083e+00	1.518688e-01	2.533338e-01	8.627548e-01	1.177310e-01	1.593718e-01	1.885300e+00	9.263568e-01	-2.878786e-06	
3.864077e-01	4.830560e-12	1.009566e-01	2.136870e-01	7.971098e-01	1.011186e+00	9.196616e+00	4.870068e-02	3.903704e-02	3.708235e-01	1.426480e-02	2.030824e-02	8.474738e+00	1.522555e-01	2.538839e-01	8.696997e-01	1.175322e-01	1.611265e-01	1.871323e+00	9.292193e-01	2.197853e-06	
3.864131e-01	0.000000e+00	1.009049e-01	2.161631e-01	8.013380e-01	1.013473e+00	9.193786e+00	4.841551e-02	3.931608e-02	3.699386e-01	1.423435e-02	2.013966e-02	8.424320e+00	1.535480e-01	2.543827e-01	8.614236e-01	1.175162e-01	1.599463e-01	1.880909e+00	9.315086e-01	-2.335901e-06	
3.864131e-01	0.000000e+00	1.001899e-01	2.145880e-01	8.012031e-01	1.013934e+00	9.213149e+00	4.838610e-02	3.915265e-02	3.722539e-01	1.432926e-02	2.023547e-02	8.499625e+00	1.520997e-01	2.540057e-01	8.652745e-01	1.176846e-01	1.606826e-01	1.873004e+00	9.310169e-01	-1.735527e-06	
3.864131e-01	0.000000e+00	1.018496e-01	2.142941e-01	7.977858e-01	1.011438e+00	9.181863e+00	4.868182e-02	3.925218e-02	3.716266e-01	1.431794e-02	2.024049e-02	8.487282e+00	1.527980e-01	2.531039e-01	8.628688e-01	1.175602e-01	1.593502e-01	1.880864e+00	9.271362e-01	-4.688507e-06	
3.864131e-01	0.000000e+00	1.006828e-01	2.141717e-01	8.020431e-01	1.017089e+00	9.217168e+00	4.819764e-02	3.917394e-02	3.707197e-01	1.426239e-02	2.012240e-02	8.440421e+00	1.525691e-01	2.527507e-01	8.634043e-01	1.178119e-01	1.596672e-01	1.875880e+00	9.289930e-01	-2.574448e-06	
3.864132e-01	0.000000e+00	1.003741e-01	2.136273e-01	7.966988e-01	1.014401e+00	9.178791e+00	4.854469e-02	3.915690e-02	3.706568e-01	1.427201e-02	2.013663e-02	8.446604e+00	1.529513e-01	2.532028e-01	8.637577e-01	1.175924e-01	1.590674e-01	1.884817e+00	9.276056e-01	-4.498566e-06	
3.864133e-01	0.000000e+00	1.019302e-01	2.132966e-01	8.010510e-01	1.013416e+00	9.167183e+00	4.829043e-02	3.937769e-02	3.702029e-01	1.425060e-02	2.020662e-02	8.446356e+00	1.523755e-01	2.552825e-01	8.618003e-01	1.176560e-01	1.613910e-01	1.877363e+00	9.282552e-01	-5.349882e-06	
3.864135e-01	0.000000e+00	1.007254e-01	2.133450e-01	8.014292e-01	1.011753e+00	9.204245e+00	4.853269e-02	3.933401e-02	3.722637e-01	1.434518e-02	2.019751e-02	8.500457e+00	1.519622e-01	2.539813e-01	8.650709e-01	1.175774e-01	1.610745e-01	1.867069e+00	9.320060e-01	-4.281377e-06	
3.864135e-01	0.000000e+00	1.007375e-01	2.149573e-01	8.004031e-01	1.008077e+00	9.226393e+00	4.874338e-02	3.912659e-02	3.712707e-01	1.429447e-02	2.026759e-02	8.477411e+00	1.531917e-01	2.527916e-01	8.635270e-01	1.177351e-01	1.595762e-01	1.874527e+00	9.309556e-01	-2.683972e-06	
3.864135e-01	0.000000e+00	1.007309e-01	2.155716e-01	8.018172e-01	1.015161e+00	9.212590e+00	4.832436e-02	3.921056e-02	3.699236e-01	1.424621e-02	2.008869e-02	8.421295e+00	1.525440e-01	2.546054e-01	8.629435e-01	1.170590e-01	1.603138e-01	1.877694e+00	9.304360e-01	-3.848258e-06	
3.864135e-01	0.000000e+00	1.016280e-01	2.126635e-01	7.993734e-01	1.010991e+00	9.214622e+00	4.872567e-02	3.924281e-02	3.702760e-01	1.425483e-02	2.020032e-02	8.441989e+00	1.522456e-01	2.546852e-01	8.607897e-01	1.176574e-01	1.600467e-01	1.891920e+00	9.227350e-01	-2.861098e-06	
3.864136e-01	0.000000e+00	1.013815e-01	2.130646e-01	8.021198e-01	1.007753e+00	9.225518e+00	4.883678e-02	3.935654e-02	3.703277e-01	1.423710e-02	2.022128e-02	8.442502e+00	1.523581e-01	2.541339e-01	8.636232e-01	1.177068e-01	1.604826e-01	1.880045e+00	9.282697e-01	-5.780025e-07	
3.864136e-01	0.000000e+00	1.004641e-01	2.131052e-01	8.021640e-01	1.015677e+00	9.222776e+00	4.831267e-02	3.909597e-02	3.715708e-01	1.430467e-02	2.007389e-02	8.457448e+00	1.520925e-01	2.547568e-01	8.647502e-01	1.179438e-01	1.600685e-01	1.881434e+00	9.344784e-01	-6.691972e-07	
3.864136e-01	0.000000e+00	9.975929e-02	2.137433e-01	7.934366e-01	1.010572e+00	9.136631e+00	4.874568e-02	3.923398e-02	3.712716e-01	1.427859e-02	2.018507e-02	8.478631e+00	1.522122e-01	2.537682e-01	8.676314e-01	1.177101e-01	1.609810e-01	1.870056e+00	9.303011e-01	-2.027413e-06	
3.864137e-01	0.000000e+00	1.008355e-01	2.138661e-01	7.966142e-01	1.007307e+00	9.189585e+00	4.871710e-02	3.903873e-02	3.710623e-01	1.429043e-02	2.013373e-02	8.460116e+00	1.517582e-01	2.542748e-01	8.639768e-01	1.172946e-01	1.601953e-01	1.873814e+00	9.320445e-01	-3.146635e-06	
3.864137e-01	0.000000e+00	1.008546e-01	2.153028e-01	7.980935e-01	1.012872e+00	9.193747e+00	4.874029e-02	3.939470e-02	3.700947e-01	1.425766e-02	2.008895e-02	8.439880e+00	1.509575e-01	2.530586e-01	8.610921e-01	1.173771e-01	1.604256e-01	1.867493e+00	9.266002e-01	-3.369599e-06	
3.864137e-01	0.000000e+00	1.022945e-01	2.144983e-01	7.942914e-01	1.009135e+00	9.135023e+00	4.871797e-02	3.924144e-02	3.705176e-01	1.427623e-02	2.012520e-02	8.442390e+00	1.525950e-01	2.546306e-01	8.590563e-01	1.171759e-01	1.612769e-01	1.872132e+00	9.248127e-01	-2.394310e-06	
3.864137e-01	0.000000e+00	1.011082e-01	2.146731e-01	7.960526e-01	1.014678e+00	9.115289e+00	4.839700e-02	3.950752e-02	3.702322e-01	1.424861e-02	2.012875e-02	8.449045e+00	1.504795e-01	2.543697e-01	8.576824e-01	1.175832e-01	1.612132e-01	1.871788e+00	9.234074e-01	-2.545053e-06	
3.864138e-01	0.000000e+00	1.013813e-01	2.119820e-01	7.964400e-01	1.008780e+00	9.157246e+00	4.863997e-02	3.916833e-02	3.718949e-01	1.432633e-02	2.008620e-02	8.487574e+00	1.506823e-01	2.542017e-01	8.665195e-01	1.176060e-01	1.610754e-01	1.869952e+00	9.316129e-01	-7.369796e-07	
3.864138e-01	0.000000e+00	1.016662e-01	2.135536e-01	8.003572e-01	1.011147e+00	9.215392e+00	4.857112e-02	3.909161e-02	3.703270e-01	1.424252e-02	2.022051e-02	8.447727e+00	1.520790e-01	2.539002e-01	8.635467e-01	1.175745e-01	1.600954e-01	1.876979e+00	9.274823e-01	-3.931281e-06	
3.864139e-01	0.000000e+00	1.014722e-01	2.155517e-01	7.958940e-01	1.010071e+00	9.169100e+00	4.857151e-02	3.906691e-02	3.718187e-01	1.430799e-02	2.016957e-02	8.484278e+00	1.524988e-01	2.532906e-01	8.633821e-01	1.171337e-01	1.606888e-01	1.863957e+00	9.269447e-01	-4.117155e-06	
3.864141e-01	0.000000e+00	1.011709e-01	2.120083e-01	7.995341e-01	1.012957e+00	9.170960e+00	4.854732e-02	3.935402e-02	3.703755e-01	1.429621e-02	2.014954e-02	8.448701e+00	1.521143e-01	2.536642e-01	8.622034e-01	1.178838e-01	1.604881e-01	1.878065e+00	9.299550e-01	-2.313191e-06	
3.864141e-01	0.000000e+00	1.007875e-01	2.140995e-01	7.989653e-01	1.009985e+00	9.185177e+00	4.859178e-02	3.913881e-02	3.722167e-01	1.429142e-02	2.014229e-02	8.491318e+00	1.521986e-01	2.530859e-01	8.661844e-01	1.176314e-01	1.597065e-01	1.876327e+00	9.279555e-01	-2.443577e-06	
3.864141e-01	0.000000e+00	1.007735e-01	2.133431e-01	7.970261e-01	1.010944e+00	9.192700e+00	4.882496e-02	3.928015e-02	3.714513e-01	1.432207e-02	2.023725e-02	8.474903e+00	1.527690e-01	2.522888e-01	8.608458e-01	1.179353e-01	1.587745e-01	1.883386e+00	9.274751e-01	-4.692869e-07	
3.864142e-01	0.000000e+00	1.010828e-01	2.132190e-01	8.018171e-01	1.013204e+00	9.210073e+00	4.841555e-02	3.921421e-02	3.693512e-01	1.420311e-02	2.022014e-02	8.433588e+00	1.519378e-01	2.546591e-01	8.645682e-01	1.174288e-01	1.607403e-01	1.877761e+00	9.261395e-01	-3.168053e-06	
3.864143e-01	0.000000e+00	1.004723e-01	2.149759e-01	8.000826e-01	1.005324e+00	9.249334e+00	4.891103e-02	3.903585e-02	3.702058e-01	1.424960e-02	2.025126e-02	8.452822e+00	1.515912e-01	2.541636e-01	8.651800e-01	1.173502e-01	1.608268e-01	1.876060e+00	9.293639e-01	-1.721706e-06	
3.864143e-01	0.000000e+00	1.009869e-01	2.149412e-01	8.018127e-01	1.010254e+00	9.224466e+00	4.856458e-02	3.929441e-02	3.700665e-01	1.423169e-02	2.027684e-02	8.450894e+00	1.522150e-01	2.537367e-01	8.621140e-01	1.177473e-01	1.594311e-01	1.888762e+00	9.268818e-01	-2.854221e-06	
3.864144e-01	0.000000e+00	1.004760e-01	2.147459e-01	7.992652e-01	1.013815e+00	9.204594e+00	4.867103e-02	3.925196e-02	3.699363e-01	1.425299e-02	2.017567e-02	8.439004e+00	1.520846e-01	2.534764e-01	8.598954e-01	1.173862e-01	1.600313e-01	1.872416e+00	9.257505e-01	-3.990747e-06	
3.864145e-01	0.000000e+00	1.004939e-01	2.155920e-01	8.006065e-01	1.021672e+00	9.166499e+00	4.810099e-02	3.946520e-02	3.707230e-01	1.427225e-02	2.016329e-02	8.460264e+00	1.523069e-01	2.547619e-01	8.601466e-01	1.174612e-01	1.609163e-01	1.874740e+00	9.249154e-01	-2.743614e-06	
3.864145e-01	0.000000e+00	1.001921e-01	2.146341e-01	8.030906e-01	1.015125e+00	9.212489e+00	4.804625e-02	3.909237e-02	3.712427e-01	1.425853e-02	2.016648e-02	8.458689e+00	1.534791e-01	2.545073e-01	8.640355e-01	1.177515e-01	1.598569e-01	1.884635e+00	9.299329e-01	-5.241070e-07	
3.864145e-01	0.000000e+00	1.005903e-01	2.141357e-01	7.992340e-01	1.012207e+00	9.205323e+00	4.867229e-02	3.930503e-02	3.696395e-01	1.424226e-02	2.028162e-02	8.451100e+00	1.510778e-01	2.537355e-01	8.600356e-01	1.175721e-01	1.605868e-01	1.873592e+00	9.240770e-01	-2.361300e-06	
3.864145e-01	0.000000e+00	1.010792e-01	2.139386e-01	8.008299e-01	1.012653e+00	9.185136e+00	4.820282e-02	3.913862e-02	3.720075e-01	1.432861e-02	2.024503e-02	8.495442e+00	1.525739e-01	2.564934e-01	8.607760e-01	1.177585e-01	1.616653e-01	1.887718e+00	9.268550e-01	-3.903551e-06	
3.864146e-01	0.000000e+00	1.002768e-01	2.148433e-01	8.020020e-01	1.010370e+00	9.216891e+00	4.831614e-02	3.901884e-02	3.716944e-01	1.429542e-02	2.024926e-02	8.481150e+00	1.536564e-01	2.540892e-01	8.635280e-01	1.175366e-01	1.599641e-01	1.885070e+00	9.280087e-01	-3.869256e-06	
3.864147e-01	0.000000e+00	9.994263e-02	2.153528e-01	7.984628e-01	1.011743e+00	9.196114e+00	4.852062e-02	3.895657e-02	3.717442e-01	1.432223e-02	2.026985e-02	8.497784e+00	1.522483e-01	2.531357e-01	8.649729e-01	1.175365e-01	1.595261e-01	1.876401e+00	9.311414e-01	-2.130158e-06	
3.864048e-01	9.005771e-14	1.004243e-01	2.144898e-01	7.984285e-01	1.011162e+00	9.192300e+00	4.872046e-02	3.930603e-02	3.702995e-01	1.425946e-02	2.019145e-02	8.444274e+00	1.530560e-01	2.534478e-01	8.627303e-01	1.174559e-01	1.600560e-01	1.875929e+00	9.280834e-01	3.000962e-07	
3.864147e-01	0.000000e+00	1.010067e-01	2.124038e-01	7.969870e-01	1.009868e+00	9.180359e+00	4.875340e-02	3.925154e-02	3.704390e-01	1.424673e-02	2.014127e-02	8.438029e+00	1.527641e-01	2.541855e-01	8.662711e-01	1.177672e-01	1.605981e-01	1.879611e+00	9.298911e-01	-5.163238e-06	
3.864148e-01	0.000000e+00	1.016702e-01	2.141662e-01	8.039156e-01	1.009390e+00	9.250563e+00	4.849412e-02	3.899632e-02	3.707245e-01	1.428149e-02	2.026200e-02	8.466372e+00	1.521799e-01	2.543050e-01	8.622549e-01	1.175683e-01	1.601636e-01	1.883918e+00	9.276789e-01	-3.922225e-06	
3.864148e-01	0.000000e+00	9.973863e-02	2.161905e-01	7.994869e-01	1.015463e+00	9.191983e+00	4.822513e-02	3.905338e-02	3.727019e-01	1.434940e-02	2.008451e-02	8.496620e+00	1.524801e-01	2.540263e-01	8.610501e-01	1.178491e-01	1.598787e-01	1.879020e+00	9.305415e-01	-1.851356e-06	
3.864149e-01	0.000000e+00	1.016707e-01	2.142906e-01	7.962557e-01	1.010530e+00	9.157832e+00	4.858896e-02	3.918534e-02	3.699607e-01	1.423746e-02	2.020063e-02	8.446268e+00	1.521797e-01	2.529176e-01	8.624249e-01	1.173260e-01	1.600161e-01	1.870329e+00	9.255400e-01	-3.514349e-06	
3.864149e-01	0.000000e+00	1.014196e-01	2.130491e-01	8.000881e-01	1.012299e+00	9.175965e+00	4.839430e-02	3.915157e-02	3.711669e-01	1.432572e-02	2.012622e-02	8.459981e+00	1.534833e-01	2.543398e-01	8.611013e-01	1.173427e-01	1.605886e-01	1.876145e+00	9.291677e-01	-3.262813e-06	
3.864149e-01	0.000000e+00	1.010896e-01	2.156297e-01	7.990886e-01	1.008195e+00	9.212525e+00	4.882794e-02	3.941285e-02	3.710284e-01	1.425839e-02	2.011532e-02	8.466587e+00	1.501879e-01	2.541526e-01	8.647677e-01	1.173815e-01	1.603448e-01	1.874901e+00	9.297935e-01	-3.033154e-06	
3.864150e-01	0.000000e+00	1.012167e-01	2.134181e-01	7.998960e-01	1.012725e+00	9.205258e+00	4.857761e-02	3.926030e-02	3.702905e-01	1.430302e-02	2.016451e-02	8.448572e+00	1.516843e-01	2.545658e-01	8.582322e-01	1.171859e-01	1.600462e-01	1.877138e+00	9.278284e-01	-4.764884e-06	
3.864150e-01	0.000000e+00	1.016178e-01	2.136014e-01	7.977324e-01	1.010617e+00	9.167542e+00	4.857865e-02	3.933712e-02	3.702014e-01	1.424945e-02	2.007853e-02	8.425122e+00	1.535152e-01	2.543290e-01	8.612677e-01	1.172380e-01	1.599896e-01	1.881873e+00	9.268471e-01	-1.557029e-07	
3.864151e-01	0.000000e+00	1.007403e-01	2.148262e-01	7.996411e-01	1.013018e+00	9.217980e+00	4.860907e-02	3.925530e-02	3.704397e-01	1.427217e-02	2.024143e-02	8.459945e+00	1.527371e-01	2.530910e-01	8.597033e-01	1.177591e-01	1.598137e-01	1.876047e+00	9.251088e-01	-6.242140e-06	
3.864152e-01	0.000000e+00	1.020410e-01	2.139231e-01	7.981480e-01	1.010924e+00	9.175551e+00	4.843809e-02	3.916236e-02	3.702290e-01	1.425876e-02	2.017651e-02	8.451619e+00	1.516717e-01	2.554440e-01	8.569297e-01	1.174018e-01	1.604498e-01	1.885237e+00	9.220611e-01	-6.074418e-07	
3.864152e-01	0.000000e+00	1.007481e-01	2.154058e-01	8.022525e-01	1.015735e+00	9.216702e+00	4.835363e-02	3.934156e-02	3.700146e-01	1.424359e-02	2.024190e-02	8.445095e+00	1.517623e-01	2.538326e-01	8.624420e-01	1.177061e-01	1.593974e-01	1.884152e+00	9.304527e-01	-2.985321e-06	
3.864073e-01	6.347977e-13	1.008745e-01	2.146442e-01	7.990840e-01	1.007214e+00	9.189345e+00	4.858418e-02	3.900781e-02	3.702232e-01	1.424696e-02	2.015269e-02	8.435927e+00	1.527245e-01	2.546057e-01	8.656120e-01	1.172972e-01	1.601999e-01	1.881281e+00	9.336174e-01	7.967419e-07	
3.864152e-01	0.000000e+00	1.009644e-01	2.139425e-01	7.999722e-01	1.013100e+00	9.175479e+00	4.848343e-02	3.945774e-02	3.711999e-01	1.429182e-02	2.011090e-02	8.461410e+00	1.512652e-01	2.551128e-01	8.600544e-01	1.174866e-01	1.619504e-01	1.868742e+00	9.268634e-01	-3.722775e-06	
3.864154e-01	0.000000e+00	1.002952e-01	2.155262e-01	7.974934e-01	1.012436e+00	9.181681e+00	4.859744e-02	3.920263e-02	3.716140e-01	1.430687e-02	2.005239e-02	8.460824e+00	1.515440e-01	2.534499e-01	8.626114e-01	1.175209e-01	1.593084e-01	1.882296e+00	9.309415e-01	-2.137116e-06	
3.864106e-01	8.546698e-13	1.014728e-01	2.142097e-01	8.004450e-01	1.008938e+00	9.185572e+00	4.852454e-02	3.915265e-02	3.704433e-01	1.425972e-02	2.024819e-02	8.461340e+00	1.531960e-01	2.537219e-01	8.641993e-01	1.175059e-01	1.605229e-01	1.870470e+00	9.306153e-01	9.244835e-07	
3.864154e-01	0.000000e+00	1.025362e-01	2.131372e-01	7.952672e-01	1.008027e+00	9.157751e+00	4.887459e-02	3.926714e-02	3.712182e-01	1.428900e-02	2.003355e-02	8.449228e+00	1.515522e-01	2.545260e-01	8.588118e-01	1.173752e-01	1.607256e-01	1.871047e+00	9.256354e-01	-2.277121e-06	
3.864155e-01	0.000000e+00	1.012176e-01	2.127470e-01	7.988355e-01	1.010472e+00	9.210311e+00	4.876842e-02	3.929246e-02	3.705682e-01	1.427119e-02	2.027035e-02	8.465096e+00	1.514792e-01	2.537616e-01	8.652804e-01	1.175674e-01	1.604481e-01	1.876339e+00	9.278459e-01	-3.399773e-06	
3.864156e-01	0.000000e+00	1.008981e-01	2.134251e-01	7.998967e-01	1.010911e+00	9.186839e+00	4.856974e-02	3.919651e-02	3.707740e-01	1.428936e-02	2.016477e-02	8.465465e+00	1.517299e-01	2.539564e-01	8.667648e-01	1.174472e-01	1.603472e-01	1.871452e+00	9.347008e-01	-4.121528e-06	
3.864156e-01	0.000000e+00	1.010320e-01	2.142663e-01	7.984631e-01	1.011305e+00	9.156128e+00	4.816022e-02	3.899554e-02	3.722179e-01	1.432398e-02	2.009081e-02	8.484357e+00	1.522015e-01	2.546898e-01	8.632854e-01	1.174150e-01	1.606152e-01	1.872374e+00	9.323531e-01	-2.292892e-06	
3.864158e-01	0.000000e+00	1.012846e-01	2.142117e-01	7.985556e-01	1.012356e+00	9.182431e+00	4.844539e-02	3.919156e-02	3.703267e-01	1.427516e-02	2.018274e-02	8.453484e+00	1.518808e-01	2.545028e-01	8.597946e-01	1.171048e-01	1.608107e-01	1.871798e+00	9.252244e-01	-5.317186e-06	
3.864158e-01	0.000000e+00	1.008759e-01	2.141397e-01	8.000319e-01	1.009525e+00	9.196821e+00	4.863572e-02	3.927576e-02	3.708496e-01	1.428783e-02	2.020615e-02	8.470203e+00	1.520553e-01	2.543875e-01	8.646091e-01	1.175317e-01	1.609859e-01	1.873555e+00	9.313720e-01	-5.503429e-06	
3.864158e-01	0.000000e+00	1.011882e-01	2.131328e-01	7.992418e-01	1.015270e+00	9.172024e+00	4.847608e-02	3.941936e-02	3.709161e-01	1.427649e-02	2.007091e-02	8.449320e+00	1.518914e-01	2.539019e-01	8.626622e-01	1.175353e-01	1.605622e-01	1.877289e+00	9.255694e-01	-5.055684e-06	
3.864161e-01	0.000000e+00	1.017661e-01	2.126542e-01	7.997531e-01	1.008569e+00	9.212967e+00	4.882414e-02	3.938956e-02	3.708052e-01	1.429841e-02	2.015838e-02	8.462543e+00	1.513099e-01	2.555453e-01	8.599006e-01	1.176195e-01	1.616307e-01	1.880189e+00	9.250696e-01	-2.447287e-06	
3.864161e-01	0.000000e+00	1.008543e-01	2.116884e-01	7.974663e-01	1.011397e+00	9.162025e+00	4.867632e-02	3.941274e-02	3.711410e-01	1.427434e-02	2.010538e-02	8.458762e+00	1.519023e-01	2.558255e-01	8.661074e-01	1.175602e-01	1.612343e-01	1.883920e+00	9.286992e-01	-5.187153e-06	
3.864162e-01	0.000000e+00	1.014986e-01	2.118256e-01	7.946439e-01	1.012843e+00	9.185904e+00	4.895473e-02	3.923399e-02	3.707081e-01	1.429921e-02	2.003207e-02	8.436639e+00	1.522372e-01	2.551813e-01	8.633625e-01	1.178323e-01	1.599548e-01	1.895864e+00	9.274392e-01	-2.766096e-06	
3.864162e-01	0.000000e+00	1.004192e-01	2.146631e-01	7.963654e-01	1.006159e+00	9.154710e+00	4.873986e-02	3.928584e-02	3.713205e-01	1.427488e-02	2.030766e-02	8.488018e+00	1.526221e-01	2.549502e-01	8.613468e-01	1.172832e-01	1.605186e-01	1.883644e+00	9.244800e-01	-3.823470e-06	
3.864164e-01	0.000000e+00	1.005916e-01	2.140056e-01	8.010848e-01	1.015542e+00	9.214197e+00	4.870517e-02	3.945118e-02	3.695168e-01	1.423786e-02	2.015525e-02	8.424013e+00	1.528702e-01	2.526204e-01	8.631025e-01	1.177759e-01	1.594381e-01	1.878049e+00	9.286615e-01	-2.971378e-06	
3.864165e-01	0.000000e+00	1.012731e-01	2.130691e-01	7.969366e-01	1.013878e+00	9.177381e+00	4.865319e-02	3.934706e-02	3.692399e-01	1.423220e-02	2.016136e-02	8.419410e+00	1.519746e-01	2.549100e-01	8.662209e-01	1.175311e-01	1.609855e-01	1.882434e+00	9.301034e-01	-6.005922e-06	
3.864167e-01	0.000000e+00	1.005075e-01	2.141727e-01	8.018555e-01	1.013926e+00	9.194269e+00	4.821094e-02	3.914933e-02	3.705532e-01	1.425853e-02	2.016523e-02	8.453828e+00	1.520263e-01	2.531888e-01	8.644470e-01	1.173994e-01	1.603741e-01	1.870136e+00	9.289321e-01	-7.440283e-06	
3.864067e-01	3.178366e-13	1.007972e-01	2.136503e-01	8.011741e-01	1.011734e+00	9.226299e+00	4.870124e-02	3.928355e-02	3.705633e-01	1.427012e-02	2.011806e-02	8.440956e+00	1.517023e-01	2.542714e-01	8.607471e-01	1.175651e-01	1.609629e-01	1.876115e+00	9.255098e-01	5.637700e-07	
3.864167e-01	0.000000e+00	1.014386e-01	2.160025e-01	8.022858e-01	1.012996e+00	9.224869e+00	4.854814e-02	3.938352e-02	3.704439e-01	1.427483e-02	2.020972e-02	8.453527e+00	1.523916e-01	2.551121e-01	8.562933e-01	1.175824e-01	1.597497e-01	1.885579e+00	9.273653e-01	-7.428387e-06	
3.864168e-01	0.000000e+00	1.019609e-01	2.124043e-01	7.966352e-01	1.010396e+00	9.152660e+00	4.851293e-02	3.910792e-02	3.712960e-01	1.429838e-02	2.022629e-02	8.465595e+00	1.534202e-01	2.542134e-01	8.650929e-01	1.172474e-01	1.612077e-01	1.870070e+00	9.282744e-01	-2.975581e-06	
3.864168e-01	0.000000e+00	1.012677e-01	2.124142e-01	7.997058e-01	1.014542e+00	9.192348e+00	4.839150e-02	3.929341e-02	3.706861e-01	1.428374e-02	2.009921e-02	8.451945e+00	1.519696e-01	2.552007e-01	8.627506e-01	1.175863e-01	1.595279e-01	1.893473e+00	9.283015e-01	-3.705335e-06	
3.864170e-01	0.000000e+00	1.004509e-01	2.145844e-01	7.981163e-01	1.008017e+00	9.204468e+00	4.876492e-02	3.914562e-02	3.708347e-01	1.426726e-02	2.035657e-02	8.480802e+00	1.526311e-01	2.530709e-01	8.662533e-01	1.177269e-01	1.600983e-01	1.879649e+00	9.281752e-01	-2.182400e-06	
3.864170e-01	0.000000e+00	1.000278e-01	2.144751e-01	7.973177e-01	1.016151e+00	9.163894e+00	4.840343e-02	3.910692e-02	3.720309e-01	1.429842e-02	2.010306e-02	8.478085e+00	1.524429e-01	2.530863e-01	8.689476e-01	1.175522e-01	1.603177e-01	1.869939e+00	9.310600e-01	-2.486562e-06	
3.864170e-01	0.000000e+00	1.002144e-01	2.126769e-01	8.013512e-01	1.014800e+00	9.202213e+00	4.832815e-02	3.918276e-02	3.704656e-01	1.425819e-02	2.017144e-02	8.444636e+00	1.517139e-01	2.538131e-01	8.617688e-01	1.178394e-01	1.600550e-01	1.881406e+00	9.270676e-01	-7.647824e-06	
3.864170e-01	0.000000e+00	1.010747e-01	2.120892e-01	7.986766e-01	1.015815e+00	9.157112e+00	4.837958e-02	3.930327e-02	3.696653e-01	1.423649e-02	2.013473e-02	8.429572e+00	1.517372e-01	2.551166e-01	8.626867e-01	1.177087e-01	1.604487e-01	1.887885e+00	9.266627e-01	-2.597259e-06	
3.864170e-01	0.000000e+00	1.013741e-01	2.130259e-01	7.993516e-01	1.013835e+00	9.184520e+00	4.835518e-02	3.916255e-02	3.709119e-01	1.428143e-02	2.003920e-02	8.438640e+00	1.518464e-01	2.535639e-01	8.631441e-01	1.176045e-01	1.601416e-01	1.869666e+00	9.323065e-01	-3.562563e-06	
3.864170e-01	0.000000e+00	1.011654e-01	2.141397e-01	8.016086e-01	1.013018e+00	9.201637e+00	4.830885e-02	3.902663e-02	3.715843e-01	1.428560e-02	2.017364e-02	8.476296e+00	1.529040e-01	2.535405e-01	8.674899e-01	1.178581e-01	1.601253e-01	1.875562e+00	9.327406e-01	-3.355540e-06	
3.864171e-01	0.000000e+00	1.007486e-01	2.133257e-01	7.982858e-01	1.010528e+00	9.186850e+00	4.857972e-02	3.912986e-02	3.710854e-01	1.430614e-02	2.019042e-02	8.462774e+00	1.528734e-01	2.539669e-01	8.580946e-01	1.176646e-01	1.598883e-01	1.881729e+00	9.257824e-01	-6.151136e-06	
3.864171e-01	0.000000e+00	1.001784e-01	2.125750e-01	8.021917e-01	1.011470e+00	9.219511e+00	4.866057e-02	3.930557e-02	3.709331e-01	1.429579e-02	2.019774e-02	8.461383e+00	1.528466e-01	2.536857e-01	8.671170e-01	1.178045e-01	1.600664e-01	1.877830e+00	9.352058e-01	-3.812167e-06	
3.864056e-01	8.608305e-16	1.003828e-01	2.137104e-01	7.968789e-01	1.010798e+00	9.186927e+00	4.872781e-02	3.919661e-02	3.707547e-01	1.426615e-02	2.014422e-02	8.456286e+00	1.523323e-01	2.547774e-01	8.658078e-01	1.178046e-01	1.616440e-01	1.877428e+00	9.277538e-01	2.933991e-08	
3.864171e-01	0.000000e+00	1.002506e-01	2.149117e-01	7.982561e-01	1.009031e+00	9.177942e+00	4.849057e-02	3.901956e-02	3.701838e-01	1.425067e-02	2.026523e-02	8.457199e+00	1.526988e-01	2.544969e-01	8.655475e-01	1.174781e-01	1.600899e-01	1.886764e+00	9.310048e-01	-3.232708e-06	
3.864172e-01	0.000000e+00	1.011701e-01	2.128267e-01	7.992986e-01	1.009155e+00	9.177013e+00	4.873326e-02	3.950206e-02	3.698428e-01	1.421926e-02	2.020911e-02	8.435942e+00	1.524227e-01	2.547857e-01	8.606404e-01	1.181146e-01	1.595433e-01	1.896668e+00	9.271042e-01	-2.686738e-06	
3.864173e-01	0.000000e+00	1.020286e-01	2.132544e-01	8.015000e-01	1.015091e+00	9.161792e+00	4.821240e-02	3.933454e-02	3.717208e-01	1.432046e-02	2.012087e-02	8.466024e+00	1.534683e-01	2.546595e-01	8.618294e-01	1.174678e-01	1.610193e-01	1.873764e+00	9.295674e-01	-4.725483e-06	
3.864174e-01	0.000000e+00	1.008356e-01	2.150835e-01	8.009887e-01	1.012468e+00	9.229857e+00	4.853531e-02	3.921945e-02	3.707575e-01	1.426058e-02	2.011967e-02	8.444816e+00	1.529503e-01	2.554081e-01	8.628150e-01	1.174552e-01	1.604777e-01	1.882323e+00	9.296910e-01	-3.059664e-06	
3.864175e-01	0.000000e+00	9.990729e-02	2.142871e-01	8.022752e-01	1.012035e+00	9.240553e+00	4.860755e-02	3.912526e-02	3.718213e-01	1.435134e-02	2.014460e-02	8.487540e+00	1.515267e-01	2.553638e-01	8.617389e-01	1.173942e-01	1.610264e-01	1.876745e+00	9.306540e-01	-4.608872e-06	
3.864095e-01	2.733578e-14	1.008765e-01	2.139539e-01	7.998057e-01	1.014975e+00	9.192949e+00	4.852229e-02	3.943531e-02	3.710974e-01	1.426728e-02	2.014000e-02	8.458924e+00	1.523364e-01	2.553812e-01	8.609545e-01	1.177265e-01	1.602135e-01	1.882539e+00	9.276498e-01	1.653354e-07	
3.864175e-01	0.000000e+00	1.008488e-01	2.165210e-01	8.006610e-01	1.014637e+00	9.194635e+00	4.826180e-02	3.903885e-02	3.713120e-01	1.429484e-02	2.018735e-02	8.465881e+00	1.528510e-01	2.527364e-01	8.598746e-01	1.176950e-01	1.591472e-01	1.881172e+00	9.276738e-01	-5.904304e-07	
3.864176e-01	0.000000e+00	1.015170e-01	2.129073e-01	7.949385e-01	1.009364e+00	9.196082e+00	4.892636e-02	3.907407e-02	3.704988e-01	1.426875e-02	2.011119e-02	8.438558e+00	1.519590e-01	2.543071e-01	8.629949e-01	1.177713e-01	1.600629e-01	1.888010e+00	9.263096e-01	-6.371222e-06	
3.864092e-01	2.174083e-13	1.003011e-01	2.153279e-01	8.024121e-01	1.006389e+00	9.211435e+00	4.861255e-02	3.919458e-02	3.711884e-01	1.425848e-02	2.015298e-02	8.457308e+00	1.524065e-01	2.546887e-01	8.624316e-01	1.175227e-01	1.604372e-01	1.882261e+00	9.301820e-01	4.662707e-07	
3.864176e-01	0.000000e+00	1.013631e-01	2.141659e-01	8.024142e-01	1.014602e+00	9.214972e+00	4.845952e-02	3.944124e-02	3.698598e-01	1.424799e-02	2.028183e-02	8.458519e+00	1.511204e-01	2.531280e-01	8.581409e-01	1.177491e-01	1.597518e-01	1.874879e+00	9.236868e-01	-5.134817e-06	
3.864176e-01	0.000000e+00	1.007461e-01	2.152935e-01	7.973907e-01	1.010103e+00	9.175676e+00	4.874340e-02	3.922240e-02	3.707248e-01	1.426734e-02	2.011114e-02	8.448888e+00	1.517209e-01	2.529414e-01	8.616972e-01	1.173141e-01	1.600405e-01	1.865621e+00	9.295867e-01	-7.256709e-06	
3.864089e-01	2.962828e-13	1.016977e-01	2.139000e-01	7.985495e-01	1.013196e+00	9.168603e+00	4.846645e-02	3.930361e-02	3.717552e-01	1.430573e-02	2.007910e-02	8.458363e+00	1.527109e-01	2.549111e-01	8.622264e-01	1.175145e-01	1.609363e-01	1.874472e+00	9.301353e-01	5.443186e-07	
3.864176e-01	0.000000e+00	1.013624e-01	2.143706e-01	7.964422e-01	1.002096e+00	9.189910e+00	4.912679e-02	3.924133e-02	3.708486e-01	1.426134e-02	2.021529e-02	8.468217e+00	1.516990e-01	2.538593e-01	8.666234e-01	1.172898e-01	1.605775e-01	1.869865e+00	9.321264e-01	-3.838935e-06	
3.864179e-01	0.000000e+00	1.008521e-01	2.143588e-01	7.955545e-01	1.013375e+00	9.169010e+00	4.868845e-02	3.929807e-02	3.709695e-01	1.428751e-02	2.016561e-02	8.453403e+00	1.526054e-01	2.535341e-01	8.625560e-01	1.177808e-01	1.610336e-01	1.867952e+00	9.290982e-01	-5.720605e-06	
3.864101e-01	2.645736e-14	1.011199e-01	2.148938e-01	8.015557e-01	1.018086e+00	9.207320e+00	4.834953e-02	3.927180e-02	3.707346e-01	1.426042e-02	2.016622e-02	8.453405e+00	1.531050e-01	2.544573e-01	8.644216e-01	1.175684e-01	1.595636e-01	1.887625e+00	9.277327e-01	1.626572e-07	
3.864180e-01	0.000000e+00	9.996437e-02	2.139844e-01	7.961417e-01	1.010571e+00	9.156673e+00	4.862873e-02	3.926262e-02	3.702811e-01	1.424736e-02	2.018543e-02	8.448966e+00	1.521067e-01	2.549848e-01	8.670889e-01	1.173451e-01	1.610491e-01	1.878410e+00	9.314337e-01	-7.601309e-06	
3.864151e-01	7.814514e-13	1.012891e-01	2.160351e-01	8.022494e-01	1.015103e+00	9.228998e+00	4.822568e-02	3.897935e-02	3.709896e-01	1.429080e-02	2.022535e-02	8.475597e+00	1.532719e-01	2.533493e-01	8.622947e-01	1.176485e-01	1.594193e-01	1.876199e+00	9.293343e-01	8.839974e-07	
3.864185e-01	0.000000e+00	1.000715e-01	2.120492e-01	7.996390e-01	1.013797e+00	9.187437e+00	4.853037e-02	3.943050e-02	3.702823e-01	1.425552e-02	2.016878e-02	8.457712e+00	1.507213e-01	2.547385e-01	8.647958e-01	1.177083e-01	1.604798e-01	1.882987e+00	9.279690e-01	-7.552663e-06	
3.864186e-01	0.000000e+00	1.019415e-01	2.130874e-01	7.988230e-01	1.007284e+00	9.209253e+00	4.866241e-02	3.887582e-02	3.727267e-01	1.438061e-02	2.009854e-02	8.500637e+00	1.518120e-01	2.544544e-01	8.629077e-01	1.177271e-01	1.601350e-01	1.880290e+00	9.324146e-01	-2.279305e-06	
3.864191e-01	0.000000e+00	1.002505e-01	2.150182e-01	7.984763e-01	1.014095e+00	9.173421e+00	4.846770e-02	3.924730e-02	3.722987e-01	1.429552e-02	2.003538e-02	8.476990e+00	1.516931e-01	2.528781e-01	8.623829e-01	1.175664e-01	1.597320e-01	1.870417e+00	9.268218e-01	-3.623368e-06	
3.864069e-01	5.897903e-12	1.019908e-01	2.142206e-01	7.989141e-01	1.010139e+00	9.198833e+00	4.852881e-02	3.916636e-02	3.717620e-01	1.433129e-02	2.015294e-02	8.479450e+00	1.516876e-01	2.540161e-01	8.639222e-01	1.174253e-01	1.603012e-01	1.873273e+00	9.324679e-01	2.428560e-06	
3.864192e-01	0.000000e+00	1.008589e-01	2.136410e-01	7.951623e-01	1.004390e+00	9.195734e+00	4.914675e-02	3.914090e-02	3.703024e-01	1.423831e-02	2.009572e-02	8.440504e+00	1.513413e-01	2.541206e-01	8.655870e-01	1.173382e-01	1.597542e-01	1.884280e+00	9.283193e-01	-5.527320e-06	
3.864035e-01	1.710369e-12	1.011828e-01	2.134881e-01	7.991211e-01	1.010208e+00	9.197580e+00	4.853988e-02	3.921021e-02	3.709904e-01	1.429197e-02	2.012831e-02	8.455079e+00	1.519199e-01	2.544598e-01	8.600200e-01	1.174811e-01	1.599044e-01	1.882593e+00	9.275499e-01	1.307811e-06	
3.864195e-01	0.000000e+00	9.962569e-02	2.143582e-01	7.999245e-01	1.008023e+00	9.220444e+00	4.867918e-02	3.899772e-02	3.714761e-01	1.430849e-02	2.028679e-02	8.498124e+00	1.525642e-01	2.528709e-01	8.667088e-01	1.176383e-01	1.605243e-01	1.867948e+00	9.309213e-01	-3.662100e-06	
3.864202e-01	0.000000e+00	9.991985e-02	2.135620e-01	8.025954e-01	1.011935e+00	9.226607e+00	4.847153e-02	3.922223e-02	3.709511e-01	1.426120e-02	2.023479e-02	8.472121e+00	1.515290e-01	2.552459e-01	8.647558e-01	1.176732e-01	1.614659e-01	1.878760e+00	9.273141e-01	-5.092960e-06	
3.864232e-01	0.000000e+00	1.011435e-01	2.132230e-01	7.984701e-01	1.015495e+00	9.181263e+00	4.834977e-02	3.908474e-02	3.705339e-01	1.429838e-02	2.019820e-02	8.456331e+00	1.525619e-01	2.544196e-01	8.642178e-01	1.175338e-01	1.602791e-01	1.877911e+00	9.319277e-01	-1.043624e-05	
3.864238e-01	0.000000e+00	1.007272e-01	2.122420e-01	7.986334e-01	1.016984e+00	9.167875e+00	4.850382e-02	3.943540e-02	3.708920e-01	1.430646e-02	2.010850e-02	8.456837e+00	1.526567e-01	2.548586e-01	8.596147e-01	1.175911e-01	1.601763e-01	1.883599e+00	9.256021e-01	-6.431140e-06	
3.864239e-01	0.000000e+00	1.005887e-01	2.131688e-01	8.007351e-01	1.014104e+00	9.187971e+00	4.837552e-02	3.928032e-02	3.714970e-01	1.432257e-02	2.015803e-02	8.480917e+00	1.523972e-01	2.542434e-01	8.652457e-01	1.176578e-01	1.601752e-01	1.876934e+00	9.337256e-01	-8.307265e-06	
3.864097e-01	8.226261e-13	1.010317e-01	2.143679e-01	7.992325e-01	1.011381e+00	9.189684e+00	4.858330e-02	3.919636e-02	3.706076e-01	1.428937e-02	2.025441e-02	8.471553e+00	1.518700e-01	2.539302e-01	8.567915e-01	1.174479e-01	1.609308e-01	1.872119e+00	9.209166e-01	9.069874e-07	
3.864054e-01	8.529350e-13	1.004243e-01	2.137761e-01	7.978892e-01	1.010640e+00	9.200448e+00	4.851636e-02	3.905246e-02	3.707752e-01	1.425843e-02	2.019091e-02	8.457199e+00	1.517447e-01	2.545294e-01	8.649445e-01	1.176908e-01	1.607528e-01	1.878789e+00	9.287080e-01	9.235448e-07	
3.864057e-01	3.110961e-12	1.003628e-01	2.140516e-01	7.986008e-01	1.011864e+00	9.204172e+00	4.852085e-02	3.894008e-02	3.720826e-01	1.430498e-02	2.014931e-02	8.481206e+00	1.524641e-01	2.542980e-01	8.677776e-01	1.175587e-01	1.607023e-01	1.873793e+00	9.312577e-01	1.763792e-06	
3.864061e-01	3.086851e-12	1.010467e-01	2.142048e-01	8.009433e-01	1.008189e+00	9.203496e+00	4.845194e-02	3.907973e-02	3.709659e-01	1.427917e-02	2.019653e-02	8.466371e+00	1.518730e-01	2.539396e-01	8.635294e-01	1.172191e-01	1.602968e-01	1.871706e+00	9.304679e-01	1.756944e-06	
3.864030e-01	8.823181e-12	1.013692e-01	2.136514e-01	7.946026e-01	1.012502e+00	9.139607e+00	4.858591e-02	3.926931e-02	3.700397e-01	1.425171e-02	2.025689e-02	8.455643e+00	1.518608e-01	2.544372e-01	8.631095e-01	1.176282e-01	1.602036e-01	1.880737e+00	9.277342e-01	2.970384e-06	
3.864047e-01	4.220226e-12	9.981746e-02	2.166215e-01	7.985684e-01	1.009343e+00	9.201266e+00	4.864019e-02	3.906688e-02	3.696306e-01	1.420565e-02	2.020132e-02	8.430467e+00	1.522941e-01	2.525501e-01	8.641432e-01	1.174474e-01	1.590373e-01	1.877042e+00	9.304010e-01	2.054319e-06	
3.864103e-01	3.153831e-12	1.011011e-01	2.141455e-01	8.024322e-01	1.015646e+00	9.194274e+00	4.831422e-02	3.940914e-02	3.696644e-01	1.419156e-02	2.020176e-02	8.424185e+00	1.524239e-01	2.535002e-01	8.610196e-01	1.176657e-01	1.598446e-01	1.877026e+00	9.248503e-01	1.775903e-06	
3.864288e-01	0.000000e+00	1.007498e-01	2.128345e-01	7.983953e-01	1.009524e+00	9.192118e+00	4.864317e-02	3.920046e-02	3.704086e-01	1.425914e-02	2.017531e-02	8.452601e+00	1.517246e-01	2.536085e-01	8.666833e-01	1.178017e-01	1.598623e-01	1.881826e+00	9.323507e-01	-1.130726e-05	
3.864041e-01	8.825560e-12	1.010567e-01	2.121761e-01	7.975813e-01	1.013878e+00	9.204275e+00	4.859330e-02	3.920882e-02	3.717803e-01	1.431556e-02	2.003593e-02	8.460644e+00	1.515708e-01	2.545348e-01	8.621406e-01	1.178380e-01	1.600549e-01	1.883098e+00	9.273438e-01	2.970784e-06	
