f	phi	x(1)	x(2)	x(3)	x(4)	x(5)	x(6)	x(7)	x(8)	x(9)	x(10)	x(11)	x(12)	x(13)	x(14)	x(15)	x(16)	x(17)	x(18)	g(1)	
3.864039e-01	0.000000e+00	1.005685e-01	2.126975e-01	8.004739e-01	1.013690e+00	9.176483e+00	4.842712e-02	3.939682e-02	3.705058e-01	1.427778e-02	2.025853e-02	8.461647e+00	1.525173e-01	2.543942e-01	8.640139e-01	1.174157e-01	1.597777e-01	1.884708e+00	9.294486e-01	-1.114024e-06	
3.864041e-01	0.000000e+00	1.011131e-01	2.153301e-01	8.001387e-01	1.012447e+00	9.194311e+00	4.860366e-02	3.949751e-02	3.700317e-01	1.423801e-02	2.022946e-02	8.443643e+00	1.526234e-01	2.547708e-01	8.573846e-01	1.176018e-01	1.603414e-01	1.878468e+00	9.253615e-01	-8.227471e-07	
3.864042e-01	0.000000e+00	1.003736e-01	2.144497e-01	7.959496e-01	1.007132e+00	9.166086e+00	4.883826e-02	3.925901e-02	3.709409e-01	1.425829e-02	2.016120e-02	8.455774e+00	1.526146e-01	2.541261e-01	8.638028e-01	1.171840e-01	1.603503e-01	1.879077e+00	9.262607e-01	-9.477566e-07	
3.864051e-01	0.000000e+00	1.008167e-01	2.143245e-01	7.980446e-01	1.010617e+00	9.176471e+00	4.862213e-02	3.933027e-02	3.705427e-01	1.425296e-02	2.020568e-02	8.449320e+00	1.531055e-01	2.537087e-01	8.641033e-01	1.172242e-01	1.596992e-01	1.876754e+00	9.293006e-01	-1.190719e-06	
3.864052e-01	0.000000e+00	1.011428e-01	2.137644e-01	8.023629e-01	1.014923e+00	9.223670e+00	4.838729e-02	3.930657e-02	3.717307e-01	1.433583e-02	2.015899e-02	8.482736e+00	1.520223e-01	2.540864e-01	8.614154e-01	1.176809e-01	1.601779e-01	1.879232e+00	9.281535e-01	-5.344234e-07	
3.864052e-01	0.000000e+00	1.010077e-01	2.144549e-01	7.980676e-01	1.012961e+00	9.188267e+00	4.857503e-02	3.924594e-02	3.693280e-01	1.420961e-02	2.028776e-02	8.432096e+00	1.528429e-01	2.539540e-01	8.663085e-01	1.175412e-01	1.603377e-01	1.876610e+00	9.300729e-01	-6.613976e-07	
3.864060e-01	0.000000e+00	1.010641e-01	2.143628e-01	8.020570e-01	1.010852e+00	9.227328e+00	4.865229e-02	3.936159e-02	3.695445e-01	1.420714e-02	2.020656e-02	8.430611e+00	1.521805e-01	2.539396e-01	8.637145e-01	1.175231e-01	1.609000e-01	1.871596e+00	9.271363e-01	-1.406933e-06	
3.864061e-01	0.000000e+00	1.009942e-01	2.138395e-01	8.013112e-01	1.015599e+00	9.182361e+00	4.834221e-02	3.946382e-02	3.705006e-01	1.429045e-02	2.022365e-02	8.457926e+00	1.526333e-01	2.557773e-01	8.613750e-01	1.172453e-01	1.605276e-01	1.884659e+00	9.292999e-01	-1.500854e-06	
3.864061e-01	0.000000e+00	1.010885e-01	2.146780e-01	8.021297e-01	1.013085e+00	9.193945e+00	4.837558e-02	3.935342e-02	3.713733e-01	1.428177e-02	2.018565e-02	8.470130e+00	1.531630e-01	2.539163e-01	8.617434e-01	1.174477e-01	1.609070e-01	1.870999e+00	9.256870e-01	-7.411188e-07	
3.864062e-01	0.000000e+00	1.006787e-01	2.146817e-01	8.000250e-01	1.008648e+00	9.222070e+00	4.877151e-02	3.920844e-02	3.714864e-01	1.428787e-02	2.024281e-02	8.480767e+00	1.523547e-01	2.549300e-01	8.608340e-01	1.174529e-01	1.599893e-01	1.884154e+00	9.259295e-01	-1.480956e-06	
3.864066e-01	0.000000e+00	1.003200e-01	2.145860e-01	8.007262e-01	1.011435e+00	9.219306e+00	4.862396e-02	3.925211e-02	3.696995e-01	1.422636e-02	2.017189e-02	8.432782e+00	1.516927e-01	2.546533e-01	8.642824e-01	1.175466e-01	1.613102e-01	1.876378e+00	9.282289e-01	-2.439427e-06	
3.864066e-01	0.000000e+00	1.006755e-01	2.142985e-01	8.023067e-01	1.012415e+00	9.221129e+00	4.842158e-02	3.925399e-02	3.707699e-01	1.428776e-02	2.018061e-02	8.457021e+00	1.527486e-01	2.550752e-01	8.646166e-01	1.174113e-01	1.602635e-01	1.888195e+00	9.309813e-01	-2.527424e-06	
3.864069e-01	0.000000e+00	1.012656e-01	2.134167e-01	7.995481e-01	1.013799e+00	9.165985e+00	4.842042e-02	3.931136e-02	3.699992e-01	1.425390e-02	2.019706e-02	8.433110e+00	1.526863e-01	2.542776e-01	8.623773e-01	1.174087e-01	1.597531e-01	1.881420e+00	9.307015e-01	-1.481224e-07	
3.864070e-01	0.000000e+00	1.007621e-01	2.138641e-01	8.002622e-01	1.015167e+00	9.177064e+00	4.827875e-02	3.927593e-02	3.712294e-01	1.431548e-02	2.021583e-02	8.475843e+00	1.529747e-01	2.551974e-01	8.611434e-01	1.175305e-01	1.602421e-01	1.884970e+00	9.289283e-01	-5.501214e-08	
3.864073e-01	0.000000e+00	1.011203e-01	2.143361e-01	8.006778e-01	1.012387e+00	9.214047e+00	4.858829e-02	3.921709e-02	3.695762e-01	1.425301e-02	2.016992e-02	8.435330e+00	1.521241e-01	2.556936e-01	8.601569e-01	1.175962e-01	1.606340e-01	1.883697e+00	9.291028e-01	-1.683344e-06	
3.864074e-01	0.000000e+00	1.013966e-01	2.135020e-01	8.019700e-01	1.011746e+00	9.221135e+00	4.863302e-02	3.932199e-02	3.694449e-01	1.422342e-02	2.024800e-02	8.436999e+00	1.524869e-01	2.540395e-01	8.632868e-01	1.176506e-01	1.597669e-01	1.884053e+00	9.274987e-01	-1.394249e-06	
3.864075e-01	0.000000e+00	1.009229e-01	2.133226e-01	7.974089e-01	1.013603e+00	9.177074e+00	4.843704e-02	3.912340e-02	3.707624e-01	1.429854e-02	2.022806e-02	8.458450e+00	1.526052e-01	2.542077e-01	8.616106e-01	1.172965e-01	1.594652e-01	1.888798e+00	9.260884e-01	-5.048353e-07	
3.864075e-01	0.000000e+00	1.014468e-01	2.136279e-01	8.001475e-01	1.009744e+00	9.226736e+00	4.870674e-02	3.918402e-02	3.713173e-01	1.430284e-02	2.017694e-02	8.470951e+00	1.523621e-01	2.533348e-01	8.582448e-01	1.177336e-01	1.600554e-01	1.873988e+00	9.237284e-01	-2.482358e-06	
3.864076e-01	0.000000e+00	1.005333e-01	2.155498e-01	7.985660e-01	1.010431e+00	9.193040e+00	4.864186e-02	3.925362e-02	3.690417e-01	1.419488e-02	2.020337e-02	8.412578e+00	1.525703e-01	2.545031e-01	8.648284e-01	1.172323e-01	1.601403e-01	1.880398e+00	9.314966e-01	-2.817283e-06	
3.864016e-01	2.599411e-12	1.010476e-01	2.140179e-01	8.003535e-01	1.010154e+00	9.213298e+00	4.867400e-02	3.930778e-02	3.695317e-01	1.422043e-02	2.015998e-02	8.426378e+00	1.521329e-01	2.544563e-01	8.634084e-01	1.175573e-01	1.603367e-01	1.881911e+00	9.284299e-01	1.612269e-06	
3.864077e-01	0.000000e+00	1.008986e-01	2.140661e-01	8.031182e-01	1.013475e+00	9.239890e+00	4.858287e-02	3.928610e-02	3.713704e-01	1.426874e-02	2.029837e-02	8.478632e+00	1.532030e-01	2.527268e-01	8.651491e-01	1.177596e-01	1.604902e-01	1.867803e+00	9.257195e-01	-6.370746e-07	
3.864078e-01	0.000000e+00	1.010302e-01	2.133928e-01	8.020073e-01	1.013496e+00	9.219534e+00	4.832346e-02	3.908507e-02	3.707581e-01	1.429192e-02	2.014011e-02	8.445113e+00	1.533775e-01	2.540116e-01	8.590949e-01	1.174115e-01	1.599460e-01	1.881740e+00	9.248436e-01	-1.321480e-06	
3.864078e-01	0.000000e+00	1.009600e-01	2.139271e-01	7.996179e-01	1.012697e+00	9.170321e+00	4.836487e-02	3.929101e-02	3.707763e-01	1.427409e-02	2.015058e-02	8.455314e+00	1.520294e-01	2.540089e-01	8.590078e-01	1.172544e-01	1.594732e-01	1.881880e+00	9.250506e-01	-2.090770e-06	
3.864078e-01	0.000000e+00	1.015779e-01	2.142157e-01	7.965362e-01	1.013548e+00	9.164403e+00	4.863581e-02	3.941119e-02	3.694828e-01	1.424498e-02	2.017126e-02	8.424480e+00	1.527816e-01	2.544063e-01	8.599152e-01	1.174806e-01	1.596796e-01	1.884693e+00	9.275104e-01	-2.139184e-06	
3.864078e-01	0.000000e+00	1.008464e-01	2.146100e-01	7.990244e-01	1.012628e+00	9.188522e+00	4.857584e-02	3.926060e-02	3.706672e-01	1.427649e-02	2.029873e-02	8.465686e+00	1.534432e-01	2.546242e-01	8.642429e-01	1.174044e-01	1.604649e-01	1.883130e+00	9.278980e-01	-3.516138e-06	
3.864078e-01	0.000000e+00	1.008019e-01	2.148067e-01	7.999488e-01	1.015417e+00	9.169345e+00	4.836275e-02	3.940870e-02	3.700872e-01	1.423250e-02	2.014998e-02	8.437333e+00	1.513142e-01	2.546061e-01	8.650341e-01	1.172821e-01	1.606771e-01	1.874154e+00	9.310428e-01	-1.403995e-06	
3.864080e-01	0.000000e+00	1.009083e-01	2.127394e-01	7.989668e-01	1.010926e+00	9.199992e+00	4.869631e-02	3.940574e-02	3.709178e-01	1.427972e-02	2.019283e-02	8.465729e+00	1.518411e-01	2.535585e-01	8.632496e-01	1.177460e-01	1.606039e-01	1.877852e+00	9.249819e-01	-1.302029e-06	
3.864080e-01	0.000000e+00	1.010758e-01	2.131284e-01	8.010319e-01	1.015818e+00	9.205685e+00	4.839167e-02	3.922736e-02	3.711154e-01	1.427769e-02	2.017932e-02	8.462657e+00	1.530995e-01	2.540783e-01	8.620857e-01	1.175954e-01	1.607733e-01	1.874308e+00	9.232619e-01	-6.284520e-07	
3.864081e-01	0.000000e+00	1.008025e-01	2.141664e-01	8.035000e-01	1.010550e+00	9.275818e+00	4.861512e-02	3.907053e-02	3.704096e-01	1.429404e-02	2.016739e-02	8.449966e+00	1.527895e-01	2.551981e-01	8.588387e-01	1.175802e-01	1.606608e-01	1.882798e+00	9.266690e-01	-2.124031e-06	
3.864081e-01	0.000000e+00	1.008812e-01	2.140486e-01	7.976766e-01	1.010741e+00	9.188707e+00	4.874960e-02	3.932935e-02	3.690791e-01	1.422208e-02	2.021192e-02	8.418783e+00	1.524387e-01	2.536989e-01	8.632694e-01	1.174943e-01	1.603674e-01	1.871598e+00	9.311246e-01	-2.216312e-06	
3.864081e-01	0.000000e+00	1.011109e-01	2.143655e-01	7.991537e-01	1.012048e+00	9.177091e+00	4.850556e-02	3.931986e-02	3.702335e-01	1.424153e-02	2.017945e-02	8.435092e+00	1.526118e-01	2.546568e-01	8.591005e-01	1.175966e-01	1.596764e-01	1.883342e+00	9.284127e-01	-1.045955e-06	
3.864082e-01	0.000000e+00	1.008192e-01	2.140400e-01	8.011837e-01	1.017945e+00	9.203670e+00	4.835138e-02	3.934729e-02	3.686564e-01	1.421967e-02	2.014793e-02	8.409315e+00	1.520336e-01	2.550832e-01	8.634565e-01	1.175513e-01	1.610818e-01	1.881694e+00	9.286907e-01	-9.548401e-07	
3.864082e-01	0.000000e+00	1.004658e-01	2.131748e-01	7.976509e-01	1.008454e+00	9.168295e+00	4.874061e-02	3.939013e-02	3.697528e-01	1.422468e-02	2.023539e-02	8.449504e+00	1.518225e-01	2.557624e-01	8.660055e-01	1.173487e-01	1.614241e-01	1.883287e+00	9.275941e-01	-9.884113e-07	
3.864083e-01	0.000000e+00	1.013821e-01	2.147776e-01	8.018991e-01	1.012529e+00	9.228980e+00	4.865464e-02	3.938626e-02	3.696651e-01	1.424751e-02	2.014249e-02	8.426472e+00	1.526033e-01	2.551633e-01	8.590307e-01	1.175165e-01	1.605250e-01	1.880222e+00	9.280908e-01	-1.876913e-06	
3.864083e-01	0.000000e+00	1.010805e-01	2.121954e-01	7.995987e-01	1.009704e+00	9.198588e+00	4.886560e-02	3.952804e-02	3.705202e-01	1.429396e-02	2.014597e-02	8.460399e+00	1.515786e-01	2.553136e-01	8.614474e-01	1.174257e-01	1.606665e-01	1.885803e+00	9.259678e-01	-4.135454e-07	
3.864083e-01	0.000000e+00	1.005748e-01	2.135273e-01	8.046027e-01	1.015826e+00	9.262934e+00	4.815888e-02	3.901141e-02	3.711687e-01	1.431934e-02	2.017294e-02	8.465246e+00	1.528130e-01	2.546372e-01	8.614922e-01	1.174817e-01	1.601250e-01	1.883214e+00	9.276829e-01	-8.818293e-07	
3.864083e-01	0.000000e+00	1.012577e-01	2.148203e-01	7.992384e-01	1.014408e+00	9.197503e+00	4.847372e-02	3.925257e-02	3.708044e-01	1.427897e-02	2.026987e-02	8.460710e+00	1.532458e-01	2.533382e-01	8.642514e-01	1.176081e-01	1.590489e-01	1.880298e+00	9.319659e-01	-1.597372e-06	
3.864084e-01	0.000000e+00	1.009006e-01	2.125951e-01	8.032081e-01	1.011515e+00	9.252978e+00	4.873789e-02	3.933716e-02	3.697169e-01	1.425771e-02	2.019048e-02	8.436811e+00	1.520288e-01	2.536575e-01	8.605753e-01	1.176914e-01	1.613609e-01	1.869186e+00	9.242830e-01	-2.375292e-06	
3.864085e-01	0.000000e+00	1.013295e-01	2.140886e-01	8.001524e-01	1.012000e+00	9.177920e+00	4.847695e-02	3.937981e-02	3.693439e-01	1.422237e-02	2.018018e-02	8.428903e+00	1.517967e-01	2.552122e-01	8.591210e-01	1.176039e-01	1.602218e-01	1.887071e+00	9.266211e-01	-2.457995e-06	
3.864085e-01	0.000000e+00	1.001040e-01	2.139035e-01	8.016353e-01	1.007163e+00	9.194903e+00	4.851616e-02	3.917775e-02	3.719173e-01	1.430978e-02	2.009984e-02	8.473306e+00	1.523096e-01	2.557124e-01	8.611847e-01	1.171670e-01	1.603801e-01	1.883038e+00	9.306195e-01	-2.258978e-06	
3.864085e-01	0.000000e+00	1.009393e-01	2.140392e-01	7.997497e-01	1.008330e+00	9.210709e+00	4.873010e-02	3.927960e-02	3.694237e-01	1.422490e-02	2.018357e-02	8.420763e+00	1.527929e-01	2.548891e-01	8.627071e-01	1.172530e-01	1.609122e-01	1.882487e+00	9.268771e-01	-3.345510e-07	
3.864086e-01	0.000000e+00	1.007583e-01	2.142758e-01	7.970463e-01	1.009093e+00	9.164141e+00	4.888024e-02	3.944771e-02	3.698951e-01	1.421764e-02	2.020174e-02	8.444225e+00	1.523547e-01	2.532194e-01	8.660161e-01	1.172869e-01	1.609037e-01	1.869006e+00	9.258771e-01	-2.018086e-08	
3.864090e-01	0.000000e+00	1.008766e-01	2.130076e-01	8.004194e-01	1.013114e+00	9.207223e+00	4.858081e-02	3.931125e-02	3.707992e-01	1.427081e-02	2.028725e-02	8.471169e+00	1.532596e-01	2.522767e-01	8.668639e-01	1.176103e-01	1.600610e-01	1.870212e+00	9.268917e-01	-7.562750e-07	
3.864092e-01	0.000000e+00	1.007878e-01	2.136840e-01	8.039885e-01	1.016886e+00	9.230328e+00	4.834225e-02	3.930317e-02	3.708524e-01	1.428696e-02	2.018878e-02	8.461232e+00	1.530795e-01	2.536084e-01	8.633968e-01	1.175328e-01	1.606877e-01	1.869048e+00	9.276071e-01	-3.546268e-06	
3.864095e-01	0.000000e+00	1.010366e-01	2.155414e-01	7.970847e-01	1.013697e+00	9.174295e+00	4.871404e-02	3.951283e-02	3.692210e-01	1.421500e-02	2.022231e-02	8.425745e+00	1.526638e-01	2.541040e-01	8.630329e-01	1.174752e-01	1.607801e-01	1.870906e+00	9.292979e-01	-1.285860e-06	
3.864097e-01	0.000000e+00	1.006571e-01	2.131888e-01	8.018630e-01	1.011254e+00	9.231465e+00	4.864399e-02	3.918158e-02	3.699856e-01	1.425247e-02	2.018117e-02	8.439858e+00	1.529210e-01	2.546191e-01	8.642305e-01	1.176815e-01	1.609794e-01	1.876374e+00	9.296438e-01	-1.200666e-06	
3.864097e-01	0.000000e+00	1.004700e-01	2.128070e-01	8.036187e-01	1.009987e+00	9.244395e+00	4.859257e-02	3.915713e-02	3.709506e-01	1.427504e-02	2.018427e-02	8.456603e+00	1.534958e-01	2.524862e-01	8.654012e-01	1.174363e-01	1.599493e-01	1.869538e+00	9.284493e-01	-2.475251e-06	
3.864098e-01	0.000000e+00	1.010736e-01	2.156456e-01	7.989137e-01	1.017882e+00	9.172399e+00	4.830687e-02	3.940374e-02	3.681718e-01	1.417718e-02	2.031299e-02	8.406419e+00	1.523628e-01	2.552420e-01	8.633352e-01	1.175925e-01	1.605051e-01	1.883250e+00	9.312464e-01	-1.550467e-06	
3.864098e-01	0.000000e+00	1.013597e-01	2.145775e-01	8.003367e-01	1.015623e+00	9.233177e+00	4.851574e-02	3.917305e-02	3.710239e-01	1.430006e-02	2.021268e-02	8.467090e+00	1.525393e-01	2.548001e-01	8.612218e-01	1.177680e-01	1.604854e-01	1.884708e+00	9.254482e-01	-2.094474e-06	
3.864024e-01	1.930077e-12	1.003748e-01	2.138601e-01	8.013338e-01	1.012924e+00	9.191183e+00	4.827946e-02	3.927281e-02	3.707551e-01	1.426422e-02	2.022508e-02	8.462010e+00	1.528910e-01	2.545014e-01	8.646944e-01	1.173235e-01	1.602637e-01	1.879328e+00	9.293227e-01	1.389272e-06	
3.864101e-01	0.000000e+00	1.005869e-01	2.143944e-01	8.001651e-01	1.008584e+00	9.229215e+00	4.858961e-02	3.891873e-02	3.707931e-01	1.427823e-02	2.016188e-02	8.451262e+00	1.529637e-01	2.549199e-01	8.608837e-01	1.175985e-01	1.597449e-01	1.892636e+00	9.272778e-01	-2.075832e-06	
3.864102e-01	0.000000e+00	1.006175e-01	2.142067e-01	7.992693e-01	1.013502e+00	9.184236e+00	4.847363e-02	3.930696e-02	3.705013e-01	1.425364e-02	2.025699e-02	8.454054e+00	1.528490e-01	2.536800e-01	8.635899e-01	1.174525e-01	1.598872e-01	1.875654e+00	9.289860e-01	-2.777341e-06	
3.864103e-01	0.000000e+00	1.007965e-01	2.134639e-01	7.963589e-01	1.008921e+00	9.165582e+00	4.873964e-02	3.922127e-02	3.698852e-01	1.425550e-02	2.013023e-02	8.430053e+00	1.518140e-01	2.552155e-01	8.583039e-01	1.171796e-01	1.600019e-01	1.887704e+00	9.252513e-01	-1.907449e-06	
3.864103e-01	0.000000e+00	1.011525e-01	2.137156e-01	8.033272e-01	1.014765e+00	9.232283e+00	4.850656e-02	3.938543e-02	3.704063e-01	1.429289e-02	2.015330e-02	8.445435e+00	1.525633e-01	2.540640e-01	8.602518e-01	1.175679e-01	1.601104e-01	1.878651e+00	9.287177e-01	-3.991359e-06	
3.864103e-01	0.000000e+00	1.010108e-01	2.144073e-01	8.008989e-01	1.012534e+00	9.201141e+00	4.856369e-02	3.938134e-02	3.704851e-01	1.425878e-02	2.017517e-02	8.453435e+00	1.527560e-01	2.538983e-01	8.598024e-01	1.174464e-01	1.603318e-01	1.876131e+00	9.236179e-01	-1.484569e-06	
3.864104e-01	0.000000e+00	1.002988e-01	2.141560e-01	7.998917e-01	1.012798e+00	9.170799e+00	4.835589e-02	3.933400e-02	3.692161e-01	1.419652e-02	2.024408e-02	8.428208e+00	1.528116e-01	2.546867e-01	8.629316e-01	1.175029e-01	1.606115e-01	1.878699e+00	9.280247e-01	-3.938913e-06	
3.864104e-01	0.000000e+00	1.004726e-01	2.138201e-01	8.038370e-01	1.010015e+00	9.285068e+00	4.873779e-02	3.924597e-02	3.713884e-01	1.429769e-02	2.023072e-02	8.482572e+00	1.519984e-01	2.537611e-01	8.648284e-01	1.176489e-01	1.611205e-01	1.870246e+00	9.269797e-01	-2.077092e-06	
3.864104e-01	0.000000e+00	1.008758e-01	2.148800e-01	8.005955e-01	1.010461e+00	9.205505e+00	4.856939e-02	3.925352e-02	3.692035e-01	1.422917e-02	2.020763e-02	8.418997e+00	1.527857e-01	2.564705e-01	8.609398e-01	1.174164e-01	1.604788e-01	1.894013e+00	9.309040e-01	-2.135881e-07	
3.864104e-01	0.000000e+00	1.008307e-01	2.132838e-01	7.985167e-01	1.016436e+00	9.185452e+00	4.850662e-02	3.942324e-02	3.696935e-01	1.426157e-02	2.026890e-02	8.443940e+00	1.522752e-01	2.538266e-01	8.657488e-01	1.175276e-01	1.597047e-01	1.881016e+00	9.317244e-01	-2.242953e-06	
3.864104e-01	0.000000e+00	1.003657e-01	2.148513e-01	7.979534e-01	1.017092e+00	9.160623e+00	4.826798e-02	3.927846e-02	3.704761e-01	1.427290e-02	2.022708e-02	8.463341e+00	1.522276e-01	2.540392e-01	8.655574e-01	1.171868e-01	1.602487e-01	1.870334e+00	9.314958e-01	-1.332631e-06	
3.864105e-01	0.000000e+00	1.009960e-01	2.134936e-01	7.994897e-01	1.017478e+00	9.176032e+00	4.827245e-02	3.940530e-02	3.704551e-01	1.429332e-02	2.023221e-02	8.461694e+00	1.522875e-01	2.542636e-01	8.629600e-01	1.173092e-01	1.598831e-01	1.880090e+00	9.290015e-01	-2.195012e-06	
3.864105e-01	0.000000e+00	1.004844e-01	2.135457e-01	8.022700e-01	1.010783e+00	9.230218e+00	4.872969e-02	3.943385e-02	3.702258e-01	1.425451e-02	2.028374e-02	8.460010e+00	1.527755e-01	2.537726e-01	8.609004e-01	1.175966e-01	1.600485e-01	1.880055e+00	9.241986e-01	-6.174729e-07	
3.864105e-01	0.000000e+00	1.006655e-01	2.127567e-01	8.013573e-01	1.012267e+00	9.221927e+00	4.858168e-02	3.926467e-02	3.710711e-01	1.431937e-02	2.016786e-02	8.474828e+00	1.516992e-01	2.555621e-01	8.597154e-01	1.174688e-01	1.611981e-01	1.884973e+00	9.230898e-01	-2.949113e-06	
3.864106e-01	0.000000e+00	1.010768e-01	2.136920e-01	8.038295e-01	1.016443e+00	9.263416e+00	4.836450e-02	3.917493e-02	3.712352e-01	1.430639e-02	2.020906e-02	8.475071e+00	1.519677e-01	2.539410e-01	8.651073e-01	1.180767e-01	1.607661e-01	1.879056e+00	9.287958e-01	-7.001727e-07	
3.864106e-01	0.000000e+00	1.007103e-01	2.143571e-01	8.011842e-01	1.011649e+00	9.226613e+00	4.869056e-02	3.924459e-02	3.720256e-01	1.431982e-02	2.026470e-02	8.497748e+00	1.527761e-01	2.545243e-01	8.638844e-01	1.178875e-01	1.615691e-01	1.873046e+00	9.275542e-01	-4.856788e-06	
3.864106e-01	0.000000e+00	1.013274e-01	2.153147e-01	8.005717e-01	1.007525e+00	9.242867e+00	4.896000e-02	3.915861e-02	3.688061e-01	1.419567e-02	2.018226e-02	8.405153e+00	1.538201e-01	2.542204e-01	8.601485e-01	1.175773e-01	1.603315e-01	1.877626e+00	9.270896e-01	-7.590514e-07	
3.864107e-01	0.000000e+00	1.006145e-01	2.143872e-01	8.028105e-01	1.012698e+00	9.213878e+00	4.831703e-02	3.924655e-02	3.719190e-01	1.431322e-02	2.017408e-02	8.488720e+00	1.519433e-01	2.553607e-01	8.645189e-01	1.172762e-01	1.605094e-01	1.879605e+00	9.312051e-01	-9.313909e-07	
3.864107e-01	0.000000e+00	1.012621e-01	2.138287e-01	8.035271e-01	1.019663e+00	9.211981e+00	4.807780e-02	3.939058e-02	3.704032e-01	1.428143e-02	2.014595e-02	8.440557e+00	1.524160e-01	2.548009e-01	8.629669e-01	1.176066e-01	1.604532e-01	1.883933e+00	9.301023e-01	-1.851318e-06	
3.864108e-01	0.000000e+00	1.007636e-01	2.152068e-01	8.003955e-01	1.014600e+00	9.181469e+00	4.844223e-02	3.940352e-02	3.695332e-01	1.422552e-02	2.019598e-02	8.431542e+00	1.521487e-01	2.557310e-01	8.622661e-01	1.173972e-01	1.608555e-01	1.880229e+00	9.306075e-01	-3.695236e-06	
3.864108e-01	0.000000e+00	1.012118e-01	2.157552e-01	8.012732e-01	1.015802e+00	9.208405e+00	4.848865e-02	3.940084e-02	3.686472e-01	1.420968e-02	2.028019e-02	8.419457e+00	1.525873e-01	2.548204e-01	8.600079e-01	1.178830e-01	1.608224e-01	1.879493e+00	9.290935e-01	-1.845171e-06	
3.864109e-01	0.000000e+00	1.011975e-01	2.134086e-01	8.009297e-01	1.010637e+00	9.199634e+00	4.859656e-02	3.926799e-02	3.696300e-01	1.425407e-02	2.012022e-02	8.429375e+00	1.513717e-01	2.557588e-01	8.603688e-01	1.174971e-01	1.610098e-01	1.886901e+00	9.277600e-01	-3.772375e-06	
3.864109e-01	0.000000e+00	1.004628e-01	2.148520e-01	8.024886e-01	1.013256e+00	9.203751e+00	4.827704e-02	3.924153e-02	3.711770e-01	1.426570e-02	2.019204e-02	8.471446e+00	1.523537e-01	2.553700e-01	8.642622e-01	1.175406e-01	1.608094e-01	1.883232e+00	9.285940e-01	-3.051729e-06	
3.864109e-01	0.000000e+00	1.008806e-01	2.142302e-01	8.004017e-01	1.011657e+00	9.200286e+00	4.837436e-02	3.920957e-02	3.706182e-01	1.424968e-02	2.019743e-02	8.456500e+00	1.528260e-01	2.550256e-01	8.618801e-01	1.175519e-01	1.609209e-01	1.880751e+00	9.251242e-01	-2.587496e-06	
3.864110e-01	0.000000e+00	1.011493e-01	2.145479e-01	8.010533e-01	1.013208e+00	9.201591e+00	4.852034e-02	3.936207e-02	3.705364e-01	1.426449e-02	2.020459e-02	8.455204e+00	1.523590e-01	2.548558e-01	8.608578e-01	1.176031e-01	1.607605e-01	1.882102e+00	9.257770e-01	-3.139868e-06	
3.864110e-01	0.000000e+00	1.014117e-01	2.154321e-01	8.017338e-01	1.011950e+00	9.244856e+00	4.876198e-02	3.933102e-02	3.696737e-01	1.424241e-02	2.028581e-02	8.436259e+00	1.531579e-01	2.549988e-01	8.622289e-01	1.176032e-01	1.602775e-01	1.885777e+00	9.295603e-01	-3.319984e-06	
3.864111e-01	0.000000e+00	1.009511e-01	2.126131e-01	7.991811e-01	1.012595e+00	9.196688e+00	4.870770e-02	3.940134e-02	3.705654e-01	1.427694e-02	2.025998e-02	8.464818e+00	1.532432e-01	2.547459e-01	8.640993e-01	1.177790e-01	1.608967e-01	1.889349e+00	9.236624e-01	-5.419282e-08	
3.864111e-01	0.000000e+00	1.008893e-01	2.145442e-01	7.964172e-01	1.012373e+00	9.145631e+00	4.844509e-02	3.921323e-02	3.703449e-01	1.425280e-02	2.017879e-02	8.444034e+00	1.522411e-01	2.548553e-01	8.668901e-01	1.172034e-01	1.600797e-01	1.882448e+00	9.337176e-01	-1.945618e-06	
3.864111e-01	0.000000e+00	1.011533e-01	2.140106e-01	8.002436e-01	1.011590e+00	9.208327e+00	4.858726e-02	3.926323e-02	3.710579e-01	1.429484e-02	2.021058e-02	8.460947e+00	1.526151e-01	2.542710e-01	8.636629e-01	1.174253e-01	1.600865e-01	1.879264e+00	9.311201e-01	-3.203925e-06	
3.864112e-01	0.000000e+00	1.003454e-01	2.138608e-01	7.984177e-01	1.013322e+00	9.193565e+00	4.846479e-02	3.908218e-02	3.697611e-01	1.423422e-02	2.020744e-02	8.431498e+00	1.531387e-01	2.527650e-01	8.650325e-01	1.173061e-01	1.600651e-01	1.867995e+00	9.285946e-01	-1.747885e-06	
3.864112e-01	0.000000e+00	1.011249e-01	2.126414e-01	8.006186e-01	1.014353e+00	9.243315e+00	4.860068e-02	3.908068e-02	3.707081e-01	1.429375e-02	2.019594e-02	8.461022e+00	1.524489e-01	2.520949e-01	8.643311e-01	1.176136e-01	1.595718e-01	1.873905e+00	9.247796e-01	-1.622948e-06	
3.864113e-01	0.000000e+00	1.011729e-01	2.138688e-01	8.010459e-01	1.013963e+00	9.208917e+00	4.841680e-02	3.924786e-02	3.704692e-01	1.425589e-02	2.021901e-02	8.449154e+00	1.528355e-01	2.540742e-01	8.617601e-01	1.176602e-01	1.600656e-01	1.878308e+00	9.275264e-01	-3.056378e-06	
3.864113e-01	0.000000e+00	1.009534e-01	2.136839e-01	7.955315e-01	1.009535e+00	9.139356e+00	4.878111e-02	3.944265e-02	3.689495e-01	1.419711e-02	2.022957e-02	8.418213e+00	1.523110e-01	2.533867e-01	8.639042e-01	1.173610e-01	1.597246e-01	1.876086e+00	9.298345e-01	-3.019347e-06	
3.864114e-01	0.000000e+00	1.007094e-01	2.128399e-01	7.968587e-01	1.007195e+00	9.155888e+00	4.885964e-02	3.935127e-02	3.706617e-01	1.425610e-02	2.016741e-02	8.446674e+00	1.530731e-01	2.540803e-01	8.616686e-01	1.173935e-01	1.605751e-01	1.876824e+00	9.256051e-01	-1.684010e-06	
3.864114e-01	0.000000e+00	1.008771e-01	2.136878e-01	8.011212e-01	1.014646e+00	9.188674e+00	4.844499e-02	3.945318e-02	3.695056e-01	1.424148e-02	2.022685e-02	8.435307e+00	1.518350e-01	2.548127e-01	8.651210e-01	1.174714e-01	1.604810e-01	1.881984e+00	9.321629e-01	-4.781595e-06	
3.864115e-01	0.000000e+00	1.003888e-01	2.125860e-01	7.988886e-01	1.007229e+00	9.206740e+00	4.871127e-02	3.914912e-02	3.719098e-01	1.431224e-02	2.017829e-02	8.487827e+00	1.521817e-01	2.541134e-01	8.639191e-01	1.173589e-01	1.606711e-01	1.880910e+00	9.236980e-01	-2.518703e-06	
3.864116e-01	0.000000e+00	1.006538e-01	2.131101e-01	7.990455e-01	1.009412e+00	9.202814e+00	4.860209e-02	3.919736e-02	3.707908e-01	1.428039e-02	2.015603e-02	8.452057e+00	1.523944e-01	2.538606e-01	8.599977e-01	1.176085e-01	1.595310e-01	1.885649e+00	9.261213e-01	-1.915083e-06	
3.864117e-01	0.000000e+00	1.009479e-01	2.132800e-01	7.969537e-01	1.011196e+00	9.180163e+00	4.868672e-02	3.927827e-02	3.706278e-01	1.426725e-02	2.023790e-02	8.464052e+00	1.517402e-01	2.529370e-01	8.648326e-01	1.176035e-01	1.600076e-01	1.879801e+00	9.251629e-01	-4.034311e-06	
3.864117e-01	0.000000e+00	1.006533e-01	2.132359e-01	7.997663e-01	1.011820e+00	9.178764e+00	4.868319e-02	3.945440e-02	3.686737e-01	1.419139e-02	2.022277e-02	8.414794e+00	1.525002e-01	2.547983e-01	8.658296e-01	1.173618e-01	1.606318e-01	1.880003e+00	9.303207e-01	-2.745942e-06	
3.864117e-01	0.000000e+00	1.005862e-01	2.159978e-01	7.995650e-01	1.007095e+00	9.214602e+00	4.880225e-02	3.912765e-02	3.694910e-01	1.420752e-02	2.011864e-02	8.413208e+00	1.529306e-01	2.546523e-01	8.602183e-01	1.172721e-01	1.606496e-01	1.877584e+00	9.271129e-01	-7.943226e-07	
3.864040e-01	2.271480e-12	1.005205e-01	2.142233e-01	7.995382e-01	1.012814e+00	9.177830e+00	4.840812e-02	3.930699e-02	3.700988e-01	1.421957e-02	2.026155e-02	8.446224e+00	1.527785e-01	2.543256e-01	8.626508e-01	1.176210e-01	1.613571e-01	1.873078e+00	9.245771e-01	1.507143e-06	
3.864117e-01	0.000000e+00	1.011155e-01	2.148624e-01	8.023873e-01	1.012450e+00	9.220034e+00	4.841449e-02	3.931845e-02	3.690752e-01	1.420583e-02	2.025126e-02	8.420382e+00	1.533908e-01	2.536612e-01	8.626958e-01	1.169934e-01	1.602821e-01	1.867122e+00	9.286571e-01	-2.573536e-06	
3.864118e-01	0.000000e+00	1.005388e-01	2.146887e-01	7.995372e-01	1.012685e+00	9.182936e+00	4.826939e-02	3.905606e-02	3.694339e-01	1.420977e-02	2.022519e-02	8.428508e+00	1.526298e-01	2.543090e-01	8.641264e-01	1.173076e-01	1.600387e-01	1.879933e+00	9.294457e-01	-4.882472e-06	
3.864118e-01	0.000000e+00	1.008283e-01	2.137131e-01	7.995278e-01	1.015016e+00	9.189386e+00	4.837660e-02	3.922630e-02	3.699151e-01	1.425998e-02	2.022252e-02	8.438540e+00	1.522299e-01	2.542076e-01	8.632470e-01	1.176056e-01	1.594220e-01	1.887986e+00	9.309229e-01	-4.355773e-06	
3.864118e-01	0.000000e+00	1.007602e-01	2.140182e-01	7.979857e-01	1.012432e+00	9.158932e+00	4.858314e-02	3.941567e-02	3.685991e-01	1.419648e-02	2.020956e-02	8.401852e+00	1.533642e-01	2.534775e-01	8.628462e-01	1.173486e-01	1.594246e-01	1.878927e+00	9.310434e-01	-3.853317e-06	
3.864119e-01	0.000000e+00	1.008397e-01	2.146482e-01	8.006899e-01	1.015337e+00	9.231642e+00	4.851626e-02	3.906730e-02	3.702619e-01	1.427630e-02	2.020611e-02	8.446033e+00	1.525718e-01	2.541646e-01	8.638139e-01	1.175614e-01	1.601972e-01	1.876365e+00	9.311439e-01	-3.558481e-06	
3.864120e-01	0.000000e+00	1.012476e-01	2.143213e-01	7.993796e-01	1.011965e+00	9.175962e+00	4.842957e-02	3.928022e-02	3.711886e-01	1.428855e-02	2.021532e-02	8.468381e+00	1.529860e-01	2.552209e-01	8.588148e-01	1.174585e-01	1.601273e-01	1.887955e+00	9.248718e-01	-3.866459e-06	
3.864120e-01	0.000000e+00	1.010426e-01	2.136303e-01	7.983339e-01	1.005001e+00	9.178602e+00	4.885985e-02	3.930966e-02	3.703609e-01	1.424433e-02	2.015277e-02	8.441397e+00	1.522536e-01	2.539136e-01	8.584042e-01	1.174546e-01	1.602201e-01	1.879822e+00	9.238039e-01	-1.474630e-06	
3.864122e-01	0.000000e+00	1.008737e-01	2.148525e-01	7.973439e-01	1.008984e+00	9.166629e+00	4.877287e-02	3.930950e-02	3.714294e-01	1.426804e-02	2.013503e-02	8.464354e+00	1.524071e-01	2.542831e-01	8.642441e-01	1.172084e-01	1.612138e-01	1.868284e+00	9.274791e-01	-2.484808e-06	
3.864123e-01	0.000000e+00	1.010260e-01	2.147407e-01	8.020571e-01	1.011643e+00	9.214813e+00	4.860786e-02	3.926398e-02	3.701143e-01	1.425282e-02	2.024142e-02	8.443666e+00	1.525802e-01	2.550045e-01	8.628819e-01	1.175245e-01	1.608549e-01	1.882608e+00	9.292901e-01	-9.799234e-07	
3.864123e-01	0.000000e+00	1.011237e-01	2.147244e-01	8.016968e-01	1.013091e+00	9.202203e+00	4.858697e-02	3.940740e-02	3.702164e-01	1.423814e-02	2.021453e-02	8.441337e+00	1.534343e-01	2.523070e-01	8.649324e-01	1.173241e-01	1.601272e-01	1.862284e+00	9.296186e-01	-2.703537e-07	
3.864123e-01	0.000000e+00	1.004394e-01	2.140500e-01	7.988716e-01	1.010017e+00	9.185114e+00	4.865957e-02	3.930858e-02	3.692180e-01	1.422505e-02	2.021625e-02	8.423337e+00	1.525239e-01	2.553186e-01	8.589224e-01	1.172766e-01	1.604545e-01	1.886382e+00	9.253393e-01	-3.385912e-06	
3.864123e-01	0.000000e+00	1.010412e-01	2.137793e-01	8.013994e-01	1.020088e+00	9.190225e+00	4.815027e-02	3.934964e-02	3.713100e-01	1.431761e-02	2.026323e-02	8.480359e+00	1.528560e-01	2.543953e-01	8.620600e-01	1.174893e-01	1.609849e-01	1.870396e+00	9.272232e-01	-1.842452e-06	
3.864123e-01	0.000000e+00	1.006582e-01	2.140461e-01	8.013183e-01	1.012823e+00	9.215473e+00	4.842132e-02	3.916747e-02	3.711976e-01	1.430412e-02	2.017017e-02	8.471473e+00	1.522512e-01	2.542100e-01	8.632129e-01	1.175441e-01	1.596044e-01	1.882522e+00	9.308391e-01	-3.083076e-06	
3.864124e-01	0.000000e+00	1.006445e-01	2.144210e-01	7.975981e-01	1.011885e+00	9.165238e+00	4.853676e-02	3.928721e-02	3.687163e-01	1.418078e-02	2.024106e-02	8.413911e+00	1.525390e-01	2.546782e-01	8.653352e-01	1.175617e-01	1.605777e-01	1.882354e+00	9.300811e-01	-4.579055e-06	
3.864126e-01	0.000000e+00	1.000838e-01	2.144858e-01	8.023119e-01	1.013180e+00	9.210360e+00	4.839867e-02	3.931177e-02	3.702251e-01	1.424920e-02	2.024377e-02	8.455628e+00	1.526771e-01	2.551238e-01	8.644738e-01	1.170709e-01	1.613099e-01	1.876287e+00	9.266553e-01	-2.888731e-06	
3.864127e-01	0.000000e+00	1.011900e-01	2.140810e-01	8.076952e-01	1.018041e+00	9.260113e+00	4.805792e-02	3.930640e-02	3.706581e-01	1.427239e-02	2.018937e-02	8.455659e+00	1.519827e-01	2.533168e-01	8.659731e-01	1.176089e-01	1.612494e-01	1.864064e+00	9.305486e-01	-4.339247e-06	
3.864128e-01	0.000000e+00	1.011838e-01	2.140439e-01	8.017431e-01	1.011758e+00	9.201257e+00	4.860686e-02	3.954413e-02	3.703100e-01	1.426073e-02	2.021425e-02	8.444422e+00	1.534563e-01	2.540524e-01	8.593032e-01	1.172007e-01	1.604866e-01	1.872623e+00	9.254163e-01	-2.155383e-06	
3.864128e-01	0.000000e+00	1.010612e-01	2.139294e-01	8.046441e-01	1.017681e+00	9.234093e+00	4.821327e-02	3.929752e-02	3.705271e-01	1.429986e-02	2.019817e-02	8.458952e+00	1.523016e-01	2.543231e-01	8.566387e-01	1.175515e-01	1.601010e-01	1.875022e+00	9.258930e-01	-1.730500e-06	
3.864128e-01	0.000000e+00	1.009617e-01	2.135439e-01	8.058193e-01	1.014865e+00	9.245662e+00	4.834428e-02	3.928778e-02	3.696797e-01	1.424798e-02	2.031207e-02	8.444267e+00	1.532241e-01	2.532779e-01	8.641311e-01	1.174695e-01	1.603453e-01	1.874576e+00	9.278692e-01	-4.344273e-06	
3.864128e-01	0.000000e+00	1.007835e-01	2.133398e-01	8.014314e-01	1.013233e+00	9.210297e+00	4.851173e-02	3.930735e-02	3.707159e-01	1.429145e-02	2.017909e-02	8.450320e+00	1.525860e-01	2.539969e-01	8.618856e-01	1.173605e-01	1.603989e-01	1.873148e+00	9.295177e-01	-4.354866e-06	
3.864128e-01	0.000000e+00	1.009984e-01	2.130652e-01	8.007687e-01	1.012969e+00	9.190955e+00	4.862977e-02	3.958114e-02	3.703007e-01	1.428397e-02	2.011895e-02	8.444168e+00	1.523234e-01	2.551567e-01	8.584667e-01	1.174063e-01	1.610918e-01	1.882750e+00	9.235714e-01	-3.755292e-06	
3.864034e-01	6.315926e-13	1.013347e-01	2.133278e-01	8.032118e-01	1.017267e+00	9.217168e+00	4.826878e-02	3.931315e-02	3.705295e-01	1.429924e-02	2.024081e-02	8.465853e+00	1.527665e-01	2.539401e-01	8.634693e-01	1.175567e-01	1.608483e-01	1.872262e+00	9.280358e-01	7.947280e-07	
3.864128e-01	0.000000e+00	1.018410e-01	2.161762e-01	8.000284e-01	1.016327e+00	9.203381e+00	4.843622e-02	3.935849e-02	3.701252e-01	1.423656e-02	2.017607e-02	8.431922e+00	1.526113e-01	2.537871e-01	8.623664e-01	1.177890e-01	1.601541e-01	1.876798e+00	9.297967e-01	-2.495519e-06	
3.864130e-01	0.000000e+00	1.013273e-01	2.128449e-01	8.026663e-01	1.010160e+00	9.226721e+00	4.862200e-02	3.943841e-02	3.704768e-01	1.426604e-02	2.022085e-02	8.454874e+00	1.523784e-01	2.540043e-01	8.599633e-01	1.174393e-01	1.602612e-01	1.876637e+00	9.248395e-01	-3.306740e-06	
3.864130e-01	0.000000e+00	1.011478e-01	2.146893e-01	7.991733e-01	1.014909e+00	9.154224e+00	4.821753e-02	3.940286e-02	3.689511e-01	1.419873e-02	2.012157e-02	8.402443e+00	1.526868e-01	2.539697e-01	8.616831e-01	1.171699e-01	1.596535e-01	1.877707e+00	9.300538e-01	-1.437431e-06	
3.864131e-01	0.000000e+00	1.012141e-01	2.146415e-01	8.050922e-01	1.018157e+00	9.253227e+00	4.838028e-02	3.943280e-02	3.707499e-01	1.428539e-02	2.026827e-02	8.466580e+00	1.530662e-01	2.559254e-01	8.567666e-01	1.179109e-01	1.612327e-01	1.883410e+00	9.227197e-01	-3.604441e-06	
3.864132e-01	0.000000e+00	1.003463e-01	2.143770e-01	8.022663e-01	1.013243e+00	9.207572e+00	4.825554e-02	3.911810e-02	3.688773e-01	1.421094e-02	2.019871e-02	8.414935e+00	1.527393e-01	2.546278e-01	8.641149e-01	1.172821e-01	1.606359e-01	1.876030e+00	9.317606e-01	-3.614787e-06	
3.864081e-01	5.810545e-14	1.005815e-01	2.132446e-01	7.996844e-01	1.011197e+00	9.190806e+00	4.861392e-02	3.921659e-02	3.699610e-01	1.422126e-02	2.022035e-02	8.438861e+00	1.531878e-01	2.535607e-01	8.657239e-01	1.172573e-01	1.607335e-01	1.871617e+00	9.254705e-01	2.410507e-07	
3.864132e-01	0.000000e+00	1.016059e-01	2.155755e-01	7.989120e-01	1.014482e+00	9.177004e+00	4.839420e-02	3.931959e-02	3.700278e-01	1.425476e-02	2.017741e-02	8.437037e+00	1.524863e-01	2.539438e-01	8.647271e-01	1.174941e-01	1.595458e-01	1.881923e+00	9.340684e-01	-2.976800e-06	
3.864132e-01	0.000000e+00	1.009362e-01	2.147640e-01	7.997184e-01	1.011996e+00	9.212320e+00	4.882908e-02	3.943744e-02	3.711980e-01	1.428107e-02	2.021519e-02	8.461690e+00	1.536204e-01	2.544416e-01	8.644818e-01	1.174858e-01	1.617302e-01	1.867472e+00	9.282940e-01	-5.800418e-07	
3.864133e-01	0.000000e+00	1.002465e-01	2.131396e-01	7.976719e-01	1.012383e+00	9.133499e+00	4.841417e-02	3.938187e-02	3.696192e-01	1.422438e-02	2.023558e-02	8.439845e+00	1.522265e-01	2.546747e-01	8.646581e-01	1.173315e-01	1.607287e-01	1.879241e+00	9.288389e-01	-4.124478e-06	
3.864133e-01	0.000000e+00	1.013698e-01	2.130634e-01	7.984262e-01	1.012002e+00	9.194704e+00	4.877354e-02	3.940652e-02	3.695772e-01	1.426846e-02	2.021030e-02	8.436970e+00	1.525569e-01	2.549914e-01	8.600188e-01	1.173986e-01	1.596041e-01	1.890341e+00	9.272685e-01	-3.454242e-06	
3.864134e-01	0.000000e+00	1.011519e-01	2.144294e-01	8.026304e-01	1.014437e+00	9.207049e+00	4.849377e-02	3.952423e-02	3.704592e-01	1.424789e-02	2.020651e-02	8.442370e+00	1.540246e-01	2.548179e-01	8.581443e-01	1.176288e-01	1.601988e-01	1.882595e+00	9.246800e-01	-4.749392e-06	
3.864134e-01	0.000000e+00	1.005635e-01	2.136356e-01	8.006005e-01	1.015342e+00	9.186297e+00	4.831077e-02	3.931784e-02	3.687736e-01	1.419137e-02	2.030796e-02	8.420311e+00	1.528747e-01	2.525751e-01	8.687023e-01	1.172245e-01	1.594462e-01	1.872249e+00	9.322302e-01	-6.878712e-08	
3.864135e-01	0.000000e+00	1.008471e-01	2.138286e-01	7.997786e-01	1.010695e+00	9.171428e+00	4.867993e-02	3.960225e-02	3.693574e-01	1.421901e-02	2.019312e-02	8.425179e+00	1.522478e-01	2.556314e-01	8.606592e-01	1.172412e-01	1.611339e-01	1.874494e+00	9.294860e-01	-2.171587e-06	
3.864135e-01	0.000000e+00	1.004743e-01	2.138478e-01	7.998994e-01	1.010791e+00	9.214920e+00	4.857034e-02	3.895875e-02	3.708443e-01	1.426748e-02	2.018966e-02	8.462935e+00	1.524174e-01	2.541602e-01	8.663046e-01	1.173649e-01	1.605981e-01	1.879393e+00	9.267828e-01	-3.235304e-06	
3.864057e-01	6.035856e-14	1.008755e-01	2.124057e-01	8.007030e-01	1.014951e+00	9.200066e+00	4.841233e-02	3.927164e-02	3.689632e-01	1.422961e-02	2.028971e-02	8.431217e+00	1.517865e-01	2.547459e-01	8.649840e-01	1.176118e-01	1.599716e-01	1.888889e+00	9.297727e-01	2.456798e-07	
3.864135e-01	0.000000e+00	1.011091e-01	2.145748e-01	7.982429e-01	1.011115e+00	9.169344e+00	4.848089e-02	3.928586e-02	3.697772e-01	1.423051e-02	2.026336e-02	8.438703e+00	1.529007e-01	2.554891e-01	8.628440e-01	1.175551e-01	1.605094e-01	1.885225e+00	9.308801e-01	-3.400520e-06	
3.864136e-01	0.000000e+00	1.007801e-01	2.153238e-01	8.008475e-01	1.012511e+00	9.228076e+00	4.848858e-02	3.911466e-02	3.688094e-01	1.421903e-02	2.026957e-02	8.417885e+00	1.532018e-01	2.555182e-01	8.588890e-01	1.174964e-01	1.606247e-01	1.881625e+00	9.284983e-01	-4.152485e-06	
3.864136e-01	0.000000e+00	1.015957e-01	2.142940e-01	8.057502e-01	1.016773e+00	9.239886e+00	4.823993e-02	3.946490e-02	3.705714e-01	1.427607e-02	2.017004e-02	8.449324e+00	1.531412e-01	2.540399e-01	8.597247e-01	1.175509e-01	1.603507e-01	1.872973e+00	9.274219e-01	-3.941841e-06	
3.864137e-01	0.000000e+00	1.010816e-01	2.142405e-01	8.064665e-01	1.009690e+00	9.286116e+00	4.870486e-02	3.930527e-02	3.701212e-01	1.423905e-02	2.029711e-02	8.456605e+00	1.534493e-01	2.539455e-01	8.627703e-01	1.178491e-01	1.611297e-01	1.868747e+00	9.275377e-01	-1.626314e-06	
3.864139e-01	0.000000e+00	1.008006e-01	2.135148e-01	8.003500e-01	1.009352e+00	9.219163e+00	4.872899e-02	3.926792e-02	3.706074e-01	1.427542e-02	2.015547e-02	8.457710e+00	1.519704e-01	2.564122e-01	8.611767e-01	1.176210e-01	1.614854e-01	1.884170e+00	9.274234e-01	-2.639487e-06	
3.864140e-01	0.000000e+00	1.011015e-01	2.133839e-01	8.011366e-01	1.011851e+00	9.216648e+00	4.856798e-02	3.915967e-02	3.713915e-01	1.430326e-02	2.016921e-02	8.463610e+00	1.535828e-01	2.552188e-01	8.591252e-01	1.173552e-01	1.600316e-01	1.887298e+00	9.242214e-01	-2.112877e-06	
3.864141e-01	0.000000e+00	1.007003e-01	2.152340e-01	8.032001e-01	1.013197e+00	9.233389e+00	4.837716e-02	3.925623e-02	3.693171e-01	1.423171e-02	2.019753e-02	8.421688e+00	1.526687e-01	2.544069e-01	8.648117e-01	1.178447e-01	1.603276e-01	1.880907e+00	9.361631e-01	-2.559785e-06	
3.864145e-01	0.000000e+00	1.007742e-01	2.139232e-01	8.015539e-01	1.018333e+00	9.214088e+00	4.822516e-02	3.918580e-02	3.689315e-01	1.424349e-02	2.022919e-02	8.428024e+00	1.522043e-01	2.541511e-01	8.648011e-01	1.174125e-01	1.595085e-01	1.885616e+00	9.310090e-01	-4.704964e-06	
3.864146e-01	0.000000e+00	1.014768e-01	2.135986e-01	7.989042e-01	1.011751e+00	9.208216e+00	4.856666e-02	3.913954e-02	3.712661e-01	1.429247e-02	2.025595e-02	8.474437e+00	1.535609e-01	2.533081e-01	8.644469e-01	1.176016e-01	1.588032e-01	1.890388e+00	9.265327e-01	-3.280114e-06	
3.864147e-01	0.000000e+00	1.010221e-01	2.148354e-01	8.003019e-01	1.017726e+00	9.191282e+00	4.836125e-02	3.945496e-02	3.690038e-01	1.422298e-02	2.022561e-02	8.416964e+00	1.523838e-01	2.551308e-01	8.586221e-01	1.176957e-01	1.607322e-01	1.879468e+00	9.279769e-01	-6.265017e-06	
3.864147e-01	0.000000e+00	1.012526e-01	2.124739e-01	7.988534e-01	1.011397e+00	9.151625e+00	4.850087e-02	3.948454e-02	3.681220e-01	1.418992e-02	2.014510e-02	8.391337e+00	1.519036e-01	2.555239e-01	8.590229e-01	1.175163e-01	1.603867e-01	1.890008e+00	9.276722e-01	-1.771448e-06	
3.864037e-01	9.739998e-14	1.002464e-01	2.148071e-01	7.969903e-01	1.014439e+00	9.157352e+00	4.843363e-02	3.932079e-02	3.693294e-01	1.421573e-02	2.018731e-02	8.425490e+00	1.524987e-01	2.546620e-01	8.662879e-01	1.171013e-01	1.601233e-01	1.877993e+00	9.320759e-01	3.120897e-07	
3.864149e-01	0.000000e+00	1.008364e-01	2.131514e-01	7.989194e-01	1.013254e+00	9.181092e+00	4.862940e-02	3.938986e-02	3.702029e-01	1.425980e-02	2.028631e-02	8.467310e+00	1.524166e-01	2.536045e-01	8.660380e-01	1.174001e-01	1.596839e-01	1.880875e+00	9.275555e-01	-1.550215e-06	
3.864149e-01	0.000000e+00	1.011314e-01	2.142218e-01	8.033298e-01	1.020196e+00	9.212807e+00	4.812627e-02	3.935988e-02	3.697788e-01	1.424843e-02	2.028431e-02	8.438433e+00	1.528279e-01	2.542244e-01	8.611378e-01	1.179143e-01	1.599461e-01	1.884273e+00	9.285217e-01	-2.535941e-06	
3.864149e-01	0.000000e+00	1.011427e-01	2.150230e-01	8.015433e-01	1.013983e+00	9.239818e+00	4.860926e-02	3.929033e-02	3.701692e-01	1.424719e-02	2.013546e-02	8.430538e+00	1.525322e-01	2.548356e-01	8.600181e-01	1.176950e-01	1.610152e-01	1.871431e+00	9.286396e-01	-5.060681e-06	
3.864150e-01	0.000000e+00	1.013706e-01	2.157362e-01	7.987997e-01	1.013727e+00	9.193305e+00	4.874955e-02	3.947736e-02	3.679289e-01	1.417265e-02	2.013444e-02	8.379432e+00	1.523832e-01	2.543721e-01	8.609146e-01	1.174893e-01	1.600686e-01	1.877303e+00	9.316265e-01	-4.413855e-06	
3.864151e-01	0.000000e+00	1.009422e-01	2.142169e-01	7.988675e-01	1.012774e+00	9.180655e+00	4.860094e-02	3.950827e-02	3.691501e-01	1.423479e-02	2.019719e-02	8.421236e+00	1.518354e-01	2.563197e-01	8.598981e-01	1.174919e-01	1.609449e-01	1.887486e+00	9.298644e-01	-4.693041e-06	
3.864152e-01	0.000000e+00	1.006047e-01	2.143705e-01	7.968764e-01	1.010416e+00	9.181829e+00	4.884399e-02	3.943162e-02	3.683839e-01	1.418403e-02	2.016221e-02	8.407233e+00	1.512418e-01	2.544430e-01	8.650930e-01	1.174122e-01	1.610957e-01	1.872732e+00	9.303298e-01	-3.087735e-06	
3.864152e-01	0.000000e+00	1.011171e-01	2.141012e-01	7.964277e-01	1.009327e+00	9.184134e+00	4.876563e-02	3.921308e-02	3.709451e-01	1.427503e-02	2.013546e-02	8.455684e+00	1.523963e-01	2.540140e-01	8.609766e-01	1.176161e-01	1.602975e-01	1.882060e+00	9.244035e-01	-5.831856e-06	
3.864152e-01	0.000000e+00	1.004009e-01	2.135275e-01	7.990335e-01	1.010841e+00	9.190409e+00	4.849241e-02	3.918811e-02	3.705919e-01	1.429028e-02	2.016028e-02	8.456002e+00	1.522014e-01	2.547590e-01	8.616115e-01	1.171311e-01	1.594742e-01	1.888704e+00	9.283026e-01	-7.302285e-06	
3.864152e-01	0.000000e+00	1.011359e-01	2.144309e-01	7.984867e-01	1.011544e+00	9.170401e+00	4.855806e-02	3.931388e-02	3.703266e-01	1.425736e-02	2.014127e-02	8.439869e+00	1.521295e-01	2.536436e-01	8.584313e-01	1.174826e-01	1.599284e-01	1.872743e+00	9.275618e-01	-6.033225e-06	
3.864009e-01	4.553729e-12	1.007428e-01	2.145222e-01	7.997572e-01	1.014141e+00	9.189267e+00	4.851302e-02	3.931484e-02	3.713543e-01	1.429542e-02	2.024261e-02	8.479244e+00	1.525053e-01	2.550796e-01	8.639184e-01	1.172428e-01	1.603637e-01	1.883401e+00	9.270992e-01	2.133947e-06	
3.864153e-01	0.000000e+00	1.012880e-01	2.135809e-01	7.996058e-01	1.010568e+00	9.198535e+00	4.874516e-02	3.943061e-02	3.692979e-01	1.422916e-02	2.017415e-02	8.420078e+00	1.517359e-01	2.538658e-01	8.608980e-01	1.175997e-01	1.600878e-01	1.879208e+00	9.286613e-01	-5.085648e-06	
3.864156e-01	0.000000e+00	1.009470e-01	2.139850e-01	8.001885e-01	1.010868e+00	9.254020e+00	4.882007e-02	3.905029e-02	3.709928e-01	1.428698e-02	2.016514e-02	8.459986e+00	1.530356e-01	2.532911e-01	8.598185e-01	1.177548e-01	1.596830e-01	1.877611e+00	9.238408e-01	-4.123590e-06	
3.864157e-01	0.000000e+00	1.013277e-01	2.162156e-01	8.024706e-01	1.017013e+00	9.221784e+00	4.818771e-02	3.923929e-02	3.709240e-01	1.426834e-02	2.018045e-02	8.457809e+00	1.529154e-01	2.540169e-01	8.639661e-01	1.173632e-01	1.609341e-01	1.869453e+00	9.283865e-01	-3.930986e-06	
3.864157e-01	0.000000e+00	1.002511e-01	2.148291e-01	7.963535e-01	1.006589e+00	9.180279e+00	4.889685e-02	3.921680e-02	3.698132e-01	1.420770e-02	2.019628e-02	8.427374e+00	1.534017e-01	2.535789e-01	8.630272e-01	1.173229e-01	1.608958e-01	1.869906e+00	9.259656e-01	-2.676471e-06	
3.864054e-01	2.903905e-13	1.007143e-01	2.138860e-01	7.993749e-01	1.007391e+00	9.213628e+00	4.884868e-02	3.922950e-02	3.707398e-01	1.423469e-02	2.021889e-02	8.455505e+00	1.526349e-01	2.543869e-01	8.637390e-01	1.173527e-01	1.616769e-01	1.871302e+00	9.222896e-01	5.388789e-07	
3.864061e-01	1.626732e-15	1.007089e-01	2.145320e-01	8.018775e-01	1.012348e+00	9.204862e+00	4.848140e-02	3.932579e-02	3.706512e-01	1.425021e-02	2.024202e-02	8.467508e+00	1.520947e-01	2.544841e-01	8.664023e-01	1.174497e-01	1.612047e-01	1.871239e+00	9.294247e-01	4.033276e-08	
3.864066e-01	3.083832e-13	1.007945e-01	2.142254e-01	8.003551e-01	1.014604e+00	9.147356e+00	4.828215e-02	3.958220e-02	3.694913e-01	1.420897e-02	2.020911e-02	8.436539e+00	1.514772e-01	2.546319e-01	8.632279e-01	1.172563e-01	1.605935e-01	1.875627e+00	9.286060e-01	5.553226e-07	
3.864159e-01	0.000000e+00	1.001110e-01	2.136600e-01	7.980061e-01	1.008583e+00	9.170480e+00	4.855005e-02	3.921457e-02	3.700491e-01	1.421839e-02	2.012846e-02	8.424912e+00	1.521122e-01	2.552065e-01	8.624299e-01	1.172644e-01	1.613382e-01	1.880095e+00	9.260005e-01	-2.928737e-06	
3.864084e-01	2.494182e-15	1.007591e-01	2.130201e-01	8.021042e-01	1.016643e+00	9.183884e+00	4.835582e-02	3.950965e-02	3.699957e-01	1.427141e-02	2.018695e-02	8.438002e+00	1.520306e-01	2.548832e-01	8.605739e-01	1.175790e-01	1.604191e-01	1.878753e+00	9.309272e-01	4.994178e-08	
3.864159e-01	0.000000e+00	1.014362e-01	2.141947e-01	8.019873e-01	1.014161e+00	9.224201e+00	4.845422e-02	3.926282e-02	3.711797e-01	1.428227e-02	2.022702e-02	8.466876e+00	1.532456e-01	2.544833e-01	8.577376e-01	1.179686e-01	1.603920e-01	1.879013e+00	9.241736e-01	-6.236331e-06	
3.864160e-01	0.000000e+00	1.014301e-01	2.129360e-01	7.993307e-01	1.011176e+00	9.162700e+00	4.842481e-02	3.937401e-02	3.699491e-01	1.421899e-02	2.017282e-02	8.429342e+00	1.529209e-01	2.541167e-01	8.581217e-01	1.175826e-01	1.591030e-01	1.898043e+00	9.201656e-01	-2.953004e-06	
3.864085e-01	6.565135e-13	1.006495e-01	2.136227e-01	7.963323e-01	1.009664e+00	9.134949e+00	4.843171e-02	3.919902e-02	3.711707e-01	1.428090e-02	2.014842e-02	8.458129e+00	1.525318e-01	2.544729e-01	8.653744e-01	1.172825e-01	1.592022e-01	1.889603e+00	9.328532e-01	8.102552e-07	
3.864160e-01	0.000000e+00	1.009013e-01	2.154753e-01	7.981608e-01	1.008439e+00	9.212379e+00	4.890796e-02	3.924870e-02	3.694274e-01	1.423753e-02	2.012541e-02	8.428282e+00	1.524354e-01	2.553155e-01	8.580219e-01	1.174371e-01	1.604666e-01	1.884234e+00	9.255010e-01	-1.950050e-06	
3.864161e-01	0.000000e+00	1.007473e-01	2.128291e-01	7.990921e-01	1.011519e+00	9.172254e+00	4.845462e-02	3.936419e-02	3.705666e-01	1.428158e-02	2.016318e-02	8.455682e+00	1.517698e-01	2.557762e-01	8.599969e-01	1.170537e-01	1.605561e-01	1.895145e+00	9.216054e-01	-3.349233e-06	
3.864162e-01	0.000000e+00	1.014330e-01	2.135874e-01	8.021157e-01	1.011652e+00	9.207136e+00	4.862772e-02	3.927352e-02	3.715184e-01	1.428132e-02	2.019166e-02	8.472110e+00	1.531796e-01	2.539496e-01	8.618770e-01	1.176791e-01	1.603011e-01	1.875665e+00	9.259582e-01	-1.254855e-07	
3.864048e-01	2.665930e-12	1.009601e-01	2.149406e-01	7.984210e-01	1.014957e+00	9.149127e+00	4.840897e-02	3.943201e-02	3.703387e-01	1.424604e-02	2.021321e-02	8.454787e+00	1.519032e-01	2.540498e-01	8.660125e-01	1.175044e-01	1.602896e-01	1.871243e+00	9.335556e-01	1.632768e-06	
3.864162e-01	0.000000e+00	1.005173e-01	2.140125e-01	7.969551e-01	1.006963e+00	9.145537e+00	4.870266e-02	3.941217e-02	3.698703e-01	1.421703e-02	2.017622e-02	8.434323e+00	1.524158e-01	2.549594e-01	8.600748e-01	1.173832e-01	1.599332e-01	1.886304e+00	9.272465e-01	-3.553221e-07	
3.864162e-01	0.000000e+00	1.009096e-01	2.129328e-01	8.016531e-01	1.013844e+00	9.222049e+00	4.852230e-02	3.938072e-02	3.695592e-01	1.422791e-02	2.028418e-02	8.447056e+00	1.520803e-01	2.527819e-01	8.657457e-01	1.176462e-01	1.595294e-01	1.875136e+00	9.286906e-01	-2.955539e-06	
3.864163e-01	0.000000e+00	1.016582e-01	2.145344e-01	8.013096e-01	1.009583e+00	9.253575e+00	4.908994e-02	3.944149e-02	3.700701e-01	1.423700e-02	2.018303e-02	8.439699e+00	1.526820e-01	2.531895e-01	8.624312e-01	1.177594e-01	1.607854e-01	1.868876e+00	9.254918e-01	-4.556671e-06	
3.864036e-01	1.101667e-12	1.006767e-01	2.152665e-01	8.032841e-01	1.012640e+00	9.233511e+00	4.841786e-02	3.921175e-02	3.698172e-01	1.422397e-02	2.024773e-02	8.441129e+00	1.526950e-01	2.557395e-01	8.637446e-01	1.176500e-01	1.606975e-01	1.886954e+00	9.299862e-01	1.049603e-06	
3.864048e-01	1.225511e-12	1.004536e-01	2.139046e-01	8.025048e-01	1.012312e+00	9.209562e+00	4.854849e-02	3.946572e-02	3.700735e-01	1.424234e-02	2.022409e-02	8.447829e+00	1.527068e-01	2.543787e-01	8.635410e-01	1.174085e-01	1.613516e-01	1.870220e+00	9.274147e-01	1.107028e-06	
3.864164e-01	0.000000e+00	1.011630e-01	2.144527e-01	7.999800e-01	1.014054e+00	9.191240e+00	4.814642e-02	3.897768e-02	3.681806e-01	1.416905e-02	2.027304e-02	8.402207e+00	1.528964e-01	2.538265e-01	8.666319e-01	1.176701e-01	1.597818e-01	1.885782e+00	9.316249e-01	-3.817924e-06	
3.864166e-01	0.000000e+00	1.003680e-01	2.132208e-01	8.089811e-01	1.013240e+00	9.290645e+00	4.851397e-02	3.931114e-02	3.707942e-01	1.426986e-02	2.030377e-02	8.469944e+00	1.532799e-01	2.543100e-01	8.622587e-01	1.177279e-01	1.619593e-01	1.865806e+00	9.248383e-01	-3.542712e-06	
3.864168e-01	0.000000e+00	1.006431e-01	2.128682e-01	8.006768e-01	1.013791e+00	9.185699e+00	4.834343e-02	3.930965e-02	3.715184e-01	1.432157e-02	2.019611e-02	8.478045e+00	1.526639e-01	2.545599e-01	8.624278e-01	1.172845e-01	1.607466e-01	1.880065e+00	9.260677e-01	-7.528396e-06	
3.864054e-01	1.007100e-12	1.010652e-01	2.152512e-01	7.988180e-01	1.015843e+00	9.167843e+00	4.840047e-02	3.939423e-02	3.689460e-01	1.420962e-02	2.022513e-02	8.415688e+00	1.527163e-01	2.561569e-01	8.587580e-01	1.176474e-01	1.603978e-01	1.887421e+00	9.293275e-01	1.003544e-06	
3.864171e-01	0.000000e+00	1.009349e-01	2.147123e-01	7.993264e-01	1.017080e+00	9.191015e+00	4.841225e-02	3.935640e-02	3.692528e-01	1.423086e-02	2.019114e-02	8.420396e+00	1.525942e-01	2.543434e-01	8.620939e-01	1.175805e-01	1.604255e-01	1.882327e+00	9.276133e-01	-5.133679e-06	
3.864172e-01	0.000000e+00	1.014904e-01	2.146900e-01	8.015393e-01	1.014324e+00	9.184908e+00	4.825728e-02	3.930983e-02	3.693658e-01	1.423463e-02	2.019394e-02	8.417750e+00	1.530762e-01	2.541971e-01	8.582988e-01	1.174462e-01	1.593924e-01	1.883285e+00	9.295311e-01	-5.250472e-06	
3.864060e-01	1.356722e-12	1.013659e-01	2.140115e-01	7.981778e-01	1.015802e+00	9.166032e+00	4.848662e-02	3.942712e-02	3.694937e-01	1.423763e-02	2.031470e-02	8.444750e+00	1.522486e-01	2.539993e-01	8.624223e-01	1.178720e-01	1.595705e-01	1.886135e+00	9.286790e-01	1.164784e-06	
3.864073e-01	1.915186e-13	1.008012e-01	2.138075e-01	8.011815e-01	1.013829e+00	9.183515e+00	4.835292e-02	3.948275e-02	3.701145e-01	1.426381e-02	2.017406e-02	8.446223e+00	1.528378e-01	2.543489e-01	8.624927e-01	1.170530e-01	1.595735e-01	1.882939e+00	9.285188e-01	4.376284e-07	
3.864080e-01	5.925779e-15	1.006960e-01	2.136065e-01	7.983976e-01	1.011308e+00	9.173234e+00	4.849792e-02	3.935929e-02	3.706186e-01	1.426004e-02	2.019114e-02	8.464497e+00	1.513864e-01	2.546780e-01	8.655509e-01	1.173293e-01	1.607840e-01	1.877628e+00	9.284867e-01	7.697908e-08	
3.864175e-01	0.000000e+00	1.011758e-01	2.147622e-01	8.008485e-01	1.016830e+00	9.204803e+00	4.818329e-02	3.922616e-02	3.707193e-01	1.429483e-02	2.016935e-02	8.448782e+00	1.530651e-01	2.541211e-01	8.626886e-01	1.173359e-01	1.598379e-01	1.884248e+00	9.292570e-01	-5.850436e-06	
3.864109e-01	1.553623e-12	1.006996e-01	2.145363e-01	7.994520e-01	1.012243e+00	9.153386e+00	4.825000e-02	3.929019e-02	3.696239e-01	1.422693e-02	2.016735e-02	8.423990e+00	1.528997e-01	2.533759e-01	8.641050e-01	1.170926e-01	1.593672e-01	1.881762e+00	9.305340e-01	1.246444e-06	
3.864181e-01	0.000000e+00	1.007314e-01	2.145919e-01	7.989479e-01	1.011940e+00	9.199182e+00	4.835576e-02	3.902109e-02	3.710012e-01	1.426385e-02	2.018629e-02	8.456031e+00	1.525719e-01	2.537934e-01	8.642730e-01	1.172815e-01	1.593346e-01	1.886158e+00	9.273942e-01	-6.417258e-06	
3.864000e-01	9.393517e-12	1.007921e-01	2.129444e-01	8.028680e-01	1.011532e+00	9.221955e+00	4.857891e-02	3.929126e-02	3.705697e-01	1.427245e-02	2.023234e-02	8.459338e+00	1.523790e-01	2.553664e-01	8.611693e-01	1.176451e-01	1.599924e-01	1.890331e+00	9.272864e-01	3.064884e-06	
3.864074e-01	7.185827e-13	1.006706e-01	2.138052e-01	7.986735e-01	1.011630e+00	9.160784e+00	4.854282e-02	3.946080e-02	3.690493e-01	1.420198e-02	2.007656e-02	8.405793e+00	1.517904e-01	2.549066e-01	8.609694e-01	1.172798e-01	1.606568e-01	1.880802e+00	9.268937e-01	8.476926e-07	
3.864022e-01	3.985620e-12	1.003287e-01	2.149825e-01	8.009057e-01	1.008018e+00	9.206542e+00	4.864720e-02	3.926315e-02	3.697452e-01	1.419516e-02	2.026281e-02	8.439899e+00	1.529400e-01	2.542727e-01	8.650633e-01	1.173012e-01	1.600703e-01	1.878833e+00	9.286944e-01	1.996402e-06	
3.864182e-01	0.000000e+00	1.011835e-01	2.140284e-01	8.003475e-01	1.012582e+00	9.238062e+00	4.871785e-02	3.932471e-02	3.695831e-01	1.421708e-02	2.021800e-02	8.432585e+00	1.525213e-01	2.531991e-01	8.637559e-01	1.177835e-01	1.607744e-01	1.872820e+00	9.245916e-01	-4.825022e-06	
3.864193e-01	0.000000e+00	1.005392e-01	2.135013e-01	7.979164e-01	1.009437e+00	9.181591e+00	4.863338e-02	3.913217e-02	3.707414e-01	1.426260e-02	2.018671e-02	8.461295e+00	1.527967e-01	2.535343e-01	8.662334e-01	1.172200e-01	1.600185e-01	1.874938e+00	9.285975e-01	-7.192609e-06	
3.864209e-01	0.000000e+00	1.006619e-01	2.150944e-01	8.015186e-01	1.010997e+00	9.209933e+00	4.840676e-02	3.914861e-02	3.690233e-01	1.421002e-02	2.020820e-02	8.422854e+00	1.525717e-01	2.551251e-01	8.600385e-01	1.175108e-01	1.602222e-01	1.889518e+00	9.268442e-01	-2.750348e-06	
3.863966e-01	3.856336e-11	1.005324e-01	2.130318e-01	7.975798e-01	1.009792e+00	9.173418e+00	4.869351e-02	3.946050e-02	3.704899e-01	1.424949e-02	2.028261e-02	8.465550e+00	1.516956e-01	2.550563e-01	8.647695e-01	1.174236e-01	1.607791e-01	1.881844e+00	9.267399e-01	6.209940e-06	
3.864112e-01	1.067269e-14	1.009502e-01	2.135336e-01	7.998326e-01	1.012062e+00	9.218552e+00	4.858578e-02	3.917910e-02	3.712961e-01	1.429461e-02	2.021429e-02	8.480089e+00	1.530064e-01	2.533097e-01	8.657315e-01	1.172692e-01	1.605023e-01	1.870358e+00	9.253295e-01	1.033087e-07	
3.864054e-01	2.498252e-12	1.010492e-01	2.138329e-01	7.985027e-01	1.010091e+00	9.221149e+00	4.869974e-02	3.908219e-02	3.709371e-01	1.428603e-02	2.018716e-02	8.468295e+00	1.521272e-01	2.536273e-01	8.623177e-01	1.175836e-01	1.600342e-01	1.877991e+00	9.251782e-01	1.580586e-06	
3.864010e-01	1.827540e-11	1.010338e-01	2.142362e-01	8.024999e-01	1.015222e+00	9.268159e+00	4.837715e-02	3.896075e-02	3.700910e-01	1.426988e-02	2.020338e-02	8.439089e+00	1.523177e-01	2.538348e-01	8.612197e-01	1.177461e-01	1.595394e-01	1.883637e+00	9.276439e-01	4.274973e-06	
3.864020e-01	5.449024e-12	1.007412e-01	2.143438e-01	7.988791e-01	1.010728e+00	9.172697e+00	4.848275e-02	3.922967e-02	3.696824e-01	1.422167e-02	2.021663e-02	8.434562e+00	1.526873e-01	2.551592e-01	8.611292e-01	1.174164e-01	1.601053e-01	1.884030e+00	9.281626e-01	2.334314e-06	
3.864087e-01	8.491048e-13	1.004123e-01	2.134027e-01	8.033711e-01	1.017562e+00	9.223367e+00	4.812990e-02	3.915820e-02	3.698303e-01	1.424160e-02	2.025865e-02	8.441920e+00	1.524478e-01	2.542059e-01	8.672720e-01	1.178093e-01	1.599388e-01	1.882779e+00	9.333613e-01	9.214688e-07	
3.864089e-01	2.361945e-12	1.013806e-01	2.141563e-01	8.025580e-01	1.019652e+00	9.187886e+00	4.811396e-02	3.959003e-02	3.704179e-01	1.424990e-02	2.029773e-02	8.456391e+00	1.531987e-01	2.537333e-01	8.629527e-01	1.176293e-01	1.602655e-01	1.869779e+00	9.290073e-01	1.536862e-06	
3.864052e-01	5.440999e-12	1.007571e-01	2.134284e-01	7.970709e-01	1.009353e+00	9.166312e+00	4.873358e-02	3.949490e-02	3.699212e-01	1.422547e-02	2.025645e-02	8.446052e+00	1.522500e-01	2.538765e-01	8.670853e-01	1.173392e-01	1.605291e-01	1.878913e+00	9.280901e-01	2.332595e-06	
3.864022e-01	1.740794e-11	1.008032e-01	2.137217e-01	8.004022e-01	1.009668e+00	9.203924e+00	4.863527e-02	3.941569e-02	3.717606e-01	1.430155e-02	2.027097e-02	8.484333e+00	1.526379e-01	2.540377e-01	8.639278e-01	1.175232e-01	1.606851e-01	1.872239e+00	9.295404e-01	4.172282e-06	
3.863968e-01	2.032385e-11	1.007992e-01	2.134592e-01	7.982816e-01	1.011575e+00	9.168800e+00	4.843900e-02	3.934473e-02	3.704187e-01	1.425039e-02	2.019654e-02	8.443766e+00	1.524067e-01	2.555791e-01	8.608013e-01	1.174418e-01	1.601468e-01	1.893878e+00	9.252291e-01	4.508199e-06	
3.864041e-01	2.023438e-11	1.008467e-01	2.136242e-01	7.984578e-01	1.016859e+00	9.173425e+00	4.836915e-02	3.916348e-02	3.711031e-01	1.430110e-02	2.013888e-02	8.463216e+00	1.522004e-01	2.538601e-01	8.623806e-01	1.175416e-01	1.599718e-01	1.877739e+00	9.272435e-01	4.498264e-06	
3.863861e-01	8.947220e-11	1.008313e-01	2.151303e-01	7.992012e-01	1.007573e+00	9.199938e+00	4.858036e-02	3.905808e-02	3.711178e-01	1.429068e-02	2.012921e-02	8.453908e+00	1.526759e-01	2.543982e-01	8.586661e-01	1.175326e-01	1.598997e-01	1.886754e+00	9.264858e-01	9.458975e-06	
