f	phi	x(1)	x(2)	x(3)	x(4)	x(5)	x(6)	x(7)	x(8)	x(9)	x(10)	x(11)	x(12)	x(13)	x(14)	x(15)	x(16)	x(17)	x(18)	g(1)	
3.864041e-01	0.000000e+00	1.009507e-01	2.142351e-01	8.005724e-01	1.010557e+00	9.206070e+00	4.842451e-02	3.907868e-02	3.698699e-01	1.422437e-02	2.017519e-02	8.435135e+00	1.522797e-01	2.534132e-01	8.656059e-01	1.175379e-01	1.598091e-01	1.877452e+00	9.306478e-01	-9.462923e-07	
3.864043e-01	0.000000e+00	1.012019e-01	2.143805e-01	8.019414e-01	1.009805e+00	9.225853e+00	4.867042e-02	3.930402e-02	3.701597e-01	1.423170e-02	2.014624e-02	8.441134e+00	1.518278e-01	2.552715e-01	8.628079e-01	1.176557e-01	1.608604e-01	1.883145e+00	9.276016e-01	-2.372527e-06	
3.864044e-01	0.000000e+00	1.008358e-01	2.146188e-01	8.008824e-01	1.006564e+00	9.229625e+00	4.866115e-02	3.905964e-02	3.700647e-01	1.422119e-02	2.021120e-02	8.437536e+00	1.525722e-01	2.536111e-01	8.633771e-01	1.173764e-01	1.599758e-01	1.875781e+00	9.282740e-01	-5.028279e-08	
3.864050e-01	0.000000e+00	1.008919e-01	2.135046e-01	8.040010e-01	1.012479e+00	9.221237e+00	4.837490e-02	3.926939e-02	3.705050e-01	1.427411e-02	2.015325e-02	8.453815e+00	1.519182e-01	2.556168e-01	8.619545e-01	1.173039e-01	1.608887e-01	1.881960e+00	9.280129e-01	-2.687244e-06	
3.864052e-01	0.000000e+00	1.006675e-01	2.150376e-01	8.012524e-01	1.009969e+00	9.208612e+00	4.839509e-02	3.902881e-02	3.700049e-01	1.421670e-02	2.016425e-02	8.435494e+00	1.520492e-01	2.540492e-01	8.648338e-01	1.175415e-01	1.599205e-01	1.880632e+00	9.308132e-01	-1.061781e-06	
3.864053e-01	0.000000e+00	1.007743e-01	2.145901e-01	8.038273e-01	1.009860e+00	9.237430e+00	4.848504e-02	3.920577e-02	3.709546e-01	1.427613e-02	2.019265e-02	8.461592e+00	1.526199e-01	2.548557e-01	8.617110e-01	1.174933e-01	1.603979e-01	1.883393e+00	9.281697e-01	-1.520258e-06	
3.864056e-01	0.000000e+00	1.007292e-01	2.140058e-01	7.998878e-01	1.009025e+00	9.205913e+00	4.869163e-02	3.917844e-02	3.701061e-01	1.423768e-02	2.016883e-02	8.445737e+00	1.521521e-01	2.540647e-01	8.634985e-01	1.175929e-01	1.600048e-01	1.878328e+00	9.291535e-01	-4.045062e-06	
3.864059e-01	0.000000e+00	1.003838e-01	2.140026e-01	8.012091e-01	1.013474e+00	9.221019e+00	4.860871e-02	3.941624e-02	3.698301e-01	1.424658e-02	2.016779e-02	8.434486e+00	1.518972e-01	2.543047e-01	8.635740e-01	1.173714e-01	1.600323e-01	1.877915e+00	9.305615e-01	-7.826342e-07	
3.864062e-01	0.000000e+00	1.008545e-01	2.133046e-01	7.998119e-01	1.009735e+00	9.205252e+00	4.850384e-02	3.900780e-02	3.702258e-01	1.425914e-02	2.018252e-02	8.451160e+00	1.523742e-01	2.542696e-01	8.626873e-01	1.175558e-01	1.604149e-01	1.878942e+00	9.271408e-01	-8.849771e-07	
3.864062e-01	0.000000e+00	1.004375e-01	2.129191e-01	8.014502e-01	1.012285e+00	9.224433e+00	4.855593e-02	3.934300e-02	3.693453e-01	1.422686e-02	2.018573e-02	8.426390e+00	1.518719e-01	2.542190e-01	8.604710e-01	1.175419e-01	1.602370e-01	1.879584e+00	9.254336e-01	-2.178496e-06	
3.864063e-01	0.000000e+00	1.007674e-01	2.142408e-01	8.028651e-01	1.014064e+00	9.215744e+00	4.839440e-02	3.939862e-02	3.697915e-01	1.423059e-02	2.017598e-02	8.433771e+00	1.527734e-01	2.549067e-01	8.600256e-01	1.176239e-01	1.604434e-01	1.883028e+00	9.258010e-01	-5.898538e-07	
3.864065e-01	0.000000e+00	1.007114e-01	2.129368e-01	8.014233e-01	1.011931e+00	9.229331e+00	4.863755e-02	3.937651e-02	3.704547e-01	1.428624e-02	2.019474e-02	8.451178e+00	1.522052e-01	2.551039e-01	8.604408e-01	1.176242e-01	1.605295e-01	1.885538e+00	9.269549e-01	-8.598191e-07	
3.864065e-01	0.000000e+00	1.005329e-01	2.134578e-01	8.019771e-01	1.007882e+00	9.234682e+00	4.878240e-02	3.943401e-02	3.706507e-01	1.428227e-02	2.018643e-02	8.454029e+00	1.527239e-01	2.544739e-01	8.578885e-01	1.175195e-01	1.606156e-01	1.879479e+00	9.244405e-01	-5.132540e-08	
3.864066e-01	0.000000e+00	1.007153e-01	2.130740e-01	8.016480e-01	1.013324e+00	9.231224e+00	4.852955e-02	3.927125e-02	3.703223e-01	1.427141e-02	2.016588e-02	8.452618e+00	1.518460e-01	2.551361e-01	8.601684e-01	1.175798e-01	1.605541e-01	1.883792e+00	9.243749e-01	-1.136322e-06	
3.864067e-01	0.000000e+00	1.006324e-01	2.153686e-01	8.015502e-01	1.008958e+00	9.206869e+00	4.858159e-02	3.928678e-02	3.707288e-01	1.425754e-02	2.014596e-02	8.460012e+00	1.517210e-01	2.543524e-01	8.637093e-01	1.173385e-01	1.595751e-01	1.889519e+00	9.284111e-01	-2.100714e-07	
3.864068e-01	0.000000e+00	1.005839e-01	2.152424e-01	8.012510e-01	1.013291e+00	9.184162e+00	4.846106e-02	3.941587e-02	3.697526e-01	1.422042e-02	2.019675e-02	8.438741e+00	1.522129e-01	2.540267e-01	8.636736e-01	1.176598e-01	1.602609e-01	1.878832e+00	9.300175e-01	-4.242398e-07	
3.864068e-01	0.000000e+00	1.008410e-01	2.140717e-01	7.993568e-01	1.014097e+00	9.178131e+00	4.829603e-02	3.917590e-02	3.707279e-01	1.427095e-02	2.016729e-02	8.462912e+00	1.516210e-01	2.535958e-01	8.638783e-01	1.176527e-01	1.600745e-01	1.877950e+00	9.282474e-01	-1.184582e-06	
3.864070e-01	0.000000e+00	1.006175e-01	2.141223e-01	8.017448e-01	1.009221e+00	9.257920e+00	4.866091e-02	3.894364e-02	3.701659e-01	1.425031e-02	2.017696e-02	8.441093e+00	1.525694e-01	2.545657e-01	8.630411e-01	1.173918e-01	1.605043e-01	1.875166e+00	9.286414e-01	-7.489086e-07	
3.864071e-01	0.000000e+00	1.008852e-01	2.123090e-01	8.017668e-01	1.012729e+00	9.235186e+00	4.859615e-02	3.915547e-02	3.691792e-01	1.423330e-02	2.012675e-02	8.413617e+00	1.527855e-01	2.548128e-01	8.613607e-01	1.176413e-01	1.603473e-01	1.884854e+00	9.263741e-01	-1.438777e-06	
3.864072e-01	0.000000e+00	1.004022e-01	2.154386e-01	7.991898e-01	1.012671e+00	9.206800e+00	4.857401e-02	3.923312e-02	3.697964e-01	1.421464e-02	2.022735e-02	8.435125e+00	1.525254e-01	2.546376e-01	8.650322e-01	1.175099e-01	1.600946e-01	1.878581e+00	9.316809e-01	-5.807623e-07	
3.864072e-01	0.000000e+00	1.004286e-01	2.126644e-01	8.052797e-01	1.017566e+00	9.233782e+00	4.822483e-02	3.936139e-02	3.694984e-01	1.425385e-02	2.013385e-02	8.425749e+00	1.516498e-01	2.552443e-01	8.615291e-01	1.175709e-01	1.608095e-01	1.879398e+00	9.297786e-01	-1.467932e-06	
3.864073e-01	0.000000e+00	1.011527e-01	2.148796e-01	8.007839e-01	1.008513e+00	9.241088e+00	4.871371e-02	3.911060e-02	3.707862e-01	1.428145e-02	2.013257e-02	8.454874e+00	1.514914e-01	2.551240e-01	8.603399e-01	1.174642e-01	1.602038e-01	1.879340e+00	9.301219e-01	-9.732538e-07	
3.864073e-01	0.000000e+00	1.011491e-01	2.139749e-01	8.011042e-01	1.014424e+00	9.203961e+00	4.847615e-02	3.928920e-02	3.693694e-01	1.422587e-02	2.018361e-02	8.422270e+00	1.524669e-01	2.548432e-01	8.604669e-01	1.175259e-01	1.607737e-01	1.879540e+00	9.259063e-01	-4.453937e-07	
3.864075e-01	0.000000e+00	1.007660e-01	2.137945e-01	8.023954e-01	1.014330e+00	9.226491e+00	4.845472e-02	3.928962e-02	3.700865e-01	1.423740e-02	2.019465e-02	8.433172e+00	1.529179e-01	2.553590e-01	8.617165e-01	1.176278e-01	1.603465e-01	1.890817e+00	9.257831e-01	-1.523959e-06	
3.864075e-01	0.000000e+00	1.006992e-01	2.146131e-01	8.019572e-01	1.013279e+00	9.202105e+00	4.833639e-02	3.925399e-02	3.707448e-01	1.426191e-02	2.026227e-02	8.466477e+00	1.522007e-01	2.547191e-01	8.622844e-01	1.177659e-01	1.608130e-01	1.880450e+00	9.276160e-01	-1.952904e-07	
3.864076e-01	0.000000e+00	1.008588e-01	2.148843e-01	8.022073e-01	1.013881e+00	9.206688e+00	4.845357e-02	3.928733e-02	3.702449e-01	1.425232e-02	2.016573e-02	8.443174e+00	1.523224e-01	2.557921e-01	8.612738e-01	1.177946e-01	1.606668e-01	1.887041e+00	9.299967e-01	-4.538890e-07	
3.864076e-01	0.000000e+00	1.003036e-01	2.141927e-01	8.024528e-01	1.012250e+00	9.218761e+00	4.840028e-02	3.929445e-02	3.693284e-01	1.422147e-02	2.016788e-02	8.421009e+00	1.523902e-01	2.556057e-01	8.577277e-01	1.172764e-01	1.610638e-01	1.878025e+00	9.249350e-01	-1.146291e-06	
3.864077e-01	0.000000e+00	1.004222e-01	2.138078e-01	7.997582e-01	1.005488e+00	9.234219e+00	4.886872e-02	3.909747e-02	3.702624e-01	1.424420e-02	2.019249e-02	8.447592e+00	1.521852e-01	2.544385e-01	8.626014e-01	1.174788e-01	1.600696e-01	1.880112e+00	9.283743e-01	-1.296556e-06	
3.864078e-01	0.000000e+00	1.004545e-01	2.128813e-01	8.006167e-01	1.011485e+00	9.214606e+00	4.851825e-02	3.922028e-02	3.701132e-01	1.425227e-02	2.028458e-02	8.455227e+00	1.522579e-01	2.527571e-01	8.643366e-01	1.175460e-01	1.600483e-01	1.873193e+00	9.266227e-01	-2.232936e-06	
3.864079e-01	0.000000e+00	1.006442e-01	2.151068e-01	8.039885e-01	1.009483e+00	9.254455e+00	4.855040e-02	3.916882e-02	3.700184e-01	1.424194e-02	2.013381e-02	8.431103e+00	1.521839e-01	2.550979e-01	8.622383e-01	1.173615e-01	1.604136e-01	1.878351e+00	9.321896e-01	-3.496075e-06	
3.864079e-01	0.000000e+00	1.007653e-01	2.137656e-01	8.012956e-01	1.013084e+00	9.220877e+00	4.859087e-02	3.930399e-02	3.701916e-01	1.424375e-02	2.011364e-02	8.433966e+00	1.515893e-01	2.549335e-01	8.562234e-01	1.177000e-01	1.607462e-01	1.872928e+00	9.243430e-01	-1.272850e-06	
3.864080e-01	0.000000e+00	1.009853e-01	2.131230e-01	8.028489e-01	1.012106e+00	9.239724e+00	4.864202e-02	3.933074e-02	3.698198e-01	1.426680e-02	2.013996e-02	8.438209e+00	1.519429e-01	2.544965e-01	8.651668e-01	1.173182e-01	1.602660e-01	1.887907e+00	9.280990e-01	-3.062131e-07	
3.864080e-01	0.000000e+00	1.007324e-01	2.132635e-01	7.999619e-01	1.010713e+00	9.229601e+00	4.867461e-02	3.910881e-02	3.697737e-01	1.425292e-02	2.017002e-02	8.427236e+00	1.529026e-01	2.540389e-01	8.626743e-01	1.177230e-01	1.601347e-01	1.876702e+00	9.313067e-01	-1.802203e-06	
3.864080e-01	0.000000e+00	1.007131e-01	2.152073e-01	7.995429e-01	1.009144e+00	9.207549e+00	4.864051e-02	3.902322e-02	3.701678e-01	1.423946e-02	2.014495e-02	8.435353e+00	1.527873e-01	2.550689e-01	8.619473e-01	1.177102e-01	1.605808e-01	1.881440e+00	9.303070e-01	-4.796139e-07	
3.864080e-01	0.000000e+00	1.009332e-01	2.141440e-01	7.995238e-01	1.012393e+00	9.201465e+00	4.865686e-02	3.935449e-02	3.695481e-01	1.424716e-02	2.009058e-02	8.427269e+00	1.511519e-01	2.555503e-01	8.608134e-01	1.175113e-01	1.601995e-01	1.886897e+00	9.296914e-01	-1.518177e-06	
3.864080e-01	0.000000e+00	1.000726e-01	2.133168e-01	8.035664e-01	1.014511e+00	9.219896e+00	4.820604e-02	3.922061e-02	3.688159e-01	1.418288e-02	2.018254e-02	8.405272e+00	1.524281e-01	2.552943e-01	8.586273e-01	1.176508e-01	1.608570e-01	1.877308e+00	9.259790e-01	-1.876237e-06	
3.864080e-01	0.000000e+00	1.008847e-01	2.132968e-01	8.032564e-01	1.010950e+00	9.233492e+00	4.857661e-02	3.933450e-02	3.702483e-01	1.423923e-02	2.022139e-02	8.443345e+00	1.521132e-01	2.551212e-01	8.622122e-01	1.176523e-01	1.603623e-01	1.885581e+00	9.279038e-01	-1.907460e-06	
3.864080e-01	0.000000e+00	1.006091e-01	2.153086e-01	8.004706e-01	1.007990e+00	9.202743e+00	4.873657e-02	3.927929e-02	3.715849e-01	1.428119e-02	2.024336e-02	8.483615e+00	1.526207e-01	2.531585e-01	8.678100e-01	1.175454e-01	1.596833e-01	1.883461e+00	9.305500e-01	-7.057718e-07	
3.864080e-01	0.000000e+00	1.008561e-01	2.141395e-01	8.001669e-01	1.013817e+00	9.229202e+00	4.844195e-02	3.910848e-02	3.700465e-01	1.425227e-02	2.017196e-02	8.441750e+00	1.521444e-01	2.546995e-01	8.636867e-01	1.175895e-01	1.602122e-01	1.880039e+00	9.297903e-01	-7.105965e-07	
3.864082e-01	0.000000e+00	1.010319e-01	2.138462e-01	8.005050e-01	1.009657e+00	9.212359e+00	4.880214e-02	3.927191e-02	3.711515e-01	1.428082e-02	2.016638e-02	8.464750e+00	1.520956e-01	2.547107e-01	8.632521e-01	1.175981e-01	1.600692e-01	1.886613e+00	9.279399e-01	-1.265010e-06	
3.864082e-01	0.000000e+00	1.008467e-01	2.134410e-01	8.005426e-01	1.011925e+00	9.211889e+00	4.845658e-02	3.903214e-02	3.709477e-01	1.427256e-02	2.014965e-02	8.459258e+00	1.523377e-01	2.544574e-01	8.665365e-01	1.176801e-01	1.604892e-01	1.880957e+00	9.303176e-01	-2.953372e-06	
3.864083e-01	0.000000e+00	1.009085e-01	2.136521e-01	7.996545e-01	1.008792e+00	9.202416e+00	4.865704e-02	3.909649e-02	3.687477e-01	1.422180e-02	2.009518e-02	8.402238e+00	1.521108e-01	2.550584e-01	8.604207e-01	1.173682e-01	1.600448e-01	1.887443e+00	9.294099e-01	-4.923371e-07	
3.864083e-01	0.000000e+00	1.004045e-01	2.163711e-01	7.989368e-01	1.015903e+00	9.170223e+00	4.851791e-02	3.951012e-02	3.709105e-01	1.425735e-02	2.011686e-02	8.455558e+00	1.519874e-01	2.546458e-01	8.623551e-01	1.174904e-01	1.599669e-01	1.881064e+00	9.292067e-01	-1.204275e-06	
3.864084e-01	0.000000e+00	1.004439e-01	2.128326e-01	8.023225e-01	1.009381e+00	9.246458e+00	4.876310e-02	3.925678e-02	3.707107e-01	1.426412e-02	2.015756e-02	8.446149e+00	1.523500e-01	2.553550e-01	8.589748e-01	1.176318e-01	1.609350e-01	1.886055e+00	9.223724e-01	-2.054175e-06	
3.864085e-01	0.000000e+00	1.006262e-01	2.129821e-01	8.006582e-01	1.010213e+00	9.224740e+00	4.855030e-02	3.907930e-02	3.696666e-01	1.423668e-02	2.016188e-02	8.432418e+00	1.518897e-01	2.544131e-01	8.628709e-01	1.176579e-01	1.599625e-01	1.883703e+00	9.288473e-01	-4.496247e-06	
3.864085e-01	0.000000e+00	1.010417e-01	2.143109e-01	8.013436e-01	1.008897e+00	9.237370e+00	4.874527e-02	3.920200e-02	3.699400e-01	1.423081e-02	2.024512e-02	8.447064e+00	1.519020e-01	2.549282e-01	8.592160e-01	1.174307e-01	1.604178e-01	1.875886e+00	9.252981e-01	-1.680749e-07	
3.864086e-01	0.000000e+00	1.002944e-01	2.131225e-01	8.027800e-01	1.010330e+00	9.244985e+00	4.857426e-02	3.916800e-02	3.701644e-01	1.425760e-02	2.013778e-02	8.433655e+00	1.523254e-01	2.549128e-01	8.604934e-01	1.175982e-01	1.601317e-01	1.887706e+00	9.271944e-01	-2.043556e-06	
3.864086e-01	0.000000e+00	1.003821e-01	2.135329e-01	7.996475e-01	1.015218e+00	9.164324e+00	4.833854e-02	3.938147e-02	3.704502e-01	1.427510e-02	2.013006e-02	8.442915e+00	1.517069e-01	2.543086e-01	8.603534e-01	1.176777e-01	1.600179e-01	1.884025e+00	9.287266e-01	-2.122666e-06	
3.864086e-01	0.000000e+00	1.004778e-01	2.148825e-01	8.042709e-01	1.013043e+00	9.245356e+00	4.841518e-02	3.919004e-02	3.696615e-01	1.422114e-02	2.023254e-02	8.438803e+00	1.529626e-01	2.541273e-01	8.618816e-01	1.174185e-01	1.603677e-01	1.876802e+00	9.255185e-01	-1.685704e-06	
3.864087e-01	0.000000e+00	9.978074e-02	2.142669e-01	8.057031e-01	1.009924e+00	9.266079e+00	4.865243e-02	3.932922e-02	3.701111e-01	1.425060e-02	2.016776e-02	8.445786e+00	1.521974e-01	2.541707e-01	8.648465e-01	1.176143e-01	1.603629e-01	1.877819e+00	9.322546e-01	-3.851578e-07	
3.864087e-01	0.000000e+00	1.008739e-01	2.146764e-01	8.040902e-01	1.014011e+00	9.239752e+00	4.830373e-02	3.928297e-02	3.701570e-01	1.424013e-02	2.022955e-02	8.446126e+00	1.522941e-01	2.550103e-01	8.638267e-01	1.175858e-01	1.607440e-01	1.877246e+00	9.309007e-01	-1.078086e-06	
3.864087e-01	0.000000e+00	1.008867e-01	2.136552e-01	8.026370e-01	1.008476e+00	9.240611e+00	4.867393e-02	3.917466e-02	3.712276e-01	1.427596e-02	2.027324e-02	8.474793e+00	1.529932e-01	2.542418e-01	8.679881e-01	1.175484e-01	1.603456e-01	1.883195e+00	9.302828e-01	-2.590449e-06	
3.864087e-01	0.000000e+00	1.003965e-01	2.155584e-01	8.008885e-01	1.014431e+00	9.197128e+00	4.841350e-02	3.926225e-02	3.705327e-01	1.423945e-02	2.018753e-02	8.449270e+00	1.524804e-01	2.547570e-01	8.646148e-01	1.178036e-01	1.606187e-01	1.877888e+00	9.319935e-01	-5.615474e-07	
3.864089e-01	0.000000e+00	1.007662e-01	2.134651e-01	8.020347e-01	1.016684e+00	9.213093e+00	4.846611e-02	3.928852e-02	3.696009e-01	1.423367e-02	2.023516e-02	8.439269e+00	1.522777e-01	2.541667e-01	8.641521e-01	1.176428e-01	1.603498e-01	1.873828e+00	9.294074e-01	-1.980534e-06	
3.864089e-01	0.000000e+00	1.009185e-01	2.140910e-01	8.020858e-01	1.011598e+00	9.214631e+00	4.855637e-02	3.937897e-02	3.707773e-01	1.426524e-02	2.021562e-02	8.461480e+00	1.518740e-01	2.552534e-01	8.665857e-01	1.175069e-01	1.608382e-01	1.886790e+00	9.301900e-01	-1.104789e-06	
3.864089e-01	0.000000e+00	1.000557e-01	2.141864e-01	8.024570e-01	1.013213e+00	9.229281e+00	4.832737e-02	3.910482e-02	3.690560e-01	1.419357e-02	2.023771e-02	8.413941e+00	1.528970e-01	2.533927e-01	8.631131e-01	1.177494e-01	1.602899e-01	1.875340e+00	9.284166e-01	-2.365047e-06	
3.864089e-01	0.000000e+00	1.006533e-01	2.147321e-01	8.000681e-01	1.013855e+00	9.208020e+00	4.855311e-02	3.922722e-02	3.701951e-01	1.424195e-02	2.020143e-02	8.441272e+00	1.531761e-01	2.545879e-01	8.647160e-01	1.175289e-01	1.605262e-01	1.876741e+00	9.301870e-01	-3.371155e-06	
3.864089e-01	0.000000e+00	1.004598e-01	2.151477e-01	8.022289e-01	1.015742e+00	9.218033e+00	4.844729e-02	3.935009e-02	3.706717e-01	1.424775e-02	2.017413e-02	8.445202e+00	1.526116e-01	2.548884e-01	8.599179e-01	1.176411e-01	1.603490e-01	1.875874e+00	9.281742e-01	-3.210627e-07	
3.864090e-01	0.000000e+00	1.004234e-01	2.140837e-01	8.020260e-01	1.017449e+00	9.199462e+00	4.829486e-02	3.932124e-02	3.712092e-01	1.426739e-02	2.020922e-02	8.475344e+00	1.521266e-01	2.543997e-01	8.696921e-01	1.175762e-01	1.601159e-01	1.881114e+00	9.318736e-01	-3.349630e-06	
3.864091e-01	0.000000e+00	1.007185e-01	2.156683e-01	7.992496e-01	1.011293e+00	9.211163e+00	4.869745e-02	3.916307e-02	3.707096e-01	1.425415e-02	2.019887e-02	8.451358e+00	1.528158e-01	2.548289e-01	8.624669e-01	1.176195e-01	1.608495e-01	1.872917e+00	9.301333e-01	-1.917327e-06	
3.864091e-01	0.000000e+00	1.006460e-01	2.143503e-01	7.995029e-01	1.015005e+00	9.190605e+00	4.834648e-02	3.921133e-02	3.702300e-01	1.424966e-02	2.024966e-02	8.452572e+00	1.526458e-01	2.540441e-01	8.654171e-01	1.174611e-01	1.605069e-01	1.872079e+00	9.303167e-01	-1.861754e-06	
3.864091e-01	0.000000e+00	1.008448e-01	2.145100e-01	8.022515e-01	1.008770e+00	9.238369e+00	4.850283e-02	3.898154e-02	3.694352e-01	1.421025e-02	2.008688e-02	8.408464e+00	1.519516e-01	2.549388e-01	8.601428e-01	1.176553e-01	1.603478e-01	1.882427e+00	9.293516e-01	-1.454027e-06	
3.864091e-01	0.000000e+00	1.010955e-01	2.147883e-01	8.031157e-01	1.010435e+00	9.253592e+00	4.852792e-02	3.911937e-02	3.700582e-01	1.423237e-02	2.014974e-02	8.430081e+00	1.528340e-01	2.558220e-01	8.605197e-01	1.176038e-01	1.609115e-01	1.884590e+00	9.271489e-01	-1.997875e-06	
3.864091e-01	0.000000e+00	1.007208e-01	2.152033e-01	7.992637e-01	1.017276e+00	9.173920e+00	4.840204e-02	3.948272e-02	3.690371e-01	1.418731e-02	2.021391e-02	8.417016e+00	1.522653e-01	2.540521e-01	8.643717e-01	1.174757e-01	1.601730e-01	1.875484e+00	9.295657e-01	-2.219355e-06	
3.864092e-01	0.000000e+00	1.006618e-01	2.132283e-01	8.024515e-01	1.012227e+00	9.240594e+00	4.852959e-02	3.908679e-02	3.700524e-01	1.427361e-02	2.015294e-02	8.431335e+00	1.526210e-01	2.546054e-01	8.599584e-01	1.176302e-01	1.601804e-01	1.883795e+00	9.283354e-01	-1.969238e-06	
3.864092e-01	0.000000e+00	1.003930e-01	2.136021e-01	8.000794e-01	1.011362e+00	9.217163e+00	4.869611e-02	3.926417e-02	3.698734e-01	1.424999e-02	2.020466e-02	8.438095e+00	1.526964e-01	2.545683e-01	8.597596e-01	1.175201e-01	1.600806e-01	1.882579e+00	9.257389e-01	-2.537027e-06	
3.864093e-01	0.000000e+00	1.008023e-01	2.150198e-01	8.006562e-01	1.006262e+00	9.219454e+00	4.869318e-02	3.914013e-02	3.706599e-01	1.425768e-02	2.018456e-02	8.451026e+00	1.526418e-01	2.542694e-01	8.611086e-01	1.174951e-01	1.603992e-01	1.878939e+00	9.281591e-01	-1.393792e-06	
3.864093e-01	0.000000e+00	1.006905e-01	2.131239e-01	8.016163e-01	1.012624e+00	9.206253e+00	4.833770e-02	3.918558e-02	3.715511e-01	1.428481e-02	2.023241e-02	8.475558e+00	1.527738e-01	2.549125e-01	8.637378e-01	1.178562e-01	1.609656e-01	1.875720e+00	9.298816e-01	-3.855809e-07	
3.864093e-01	0.000000e+00	1.005889e-01	2.141385e-01	7.975617e-01	1.009035e+00	9.211497e+00	4.859078e-02	3.898224e-02	3.698568e-01	1.424186e-02	2.021378e-02	8.432188e+00	1.522765e-01	2.551919e-01	8.586605e-01	1.174903e-01	1.605296e-01	1.879286e+00	9.269315e-01	-4.575635e-07	
3.864094e-01	0.000000e+00	1.000131e-01	2.137044e-01	8.022252e-01	1.009734e+00	9.237031e+00	4.874862e-02	3.927639e-02	3.702801e-01	1.427404e-02	2.015193e-02	8.445167e+00	1.521367e-01	2.543983e-01	8.629308e-01	1.175668e-01	1.599260e-01	1.881136e+00	9.324175e-01	-2.004682e-06	
3.864094e-01	0.000000e+00	1.006592e-01	2.153918e-01	8.027192e-01	1.009079e+00	9.211327e+00	4.850103e-02	3.931762e-02	3.704729e-01	1.423283e-02	2.029643e-02	8.460518e+00	1.529757e-01	2.543812e-01	8.623120e-01	1.172428e-01	1.597419e-01	1.880538e+00	9.282494e-01	-1.573882e-06	
3.864094e-01	0.000000e+00	1.009248e-01	2.138509e-01	7.986659e-01	1.010597e+00	9.163250e+00	4.851194e-02	3.935625e-02	3.697739e-01	1.420033e-02	2.013434e-02	8.433254e+00	1.509777e-01	2.548875e-01	8.601405e-01	1.174810e-01	1.600907e-01	1.888837e+00	9.223816e-01	-1.415034e-06	
3.864095e-01	0.000000e+00	1.005107e-01	2.137743e-01	8.022962e-01	1.009342e+00	9.236680e+00	4.878759e-02	3.934225e-02	3.704391e-01	1.425052e-02	2.020427e-02	8.457788e+00	1.517597e-01	2.543989e-01	8.649342e-01	1.174671e-01	1.601112e-01	1.883717e+00	9.279896e-01	-4.710956e-07	
3.864095e-01	0.000000e+00	1.000426e-01	2.138760e-01	8.012440e-01	1.015878e+00	9.166465e+00	4.839258e-02	3.959610e-02	3.710095e-01	1.426878e-02	2.025419e-02	8.470076e+00	1.521224e-01	2.547099e-01	8.645144e-01	1.176888e-01	1.603650e-01	1.887133e+00	9.286093e-01	-1.092706e-07	
3.864095e-01	0.000000e+00	1.002369e-01	2.143297e-01	8.008903e-01	1.014293e+00	9.188905e+00	4.844133e-02	3.940090e-02	3.697312e-01	1.423873e-02	2.026074e-02	8.447728e+00	1.524395e-01	2.549196e-01	8.634718e-01	1.173332e-01	1.603096e-01	1.881785e+00	9.289135e-01	-4.092950e-07	
3.864097e-01	0.000000e+00	1.013866e-01	2.149905e-01	8.027306e-01	1.014111e+00	9.218703e+00	4.828601e-02	3.925009e-02	3.705430e-01	1.426050e-02	2.020778e-02	8.459766e+00	1.524546e-01	2.547937e-01	8.642077e-01	1.173832e-01	1.613042e-01	1.870299e+00	9.291500e-01	-1.482284e-06	
3.863848e-01	1.076893e-10	1.006269e-01	2.134070e-01	8.057222e-01	1.009541e+00	9.238715e+00	4.849617e-02	3.929931e-02	3.711759e-01	1.427901e-02	2.007436e-02	8.453185e+00	1.519831e-01	2.553604e-01	8.610051e-01	1.173608e-01	1.601624e-01	1.888807e+00	9.268986e-01	1.037734e-05	
3.864097e-01	0.000000e+00	1.001052e-01	2.140366e-01	7.978319e-01	1.018206e+00	9.160505e+00	4.847255e-02	3.940587e-02	3.688898e-01	1.420316e-02	2.015746e-02	8.407100e+00	1.524783e-01	2.539860e-01	8.616431e-01	1.177520e-01	1.599278e-01	1.879533e+00	9.284751e-01	-1.740658e-06	
3.864097e-01	0.000000e+00	1.008431e-01	2.154273e-01	8.010870e-01	1.016723e+00	9.200300e+00	4.842112e-02	3.956795e-02	3.701920e-01	1.424871e-02	2.016175e-02	8.450040e+00	1.513007e-01	2.554560e-01	8.631886e-01	1.173689e-01	1.608146e-01	1.881333e+00	9.282452e-01	-7.913493e-07	
3.864098e-01	0.000000e+00	1.005098e-01	2.138690e-01	8.065506e-01	1.015233e+00	9.238987e+00	4.831954e-02	3.957038e-02	3.701366e-01	1.423545e-02	2.012125e-02	8.438530e+00	1.514617e-01	2.557902e-01	8.620318e-01	1.174316e-01	1.609144e-01	1.890308e+00	9.248762e-01	-1.043007e-06	
3.864098e-01	0.000000e+00	1.009426e-01	2.132547e-01	7.989527e-01	1.014145e+00	9.206581e+00	4.865220e-02	3.925147e-02	3.695229e-01	1.423866e-02	2.015332e-02	8.416850e+00	1.523751e-01	2.548601e-01	8.603541e-01	1.177053e-01	1.602398e-01	1.878854e+00	9.295255e-01	-9.516483e-07	
3.864099e-01	0.000000e+00	1.009314e-01	2.146921e-01	8.018323e-01	1.012396e+00	9.220371e+00	4.838594e-02	3.921087e-02	3.697794e-01	1.420432e-02	2.016307e-02	8.427135e+00	1.519869e-01	2.542461e-01	8.642271e-01	1.175587e-01	1.600720e-01	1.882102e+00	9.284676e-01	-8.253172e-07	
3.864100e-01	0.000000e+00	1.007581e-01	2.142728e-01	8.013219e-01	1.006977e+00	9.255213e+00	4.888211e-02	3.914287e-02	3.700320e-01	1.424981e-02	2.014079e-02	8.438475e+00	1.524147e-01	2.550245e-01	8.591622e-01	1.172958e-01	1.601958e-01	1.882928e+00	9.248323e-01	-2.385018e-06	
3.864100e-01	0.000000e+00	1.004672e-01	2.133337e-01	8.034118e-01	1.010218e+00	9.229907e+00	4.851395e-02	3.919230e-02	3.704952e-01	1.429181e-02	2.024183e-02	8.466043e+00	1.520405e-01	2.536649e-01	8.664735e-01	1.173308e-01	1.598493e-01	1.878870e+00	9.332344e-01	-1.505337e-06	
3.864063e-01	9.168089e-13	1.006590e-01	2.149863e-01	8.029107e-01	1.015783e+00	9.205935e+00	4.821374e-02	3.929937e-02	3.698219e-01	1.422139e-02	2.018693e-02	8.436256e+00	1.520183e-01	2.550066e-01	8.655646e-01	1.177107e-01	1.602035e-01	1.887591e+00	9.317377e-01	9.575014e-07	
3.864100e-01	0.000000e+00	1.005681e-01	2.130520e-01	8.022810e-01	1.011458e+00	9.233572e+00	4.856967e-02	3.926508e-02	3.702277e-01	1.426976e-02	2.024262e-02	8.456683e+00	1.523844e-01	2.542176e-01	8.610332e-01	1.174076e-01	1.600566e-01	1.877923e+00	9.265257e-01	-8.366227e-07	
3.864101e-01	0.000000e+00	1.007490e-01	2.146677e-01	7.993001e-01	1.010214e+00	9.221713e+00	4.865168e-02	3.906482e-02	3.694422e-01	1.422100e-02	2.014392e-02	8.428093e+00	1.518908e-01	2.541505e-01	8.625053e-01	1.177170e-01	1.603253e-01	1.871995e+00	9.308939e-01	-4.114332e-07	
3.864101e-01	0.000000e+00	1.001456e-01	2.130663e-01	7.995851e-01	1.015690e+00	9.204554e+00	4.840789e-02	3.919537e-02	3.699037e-01	1.424686e-02	2.026444e-02	8.438121e+00	1.531632e-01	2.541120e-01	8.646730e-01	1.175995e-01	1.601934e-01	1.872991e+00	9.316884e-01	-2.930766e-07	
3.864102e-01	0.000000e+00	1.004684e-01	2.128283e-01	8.038835e-01	1.010843e+00	9.258267e+00	4.846808e-02	3.912307e-02	3.700337e-01	1.426707e-02	2.020749e-02	8.441789e+00	1.523963e-01	2.549653e-01	8.596263e-01	1.173276e-01	1.604855e-01	1.884499e+00	9.244143e-01	-2.827052e-06	
3.864102e-01	0.000000e+00	1.007910e-01	2.149750e-01	8.040951e-01	1.014226e+00	9.248550e+00	4.854812e-02	3.939559e-02	3.693492e-01	1.423657e-02	2.024202e-02	8.428410e+00	1.527444e-01	2.557427e-01	8.569354e-01	1.173152e-01	1.606253e-01	1.881066e+00	9.255246e-01	-1.710967e-06	
3.864102e-01	0.000000e+00	1.003411e-01	2.129514e-01	8.011214e-01	1.012416e+00	9.217952e+00	4.839614e-02	3.913448e-02	3.697552e-01	1.423887e-02	2.005501e-02	8.418327e+00	1.514873e-01	2.557616e-01	8.601284e-01	1.175142e-01	1.603173e-01	1.886582e+00	9.284952e-01	-4.348010e-07	
3.864103e-01	0.000000e+00	1.006935e-01	2.132901e-01	8.012458e-01	1.012184e+00	9.227543e+00	4.857509e-02	3.928913e-02	3.708636e-01	1.428930e-02	2.008985e-02	8.447968e+00	1.520437e-01	2.547259e-01	8.622273e-01	1.178029e-01	1.606694e-01	1.881869e+00	9.294859e-01	-2.221014e-06	
3.864103e-01	0.000000e+00	1.013268e-01	2.121675e-01	8.021888e-01	1.010472e+00	9.234198e+00	4.844491e-02	3.916611e-02	3.705207e-01	1.427258e-02	2.018622e-02	8.449032e+00	1.524672e-01	2.547356e-01	8.615460e-01	1.173969e-01	1.604914e-01	1.879484e+00	9.263767e-01	-2.115368e-06	
3.864103e-01	0.000000e+00	1.003690e-01	2.135257e-01	8.024339e-01	1.008689e+00	9.263933e+00	4.874375e-02	3.921305e-02	3.699038e-01	1.425698e-02	2.016151e-02	8.431599e+00	1.524995e-01	2.545637e-01	8.583450e-01	1.176097e-01	1.601991e-01	1.878340e+00	9.278368e-01	-2.240453e-06	
3.864104e-01	0.000000e+00	1.005508e-01	2.137010e-01	8.023115e-01	1.009429e+00	9.220982e+00	4.849871e-02	3.917443e-02	3.714421e-01	1.429343e-02	2.013805e-02	8.472759e+00	1.525087e-01	2.544392e-01	8.635876e-01	1.175454e-01	1.601994e-01	1.885242e+00	9.277192e-01	-2.674031e-06	
3.864104e-01	0.000000e+00	1.003277e-01	2.141087e-01	8.005245e-01	1.013545e+00	9.207044e+00	4.873065e-02	3.954004e-02	3.704721e-01	1.428178e-02	2.017122e-02	8.446537e+00	1.524137e-01	2.540853e-01	8.643170e-01	1.175305e-01	1.594948e-01	1.886354e+00	9.324222e-01	-1.755614e-06	
3.864105e-01	0.000000e+00	1.007068e-01	2.131026e-01	8.044515e-01	1.011583e+00	9.264243e+00	4.858629e-02	3.930678e-02	3.697957e-01	1.425350e-02	2.012996e-02	8.418504e+00	1.523327e-01	2.557203e-01	8.551376e-01	1.174908e-01	1.608661e-01	1.880856e+00	9.246421e-01	-1.073562e-06	
3.864105e-01	0.000000e+00	9.990378e-02	2.143764e-01	7.990792e-01	1.015007e+00	9.177888e+00	4.849741e-02	3.939509e-02	3.693222e-01	1.420287e-02	2.029291e-02	8.440166e+00	1.525413e-01	2.544735e-01	8.628313e-01	1.176466e-01	1.598373e-01	1.888443e+00	9.250873e-01	-1.999145e-06	
3.864105e-01	0.000000e+00	1.009398e-01	2.134483e-01	8.006726e-01	1.007598e+00	9.215771e+00	4.851309e-02	3.907328e-02	3.702503e-01	1.424538e-02	2.014715e-02	8.445010e+00	1.516821e-01	2.540262e-01	8.618705e-01	1.173954e-01	1.597072e-01	1.879712e+00	9.280611e-01	-1.400764e-06	
3.864105e-01	0.000000e+00	1.003394e-01	2.149464e-01	7.996029e-01	1.013727e+00	9.184354e+00	4.845734e-02	3.928280e-02	3.707132e-01	1.424048e-02	2.019227e-02	8.455198e+00	1.520731e-01	2.547031e-01	8.638006e-01	1.177637e-01	1.600127e-01	1.885065e+00	9.292901e-01	-4.018349e-06	
3.864106e-01	0.000000e+00	1.006975e-01	2.123351e-01	8.044602e-01	1.012218e+00	9.276884e+00	4.848839e-02	3.904890e-02	3.704948e-01	1.426297e-02	2.012551e-02	8.438220e+00	1.525144e-01	2.545204e-01	8.661861e-01	1.176499e-01	1.597802e-01	1.884645e+00	9.318172e-01	-4.790506e-07	
3.864107e-01	0.000000e+00	1.007794e-01	2.134786e-01	8.002059e-01	1.010230e+00	9.207540e+00	4.862559e-02	3.912533e-02	3.703194e-01	1.424090e-02	2.017179e-02	8.442981e+00	1.521182e-01	2.545248e-01	8.612296e-01	1.175302e-01	1.603209e-01	1.884085e+00	9.239938e-01	-2.326573e-06	
3.864107e-01	0.000000e+00	1.006029e-01	2.135246e-01	8.036210e-01	1.010070e+00	9.266626e+00	4.886880e-02	3.940125e-02	3.705299e-01	1.427419e-02	2.023952e-02	8.462507e+00	1.516711e-01	2.540579e-01	8.626138e-01	1.174934e-01	1.603180e-01	1.871438e+00	9.293646e-01	-2.377901e-07	
3.864107e-01	0.000000e+00	1.007242e-01	2.134793e-01	8.007065e-01	1.010640e+00	9.219487e+00	4.858828e-02	3.924976e-02	3.695055e-01	1.422191e-02	2.011970e-02	8.422090e+00	1.519881e-01	2.553802e-01	8.578743e-01	1.176874e-01	1.601369e-01	1.891547e+00	9.235067e-01	-1.635723e-06	
3.864110e-01	0.000000e+00	1.008815e-01	2.132814e-01	8.014398e-01	1.016243e+00	9.178838e+00	4.824856e-02	3.944990e-02	3.698361e-01	1.423078e-02	2.023527e-02	8.444558e+00	1.520923e-01	2.542800e-01	8.604457e-01	1.176211e-01	1.604753e-01	1.876389e+00	9.249587e-01	-3.055301e-06	
3.864111e-01	0.000000e+00	1.005714e-01	2.121594e-01	7.997048e-01	1.016705e+00	9.169478e+00	4.833223e-02	3.938797e-02	3.696081e-01	1.424611e-02	2.014781e-02	8.420909e+00	1.523847e-01	2.542674e-01	8.590784e-01	1.176621e-01	1.604441e-01	1.879759e+00	9.252085e-01	-5.209883e-07	
3.864111e-01	0.000000e+00	1.011523e-01	2.133063e-01	8.030197e-01	1.008501e+00	9.260206e+00	4.889799e-02	3.931951e-02	3.720803e-01	1.432622e-02	2.020247e-02	8.487653e+00	1.523387e-01	2.545504e-01	8.638156e-01	1.175165e-01	1.603178e-01	1.878871e+00	9.295275e-01	-1.427145e-06	
3.864111e-01	0.000000e+00	1.009340e-01	2.143264e-01	7.970630e-01	1.008984e+00	9.205508e+00	4.880944e-02	3.904933e-02	3.700915e-01	1.424003e-02	2.023830e-02	8.444624e+00	1.524349e-01	2.542096e-01	8.608941e-01	1.177064e-01	1.606264e-01	1.876090e+00	9.254708e-01	-2.824368e-06	
3.864111e-01	0.000000e+00	1.002150e-01	2.146772e-01	7.993510e-01	1.014768e+00	9.168508e+00	4.848176e-02	3.950039e-02	3.704461e-01	1.424507e-02	2.019385e-02	8.457162e+00	1.516722e-01	2.552636e-01	8.607681e-01	1.176271e-01	1.605996e-01	1.879286e+00	9.274914e-01	-9.306099e-07	
3.864111e-01	0.000000e+00	1.001915e-01	2.135461e-01	8.014007e-01	1.011225e+00	9.223033e+00	4.854521e-02	3.912615e-02	3.699491e-01	1.425446e-02	2.019730e-02	8.441221e+00	1.523179e-01	2.536618e-01	8.649384e-01	1.176893e-01	1.592598e-01	1.883546e+00	9.332664e-01	-3.333054e-06	
3.864112e-01	0.000000e+00	1.002122e-01	2.141441e-01	7.998623e-01	1.010035e+00	9.228061e+00	4.865327e-02	3.900507e-02	3.698700e-01	1.426943e-02	2.006548e-02	8.429648e+00	1.518312e-01	2.539999e-01	8.649604e-01	1.175029e-01	1.601040e-01	1.875208e+00	9.351736e-01	-1.283844e-06	
3.864113e-01	0.000000e+00	1.007869e-01	2.144149e-01	8.012047e-01	1.009691e+00	9.233806e+00	4.859674e-02	3.912416e-02	3.700043e-01	1.425842e-02	2.013619e-02	8.434019e+00	1.524751e-01	2.556527e-01	8.617876e-01	1.172549e-01	1.605823e-01	1.883500e+00	9.298927e-01	-4.116789e-06	
3.864113e-01	0.000000e+00	1.009138e-01	2.145287e-01	7.983729e-01	1.011009e+00	9.194761e+00	4.842917e-02	3.901907e-02	3.696706e-01	1.425057e-02	2.018283e-02	8.436707e+00	1.522636e-01	2.542867e-01	8.641206e-01	1.175397e-01	1.600365e-01	1.882229e+00	9.318746e-01	-2.781552e-06	
3.864113e-01	0.000000e+00	1.008120e-01	2.133693e-01	8.014049e-01	1.014068e+00	9.208892e+00	4.852266e-02	3.927828e-02	3.696179e-01	1.421766e-02	2.023332e-02	8.433495e+00	1.523959e-01	2.548385e-01	8.618676e-01	1.177230e-01	1.609879e-01	1.879045e+00	9.251185e-01	-4.443673e-06	
3.864114e-01	0.000000e+00	1.009220e-01	2.139026e-01	7.997415e-01	1.012087e+00	9.173212e+00	4.838634e-02	3.931321e-02	3.703581e-01	1.425662e-02	2.011327e-02	8.443203e+00	1.517631e-01	2.552907e-01	8.610125e-01	1.173500e-01	1.607101e-01	1.886355e+00	9.256971e-01	-3.341406e-06	
3.864114e-01	0.000000e+00	1.000518e-01	2.145286e-01	7.994137e-01	1.014786e+00	9.174874e+00	4.850019e-02	3.940996e-02	3.707951e-01	1.426776e-02	2.026312e-02	8.467270e+00	1.524256e-01	2.543333e-01	8.628247e-01	1.177382e-01	1.606607e-01	1.878350e+00	9.278980e-01	-5.608177e-06	
3.864115e-01	0.000000e+00	1.006343e-01	2.129526e-01	7.995935e-01	1.010552e+00	9.187548e+00	4.853498e-02	3.926117e-02	3.716234e-01	1.431734e-02	2.013972e-02	8.477115e+00	1.524385e-01	2.548525e-01	8.619789e-01	1.175276e-01	1.603651e-01	1.886615e+00	9.267526e-01	-2.387634e-06	
3.864116e-01	0.000000e+00	1.001795e-01	2.130020e-01	8.006886e-01	1.012586e+00	9.224564e+00	4.866680e-02	3.928696e-02	3.700486e-01	1.425333e-02	2.011912e-02	8.431075e+00	1.517494e-01	2.546587e-01	8.614228e-01	1.177067e-01	1.606050e-01	1.878441e+00	9.284705e-01	-4.204124e-06	
3.864116e-01	0.000000e+00	1.004350e-01	2.131326e-01	7.989026e-01	1.011139e+00	9.199354e+00	4.863809e-02	3.913723e-02	3.712682e-01	1.429703e-02	2.017447e-02	8.473820e+00	1.522113e-01	2.545906e-01	8.639701e-01	1.178521e-01	1.604585e-01	1.886013e+00	9.275493e-01	-9.701724e-07	
3.864116e-01	0.000000e+00	1.013594e-01	2.139078e-01	8.018373e-01	1.008747e+00	9.219594e+00	4.843733e-02	3.907017e-02	3.707323e-01	1.427773e-02	2.018178e-02	8.457782e+00	1.520458e-01	2.543414e-01	8.628596e-01	1.173765e-01	1.600264e-01	1.886199e+00	9.279280e-01	-1.750387e-06	
3.864118e-01	0.000000e+00	1.005786e-01	2.140241e-01	8.007649e-01	1.014634e+00	9.186952e+00	4.835227e-02	3.924260e-02	3.695978e-01	1.423026e-02	2.006553e-02	8.413634e+00	1.520646e-01	2.556361e-01	8.604107e-01	1.174778e-01	1.604018e-01	1.887586e+00	9.285098e-01	-3.509472e-06	
3.864118e-01	0.000000e+00	1.008803e-01	2.150909e-01	8.039063e-01	1.005643e+00	9.272696e+00	4.868493e-02	3.880648e-02	3.697193e-01	1.423333e-02	2.017323e-02	8.431543e+00	1.520392e-01	2.546261e-01	8.634251e-01	1.171372e-01	1.598523e-01	1.881793e+00	9.309511e-01	-5.093526e-07	
3.864118e-01	0.000000e+00	1.011770e-01	2.153654e-01	8.035027e-01	1.005738e+00	9.286668e+00	4.878622e-02	3.897642e-02	3.708076e-01	1.427533e-02	2.019089e-02	8.464638e+00	1.521313e-01	2.550654e-01	8.668398e-01	1.171786e-01	1.602507e-01	1.882598e+00	9.325187e-01	-1.998939e-06	
3.864119e-01	0.000000e+00	9.996705e-02	2.139596e-01	8.037294e-01	1.012081e+00	9.267763e+00	4.832406e-02	3.888019e-02	3.696874e-01	1.424534e-02	2.021645e-02	8.427551e+00	1.532245e-01	2.534753e-01	8.627890e-01	1.174599e-01	1.599071e-01	1.871228e+00	9.314632e-01	-1.856055e-06	
3.864121e-01	0.000000e+00	9.992285e-02	2.127137e-01	7.994073e-01	1.014646e+00	9.203429e+00	4.851891e-02	3.932938e-02	3.693846e-01	1.424329e-02	2.011156e-02	8.417814e+00	1.520585e-01	2.551652e-01	8.568490e-01	1.177970e-01	1.604469e-01	1.880062e+00	9.266024e-01	-1.672168e-06	
3.864121e-01	0.000000e+00	1.007848e-01	2.132998e-01	8.005669e-01	1.015004e+00	9.189198e+00	4.825542e-02	3.919483e-02	3.695690e-01	1.421447e-02	2.025919e-02	8.426690e+00	1.534000e-01	2.536034e-01	8.641728e-01	1.177548e-01	1.606017e-01	1.870266e+00	9.298748e-01	-3.443880e-06	
3.864121e-01	0.000000e+00	1.013491e-01	2.155416e-01	8.023583e-01	1.012681e+00	9.217923e+00	4.835499e-02	3.918878e-02	3.702714e-01	1.425310e-02	2.027138e-02	8.463733e+00	1.520624e-01	2.535298e-01	8.654786e-01	1.171704e-01	1.597952e-01	1.870009e+00	9.319013e-01	-5.383268e-06	
3.864122e-01	0.000000e+00	1.008021e-01	2.118170e-01	8.038271e-01	1.016098e+00	9.234473e+00	4.853556e-02	3.948104e-02	3.702120e-01	1.425676e-02	2.019279e-02	8.442326e+00	1.523095e-01	2.543344e-01	8.605079e-01	1.176970e-01	1.609334e-01	1.877070e+00	9.224889e-01	-1.533386e-06	
3.864122e-01	0.000000e+00	1.005314e-01	2.146606e-01	8.006554e-01	1.012389e+00	9.211367e+00	4.851172e-02	3.920729e-02	3.705878e-01	1.426769e-02	2.017212e-02	8.453574e+00	1.524809e-01	2.542242e-01	8.660847e-01	1.175510e-01	1.601982e-01	1.883497e+00	9.310312e-01	-3.277191e-06	
3.864079e-01	3.274953e-15	9.998077e-02	2.125965e-01	8.029963e-01	1.008997e+00	9.255284e+00	4.847263e-02	3.902326e-02	3.696510e-01	1.425566e-02	2.013938e-02	8.430592e+00	1.514592e-01	2.545484e-01	8.604611e-01	1.175477e-01	1.598457e-01	1.887967e+00	9.276734e-01	5.722720e-08	
3.864067e-01	2.374904e-14	1.009952e-01	2.147799e-01	8.008625e-01	1.009740e+00	9.221452e+00	4.856169e-02	3.899881e-02	3.705379e-01	1.428409e-02	2.020408e-02	8.457644e+00	1.526978e-01	2.544547e-01	8.616411e-01	1.175554e-01	1.603992e-01	1.880738e+00	9.288817e-01	1.541072e-07	
3.864122e-01	0.000000e+00	1.005857e-01	2.131303e-01	7.999142e-01	1.011263e+00	9.198148e+00	4.860189e-02	3.928075e-02	3.696000e-01	1.422678e-02	2.016895e-02	8.429571e+00	1.519989e-01	2.542489e-01	8.598976e-01	1.178219e-01	1.602291e-01	1.884096e+00	9.249942e-01	-4.669659e-06	
3.864123e-01	0.000000e+00	1.008943e-01	2.140864e-01	8.045131e-01	1.011460e+00	9.225965e+00	4.847623e-02	3.934922e-02	3.700586e-01	1.423573e-02	2.013868e-02	8.436980e+00	1.518182e-01	2.546871e-01	8.622568e-01	1.176030e-01	1.604530e-01	1.885305e+00	9.276953e-01	-5.227262e-06	
3.864124e-01	0.000000e+00	1.006820e-01	2.149155e-01	8.027054e-01	1.010225e+00	9.234854e+00	4.838623e-02	3.905649e-02	3.695840e-01	1.421742e-02	2.016724e-02	8.424726e+00	1.525427e-01	2.536871e-01	8.628303e-01	1.175063e-01	1.600877e-01	1.871888e+00	9.315302e-01	-3.192324e-06	
3.864124e-01	0.000000e+00	1.006937e-01	2.149317e-01	8.018782e-01	1.010630e+00	9.246160e+00	4.874326e-02	3.935695e-02	3.705613e-01	1.424084e-02	2.022738e-02	8.452966e+00	1.527652e-01	2.539753e-01	8.643924e-01	1.175853e-01	1.606491e-01	1.865999e+00	9.310729e-01	-2.564154e-06	
3.864125e-01	0.000000e+00	1.011111e-01	2.142140e-01	8.024799e-01	1.011762e+00	9.237440e+00	4.857779e-02	3.921609e-02	3.687411e-01	1.418697e-02	2.016463e-02	8.409173e+00	1.521583e-01	2.544831e-01	8.613970e-01	1.175364e-01	1.602443e-01	1.884239e+00	9.248807e-01	-2.945112e-06	
3.864125e-01	0.000000e+00	1.003068e-01	2.139009e-01	8.074749e-01	1.012732e+00	9.291705e+00	4.866576e-02	3.947720e-02	3.706414e-01	1.426626e-02	2.009945e-02	8.442073e+00	1.520628e-01	2.559148e-01	8.629657e-01	1.175393e-01	1.606659e-01	1.885785e+00	9.306188e-01	-2.253873e-06	
3.864125e-01	0.000000e+00	1.009399e-01	2.137934e-01	8.026595e-01	1.011113e+00	9.223064e+00	4.831237e-02	3.893521e-02	3.692167e-01	1.423545e-02	2.017626e-02	8.421202e+00	1.521528e-01	2.535729e-01	8.616854e-01	1.174158e-01	1.601684e-01	1.870577e+00	9.311874e-01	-4.329284e-06	
3.864126e-01	0.000000e+00	1.004198e-01	2.133810e-01	8.014804e-01	1.012662e+00	9.223250e+00	4.856200e-02	3.931066e-02	3.699179e-01	1.423509e-02	2.009163e-02	8.418993e+00	1.524846e-01	2.552648e-01	8.613760e-01	1.177061e-01	1.602467e-01	1.885565e+00	9.297004e-01	-5.093849e-06	
3.864126e-01	0.000000e+00	1.012232e-01	2.146406e-01	7.944090e-01	1.010431e+00	9.149817e+00	4.859366e-02	3.911028e-02	3.706879e-01	1.427469e-02	2.019476e-02	8.462280e+00	1.520984e-01	2.533145e-01	8.631544e-01	1.174687e-01	1.600171e-01	1.878958e+00	9.262432e-01	-3.632857e-06	
3.864127e-01	0.000000e+00	1.003220e-01	2.153423e-01	8.008765e-01	1.016445e+00	9.191488e+00	4.818483e-02	3.917511e-02	3.706750e-01	1.426462e-02	2.023440e-02	8.466764e+00	1.527241e-01	2.542223e-01	8.668475e-01	1.174648e-01	1.607223e-01	1.868040e+00	9.334446e-01	-1.379303e-06	
3.864128e-01	0.000000e+00	1.003740e-01	2.141828e-01	8.023358e-01	1.011470e+00	9.238643e+00	4.866931e-02	3.929985e-02	3.703332e-01	1.424748e-02	2.024866e-02	8.460605e+00	1.523921e-01	2.540912e-01	8.616631e-01	1.175074e-01	1.602643e-01	1.881753e+00	9.227199e-01	-3.027687e-06	
3.864035e-01	1.432868e-11	1.007866e-01	2.129539e-01	8.022093e-01	1.012507e+00	9.233304e+00	4.843305e-02	3.913062e-02	3.693422e-01	1.426241e-02	2.007892e-02	8.412467e+00	1.523582e-01	2.541363e-01	8.620059e-01	1.174775e-01	1.597666e-01	1.885197e+00	9.307586e-01	3.785325e-06	
3.864128e-01	0.000000e+00	1.009713e-01	2.147012e-01	8.023622e-01	1.010196e+00	9.229313e+00	4.850546e-02	3.910400e-02	3.698714e-01	1.425126e-02	2.018641e-02	8.440069e+00	1.521946e-01	2.541157e-01	8.656107e-01	1.175496e-01	1.605518e-01	1.879835e+00	9.321732e-01	-5.645358e-07	
3.864128e-01	0.000000e+00	1.000953e-01	2.152482e-01	7.987574e-01	1.013683e+00	9.183587e+00	4.850173e-02	3.914031e-02	3.693648e-01	1.422103e-02	2.006533e-02	8.403776e+00	1.525534e-01	2.547553e-01	8.573962e-01	1.177931e-01	1.605459e-01	1.874607e+00	9.299841e-01	-1.778953e-06	
3.864129e-01	0.000000e+00	1.003289e-01	2.149729e-01	8.027703e-01	1.009672e+00	9.265316e+00	4.840732e-02	3.876156e-02	3.704407e-01	1.426812e-02	2.014477e-02	8.446470e+00	1.526820e-01	2.551843e-01	8.663035e-01	1.175090e-01	1.605004e-01	1.887878e+00	9.320936e-01	-1.800921e-06	
3.864129e-01	0.000000e+00	1.006296e-01	2.148434e-01	7.992761e-01	1.015559e+00	9.186446e+00	4.860741e-02	3.946764e-02	3.706917e-01	1.426427e-02	2.018967e-02	8.460907e+00	1.517832e-01	2.548258e-01	8.635680e-01	1.177566e-01	1.606175e-01	1.879806e+00	9.293393e-01	-4.210462e-06	
3.864129e-01	0.000000e+00	1.007675e-01	2.124535e-01	8.024906e-01	1.013682e+00	9.221647e+00	4.846167e-02	3.935818e-02	3.711068e-01	1.429387e-02	2.016214e-02	8.468530e+00	1.520777e-01	2.549145e-01	8.676337e-01	1.178302e-01	1.608711e-01	1.879658e+00	9.334098e-01	-1.996986e-06	
3.864129e-01	0.000000e+00	1.008572e-01	2.155736e-01	8.001491e-01	1.013905e+00	9.167688e+00	4.837587e-02	3.947407e-02	3.702298e-01	1.423326e-02	2.023339e-02	8.450227e+00	1.524463e-01	2.544056e-01	8.649885e-01	1.174632e-01	1.598120e-01	1.885216e+00	9.310638e-01	-7.861257e-06	
3.864045e-01	2.278339e-13	1.004930e-01	2.141512e-01	8.000275e-01	1.014334e+00	9.184853e+00	4.845089e-02	3.941412e-02	3.703835e-01	1.422633e-02	2.021044e-02	8.452707e+00	1.522836e-01	2.536891e-01	8.643466e-01	1.176767e-01	1.600736e-01	1.878938e+00	9.260221e-01	4.773195e-07	
3.864129e-01	0.000000e+00	1.005982e-01	2.157109e-01	7.967393e-01	1.014293e+00	9.138839e+00	4.831425e-02	3.922229e-02	3.699704e-01	1.421620e-02	2.018671e-02	8.442977e+00	1.521623e-01	2.538944e-01	8.633457e-01	1.175149e-01	1.597622e-01	1.878396e+00	9.289653e-01	-3.558185e-06	
3.864130e-01	0.000000e+00	1.006619e-01	2.127039e-01	8.030137e-01	1.013473e+00	9.230231e+00	4.853871e-02	3.939198e-02	3.703951e-01	1.426082e-02	2.023456e-02	8.461070e+00	1.519321e-01	2.548910e-01	8.628741e-01	1.175303e-01	1.607155e-01	1.882566e+00	9.246153e-01	-4.550878e-06	
3.864130e-01	0.000000e+00	1.000640e-01	2.147089e-01	8.024266e-01	1.017644e+00	9.182885e+00	4.811055e-02	3.932684e-02	3.692137e-01	1.420046e-02	2.023514e-02	8.426573e+00	1.522855e-01	2.545770e-01	8.614217e-01	1.178521e-01	1.607629e-01	1.876137e+00	9.290646e-01	-4.749850e-06	
3.864131e-01	0.000000e+00	1.008712e-01	2.112342e-01	8.026125e-01	1.010740e+00	9.248249e+00	4.857128e-02	3.910917e-02	3.703960e-01	1.427994e-02	2.022514e-02	8.452326e+00	1.526865e-01	2.547652e-01	8.591738e-01	1.181127e-01	1.609388e-01	1.883072e+00	9.240763e-01	-2.344699e-06	
3.864131e-01	0.000000e+00	1.006039e-01	2.144079e-01	8.004405e-01	1.012360e+00	9.214744e+00	4.843664e-02	3.902698e-02	3.696924e-01	1.423615e-02	2.020788e-02	8.433584e+00	1.525489e-01	2.542662e-01	8.625725e-01	1.174124e-01	1.604468e-01	1.876519e+00	9.281534e-01	-3.430057e-06	
3.864132e-01	0.000000e+00	1.006122e-01	2.142430e-01	7.993314e-01	1.014519e+00	9.179081e+00	4.846273e-02	3.938538e-02	3.704536e-01	1.428521e-02	2.015489e-02	8.454582e+00	1.520120e-01	2.546253e-01	8.613102e-01	1.175288e-01	1.605349e-01	1.878975e+00	9.290076e-01	-3.508444e-06	
3.864132e-01	0.000000e+00	1.007046e-01	2.137717e-01	7.979326e-01	1.007473e+00	9.246143e+00	4.894075e-02	3.895264e-02	3.694073e-01	1.423208e-02	2.017199e-02	8.417990e+00	1.527329e-01	2.540351e-01	8.592253e-01	1.174231e-01	1.602326e-01	1.873597e+00	9.255182e-01	-3.145291e-06	
3.864133e-01	0.000000e+00	1.008015e-01	2.159054e-01	7.991161e-01	1.006551e+00	9.259287e+00	4.924393e-02	3.932188e-02	3.699450e-01	1.425076e-02	2.022485e-02	8.445615e+00	1.524791e-01	2.552773e-01	8.595737e-01	1.169998e-01	1.605439e-01	1.876175e+00	9.255215e-01	-2.335340e-07	
3.864133e-01	0.000000e+00	1.010795e-01	2.140236e-01	8.008606e-01	1.012439e+00	9.188863e+00	4.843581e-02	3.945988e-02	3.713910e-01	1.430809e-02	2.014514e-02	8.472476e+00	1.516398e-01	2.552485e-01	8.625403e-01	1.173492e-01	1.607090e-01	1.881353e+00	9.299152e-01	-2.235596e-06	
3.864133e-01	0.000000e+00	1.011031e-01	2.142573e-01	8.017621e-01	1.009432e+00	9.219527e+00	4.843752e-02	3.895371e-02	3.696339e-01	1.423839e-02	2.012672e-02	8.424843e+00	1.520565e-01	2.539671e-01	8.639956e-01	1.172848e-01	1.594357e-01	1.886526e+00	9.307264e-01	-2.853522e-06	
3.864133e-01	0.000000e+00	1.003338e-01	2.145378e-01	8.024354e-01	1.013382e+00	9.231444e+00	4.837763e-02	3.901385e-02	3.694600e-01	1.423054e-02	2.010423e-02	8.418749e+00	1.517829e-01	2.550571e-01	8.618177e-01	1.175167e-01	1.601202e-01	1.885936e+00	9.297298e-01	-2.696744e-06	
3.864133e-01	0.000000e+00	1.006827e-01	2.141504e-01	8.004817e-01	1.011787e+00	9.197814e+00	4.847758e-02	3.932344e-02	3.701377e-01	1.425102e-02	2.010422e-02	8.435389e+00	1.512142e-01	2.555102e-01	8.572724e-01	1.175507e-01	1.605396e-01	1.891908e+00	9.229352e-01	-2.869485e-06	
3.864079e-01	1.138110e-14	1.001039e-01	2.140177e-01	8.017512e-01	1.009725e+00	9.242620e+00	4.872379e-02	3.919766e-02	3.694179e-01	1.421436e-02	2.012973e-02	8.421521e+00	1.523605e-01	2.551438e-01	8.589301e-01	1.176942e-01	1.603370e-01	1.886324e+00	9.245746e-01	1.066822e-07	
3.864135e-01	0.000000e+00	1.000481e-01	2.140857e-01	8.034143e-01	1.012156e+00	9.236284e+00	4.829152e-02	3.904702e-02	3.700682e-01	1.425694e-02	2.014205e-02	8.437308e+00	1.518844e-01	2.545460e-01	8.644512e-01	1.176530e-01	1.595919e-01	1.886128e+00	9.347780e-01	-4.397495e-06	
3.864135e-01	0.000000e+00	1.006222e-01	2.130521e-01	7.997485e-01	1.008090e+00	9.222194e+00	4.868296e-02	3.907203e-02	3.707230e-01	1.427763e-02	2.027124e-02	8.464076e+00	1.532003e-01	2.530327e-01	8.647881e-01	1.175120e-01	1.600575e-01	1.871196e+00	9.295645e-01	-4.997100e-06	
3.864136e-01	0.000000e+00	1.012997e-01	2.154017e-01	7.984540e-01	1.012529e+00	9.197221e+00	4.857505e-02	3.914126e-02	3.706285e-01	1.426195e-02	2.014304e-02	8.447911e+00	1.518022e-01	2.556228e-01	8.658064e-01	1.174346e-01	1.608446e-01	1.884097e+00	9.317377e-01	-5.001988e-06	
3.864137e-01	0.000000e+00	1.001249e-01	2.156900e-01	8.003531e-01	1.012274e+00	9.231684e+00	4.877520e-02	3.932008e-02	3.693828e-01	1.422645e-02	2.014827e-02	8.421684e+00	1.519255e-01	2.546025e-01	8.604886e-01	1.174493e-01	1.598543e-01	1.877488e+00	9.308921e-01	-9.056817e-07	
3.864087e-01	4.055932e-13	1.014613e-01	2.132008e-01	8.008602e-01	1.012272e+00	9.181070e+00	4.857506e-02	3.952369e-02	3.709170e-01	1.428791e-02	2.006531e-02	8.457255e+00	1.509139e-01	2.553746e-01	8.641929e-01	1.174485e-01	1.605455e-01	1.893389e+00	9.275225e-01	6.368620e-07	
3.864137e-01	0.000000e+00	1.014323e-01	2.149888e-01	8.013643e-01	1.012048e+00	9.202399e+00	4.840158e-02	3.920501e-02	3.698946e-01	1.426430e-02	2.011053e-02	8.436536e+00	1.512517e-01	2.550431e-01	8.600934e-01	1.173998e-01	1.607080e-01	1.875598e+00	9.313257e-01	-1.761825e-06	
3.864061e-01	5.541690e-13	1.008227e-01	2.139188e-01	8.014718e-01	1.007901e+00	9.225356e+00	4.852630e-02	3.914942e-02	3.718381e-01	1.429442e-02	2.023030e-02	8.479085e+00	1.529503e-01	2.553463e-01	8.625597e-01	1.174687e-01	1.604384e-01	1.885319e+00	9.280512e-01	7.444253e-07	
3.864137e-01	0.000000e+00	1.013911e-01	2.146954e-01	8.043243e-01	1.007194e+00	9.258201e+00	4.862489e-02	3.908705e-02	3.709795e-01	1.427380e-02	2.020081e-02	8.471764e+00	1.517493e-01	2.551739e-01	8.673899e-01	1.172956e-01	1.602098e-01	1.886061e+00	9.325610e-01	-2.636155e-06	
3.864138e-01	0.000000e+00	1.004834e-01	2.136669e-01	8.003002e-01	1.013917e+00	9.187373e+00	4.853607e-02	3.940559e-02	3.704752e-01	1.427554e-02	2.019708e-02	8.450943e+00	1.525515e-01	2.555162e-01	8.603349e-01	1.173548e-01	1.604272e-01	1.887816e+00	9.262215e-01	-4.725446e-06	
3.864139e-01	0.000000e+00	1.006679e-01	2.133820e-01	8.025520e-01	1.011641e+00	9.257518e+00	4.881813e-02	3.926063e-02	3.712837e-01	1.430377e-02	2.018471e-02	8.474296e+00	1.517918e-01	2.543238e-01	8.692658e-01	1.176535e-01	1.606859e-01	1.871329e+00	9.360095e-01	-2.609845e-06	
3.864140e-01	0.000000e+00	1.006058e-01	2.143737e-01	8.001928e-01	1.008325e+00	9.229687e+00	4.896213e-02	3.934701e-02	3.707923e-01	1.424702e-02	2.023593e-02	8.464409e+00	1.523168e-01	2.543192e-01	8.649964e-01	1.175436e-01	1.603935e-01	1.875679e+00	9.287149e-01	-5.166681e-06	
3.864140e-01	0.000000e+00	1.003097e-01	2.113090e-01	8.031809e-01	1.016408e+00	9.226606e+00	4.834056e-02	3.934732e-02	3.687551e-01	1.423877e-02	2.012900e-02	8.412206e+00	1.513206e-01	2.551340e-01	8.591792e-01	1.175966e-01	1.606139e-01	1.880496e+00	9.268615e-01	-3.335143e-06	
3.864141e-01	0.000000e+00	1.001900e-01	2.131900e-01	8.065826e-01	1.011704e+00	9.304316e+00	4.874890e-02	3.936020e-02	3.691215e-01	1.423067e-02	2.019014e-02	8.416035e+00	1.526054e-01	2.547107e-01	8.585548e-01	1.175886e-01	1.603256e-01	1.874453e+00	9.285076e-01	-3.489959e-06	
3.864141e-01	0.000000e+00	1.009271e-01	2.124942e-01	8.049261e-01	1.011828e+00	9.275370e+00	4.866885e-02	3.930125e-02	3.715532e-01	1.431676e-02	2.009836e-02	8.464820e+00	1.518420e-01	2.554989e-01	8.620357e-01	1.176407e-01	1.606907e-01	1.883046e+00	9.289794e-01	-2.321957e-06	
3.864141e-01	0.000000e+00	1.009504e-01	2.134017e-01	8.026242e-01	1.008071e+00	9.241058e+00	4.867427e-02	3.904704e-02	3.698432e-01	1.423613e-02	2.019117e-02	8.428327e+00	1.530647e-01	2.548333e-01	8.601623e-01	1.174223e-01	1.601895e-01	1.884377e+00	9.261863e-01	-2.480334e-06	
3.864143e-01	0.000000e+00	1.006580e-01	2.139799e-01	7.987510e-01	1.014983e+00	9.167098e+00	4.829317e-02	3.915333e-02	3.691129e-01	1.418846e-02	2.017825e-02	8.410745e+00	1.526421e-01	2.536690e-01	8.624266e-01	1.177626e-01	1.597215e-01	1.880941e+00	9.279931e-01	-5.937379e-06	
3.864144e-01	0.000000e+00	1.007255e-01	2.119017e-01	8.007219e-01	1.014621e+00	9.180827e+00	4.843113e-02	3.945295e-02	3.698689e-01	1.424935e-02	2.017296e-02	8.442763e+00	1.518043e-01	2.553550e-01	8.604621e-01	1.178123e-01	1.608282e-01	1.887153e+00	9.245743e-01	-4.777575e-06	
3.864145e-01	0.000000e+00	1.006178e-01	2.144307e-01	8.005475e-01	1.013103e+00	9.203196e+00	4.853920e-02	3.928309e-02	3.692621e-01	1.422307e-02	2.012156e-02	8.409250e+00	1.521250e-01	2.556768e-01	8.584118e-01	1.175057e-01	1.604628e-01	1.886461e+00	9.278000e-01	-4.422705e-06	
3.864147e-01	0.000000e+00	1.010390e-01	2.155644e-01	8.033552e-01	1.009075e+00	9.231650e+00	4.857670e-02	3.918753e-02	3.703932e-01	1.423591e-02	2.013914e-02	8.435593e+00	1.524922e-01	2.557438e-01	8.597334e-01	1.175924e-01	1.607692e-01	1.881827e+00	9.297849e-01	-4.159182e-06	
3.864147e-01	0.000000e+00	1.007744e-01	2.142489e-01	8.019968e-01	1.012828e+00	9.254204e+00	4.860130e-02	3.927734e-02	3.698651e-01	1.425338e-02	2.003103e-02	8.411440e+00	1.524315e-01	2.555530e-01	8.575716e-01	1.174891e-01	1.601104e-01	1.881567e+00	9.295524e-01	-1.928278e-06	
3.864148e-01	0.000000e+00	1.002780e-01	2.143977e-01	8.042849e-01	1.012090e+00	9.248015e+00	4.840251e-02	3.921539e-02	3.694647e-01	1.420634e-02	2.029983e-02	8.443564e+00	1.521149e-01	2.538539e-01	8.619452e-01	1.176041e-01	1.602947e-01	1.873180e+00	9.267783e-01	-4.564057e-06	
3.864152e-01	0.000000e+00	1.010827e-01	2.136730e-01	8.006290e-01	1.010522e+00	9.224396e+00	4.861751e-02	3.921268e-02	3.706647e-01	1.427864e-02	2.019238e-02	8.458881e+00	1.524970e-01	2.542259e-01	8.652063e-01	1.174701e-01	1.605407e-01	1.875068e+00	9.308517e-01	-5.341588e-06	
3.864153e-01	0.000000e+00	1.002167e-01	2.133849e-01	8.008294e-01	1.013472e+00	9.235148e+00	4.860779e-02	3.924950e-02	3.692364e-01	1.420821e-02	2.021516e-02	8.419775e+00	1.526380e-01	2.546267e-01	8.611596e-01	1.178777e-01	1.604972e-01	1.880900e+00	9.263583e-01	-5.525432e-06	
3.864154e-01	0.000000e+00	9.992638e-02	2.127929e-01	8.008707e-01	1.016394e+00	9.181610e+00	4.825232e-02	3.924766e-02	3.699999e-01	1.424798e-02	2.020037e-02	8.434692e+00	1.524515e-01	2.551721e-01	8.621213e-01	1.178120e-01	1.605552e-01	1.884963e+00	9.296117e-01	-5.706454e-06	
3.864155e-01	0.000000e+00	1.008837e-01	2.138466e-01	7.974700e-01	1.008631e+00	9.203070e+00	4.877432e-02	3.901395e-02	3.702899e-01	1.426710e-02	2.016632e-02	8.442488e+00	1.525620e-01	2.537596e-01	8.623004e-01	1.174973e-01	1.597065e-01	1.882065e+00	9.282310e-01	-4.220808e-06	
3.864124e-01	7.396138e-15	9.980285e-02	2.147189e-01	7.980056e-01	1.012324e+00	9.178844e+00	4.864828e-02	3.919791e-02	3.695395e-01	1.420937e-02	2.019083e-02	8.425728e+00	1.523851e-01	2.545093e-01	8.599166e-01	1.175608e-01	1.598624e-01	1.884701e+00	9.253670e-01	8.600080e-08	
3.864039e-01	1.410733e-14	1.008593e-01	2.143757e-01	7.996835e-01	1.010316e+00	9.207517e+00	4.857899e-02	3.921947e-02	3.707939e-01	1.424957e-02	2.019539e-02	8.459767e+00	1.522511e-01	2.532746e-01	8.633679e-01	1.176853e-01	1.603531e-01	1.872153e+00	9.264820e-01	1.187743e-07	
3.864062e-01	7.481476e-14	1.001494e-01	2.136508e-01	8.021080e-01	1.013359e+00	9.234950e+00	4.852903e-02	3.934699e-02	3.709375e-01	1.429161e-02	2.022906e-02	8.463226e+00	1.520824e-01	2.545887e-01	8.655686e-01	1.176504e-01	1.603200e-01	1.882976e+00	9.322566e-01	2.735229e-07	
3.864157e-01	0.000000e+00	1.006822e-01	2.137486e-01	8.043580e-01	1.010872e+00	9.231000e+00	4.860001e-02	3.949867e-02	3.704218e-01	1.425369e-02	2.018515e-02	8.451901e+00	1.522571e-01	2.549168e-01	8.630017e-01	1.172603e-01	1.602251e-01	1.884270e+00	9.278553e-01	-5.678366e-06	
3.864159e-01	0.000000e+00	1.000304e-01	2.143044e-01	8.015967e-01	1.010522e+00	9.224898e+00	4.857618e-02	3.905401e-02	3.688977e-01	1.421034e-02	2.016894e-02	8.408964e+00	1.523329e-01	2.534102e-01	8.613146e-01	1.175083e-01	1.596960e-01	1.880004e+00	9.287288e-01	-4.137164e-06	
3.864087e-01	1.840498e-13	1.002451e-01	2.132045e-01	8.032891e-01	1.014986e+00	9.237479e+00	4.848779e-02	3.936189e-02	3.697428e-01	1.425590e-02	2.020970e-02	8.439337e+00	1.514584e-01	2.549652e-01	8.630741e-01	1.173561e-01	1.604878e-01	1.875340e+00	9.311966e-01	4.290103e-07	
3.864062e-01	1.307357e-12	1.002082e-01	2.143693e-01	8.042120e-01	1.014181e+00	9.241941e+00	4.842745e-02	3.921489e-02	3.701559e-01	1.424538e-02	2.010072e-02	8.431382e+00	1.520209e-01	2.556045e-01	8.629004e-01	1.177095e-01	1.600671e-01	1.883092e+00	9.343261e-01	1.143397e-06	
3.864162e-01	0.000000e+00	1.010534e-01	2.135378e-01	8.014874e-01	1.013094e+00	9.220446e+00	4.851045e-02	3.923137e-02	3.707408e-01	1.430182e-02	2.016676e-02	8.457440e+00	1.525855e-01	2.540374e-01	8.644790e-01	1.175772e-01	1.599515e-01	1.880405e+00	9.324490e-01	-6.913311e-06	
3.864165e-01	0.000000e+00	1.002816e-01	2.153996e-01	8.022248e-01	1.009375e+00	9.242651e+00	4.863785e-02	3.913060e-02	3.710316e-01	1.427683e-02	2.010787e-02	8.458264e+00	1.516595e-01	2.555767e-01	8.608548e-01	1.173175e-01	1.601229e-01	1.888325e+00	9.279909e-01	-6.285739e-06	
3.864067e-01	1.094436e-12	1.007662e-01	2.130643e-01	8.021940e-01	1.010036e+00	9.222425e+00	4.851249e-02	3.912325e-02	3.704196e-01	1.427478e-02	2.014795e-02	8.444255e+00	1.521339e-01	2.546846e-01	8.617944e-01	1.174784e-01	1.598886e-01	1.889125e+00	9.282536e-01	1.046153e-06	
3.864170e-01	0.000000e+00	1.007017e-01	2.138707e-01	8.018039e-01	1.012406e+00	9.220065e+00	4.842412e-02	3.920904e-02	3.705050e-01	1.426613e-02	2.025772e-02	8.467723e+00	1.524102e-01	2.530267e-01	8.661647e-01	1.177466e-01	1.601670e-01	1.876382e+00	9.292068e-01	-5.247815e-06	
3.864070e-01	5.413040e-12	9.990918e-02	2.143845e-01	7.995693e-01	1.016564e+00	9.192171e+00	4.850786e-02	3.942412e-02	3.694889e-01	1.424742e-02	2.019194e-02	8.432326e+00	1.521029e-01	2.553116e-01	8.629668e-01	1.172732e-01	1.604451e-01	1.874861e+00	9.327554e-01	2.326594e-06	
