f	phi	x(1)	x(2)	x(3)	x(4)	x(5)	x(6)	x(7)	x(8)	x(9)	x(10)	x(11)	x(12)	x(13)	x(14)	x(15)	x(16)	x(17)	x(18)	g(1)	
3.864023e-01	0.000000e+00	1.001448e-01	2.129527e-01	8.022859e-01	1.012231e+00	9.238971e+00	4.864348e-02	3.929298e-02	3.694771e-01	1.423897e-02	2.017926e-02	8.426187e+00	1.524611e-01	2.545549e-01	8.637934e-01	1.174521e-01	1.608736e-01	1.874337e+00	9.294599e-01	-5.826294e-07	
3.864052e-01	0.000000e+00	1.004597e-01	2.141210e-01	7.990604e-01	1.011744e+00	9.210620e+00	4.869250e-02	3.925333e-02	3.704561e-01	1.425977e-02	2.017605e-02	8.442022e+00	1.526788e-01	2.552436e-01	8.613362e-01	1.177738e-01	1.604743e-01	1.890546e+00	9.264609e-01	-6.548926e-07	
3.864055e-01	0.000000e+00	1.003318e-01	2.138945e-01	7.983620e-01	1.009912e+00	9.197409e+00	4.858290e-02	3.920325e-02	3.696558e-01	1.421998e-02	2.026242e-02	8.441338e+00	1.524027e-01	2.549561e-01	8.654928e-01	1.174522e-01	1.601994e-01	1.889026e+00	9.281077e-01	-9.361807e-07	
3.864056e-01	0.000000e+00	1.012704e-01	2.135662e-01	7.983627e-01	1.014299e+00	9.187464e+00	4.860582e-02	3.935496e-02	3.703275e-01	1.425885e-02	2.022944e-02	8.458078e+00	1.522828e-01	2.547904e-01	8.607846e-01	1.176154e-01	1.600434e-01	1.887258e+00	9.229691e-01	-7.197596e-07	
3.864061e-01	0.000000e+00	1.002095e-01	2.140625e-01	8.007018e-01	1.013400e+00	9.210959e+00	4.857749e-02	3.928726e-02	3.691492e-01	1.422771e-02	2.025043e-02	8.430046e+00	1.525903e-01	2.537333e-01	8.609286e-01	1.177846e-01	1.600092e-01	1.880645e+00	9.271479e-01	-5.677949e-07	
3.864066e-01	0.000000e+00	1.008244e-01	2.144336e-01	8.027176e-01	1.010732e+00	9.231504e+00	4.844395e-02	3.904239e-02	3.702221e-01	1.426965e-02	2.012818e-02	8.442430e+00	1.520793e-01	2.548547e-01	8.624699e-01	1.173492e-01	1.609820e-01	1.875397e+00	9.300793e-01	-4.028589e-06	
3.864066e-01	0.000000e+00	1.005449e-01	2.134649e-01	8.048072e-01	1.012421e+00	9.246332e+00	4.850568e-02	3.947857e-02	3.711740e-01	1.428189e-02	2.011127e-02	8.463967e+00	1.521758e-01	2.540956e-01	8.664817e-01	1.174930e-01	1.605301e-01	1.877508e+00	9.299835e-01	-1.366733e-07	
3.864068e-01	0.000000e+00	1.008985e-01	2.140326e-01	8.014785e-01	1.015517e+00	9.185490e+00	4.838710e-02	3.942730e-02	3.707900e-01	1.426185e-02	2.025329e-02	8.466817e+00	1.524446e-01	2.542807e-01	8.683588e-01	1.176346e-01	1.600639e-01	1.878537e+00	9.342203e-01	-4.050707e-07	
3.864069e-01	0.000000e+00	1.006806e-01	2.139826e-01	8.012962e-01	1.011402e+00	9.225127e+00	4.873332e-02	3.942980e-02	3.701160e-01	1.424980e-02	2.025605e-02	8.447767e+00	1.521966e-01	2.541317e-01	8.610828e-01	1.176398e-01	1.599760e-01	1.882229e+00	9.268335e-01	-1.155544e-06	
3.864070e-01	0.000000e+00	1.016956e-01	2.144111e-01	8.034511e-01	1.011655e+00	9.261518e+00	4.849462e-02	3.906485e-02	3.696030e-01	1.424161e-02	2.014439e-02	8.424488e+00	1.519964e-01	2.534313e-01	8.601195e-01	1.172549e-01	1.603827e-01	1.871606e+00	9.244887e-01	-3.227268e-07	
3.864071e-01	0.000000e+00	1.009719e-01	2.143615e-01	8.008621e-01	1.009791e+00	9.194712e+00	4.861259e-02	3.930081e-02	3.706895e-01	1.426465e-02	2.018883e-02	8.457506e+00	1.520235e-01	2.555134e-01	8.620236e-01	1.175568e-01	1.602767e-01	1.892373e+00	9.279798e-01	-1.465189e-06	
3.864073e-01	0.000000e+00	1.002690e-01	2.131421e-01	7.995818e-01	1.014298e+00	9.205401e+00	4.855831e-02	3.937008e-02	3.696695e-01	1.425782e-02	2.026327e-02	8.442575e+00	1.523935e-01	2.554095e-01	8.647929e-01	1.173720e-01	1.610246e-01	1.881049e+00	9.297278e-01	-3.073126e-06	
3.864073e-01	0.000000e+00	1.016169e-01	2.145747e-01	7.987352e-01	1.014232e+00	9.207025e+00	4.861459e-02	3.939912e-02	3.694211e-01	1.423825e-02	2.022994e-02	8.431544e+00	1.527387e-01	2.549822e-01	8.622817e-01	1.176680e-01	1.603158e-01	1.889229e+00	9.268706e-01	-1.477845e-06	
3.864074e-01	0.000000e+00	1.011643e-01	2.132962e-01	7.989080e-01	1.011110e+00	9.189006e+00	4.851454e-02	3.903968e-02	3.703281e-01	1.428874e-02	2.011566e-02	8.434653e+00	1.527286e-01	2.538831e-01	8.595278e-01	1.173897e-01	1.599515e-01	1.878137e+00	9.282689e-01	-4.373499e-07	
3.864075e-01	0.000000e+00	1.017145e-01	2.151595e-01	7.981896e-01	1.010667e+00	9.193149e+00	4.860380e-02	3.915935e-02	3.705942e-01	1.425414e-02	2.012251e-02	8.438066e+00	1.523681e-01	2.537688e-01	8.661614e-01	1.179103e-01	1.615284e-01	1.868313e+00	9.328814e-01	-1.270034e-06	
3.864078e-01	0.000000e+00	1.003709e-01	2.133707e-01	8.003100e-01	1.012577e+00	9.204569e+00	4.854762e-02	3.931222e-02	3.704697e-01	1.426970e-02	2.018762e-02	8.451659e+00	1.522165e-01	2.552796e-01	8.621920e-01	1.173622e-01	1.608303e-01	1.882295e+00	9.265592e-01	-1.040781e-06	
3.864078e-01	0.000000e+00	1.004261e-01	2.144773e-01	8.024717e-01	1.010289e+00	9.238450e+00	4.872821e-02	3.932773e-02	3.709116e-01	1.426710e-02	2.018738e-02	8.465782e+00	1.515560e-01	2.545619e-01	8.623194e-01	1.178404e-01	1.606463e-01	1.876157e+00	9.294471e-01	-1.635026e-06	
3.864078e-01	0.000000e+00	1.013474e-01	2.137323e-01	8.020230e-01	1.010498e+00	9.225268e+00	4.855186e-02	3.921412e-02	3.704833e-01	1.427668e-02	2.014577e-02	8.446954e+00	1.515832e-01	2.536533e-01	8.573724e-01	1.173939e-01	1.591790e-01	1.888855e+00	9.224385e-01	-1.594246e-06	
3.864078e-01	0.000000e+00	9.993054e-02	2.138180e-01	8.043513e-01	1.010845e+00	9.268593e+00	4.869129e-02	3.929005e-02	3.699583e-01	1.423292e-02	2.025566e-02	8.442771e+00	1.524993e-01	2.543186e-01	8.649472e-01	1.175141e-01	1.603342e-01	1.875882e+00	9.305860e-01	-1.210599e-06	
3.864079e-01	0.000000e+00	1.012959e-01	2.149804e-01	7.988883e-01	1.012416e+00	9.204042e+00	4.876015e-02	3.939206e-02	3.697357e-01	1.423077e-02	2.016845e-02	8.425004e+00	1.530512e-01	2.540340e-01	8.603308e-01	1.177305e-01	1.602976e-01	1.879906e+00	9.261315e-01	-2.104565e-06	
3.864081e-01	0.000000e+00	1.005123e-01	2.140306e-01	8.012980e-01	1.011739e+00	9.241200e+00	4.859949e-02	3.916138e-02	3.706575e-01	1.426940e-02	2.022781e-02	8.464454e+00	1.523134e-01	2.533346e-01	8.596369e-01	1.178742e-01	1.600776e-01	1.870282e+00	9.259262e-01	-6.306154e-07	
3.864081e-01	0.000000e+00	1.009885e-01	2.129079e-01	8.026811e-01	1.012828e+00	9.232446e+00	4.848628e-02	3.923018e-02	3.698682e-01	1.426972e-02	2.021505e-02	8.448817e+00	1.520161e-01	2.551918e-01	8.636993e-01	1.174301e-01	1.612470e-01	1.874652e+00	9.298523e-01	-9.643586e-07	
3.864084e-01	0.000000e+00	1.002984e-01	2.139341e-01	8.009668e-01	1.008387e+00	9.237355e+00	4.866454e-02	3.909530e-02	3.689321e-01	1.420371e-02	2.017240e-02	8.410443e+00	1.524237e-01	2.545799e-01	8.610076e-01	1.177562e-01	1.607886e-01	1.874640e+00	9.300067e-01	-1.541298e-06	
3.864084e-01	0.000000e+00	1.009875e-01	2.137651e-01	7.970419e-01	1.010914e+00	9.199422e+00	4.884397e-02	3.920764e-02	3.691715e-01	1.421761e-02	2.014847e-02	8.416395e+00	1.526144e-01	2.546577e-01	8.591099e-01	1.177764e-01	1.599421e-01	1.890818e+00	9.230010e-01	-1.602210e-07	
3.864084e-01	0.000000e+00	1.008751e-01	2.139239e-01	8.041659e-01	1.011466e+00	9.276434e+00	4.877038e-02	3.932103e-02	3.694292e-01	1.422051e-02	2.025854e-02	8.435292e+00	1.518036e-01	2.546742e-01	8.638366e-01	1.175837e-01	1.603409e-01	1.878827e+00	9.292195e-01	-2.114165e-06	
3.864084e-01	0.000000e+00	1.004109e-01	2.131145e-01	8.014672e-01	1.010845e+00	9.230003e+00	4.864256e-02	3.918021e-02	3.708367e-01	1.428203e-02	2.006080e-02	8.447308e+00	1.520810e-01	2.541858e-01	8.602794e-01	1.174066e-01	1.606468e-01	1.878802e+00	9.230534e-01	-1.360999e-06	
3.864084e-01	0.000000e+00	1.008953e-01	2.148961e-01	8.009561e-01	1.010219e+00	9.227245e+00	4.880391e-02	3.932362e-02	3.717244e-01	1.429284e-02	2.015070e-02	8.483939e+00	1.512867e-01	2.549668e-01	8.631504e-01	1.179798e-01	1.605410e-01	1.877240e+00	9.315019e-01	-1.675678e-06	
3.864087e-01	0.000000e+00	1.011146e-01	2.141176e-01	8.002096e-01	1.012919e+00	9.205366e+00	4.860818e-02	3.946136e-02	3.694387e-01	1.423842e-02	2.020817e-02	8.426846e+00	1.528254e-01	2.542797e-01	8.619452e-01	1.177142e-01	1.608684e-01	1.879474e+00	9.278557e-01	-2.489209e-06	
3.864087e-01	0.000000e+00	1.008946e-01	2.146637e-01	8.010609e-01	1.014601e+00	9.210274e+00	4.840143e-02	3.923791e-02	3.694261e-01	1.422911e-02	2.023986e-02	8.434501e+00	1.519143e-01	2.547473e-01	8.644399e-01	1.175460e-01	1.604040e-01	1.880892e+00	9.310218e-01	-4.217596e-06	
3.864087e-01	0.000000e+00	1.011343e-01	2.138885e-01	8.005648e-01	1.014406e+00	9.203406e+00	4.848279e-02	3.932185e-02	3.692705e-01	1.423705e-02	2.015684e-02	8.423087e+00	1.518125e-01	2.535333e-01	8.622618e-01	1.172751e-01	1.602509e-01	1.874456e+00	9.269680e-01	-1.772199e-06	
3.864088e-01	0.000000e+00	1.017762e-01	2.143526e-01	7.980943e-01	1.013163e+00	9.204412e+00	4.870243e-02	3.921318e-02	3.687370e-01	1.419553e-02	2.017800e-02	8.410471e+00	1.521691e-01	2.543470e-01	8.617615e-01	1.175461e-01	1.602816e-01	1.882054e+00	9.243943e-01	-1.185402e-06	
3.864089e-01	0.000000e+00	1.014798e-01	2.134429e-01	8.032968e-01	1.015060e+00	9.234699e+00	4.841985e-02	3.929487e-02	3.701913e-01	1.429793e-02	2.014930e-02	8.445652e+00	1.519751e-01	2.536447e-01	8.603487e-01	1.173311e-01	1.602165e-01	1.869529e+00	9.291198e-01	-1.901718e-06	
3.864091e-01	0.000000e+00	1.012271e-01	2.143677e-01	8.012046e-01	1.011051e+00	9.223792e+00	4.841802e-02	3.909156e-02	3.710602e-01	1.427995e-02	2.017140e-02	8.460304e+00	1.519005e-01	2.543596e-01	8.598459e-01	1.176649e-01	1.609926e-01	1.871479e+00	9.267474e-01	-1.559199e-06	
3.864093e-01	0.000000e+00	1.006709e-01	2.139415e-01	8.028147e-01	1.010960e+00	9.265952e+00	4.858208e-02	3.905693e-02	3.696311e-01	1.423808e-02	2.028688e-02	8.448731e+00	1.517772e-01	2.542853e-01	8.629006e-01	1.173776e-01	1.609436e-01	1.872618e+00	9.253958e-01	-1.133987e-06	
3.864094e-01	0.000000e+00	1.013336e-01	2.151524e-01	7.998913e-01	1.009345e+00	9.231195e+00	4.865843e-02	3.903158e-02	3.692719e-01	1.420431e-02	2.013907e-02	8.414371e+00	1.515847e-01	2.537650e-01	8.635913e-01	1.177859e-01	1.602095e-01	1.873896e+00	9.321577e-01	-1.919170e-07	
3.864094e-01	0.000000e+00	1.013502e-01	2.146218e-01	8.028629e-01	1.010575e+00	9.236475e+00	4.857551e-02	3.925989e-02	3.712437e-01	1.427404e-02	2.021107e-02	8.469572e+00	1.522917e-01	2.553006e-01	8.664293e-01	1.176957e-01	1.607763e-01	1.879643e+00	9.336469e-01	-1.030916e-06	
3.864095e-01	0.000000e+00	1.004253e-01	2.131166e-01	7.986642e-01	1.012388e+00	9.182842e+00	4.854118e-02	3.933104e-02	3.709202e-01	1.427131e-02	2.015480e-02	8.452779e+00	1.528060e-01	2.542866e-01	8.641889e-01	1.178672e-01	1.607234e-01	1.876706e+00	9.304302e-01	-4.008747e-06	
3.864096e-01	0.000000e+00	1.004257e-01	2.138761e-01	8.004015e-01	1.011681e+00	9.226504e+00	4.859452e-02	3.913742e-02	3.697444e-01	1.424734e-02	2.023758e-02	8.439547e+00	1.523177e-01	2.562071e-01	8.614128e-01	1.178736e-01	1.603312e-01	1.894919e+00	9.296654e-01	-3.032653e-06	
3.864097e-01	0.000000e+00	1.009927e-01	2.139393e-01	8.000476e-01	1.011238e+00	9.220270e+00	4.862663e-02	3.922512e-02	3.719164e-01	1.430355e-02	2.022426e-02	8.487415e+00	1.526306e-01	2.549770e-01	8.618231e-01	1.175709e-01	1.610197e-01	1.879009e+00	9.238382e-01	-2.895319e-06	
3.864097e-01	0.000000e+00	1.009305e-01	2.128172e-01	8.006683e-01	1.011328e+00	9.220750e+00	4.859599e-02	3.925989e-02	3.710661e-01	1.429247e-02	2.018711e-02	8.469061e+00	1.522023e-01	2.530378e-01	8.594788e-01	1.177865e-01	1.597998e-01	1.883605e+00	9.206943e-01	-2.427134e-06	
3.864097e-01	0.000000e+00	1.013593e-01	2.148377e-01	8.036892e-01	1.014212e+00	9.209236e+00	4.840189e-02	3.943385e-02	3.710734e-01	1.428040e-02	2.012481e-02	8.462560e+00	1.518722e-01	2.549375e-01	8.615363e-01	1.176823e-01	1.604301e-01	1.883589e+00	9.286545e-01	-1.943837e-06	
3.864097e-01	0.000000e+00	1.014139e-01	2.132851e-01	8.048491e-01	1.013478e+00	9.267419e+00	4.867293e-02	3.942730e-02	3.699091e-01	1.425596e-02	2.018003e-02	8.442054e+00	1.513441e-01	2.544329e-01	8.637560e-01	1.173996e-01	1.605451e-01	1.878413e+00	9.274008e-01	-2.391432e-06	
3.864097e-01	0.000000e+00	1.004571e-01	2.145316e-01	7.995314e-01	1.008575e+00	9.220563e+00	4.879654e-02	3.912083e-02	3.712034e-01	1.427524e-02	2.019799e-02	8.460846e+00	1.525311e-01	2.558605e-01	8.631020e-01	1.176706e-01	1.609083e-01	1.884494e+00	9.302880e-01	-1.836206e-06	
3.864098e-01	0.000000e+00	1.014710e-01	2.138020e-01	8.006946e-01	1.009752e+00	9.256332e+00	4.866544e-02	3.889128e-02	3.692953e-01	1.423655e-02	2.019858e-02	8.428045e+00	1.523740e-01	2.538072e-01	8.585156e-01	1.173053e-01	1.598531e-01	1.881143e+00	9.207986e-01	-1.176924e-06	
3.864098e-01	0.000000e+00	1.002524e-01	2.132496e-01	8.045285e-01	1.014386e+00	9.236874e+00	4.848119e-02	3.942431e-02	3.684817e-01	1.420055e-02	2.028758e-02	8.420204e+00	1.523651e-01	2.539433e-01	8.638932e-01	1.175283e-01	1.600787e-01	1.876534e+00	9.302129e-01	-1.600509e-06	
3.864098e-01	0.000000e+00	1.007571e-01	2.141617e-01	8.004755e-01	1.008624e+00	9.230264e+00	4.882085e-02	3.919086e-02	3.702484e-01	1.425838e-02	2.012512e-02	8.439813e+00	1.522224e-01	2.541379e-01	8.610313e-01	1.178579e-01	1.599589e-01	1.878066e+00	9.310234e-01	-4.677543e-06	
3.864098e-01	0.000000e+00	1.010832e-01	2.136440e-01	8.009370e-01	1.011332e+00	9.207794e+00	4.857051e-02	3.933795e-02	3.716257e-01	1.430707e-02	2.009556e-02	8.465942e+00	1.518723e-01	2.534002e-01	8.618817e-01	1.177021e-01	1.609981e-01	1.867198e+00	9.282512e-01	-8.104290e-07	
3.864098e-01	0.000000e+00	1.012819e-01	2.145830e-01	7.975968e-01	1.012634e+00	9.196715e+00	4.853946e-02	3.912828e-02	3.703617e-01	1.425913e-02	2.012603e-02	8.443820e+00	1.521458e-01	2.536244e-01	8.612899e-01	1.175183e-01	1.603742e-01	1.871621e+00	9.261126e-01	-2.832690e-06	
3.864099e-01	0.000000e+00	9.997852e-02	2.136095e-01	7.983464e-01	1.013303e+00	9.198403e+00	4.856220e-02	3.915222e-02	3.691353e-01	1.420042e-02	2.023604e-02	8.425433e+00	1.519694e-01	2.539927e-01	8.621254e-01	1.176861e-01	1.600815e-01	1.882106e+00	9.245287e-01	-1.717060e-06	
3.864099e-01	0.000000e+00	1.008560e-01	2.135709e-01	8.028505e-01	1.009568e+00	9.260942e+00	4.855879e-02	3.896368e-02	3.692276e-01	1.423787e-02	2.021785e-02	8.424247e+00	1.521261e-01	2.552001e-01	8.667159e-01	1.170656e-01	1.601608e-01	1.885704e+00	9.327837e-01	-1.767814e-06	
3.864100e-01	0.000000e+00	1.008581e-01	2.135472e-01	7.993368e-01	1.009944e+00	9.205696e+00	4.875285e-02	3.931429e-02	3.697747e-01	1.422285e-02	2.024817e-02	8.438653e+00	1.522284e-01	2.544457e-01	8.613103e-01	1.180111e-01	1.604474e-01	1.886768e+00	9.252492e-01	-1.744039e-06	
3.864100e-01	0.000000e+00	1.006152e-01	2.135462e-01	7.992724e-01	1.009320e+00	9.231098e+00	4.884115e-02	3.918439e-02	3.698737e-01	1.424368e-02	2.015815e-02	8.431585e+00	1.520823e-01	2.545799e-01	8.593735e-01	1.176858e-01	1.601257e-01	1.884769e+00	9.249928e-01	-5.424522e-06	
3.864100e-01	0.000000e+00	1.005421e-01	2.122263e-01	8.020030e-01	1.013706e+00	9.232048e+00	4.842010e-02	3.922240e-02	3.711778e-01	1.431928e-02	2.019370e-02	8.471120e+00	1.515873e-01	2.530444e-01	8.582781e-01	1.174818e-01	1.602337e-01	1.866086e+00	9.243816e-01	-6.545501e-07	
3.864102e-01	0.000000e+00	1.005944e-01	2.124114e-01	8.009300e-01	1.011099e+00	9.203773e+00	4.857566e-02	3.943070e-02	3.701463e-01	1.424500e-02	2.012878e-02	8.426586e+00	1.525611e-01	2.539392e-01	8.654557e-01	1.173703e-01	1.611302e-01	1.873310e+00	9.289296e-01	-9.590850e-09	
3.864102e-01	0.000000e+00	1.011660e-01	2.132963e-01	8.005403e-01	1.011886e+00	9.193609e+00	4.854736e-02	3.935600e-02	3.701834e-01	1.425713e-02	2.014477e-02	8.435036e+00	1.528553e-01	2.540455e-01	8.615549e-01	1.175161e-01	1.603347e-01	1.878531e+00	9.276342e-01	-4.307783e-06	
3.864103e-01	0.000000e+00	1.008579e-01	2.140887e-01	8.039352e-01	1.013528e+00	9.244259e+00	4.837611e-02	3.921673e-02	3.710868e-01	1.429556e-02	2.021857e-02	8.477176e+00	1.518282e-01	2.540963e-01	8.608404e-01	1.175106e-01	1.602595e-01	1.873648e+00	9.269059e-01	-2.621559e-06	
3.864104e-01	0.000000e+00	1.010556e-01	2.142456e-01	8.010230e-01	1.012136e+00	9.230649e+00	4.863751e-02	3.930903e-02	3.704221e-01	1.427619e-02	2.014000e-02	8.445414e+00	1.526102e-01	2.539717e-01	8.573433e-01	1.177671e-01	1.601966e-01	1.880130e+00	9.239363e-01	-3.194983e-06	
3.864104e-01	0.000000e+00	1.003478e-01	2.133802e-01	8.042264e-01	1.014440e+00	9.255022e+00	4.828343e-02	3.904248e-02	3.689259e-01	1.420482e-02	2.025679e-02	8.418441e+00	1.524621e-01	2.539779e-01	8.616415e-01	1.173452e-01	1.595941e-01	1.886780e+00	9.236148e-01	-2.919085e-06	
3.864105e-01	0.000000e+00	1.013187e-01	2.140327e-01	7.990237e-01	1.012879e+00	9.200141e+00	4.858785e-02	3.942756e-02	3.700121e-01	1.424063e-02	2.015705e-02	8.428776e+00	1.523066e-01	2.542368e-01	8.647472e-01	1.174932e-01	1.600002e-01	1.883389e+00	9.303002e-01	-1.348393e-06	
3.864107e-01	0.000000e+00	1.016498e-01	2.138487e-01	8.032321e-01	1.015615e+00	9.220777e+00	4.838067e-02	3.944341e-02	3.691508e-01	1.423637e-02	2.023415e-02	8.431465e+00	1.518284e-01	2.534029e-01	8.612119e-01	1.176493e-01	1.598749e-01	1.873591e+00	9.294273e-01	-1.016460e-06	
3.864107e-01	0.000000e+00	1.013882e-01	2.138154e-01	8.007059e-01	1.011553e+00	9.202024e+00	4.846444e-02	3.928140e-02	3.710944e-01	1.429296e-02	2.007287e-02	8.453968e+00	1.518685e-01	2.544261e-01	8.580386e-01	1.176304e-01	1.610720e-01	1.870706e+00	9.261493e-01	-4.860146e-06	
3.864108e-01	0.000000e+00	1.011050e-01	2.127578e-01	8.018159e-01	1.014276e+00	9.216703e+00	4.839354e-02	3.919418e-02	3.696653e-01	1.426274e-02	2.023130e-02	8.440687e+00	1.525409e-01	2.544552e-01	8.632880e-01	1.173838e-01	1.606565e-01	1.870983e+00	9.306975e-01	-2.812893e-06	
3.864108e-01	0.000000e+00	1.001432e-01	2.136133e-01	7.986330e-01	1.011639e+00	9.197940e+00	4.855193e-02	3.916424e-02	3.704194e-01	1.425225e-02	2.020488e-02	8.449975e+00	1.521885e-01	2.552558e-01	8.612735e-01	1.172550e-01	1.604217e-01	1.888134e+00	9.228091e-01	-4.150748e-06	
3.864109e-01	0.000000e+00	1.003226e-01	2.149344e-01	7.997498e-01	1.008617e+00	9.208890e+00	4.857661e-02	3.904188e-02	3.702967e-01	1.422698e-02	2.021681e-02	8.453272e+00	1.521361e-01	2.540079e-01	8.615335e-01	1.175892e-01	1.601094e-01	1.879358e+00	9.252429e-01	-3.294469e-06	
3.864109e-01	0.000000e+00	1.006839e-01	2.134449e-01	8.004952e-01	1.009589e+00	9.244260e+00	4.880755e-02	3.912719e-02	3.698500e-01	1.425484e-02	2.012612e-02	8.430047e+00	1.515357e-01	2.536976e-01	8.619802e-01	1.175676e-01	1.607550e-01	1.866266e+00	9.298605e-01	-3.988034e-06	
3.864110e-01	0.000000e+00	1.004780e-01	2.140817e-01	8.029342e-01	1.011751e+00	9.230684e+00	4.841842e-02	3.910778e-02	3.707358e-01	1.426488e-02	2.018982e-02	8.449661e+00	1.528087e-01	2.543286e-01	8.665659e-01	1.174906e-01	1.604733e-01	1.875411e+00	9.338697e-01	-1.326010e-06	
3.864110e-01	0.000000e+00	1.009104e-01	2.147659e-01	8.029851e-01	1.012680e+00	9.266887e+00	4.870616e-02	3.932812e-02	3.693272e-01	1.424690e-02	2.015473e-02	8.427066e+00	1.519658e-01	2.546742e-01	8.621303e-01	1.177651e-01	1.610174e-01	1.873897e+00	9.312850e-01	-9.299963e-07	
3.864110e-01	0.000000e+00	1.011450e-01	2.152895e-01	8.040597e-01	1.014929e+00	9.253299e+00	4.849711e-02	3.935756e-02	3.693068e-01	1.423079e-02	2.019106e-02	8.422032e+00	1.520577e-01	2.539389e-01	8.662229e-01	1.177196e-01	1.608305e-01	1.875449e+00	9.335178e-01	-1.927410e-06	
3.864110e-01	0.000000e+00	1.003589e-01	2.140564e-01	8.027049e-01	1.009557e+00	9.265021e+00	4.888008e-02	3.935816e-02	3.698595e-01	1.424717e-02	2.023466e-02	8.441497e+00	1.522771e-01	2.548641e-01	8.622394e-01	1.176253e-01	1.600888e-01	1.885618e+00	9.291455e-01	-3.920415e-06	
3.864112e-01	0.000000e+00	1.001874e-01	2.126713e-01	7.975175e-01	1.011569e+00	9.185146e+00	4.868893e-02	3.935285e-02	3.702817e-01	1.426895e-02	2.005418e-02	8.428417e+00	1.521838e-01	2.538646e-01	8.620957e-01	1.176473e-01	1.600994e-01	1.880956e+00	9.287926e-01	-2.393063e-06	
3.864113e-01	0.000000e+00	1.003430e-01	2.119342e-01	7.979633e-01	1.012936e+00	9.187428e+00	4.878535e-02	3.938592e-02	3.707899e-01	1.429647e-02	2.022095e-02	8.467587e+00	1.520547e-01	2.547218e-01	8.602835e-01	1.177119e-01	1.598272e-01	1.890979e+00	9.235829e-01	-2.915614e-06	
3.864114e-01	0.000000e+00	9.999553e-02	2.129709e-01	8.025454e-01	1.011870e+00	9.242187e+00	4.856440e-02	3.922985e-02	3.708312e-01	1.427374e-02	2.022273e-02	8.465240e+00	1.523801e-01	2.546469e-01	8.631424e-01	1.174839e-01	1.611274e-01	1.877823e+00	9.242962e-01	-3.245197e-06	
3.864114e-01	0.000000e+00	9.981004e-02	2.128270e-01	8.035148e-01	1.010777e+00	9.251829e+00	4.833925e-02	3.901158e-02	3.709371e-01	1.428528e-02	2.021161e-02	8.465491e+00	1.525763e-01	2.545660e-01	8.628841e-01	1.172250e-01	1.603710e-01	1.878874e+00	9.265510e-01	-2.897246e-06	
3.864115e-01	0.000000e+00	1.007234e-01	2.140074e-01	8.002744e-01	1.010982e+00	9.250419e+00	4.869470e-02	3.914256e-02	3.700911e-01	1.426592e-02	2.018887e-02	8.443210e+00	1.524720e-01	2.535276e-01	8.598161e-01	1.174907e-01	1.602754e-01	1.871079e+00	9.254837e-01	-1.370426e-06	
3.864115e-01	0.000000e+00	1.004249e-01	2.129570e-01	7.996068e-01	1.010039e+00	9.221627e+00	4.869473e-02	3.922314e-02	3.703369e-01	1.426564e-02	2.028802e-02	8.471592e+00	1.517751e-01	2.542426e-01	8.597645e-01	1.175914e-01	1.604268e-01	1.879883e+00	9.213023e-01	-7.772631e-07	
3.864115e-01	0.000000e+00	1.005616e-01	2.141757e-01	7.974879e-01	1.009498e+00	9.179222e+00	4.865927e-02	3.916797e-02	3.703128e-01	1.423434e-02	2.013224e-02	8.427740e+00	1.530046e-01	2.539797e-01	8.625690e-01	1.177309e-01	1.603834e-01	1.881888e+00	9.278251e-01	-1.527734e-06	
3.864115e-01	0.000000e+00	1.014015e-01	2.140825e-01	8.005842e-01	1.014820e+00	9.208317e+00	4.845691e-02	3.925314e-02	3.699347e-01	1.424972e-02	2.012024e-02	8.422079e+00	1.527622e-01	2.535211e-01	8.580262e-01	1.176991e-01	1.597716e-01	1.879170e+00	9.252125e-01	-2.157248e-06	
3.864116e-01	0.000000e+00	1.006816e-01	2.127340e-01	8.001854e-01	1.014558e+00	9.209152e+00	4.866015e-02	3.958320e-02	3.700847e-01	1.426721e-02	2.015719e-02	8.440890e+00	1.517986e-01	2.530887e-01	8.612007e-01	1.178575e-01	1.601133e-01	1.876422e+00	9.264417e-01	-2.023965e-06	
3.864117e-01	0.000000e+00	1.008580e-01	2.139752e-01	8.001456e-01	1.009782e+00	9.227462e+00	4.866700e-02	3.911723e-02	3.709151e-01	1.426940e-02	2.010613e-02	8.445843e+00	1.525348e-01	2.545273e-01	8.616134e-01	1.176744e-01	1.604896e-01	1.887417e+00	9.246166e-01	-3.707477e-06	
3.864117e-01	0.000000e+00	1.013169e-01	2.155814e-01	8.000252e-01	1.011688e+00	9.200621e+00	4.863542e-02	3.935549e-02	3.711023e-01	1.427804e-02	2.014556e-02	8.459849e+00	1.523144e-01	2.531569e-01	8.589947e-01	1.176559e-01	1.594812e-01	1.881682e+00	9.246236e-01	-2.019867e-06	
3.864117e-01	0.000000e+00	1.011487e-01	2.138787e-01	7.990176e-01	1.011455e+00	9.171620e+00	4.846644e-02	3.925734e-02	3.704889e-01	1.425761e-02	2.006883e-02	8.427675e+00	1.526964e-01	2.544432e-01	8.637085e-01	1.178321e-01	1.604671e-01	1.878873e+00	9.343629e-01	-2.265743e-06	
3.864118e-01	0.000000e+00	1.003227e-01	2.134195e-01	8.000591e-01	1.011616e+00	9.196103e+00	4.852967e-02	3.937217e-02	3.706135e-01	1.427113e-02	2.017126e-02	8.453945e+00	1.516317e-01	2.548462e-01	8.667277e-01	1.174155e-01	1.612756e-01	1.872595e+00	9.333656e-01	-3.261098e-06	
3.864118e-01	0.000000e+00	1.002780e-01	2.132769e-01	8.020207e-01	1.013178e+00	9.213551e+00	4.858476e-02	3.931668e-02	3.698682e-01	1.423871e-02	2.024201e-02	8.443744e+00	1.520394e-01	2.528221e-01	8.616129e-01	1.175369e-01	1.596108e-01	1.875627e+00	9.252613e-01	-2.617595e-06	
3.864118e-01	0.000000e+00	1.008891e-01	2.144257e-01	8.016799e-01	1.012155e+00	9.206272e+00	4.847476e-02	3.928262e-02	3.708485e-01	1.427972e-02	2.019819e-02	8.465354e+00	1.517579e-01	2.535619e-01	8.651492e-01	1.174444e-01	1.604620e-01	1.872858e+00	9.305916e-01	-4.922503e-06	
3.864118e-01	0.000000e+00	1.005298e-01	2.138832e-01	7.971435e-01	1.009993e+00	9.177318e+00	4.850508e-02	3.905642e-02	3.691982e-01	1.422356e-02	2.017250e-02	8.421039e+00	1.525319e-01	2.540240e-01	8.608723e-01	1.175827e-01	1.597699e-01	1.880921e+00	9.290078e-01	-4.596141e-06	
3.864118e-01	0.000000e+00	1.003010e-01	2.131463e-01	7.985606e-01	1.014859e+00	9.184736e+00	4.849329e-02	3.930532e-02	3.701985e-01	1.426850e-02	2.024949e-02	8.447312e+00	1.528759e-01	2.530220e-01	8.594119e-01	1.175731e-01	1.594635e-01	1.879329e+00	9.240497e-01	-4.015814e-06	
3.864118e-01	0.000000e+00	1.007378e-01	2.127117e-01	8.008083e-01	1.012967e+00	9.208411e+00	4.854428e-02	3.940052e-02	3.708422e-01	1.429726e-02	2.018250e-02	8.465894e+00	1.516991e-01	2.542303e-01	8.628465e-01	1.176652e-01	1.615633e-01	1.872971e+00	9.261513e-01	-2.468595e-06	
3.864119e-01	0.000000e+00	1.005409e-01	2.135355e-01	8.016466e-01	1.012557e+00	9.259032e+00	4.871219e-02	3.928507e-02	3.694359e-01	1.421510e-02	2.014405e-02	8.417664e+00	1.523206e-01	2.556980e-01	8.622286e-01	1.176439e-01	1.613765e-01	1.876647e+00	9.275438e-01	-5.080281e-07	
3.864119e-01	0.000000e+00	1.009958e-01	2.137439e-01	8.016356e-01	1.013099e+00	9.210073e+00	4.839597e-02	3.928524e-02	3.702316e-01	1.424862e-02	2.023594e-02	8.453436e+00	1.521107e-01	2.555657e-01	8.602850e-01	1.176951e-01	1.603441e-01	1.890645e+00	9.251524e-01	-3.126508e-06	
3.864119e-01	0.000000e+00	1.012378e-01	2.132022e-01	7.980868e-01	1.010604e+00	9.181538e+00	4.856994e-02	3.925445e-02	3.712068e-01	1.431044e-02	2.007033e-02	8.451680e+00	1.526800e-01	2.544602e-01	8.593055e-01	1.175732e-01	1.608098e-01	1.881028e+00	9.254490e-01	-1.076640e-06	
3.864055e-01	5.877786e-14	1.011582e-01	2.147953e-01	8.032738e-01	1.011067e+00	9.236469e+00	4.841603e-02	3.909689e-02	3.701255e-01	1.425151e-02	2.014875e-02	8.437080e+00	1.525606e-01	2.547780e-01	8.605242e-01	1.175704e-01	1.605813e-01	1.876513e+00	9.296024e-01	2.424415e-07	
3.864119e-01	0.000000e+00	1.013110e-01	2.141156e-01	8.006052e-01	1.011352e+00	9.221990e+00	4.877454e-02	3.937174e-02	3.695447e-01	1.422503e-02	2.023881e-02	8.438827e+00	1.516372e-01	2.539686e-01	8.619686e-01	1.173463e-01	1.595996e-01	1.883118e+00	9.251499e-01	-2.905081e-06	
3.864119e-01	0.000000e+00	1.012152e-01	2.154169e-01	7.987367e-01	1.008311e+00	9.221554e+00	4.874801e-02	3.897496e-02	3.690767e-01	1.419854e-02	2.014848e-02	8.410488e+00	1.527444e-01	2.556849e-01	8.622143e-01	1.175077e-01	1.607367e-01	1.887336e+00	9.278544e-01	-2.202281e-06	
3.864120e-01	0.000000e+00	9.967281e-02	2.131245e-01	8.032301e-01	1.010952e+00	9.220793e+00	4.831111e-02	3.902662e-02	3.714914e-01	1.430822e-02	2.007230e-02	8.460158e+00	1.527104e-01	2.547564e-01	8.611983e-01	1.173828e-01	1.599394e-01	1.881100e+00	9.304314e-01	-3.624564e-06	
3.864120e-01	0.000000e+00	1.011497e-01	2.146854e-01	7.990868e-01	1.009767e+00	9.201922e+00	4.857320e-02	3.922618e-02	3.699215e-01	1.424330e-02	2.016228e-02	8.433837e+00	1.516674e-01	2.539735e-01	8.640576e-01	1.173940e-01	1.608003e-01	1.870446e+00	9.316547e-01	-2.955610e-06	
3.864121e-01	0.000000e+00	1.015957e-01	2.141318e-01	7.994811e-01	1.011806e+00	9.193507e+00	4.838354e-02	3.920016e-02	3.702000e-01	1.424892e-02	2.011252e-02	8.430596e+00	1.519023e-01	2.543875e-01	8.597660e-01	1.173679e-01	1.603613e-01	1.879327e+00	9.258678e-01	-3.949139e-06	
3.864074e-01	3.216542e-12	1.007456e-01	2.126579e-01	7.971863e-01	1.013272e+00	9.158191e+00	4.860508e-02	3.939155e-02	3.689970e-01	1.422983e-02	2.023371e-02	8.429610e+00	1.524656e-01	2.541199e-01	8.614794e-01	1.175901e-01	1.599268e-01	1.882415e+00	9.267036e-01	1.793472e-06	
3.864121e-01	0.000000e+00	1.008429e-01	2.131667e-01	7.991141e-01	1.010709e+00	9.200140e+00	4.872034e-02	3.947196e-02	3.708284e-01	1.428327e-02	2.016870e-02	8.454905e+00	1.526018e-01	2.555056e-01	8.638064e-01	1.176744e-01	1.606796e-01	1.887887e+00	9.302435e-01	-2.484558e-06	
3.864121e-01	0.000000e+00	1.012861e-01	2.148189e-01	8.018412e-01	1.010204e+00	9.211128e+00	4.853010e-02	3.928605e-02	3.701940e-01	1.425240e-02	2.012536e-02	8.449784e+00	1.513991e-01	2.549670e-01	8.638729e-01	1.173876e-01	1.601486e-01	1.889954e+00	9.284993e-01	-2.049668e-06	
3.864121e-01	0.000000e+00	1.004977e-01	2.131570e-01	7.982785e-01	1.013514e+00	9.167056e+00	4.853995e-02	3.939693e-02	3.696544e-01	1.423901e-02	2.025934e-02	8.443368e+00	1.524462e-01	2.552825e-01	8.654342e-01	1.177585e-01	1.604235e-01	1.885928e+00	9.323749e-01	-3.824348e-06	
3.864121e-01	0.000000e+00	1.005746e-01	2.128010e-01	8.034704e-01	1.011402e+00	9.229035e+00	4.847235e-02	3.939886e-02	3.725902e-01	1.433972e-02	2.010789e-02	8.496624e+00	1.517310e-01	2.539481e-01	8.647487e-01	1.175735e-01	1.609330e-01	1.866041e+00	9.312288e-01	-3.104877e-07	
3.864122e-01	0.000000e+00	1.005945e-01	2.126018e-01	8.001174e-01	1.013567e+00	9.204619e+00	4.856296e-02	3.933161e-02	3.718800e-01	1.433799e-02	2.011328e-02	8.474790e+00	1.522420e-01	2.528214e-01	8.600239e-01	1.177656e-01	1.602617e-01	1.870328e+00	9.260171e-01	-4.994173e-06	
3.864122e-01	0.000000e+00	1.007331e-01	2.135761e-01	8.050839e-01	1.012665e+00	9.232382e+00	4.850550e-02	3.940198e-02	3.701045e-01	1.424963e-02	2.016033e-02	8.440323e+00	1.521231e-01	2.536305e-01	8.636207e-01	1.176225e-01	1.608385e-01	1.869118e+00	9.303885e-01	-3.399944e-06	
3.864123e-01	0.000000e+00	1.011554e-01	2.151520e-01	8.001780e-01	1.012596e+00	9.235296e+00	4.871535e-02	3.916393e-02	3.692186e-01	1.422444e-02	2.017230e-02	8.417053e+00	1.528803e-01	2.535922e-01	8.613528e-01	1.174559e-01	1.603682e-01	1.875961e+00	9.254169e-01	-3.432665e-06	
3.864123e-01	0.000000e+00	1.006684e-01	2.149203e-01	7.988785e-01	1.010053e+00	9.190027e+00	4.851300e-02	3.910908e-02	3.706557e-01	1.426282e-02	2.008730e-02	8.448494e+00	1.523568e-01	2.530102e-01	8.628068e-01	1.175727e-01	1.599138e-01	1.870037e+00	9.305140e-01	-4.175454e-06	
3.864124e-01	0.000000e+00	1.007666e-01	2.134097e-01	8.011440e-01	1.011739e+00	9.216757e+00	4.839053e-02	3.918709e-02	3.696743e-01	1.423667e-02	2.016585e-02	8.427553e+00	1.518100e-01	2.541811e-01	8.640292e-01	1.172116e-01	1.603255e-01	1.874181e+00	9.305744e-01	-3.627594e-06	
3.864112e-01	2.575868e-15	1.009097e-01	2.142573e-01	8.037128e-01	1.014657e+00	9.233896e+00	4.842643e-02	3.924052e-02	3.695809e-01	1.424365e-02	2.023827e-02	8.443405e+00	1.517820e-01	2.543714e-01	8.644071e-01	1.175490e-01	1.606757e-01	1.870096e+00	9.325824e-01	5.075300e-08	
3.864124e-01	0.000000e+00	1.010614e-01	2.142824e-01	8.013969e-01	1.013857e+00	9.237792e+00	4.856455e-02	3.923405e-02	3.691254e-01	1.424218e-02	2.028073e-02	8.433273e+00	1.520020e-01	2.550762e-01	8.625147e-01	1.176178e-01	1.605824e-01	1.883514e+00	9.296416e-01	-3.693626e-06	
3.864124e-01	0.000000e+00	1.006516e-01	2.135405e-01	8.017831e-01	1.011589e+00	9.226047e+00	4.856858e-02	3.917963e-02	3.701553e-01	1.425825e-02	2.015402e-02	8.438365e+00	1.522670e-01	2.537208e-01	8.636913e-01	1.175640e-01	1.605636e-01	1.865988e+00	9.326895e-01	-2.156320e-06	
3.864125e-01	0.000000e+00	1.005955e-01	2.134118e-01	7.971101e-01	1.010483e+00	9.175634e+00	4.847902e-02	3.906540e-02	3.723778e-01	1.432188e-02	2.011260e-02	8.482729e+00	1.523578e-01	2.552287e-01	8.622310e-01	1.177203e-01	1.606985e-01	1.881256e+00	9.287969e-01	-2.419505e-06	
3.864125e-01	0.000000e+00	1.011478e-01	2.149510e-01	8.004028e-01	1.009543e+00	9.233803e+00	4.853658e-02	3.903354e-02	3.707706e-01	1.425867e-02	2.021710e-02	8.463202e+00	1.521252e-01	2.537779e-01	8.590268e-01	1.176786e-01	1.602372e-01	1.872507e+00	9.246618e-01	-1.627884e-06	
3.864125e-01	0.000000e+00	1.008717e-01	2.156633e-01	8.026927e-01	1.009050e+00	9.255974e+00	4.866224e-02	3.910462e-02	3.686225e-01	1.418860e-02	2.018717e-02	8.405034e+00	1.523618e-01	2.549298e-01	8.632631e-01	1.173460e-01	1.606398e-01	1.881915e+00	9.297159e-01	-5.110141e-06	
3.864125e-01	0.000000e+00	1.011301e-01	2.142360e-01	8.019709e-01	1.008909e+00	9.254896e+00	4.869333e-02	3.916065e-02	3.693101e-01	1.422815e-02	2.018262e-02	8.424661e+00	1.517954e-01	2.543367e-01	8.584118e-01	1.173960e-01	1.607315e-01	1.877954e+00	9.229173e-01	-4.947558e-06	
3.864125e-01	0.000000e+00	1.006906e-01	2.133618e-01	8.016164e-01	1.014178e+00	9.192000e+00	4.835531e-02	3.937055e-02	3.698804e-01	1.426577e-02	2.016944e-02	8.436525e+00	1.527660e-01	2.541055e-01	8.628036e-01	1.173480e-01	1.608475e-01	1.874571e+00	9.290315e-01	-3.704780e-06	
3.864127e-01	0.000000e+00	1.003662e-01	2.141147e-01	8.008396e-01	1.005827e+00	9.252651e+00	4.872953e-02	3.879607e-02	3.687130e-01	1.420074e-02	2.021678e-02	8.414403e+00	1.521164e-01	2.549183e-01	8.627263e-01	1.171803e-01	1.602599e-01	1.878997e+00	9.295556e-01	-4.099688e-06	
3.864127e-01	0.000000e+00	1.011007e-01	2.134874e-01	7.990719e-01	1.012025e+00	9.214218e+00	4.872751e-02	3.927911e-02	3.705517e-01	1.426142e-02	2.019217e-02	8.444531e+00	1.529633e-01	2.544572e-01	8.591234e-01	1.178211e-01	1.604155e-01	1.880682e+00	9.243284e-01	-3.907899e-06	
3.864127e-01	0.000000e+00	1.001332e-01	2.143505e-01	8.018115e-01	1.014350e+00	9.215800e+00	4.833076e-02	3.915985e-02	3.694084e-01	1.423378e-02	2.025215e-02	8.433662e+00	1.520650e-01	2.541976e-01	8.620464e-01	1.173687e-01	1.604545e-01	1.879465e+00	9.268079e-01	-2.635620e-06	
3.864127e-01	0.000000e+00	1.000415e-01	2.144130e-01	8.013670e-01	1.014283e+00	9.224366e+00	4.855283e-02	3.926193e-02	3.702053e-01	1.424479e-02	2.024821e-02	8.452800e+00	1.521699e-01	2.547627e-01	8.639726e-01	1.174338e-01	1.601907e-01	1.883575e+00	9.272742e-01	-7.557027e-06	
3.864060e-01	4.328999e-12	1.002172e-01	2.130894e-01	7.998577e-01	1.012016e+00	9.200636e+00	4.860827e-02	3.936559e-02	3.705440e-01	1.426840e-02	2.024923e-02	8.460158e+00	1.524905e-01	2.545260e-01	8.634941e-01	1.178453e-01	1.603955e-01	1.883659e+00	9.287568e-01	2.080625e-06	
3.864127e-01	0.000000e+00	1.014023e-01	2.139888e-01	8.037366e-01	1.011948e+00	9.240642e+00	4.829755e-02	3.898374e-02	3.695630e-01	1.422302e-02	2.019021e-02	8.435784e+00	1.520967e-01	2.565859e-01	8.658263e-01	1.175356e-01	1.613586e-01	1.888871e+00	9.299323e-01	-3.266719e-06	
3.864127e-01	0.000000e+00	1.009136e-01	2.151583e-01	7.981419e-01	1.010789e+00	9.181661e+00	4.849876e-02	3.903142e-02	3.710974e-01	1.426182e-02	2.010251e-02	8.453550e+00	1.522453e-01	2.539366e-01	8.621732e-01	1.176885e-01	1.604716e-01	1.873547e+00	9.286082e-01	-4.318756e-06	
3.864128e-01	0.000000e+00	1.006812e-01	2.127443e-01	7.999402e-01	1.013316e+00	9.207168e+00	4.857228e-02	3.932558e-02	3.698043e-01	1.426415e-02	2.024922e-02	8.446702e+00	1.521191e-01	2.542486e-01	8.598463e-01	1.176857e-01	1.605684e-01	1.878474e+00	9.251845e-01	-6.625311e-06	
3.864128e-01	0.000000e+00	1.004923e-01	2.136779e-01	7.998953e-01	1.014331e+00	9.225117e+00	4.863243e-02	3.927144e-02	3.690110e-01	1.420218e-02	2.023915e-02	8.421627e+00	1.527055e-01	2.542178e-01	8.626083e-01	1.180382e-01	1.599769e-01	1.889674e+00	9.252721e-01	-5.169378e-06	
3.864099e-01	7.975683e-12	1.017669e-01	2.137765e-01	7.997053e-01	1.011101e+00	9.203744e+00	4.873688e-02	3.937078e-02	3.703865e-01	1.426831e-02	2.019208e-02	8.449726e+00	1.522193e-01	2.552512e-01	8.610775e-01	1.175624e-01	1.608885e-01	1.883786e+00	9.259354e-01	2.824125e-06	
3.864129e-01	0.000000e+00	1.012295e-01	2.145320e-01	7.982885e-01	1.011116e+00	9.212330e+00	4.889500e-02	3.933360e-02	3.707748e-01	1.425303e-02	2.027035e-02	8.467454e+00	1.521784e-01	2.552653e-01	8.615869e-01	1.180296e-01	1.609860e-01	1.886026e+00	9.237781e-01	-2.016801e-06	
3.864130e-01	0.000000e+00	1.006565e-01	2.136671e-01	8.015428e-01	1.012773e+00	9.224576e+00	4.850991e-02	3.922333e-02	3.688745e-01	1.422266e-02	2.020051e-02	8.425044e+00	1.511810e-01	2.535320e-01	8.631113e-01	1.174549e-01	1.599380e-01	1.879099e+00	9.279524e-01	-2.972802e-06	
3.864130e-01	0.000000e+00	1.005771e-01	2.128870e-01	8.022650e-01	1.015169e+00	9.221184e+00	4.836813e-02	3.928776e-02	3.697426e-01	1.428039e-02	2.018581e-02	8.437084e+00	1.523224e-01	2.545365e-01	8.591952e-01	1.172357e-01	1.604456e-01	1.876762e+00	9.266160e-01	-5.024620e-06	
3.864131e-01	0.000000e+00	1.012230e-01	2.150898e-01	7.993656e-01	1.014035e+00	9.183392e+00	4.846286e-02	3.931377e-02	3.705103e-01	1.426397e-02	2.013305e-02	8.444598e+00	1.523995e-01	2.536112e-01	8.616276e-01	1.174019e-01	1.600908e-01	1.871501e+00	9.291888e-01	-4.184453e-06	
3.864131e-01	0.000000e+00	1.008708e-01	2.124980e-01	8.011866e-01	1.014747e+00	9.205362e+00	4.850559e-02	3.934346e-02	3.696552e-01	1.427384e-02	2.017186e-02	8.436548e+00	1.524971e-01	2.539138e-01	8.634610e-01	1.173432e-01	1.608882e-01	1.873150e+00	9.280014e-01	-2.982544e-06	
3.864131e-01	0.000000e+00	1.008181e-01	2.143297e-01	7.973628e-01	1.010507e+00	9.175190e+00	4.850466e-02	3.908426e-02	3.701350e-01	1.426408e-02	2.019949e-02	8.447372e+00	1.527539e-01	2.550152e-01	8.646440e-01	1.174434e-01	1.603165e-01	1.882399e+00	9.328466e-01	-7.331120e-06	
3.864132e-01	0.000000e+00	1.011466e-01	2.126171e-01	8.010613e-01	1.013698e+00	9.231858e+00	4.851978e-02	3.917353e-02	3.690170e-01	1.425034e-02	2.020689e-02	8.420587e+00	1.520407e-01	2.545259e-01	8.635631e-01	1.171862e-01	1.608532e-01	1.871752e+00	9.301103e-01	-3.866192e-06	
3.864133e-01	0.000000e+00	1.007086e-01	2.131909e-01	8.025920e-01	1.014712e+00	9.211176e+00	4.842767e-02	3.933561e-02	3.705248e-01	1.429013e-02	2.007329e-02	8.439796e+00	1.521423e-01	2.541861e-01	8.597348e-01	1.175827e-01	1.606392e-01	1.875631e+00	9.278218e-01	-5.143861e-06	
3.864134e-01	0.000000e+00	1.015582e-01	2.147522e-01	8.021085e-01	1.009916e+00	9.230911e+00	4.870571e-02	3.925088e-02	3.706584e-01	1.427365e-02	2.020369e-02	8.458185e+00	1.515189e-01	2.540068e-01	8.610782e-01	1.174591e-01	1.602109e-01	1.875475e+00	9.283738e-01	-5.291954e-06	
3.864134e-01	0.000000e+00	1.016133e-01	2.147676e-01	8.008498e-01	1.015928e+00	9.199363e+00	4.839078e-02	3.930320e-02	3.695215e-01	1.425234e-02	2.020720e-02	8.429282e+00	1.519409e-01	2.554082e-01	8.583888e-01	1.175866e-01	1.601474e-01	1.888206e+00	9.279585e-01	-1.612949e-06	
3.864135e-01	0.000000e+00	1.007050e-01	2.151257e-01	8.002540e-01	1.009424e+00	9.221531e+00	4.868205e-02	3.907406e-02	3.702393e-01	1.422533e-02	2.016059e-02	8.441791e+00	1.516112e-01	2.542285e-01	8.589367e-01	1.180400e-01	1.595117e-01	1.888119e+00	9.258212e-01	-2.925477e-06	
3.864048e-01	3.269446e-13	1.009583e-01	2.124846e-01	7.989781e-01	1.012824e+00	9.182344e+00	4.863947e-02	3.948371e-02	3.713370e-01	1.431605e-02	2.018760e-02	8.472918e+00	1.521400e-01	2.550111e-01	8.600806e-01	1.177445e-01	1.616299e-01	1.877498e+00	9.243545e-01	5.717907e-07	
3.864135e-01	0.000000e+00	1.009278e-01	2.137196e-01	8.007143e-01	1.012275e+00	9.201719e+00	4.850972e-02	3.924620e-02	3.705552e-01	1.426506e-02	2.006101e-02	8.434660e+00	1.522309e-01	2.545127e-01	8.619838e-01	1.176789e-01	1.596091e-01	1.889135e+00	9.298763e-01	-4.551502e-06	
3.864135e-01	0.000000e+00	1.008436e-01	2.129753e-01	8.023360e-01	1.012275e+00	9.210418e+00	4.856475e-02	3.950106e-02	3.709212e-01	1.426015e-02	2.016040e-02	8.456322e+00	1.526726e-01	2.540668e-01	8.650731e-01	1.176227e-01	1.615326e-01	1.872888e+00	9.258654e-01	-3.228697e-06	
3.864136e-01	0.000000e+00	1.007637e-01	2.139793e-01	8.037219e-01	1.011769e+00	9.260381e+00	4.867589e-02	3.932354e-02	3.695889e-01	1.422463e-02	2.019779e-02	8.433371e+00	1.520168e-01	2.540975e-01	8.633818e-01	1.175124e-01	1.606307e-01	1.873592e+00	9.277940e-01	-6.764741e-06	
3.864136e-01	0.000000e+00	1.012946e-01	2.156307e-01	7.988358e-01	1.005235e+00	9.223129e+00	4.886879e-02	3.917932e-02	3.714376e-01	1.426104e-02	2.016338e-02	8.466691e+00	1.522231e-01	2.550800e-01	8.632266e-01	1.180054e-01	1.600468e-01	1.886824e+00	9.319263e-01	-2.106320e-06	
3.864136e-01	0.000000e+00	1.003339e-01	2.145721e-01	8.019221e-01	1.007524e+00	9.244733e+00	4.866736e-02	3.898511e-02	3.701504e-01	1.422189e-02	2.016278e-02	8.439906e+00	1.523339e-01	2.541350e-01	8.581822e-01	1.176426e-01	1.599891e-01	1.878329e+00	9.236912e-01	-3.077817e-06	
3.864137e-01	0.000000e+00	9.988584e-02	2.143064e-01	8.047532e-01	1.007771e+00	9.290811e+00	4.859077e-02	3.896186e-02	3.693023e-01	1.419803e-02	2.026311e-02	8.432209e+00	1.515711e-01	2.542832e-01	8.620738e-01	1.175577e-01	1.610769e-01	1.871885e+00	9.259328e-01	-1.705527e-06	
3.864137e-01	0.000000e+00	1.001160e-01	2.129103e-01	8.000996e-01	1.012326e+00	9.193605e+00	4.839778e-02	3.925219e-02	3.689199e-01	1.422049e-02	2.016221e-02	8.416323e+00	1.525021e-01	2.545751e-01	8.612449e-01	1.176394e-01	1.605054e-01	1.885676e+00	9.265224e-01	-2.999534e-06	
3.864138e-01	0.000000e+00	1.005330e-01	2.138170e-01	8.001559e-01	1.012676e+00	9.205927e+00	4.831129e-02	3.898971e-02	3.700153e-01	1.426098e-02	2.017176e-02	8.440148e+00	1.519561e-01	2.532868e-01	8.632903e-01	1.171775e-01	1.598950e-01	1.870401e+00	9.299212e-01	-2.625303e-06	
3.864138e-01	0.000000e+00	1.010194e-01	2.132423e-01	7.983493e-01	1.013492e+00	9.184621e+00	4.830611e-02	3.915303e-02	3.699613e-01	1.427062e-02	2.020481e-02	8.438252e+00	1.530340e-01	2.553044e-01	8.638224e-01	1.175802e-01	1.607928e-01	1.881157e+00	9.326358e-01	-4.712665e-06	
3.864139e-01	0.000000e+00	1.015045e-01	2.138631e-01	8.034501e-01	1.012756e+00	9.233358e+00	4.836715e-02	3.915465e-02	3.696113e-01	1.428829e-02	2.007020e-02	8.421913e+00	1.520903e-01	2.544982e-01	8.600928e-01	1.172469e-01	1.608662e-01	1.872258e+00	9.316431e-01	-3.609396e-06	
3.864141e-01	0.000000e+00	1.009359e-01	2.140921e-01	7.980414e-01	1.010516e+00	9.177656e+00	4.852552e-02	3.919181e-02	3.699297e-01	1.424911e-02	2.018394e-02	8.432105e+00	1.525032e-01	2.547475e-01	8.611276e-01	1.177546e-01	1.602142e-01	1.886681e+00	9.300581e-01	-5.970465e-06	
3.864141e-01	0.000000e+00	1.003760e-01	2.132187e-01	7.973473e-01	1.013720e+00	9.175579e+00	4.862134e-02	3.941336e-02	3.699756e-01	1.424580e-02	2.023875e-02	8.450186e+00	1.526428e-01	2.547723e-01	8.647977e-01	1.176138e-01	1.601935e-01	1.885351e+00	9.282464e-01	-4.065180e-06	
3.864142e-01	0.000000e+00	1.003969e-01	2.150713e-01	8.009698e-01	1.007930e+00	9.247064e+00	4.877253e-02	3.902641e-02	3.700038e-01	1.424621e-02	2.021231e-02	8.442443e+00	1.519524e-01	2.541262e-01	8.623571e-01	1.175798e-01	1.601170e-01	1.871995e+00	9.328208e-01	-6.242151e-06	
3.864142e-01	0.000000e+00	1.009620e-01	2.147432e-01	8.040083e-01	1.013379e+00	9.264513e+00	4.849038e-02	3.920286e-02	3.697288e-01	1.423517e-02	2.017221e-02	8.433614e+00	1.517232e-01	2.533621e-01	8.591071e-01	1.173099e-01	1.599726e-01	1.879346e+00	9.207010e-01	-6.354813e-07	
3.864142e-01	0.000000e+00	1.001271e-01	2.128902e-01	7.979227e-01	1.013754e+00	9.189172e+00	4.872425e-02	3.939829e-02	3.696365e-01	1.424877e-02	2.020190e-02	8.427916e+00	1.529753e-01	2.550501e-01	8.650439e-01	1.175491e-01	1.604572e-01	1.885638e+00	9.308013e-01	-2.816373e-06	
3.864060e-01	6.129244e-14	1.004098e-01	2.140857e-01	8.016439e-01	1.011237e+00	9.224396e+00	4.856315e-02	3.920676e-02	3.700877e-01	1.423990e-02	2.014582e-02	8.434322e+00	1.522414e-01	2.544154e-01	8.635464e-01	1.175271e-01	1.603977e-01	1.874597e+00	9.313483e-01	2.475731e-07	
3.864093e-01	2.054887e-12	1.008088e-01	2.142447e-01	8.013357e-01	1.011896e+00	9.227368e+00	4.865548e-02	3.928090e-02	3.700962e-01	1.421951e-02	2.016781e-02	8.442700e+00	1.518900e-01	2.538295e-01	8.643122e-01	1.179661e-01	1.603183e-01	1.872230e+00	9.302172e-01	1.433488e-06	
3.864143e-01	0.000000e+00	1.000773e-01	2.116514e-01	8.020146e-01	1.013147e+00	9.193014e+00	4.837350e-02	3.934591e-02	3.698496e-01	1.426093e-02	2.025872e-02	8.449797e+00	1.527466e-01	2.541958e-01	8.627353e-01	1.175309e-01	1.609024e-01	1.873505e+00	9.278054e-01	-3.634061e-06	
3.864144e-01	0.000000e+00	1.009645e-01	2.137759e-01	7.989675e-01	1.014339e+00	9.194699e+00	4.849856e-02	3.917219e-02	3.709583e-01	1.429047e-02	2.015349e-02	8.464638e+00	1.521205e-01	2.546176e-01	8.614113e-01	1.174428e-01	1.604699e-01	1.876928e+00	9.259917e-01	-3.795927e-06	
3.864146e-01	0.000000e+00	1.008077e-01	2.144197e-01	7.981962e-01	1.013569e+00	9.199396e+00	4.853704e-02	3.913981e-02	3.705734e-01	1.428892e-02	2.011062e-02	8.447758e+00	1.514672e-01	2.539914e-01	8.591070e-01	1.171467e-01	1.597957e-01	1.876482e+00	9.257645e-01	-4.169319e-06	
3.864146e-01	0.000000e+00	1.014465e-01	2.136740e-01	8.015724e-01	1.010337e+00	9.230568e+00	4.851469e-02	3.898317e-02	3.710297e-01	1.429511e-02	2.023487e-02	8.461854e+00	1.528955e-01	2.541049e-01	8.566977e-01	1.178861e-01	1.596627e-01	1.885464e+00	9.246782e-01	-3.619903e-06	
3.864146e-01	0.000000e+00	1.007900e-01	2.142845e-01	7.983306e-01	1.009954e+00	9.213802e+00	4.864108e-02	3.903858e-02	3.698302e-01	1.422089e-02	2.011304e-02	8.423406e+00	1.518269e-01	2.534568e-01	8.599528e-01	1.176497e-01	1.600086e-01	1.876624e+00	9.246570e-01	-4.653056e-06	
3.864147e-01	0.000000e+00	1.001365e-01	2.132209e-01	8.032597e-01	1.011572e+00	9.233797e+00	4.857522e-02	3.931985e-02	3.713415e-01	1.430349e-02	2.024690e-02	8.486221e+00	1.520158e-01	2.547209e-01	8.630567e-01	1.175123e-01	1.606668e-01	1.877419e+00	9.280678e-01	-3.246178e-06	
3.864147e-01	0.000000e+00	1.007344e-01	2.140095e-01	8.004825e-01	1.011080e+00	9.199326e+00	4.863387e-02	3.935367e-02	3.697934e-01	1.422525e-02	2.024734e-02	8.446470e+00	1.525494e-01	2.549448e-01	8.626079e-01	1.180036e-01	1.604175e-01	1.891425e+00	9.266270e-01	-3.435124e-06	
3.864148e-01	0.000000e+00	1.013872e-01	2.137579e-01	8.008873e-01	1.011469e+00	9.210582e+00	4.863807e-02	3.936081e-02	3.699962e-01	1.423402e-02	2.022229e-02	8.439539e+00	1.527449e-01	2.559620e-01	8.620186e-01	1.175238e-01	1.604768e-01	1.898727e+00	9.237779e-01	-3.448404e-06	
3.864149e-01	0.000000e+00	9.977151e-02	2.128336e-01	8.008577e-01	1.010391e+00	9.228363e+00	4.856797e-02	3.902716e-02	3.708765e-01	1.428599e-02	2.022594e-02	8.462188e+00	1.524990e-01	2.555516e-01	8.635184e-01	1.174328e-01	1.604361e-01	1.885934e+00	9.293836e-01	-4.835998e-06	
3.864150e-01	0.000000e+00	1.007344e-01	2.141294e-01	7.982426e-01	1.011758e+00	9.184928e+00	4.856190e-02	3.931298e-02	3.710866e-01	1.428059e-02	2.018125e-02	8.460217e+00	1.528384e-01	2.537642e-01	8.652323e-01	1.178974e-01	1.604201e-01	1.878881e+00	9.315249e-01	-5.633006e-06	
3.864151e-01	0.000000e+00	1.005949e-01	2.153870e-01	7.992459e-01	1.008483e+00	9.209045e+00	4.856256e-02	3.899216e-02	3.705644e-01	1.425348e-02	2.016230e-02	8.454256e+00	1.525080e-01	2.542396e-01	8.639032e-01	1.176964e-01	1.607182e-01	1.872943e+00	9.314993e-01	-2.987965e-06	
3.864151e-01	0.000000e+00	1.011071e-01	2.141232e-01	7.992189e-01	1.012076e+00	9.195941e+00	4.839761e-02	3.906504e-02	3.692705e-01	1.423608e-02	2.013524e-02	8.421683e+00	1.518820e-01	2.529091e-01	8.593074e-01	1.174462e-01	1.598605e-01	1.871027e+00	9.266125e-01	-5.323518e-06	
3.864151e-01	0.000000e+00	1.002817e-01	2.136395e-01	7.995702e-01	1.010367e+00	9.216122e+00	4.867950e-02	3.920512e-02	3.703498e-01	1.428127e-02	2.007574e-02	8.429795e+00	1.529297e-01	2.552313e-01	8.622359e-01	1.173825e-01	1.608878e-01	1.879651e+00	9.312830e-01	-4.455463e-06	
3.864089e-01	6.989137e-16	1.004612e-01	2.132784e-01	8.010476e-01	1.010706e+00	9.239094e+00	4.863360e-02	3.919633e-02	3.700939e-01	1.426654e-02	2.020927e-02	8.443427e+00	1.521867e-01	2.533532e-01	8.606407e-01	1.176066e-01	1.605210e-01	1.869249e+00	9.272197e-01	2.643698e-08	
3.864151e-01	0.000000e+00	1.004280e-01	2.142549e-01	7.993640e-01	1.011678e+00	9.203154e+00	4.838973e-02	3.905212e-02	3.710918e-01	1.426539e-02	2.009393e-02	8.454134e+00	1.521464e-01	2.555124e-01	8.586773e-01	1.177342e-01	1.601988e-01	1.895873e+00	9.219452e-01	-2.007076e-06	
3.864154e-01	0.000000e+00	1.004269e-01	2.122830e-01	8.029561e-01	1.014288e+00	9.219618e+00	4.847366e-02	3.939488e-02	3.694074e-01	1.423601e-02	2.020383e-02	8.432879e+00	1.519950e-01	2.544316e-01	8.674465e-01	1.173778e-01	1.611777e-01	1.869796e+00	9.322949e-01	-5.406199e-06	
3.864154e-01	0.000000e+00	1.011225e-01	2.131542e-01	8.003931e-01	1.013893e+00	9.225881e+00	4.870242e-02	3.945815e-02	3.699153e-01	1.424644e-02	2.022654e-02	8.452156e+00	1.513951e-01	2.559898e-01	8.600950e-01	1.175881e-01	1.608369e-01	1.891374e+00	9.208548e-01	-3.316406e-06	
3.864155e-01	0.000000e+00	1.013584e-01	2.132938e-01	7.972871e-01	1.014196e+00	9.183803e+00	4.863347e-02	3.920777e-02	3.717375e-01	1.434060e-02	2.014677e-02	8.485479e+00	1.516305e-01	2.549670e-01	8.617248e-01	1.175381e-01	1.600268e-01	1.884198e+00	9.277643e-01	-3.300158e-06	
3.864155e-01	0.000000e+00	1.010447e-01	2.135417e-01	8.020312e-01	1.011582e+00	9.222934e+00	4.858898e-02	3.929069e-02	3.700523e-01	1.426201e-02	2.014879e-02	8.426042e+00	1.527596e-01	2.541729e-01	8.624175e-01	1.173239e-01	1.607773e-01	1.876341e+00	9.289790e-01	-1.961606e-06	
3.864053e-01	9.049896e-13	9.995528e-02	2.136903e-01	8.040341e-01	1.010816e+00	9.267921e+00	4.852289e-02	3.914609e-02	3.688400e-01	1.418731e-02	2.019050e-02	8.410673e+00	1.519163e-01	2.544781e-01	8.646220e-01	1.174228e-01	1.608182e-01	1.880408e+00	9.266482e-01	9.513094e-07	
3.864155e-01	0.000000e+00	1.005323e-01	2.156259e-01	7.978797e-01	1.008940e+00	9.195265e+00	4.869155e-02	3.912990e-02	3.701255e-01	1.420335e-02	2.018430e-02	8.438464e+00	1.519482e-01	2.541371e-01	8.611739e-01	1.178587e-01	1.600598e-01	1.885517e+00	9.247526e-01	-6.288347e-06	
3.864155e-01	0.000000e+00	1.000676e-01	2.124893e-01	8.053728e-01	1.011120e+00	9.265869e+00	4.835490e-02	3.908064e-02	3.691948e-01	1.423518e-02	2.011336e-02	8.412615e+00	1.522612e-01	2.564786e-01	8.624973e-01	1.172648e-01	1.615670e-01	1.883444e+00	9.294154e-01	-3.850724e-06	
3.864156e-01	0.000000e+00	1.006585e-01	2.122294e-01	8.026581e-01	1.012967e+00	9.237285e+00	4.860361e-02	3.937938e-02	3.703838e-01	1.427427e-02	2.019104e-02	8.448346e+00	1.523623e-01	2.538797e-01	8.614126e-01	1.176808e-01	1.603706e-01	1.870875e+00	9.288942e-01	-5.321614e-06	
3.864156e-01	0.000000e+00	1.005370e-01	2.136978e-01	8.027205e-01	1.011928e+00	9.241150e+00	4.858553e-02	3.927823e-02	3.696267e-01	1.421698e-02	2.014703e-02	8.426757e+00	1.517438e-01	2.541665e-01	8.591722e-01	1.174310e-01	1.601585e-01	1.876710e+00	9.236627e-01	-6.668570e-06	
3.864156e-01	0.000000e+00	1.025999e-01	2.149220e-01	7.994460e-01	1.010111e+00	9.227223e+00	4.865440e-02	3.912033e-02	3.704161e-01	1.427760e-02	2.010707e-02	8.438945e+00	1.522130e-01	2.538895e-01	8.603037e-01	1.177528e-01	1.601985e-01	1.876704e+00	9.294360e-01	-3.881231e-06	
3.864092e-01	3.429946e-15	1.013360e-01	2.158802e-01	8.036176e-01	1.011678e+00	9.270631e+00	4.859152e-02	3.917197e-02	3.697927e-01	1.424090e-02	2.014895e-02	8.428496e+00	1.519186e-01	2.543555e-01	8.642662e-01	1.175530e-01	1.609137e-01	1.873228e+00	9.321725e-01	5.856574e-08	
3.864157e-01	0.000000e+00	1.006257e-01	2.124855e-01	8.018955e-01	1.013666e+00	9.211110e+00	4.850871e-02	3.930801e-02	3.706449e-01	1.429750e-02	2.009383e-02	8.454448e+00	1.515928e-01	2.533237e-01	8.620098e-01	1.174184e-01	1.603767e-01	1.864981e+00	9.295400e-01	-4.371126e-06	
3.864157e-01	0.000000e+00	1.011388e-01	2.130611e-01	7.998627e-01	1.009654e+00	9.214674e+00	4.876692e-02	3.929160e-02	3.706734e-01	1.425821e-02	2.020004e-02	8.449114e+00	1.531093e-01	2.558003e-01	8.613982e-01	1.180100e-01	1.617059e-01	1.884677e+00	9.255257e-01	-5.149190e-06	
3.864159e-01	0.000000e+00	1.014403e-01	2.159989e-01	7.977216e-01	1.008719e+00	9.217900e+00	4.876431e-02	3.902130e-02	3.696527e-01	1.422292e-02	2.022141e-02	8.436388e+00	1.523438e-01	2.544096e-01	8.615860e-01	1.176065e-01	1.600679e-01	1.879408e+00	9.286518e-01	-4.008617e-06	
3.864160e-01	0.000000e+00	1.005458e-01	2.146186e-01	8.025754e-01	1.012490e+00	9.245450e+00	4.846666e-02	3.901472e-02	3.696677e-01	1.424406e-02	2.006652e-02	8.422137e+00	1.512979e-01	2.532489e-01	8.601748e-01	1.170138e-01	1.603069e-01	1.868846e+00	9.245999e-01	-3.750699e-06	
3.864161e-01	0.000000e+00	1.008725e-01	2.138404e-01	8.036361e-01	1.012932e+00	9.224650e+00	4.856160e-02	3.944001e-02	3.707456e-01	1.426838e-02	2.003663e-02	8.438744e+00	1.526421e-01	2.541037e-01	8.635055e-01	1.176823e-01	1.605150e-01	1.873028e+00	9.321978e-01	-3.252315e-06	
3.864161e-01	0.000000e+00	1.006872e-01	2.138192e-01	8.033000e-01	1.012165e+00	9.215135e+00	4.834014e-02	3.921025e-02	3.707618e-01	1.428708e-02	2.019321e-02	8.466943e+00	1.520399e-01	2.543241e-01	8.608213e-01	1.172972e-01	1.605770e-01	1.874815e+00	9.267381e-01	-6.499408e-06	
3.864162e-01	0.000000e+00	1.001245e-01	2.138477e-01	8.015429e-01	1.012199e+00	9.224026e+00	4.855055e-02	3.923160e-02	3.714516e-01	1.432235e-02	2.017174e-02	8.479702e+00	1.514925e-01	2.535549e-01	8.629132e-01	1.176077e-01	1.602509e-01	1.869925e+00	9.318374e-01	-6.747687e-06	
3.864165e-01	0.000000e+00	1.004848e-01	2.145294e-01	8.002462e-01	1.011386e+00	9.212355e+00	4.844510e-02	3.906361e-02	3.697423e-01	1.425635e-02	2.014368e-02	8.434888e+00	1.519986e-01	2.550527e-01	8.634990e-01	1.169838e-01	1.606875e-01	1.878248e+00	9.298513e-01	-5.537851e-06	
3.864166e-01	0.000000e+00	1.018182e-01	2.148321e-01	8.031990e-01	1.014978e+00	9.219379e+00	4.826584e-02	3.918415e-02	3.701614e-01	1.427599e-02	2.009428e-02	8.433129e+00	1.517003e-01	2.539879e-01	8.630553e-01	1.171998e-01	1.601760e-01	1.872338e+00	9.330940e-01	-4.823370e-06	
3.864167e-01	0.000000e+00	1.002741e-01	2.136597e-01	8.024654e-01	1.011844e+00	9.235054e+00	4.848759e-02	3.911985e-02	3.688636e-01	1.421566e-02	2.031104e-02	8.434891e+00	1.520494e-01	2.549365e-01	8.650855e-01	1.169848e-01	1.604221e-01	1.879743e+00	9.284370e-01	-5.584501e-06	
3.864168e-01	0.000000e+00	1.009885e-01	2.146056e-01	8.000644e-01	1.010285e+00	9.221441e+00	4.866150e-02	3.922244e-02	3.696699e-01	1.420581e-02	2.030213e-02	8.446317e+00	1.516678e-01	2.555662e-01	8.647137e-01	1.174425e-01	1.608125e-01	1.882937e+00	9.275926e-01	-3.037614e-06	
3.864169e-01	0.000000e+00	1.000837e-01	2.129957e-01	8.023430e-01	1.014961e+00	9.216655e+00	4.849607e-02	3.944128e-02	3.700505e-01	1.423011e-02	2.024633e-02	8.447685e+00	1.525996e-01	2.553975e-01	8.627413e-01	1.178111e-01	1.609322e-01	1.885743e+00	9.250874e-01	-5.167788e-06	
3.864170e-01	0.000000e+00	1.020817e-01	2.136117e-01	7.999339e-01	1.009510e+00	9.214661e+00	4.873852e-02	3.925807e-02	3.714851e-01	1.430844e-02	2.011651e-02	8.473606e+00	1.520171e-01	2.542805e-01	8.580532e-01	1.177403e-01	1.607905e-01	1.877637e+00	9.222536e-01	-3.062185e-06	
3.863984e-01	6.945691e-11	1.007314e-01	2.141279e-01	7.963962e-01	1.010613e+00	9.173595e+00	4.853101e-02	3.910563e-02	3.720985e-01	1.431820e-02	2.009496e-02	8.467586e+00	1.524847e-01	2.535745e-01	8.611630e-01	1.173643e-01	1.601070e-01	1.876166e+00	9.261419e-01	8.334082e-06	
3.864172e-01	0.000000e+00	1.007113e-01	2.145048e-01	7.981993e-01	1.008996e+00	9.212761e+00	4.882969e-02	3.927344e-02	3.705095e-01	1.426020e-02	2.018918e-02	8.458184e+00	1.522806e-01	2.541570e-01	8.642927e-01	1.176809e-01	1.604709e-01	1.878216e+00	9.290921e-01	-4.649079e-06	
3.864176e-01	0.000000e+00	1.013776e-01	2.150299e-01	8.010315e-01	1.006636e+00	9.248405e+00	4.864228e-02	3.878122e-02	3.695965e-01	1.422988e-02	2.014091e-02	8.422930e+00	1.522554e-01	2.539451e-01	8.608415e-01	1.172288e-01	1.597845e-01	1.875237e+00	9.290087e-01	-7.432151e-06	
3.864187e-01	0.000000e+00	1.006596e-01	2.126532e-01	7.977072e-01	1.010582e+00	9.185212e+00	4.868172e-02	3.923571e-02	3.709951e-01	1.429888e-02	2.011347e-02	8.450322e+00	1.528921e-01	2.546369e-01	8.596706e-01	1.176324e-01	1.610119e-01	1.874906e+00	9.270441e-01	-6.941118e-06	
3.864197e-01	0.000000e+00	1.005983e-01	2.132032e-01	8.063843e-01	1.014872e+00	9.243793e+00	4.829071e-02	3.941816e-02	3.692049e-01	1.422411e-02	2.020251e-02	8.427614e+00	1.521278e-01	2.545143e-01	8.692494e-01	1.172132e-01	1.611252e-01	1.869884e+00	9.351528e-01	-4.234477e-06	
3.864215e-01	0.000000e+00	1.017315e-01	2.137319e-01	8.031782e-01	1.015251e+00	9.234457e+00	4.865721e-02	3.946627e-02	3.696284e-01	1.425739e-02	2.022661e-02	8.444254e+00	1.521795e-01	2.538311e-01	8.625619e-01	1.176821e-01	1.599364e-01	1.885368e+00	9.262025e-01	-4.673267e-06	
3.864216e-01	0.000000e+00	1.013659e-01	2.142745e-01	8.020038e-01	1.013336e+00	9.244440e+00	4.853437e-02	3.926437e-02	3.679780e-01	1.416968e-02	2.017719e-02	8.392195e+00	1.521560e-01	2.540117e-01	8.606320e-01	1.175839e-01	1.600088e-01	1.887443e+00	9.231655e-01	-5.685373e-06	
3.864220e-01	0.000000e+00	1.009846e-01	2.149826e-01	7.999339e-01	1.010101e+00	9.198397e+00	4.850929e-02	3.931961e-02	3.705442e-01	1.424044e-02	2.014346e-02	8.443186e+00	1.520476e-01	2.542039e-01	8.640920e-01	1.176521e-01	1.602017e-01	1.882008e+00	9.308761e-01	-7.174242e-06	
