f	phi	x(1)	x(2)	x(3)	x(4)	x(5)	x(6)	x(7)	x(8)	x(9)	x(10)	x(11)	x(12)	x(13)	x(14)	x(15)	x(16)	x(17)	x(18)	x(19)	x(20)	x(21)	x(22)	x(23)	x(24)	x(25)	x(26)	x(27)	x(28)	x(29)	x(30)	x(31)	x(32)	g(1)	
5.754760e-01	0.000000e+00	5.568931e-01	5.163332e-01	1.068160e+00	2.636710e-02	8.958501e-02	1.255400e-01	1.187428e-01	3.252601e-01	2.508182e-02	1.531361e-01	1.105994e+00	7.748424e-01	2.722260e-02	5.248352e-02	3.878272e+00	6.071377e-01	1.779800e-01	1.058020e+00	1.085422e-01	1.330004e+00	4.308695e-01	1.795256e-01	1.610383e-01	2.885604e-01	2.721324e-01	2.081992e-01	3.905289e-02	5.084026e-02	1.128560e+00	1.115387e+00	2.232046e-01	4.645955e+00	-9.300148e-09	
5.754760e-01	0.000000e+00	5.568968e-01	5.169669e-01	1.068213e+00	2.636978e-02	8.960359e-02	1.255369e-01	1.187687e-01	3.252599e-01	2.507791e-02	1.530472e-01	1.106357e+00	7.748280e-01	2.723080e-02	5.248566e-02	3.878321e+00	6.070856e-01	1.779805e-01	1.058184e+00	1.085365e-01	1.329699e+00	4.307981e-01	1.795692e-01	1.610460e-01	2.885732e-01	2.721663e-01	2.082441e-01	3.905669e-02	5.079934e-02	1.128616e+00	1.115382e+00	2.230293e-01	4.646072e+00	-7.917164e-09	
5.754760e-01	0.000000e+00	5.566047e-01	5.164441e-01	1.068431e+00	2.637459e-02	8.967265e-02	1.255355e-01	1.187402e-01	3.252630e-01	2.509079e-02	1.530159e-01	1.106454e+00	7.748501e-01	2.722644e-02	5.248372e-02	3.878648e+00	6.075001e-01	1.779537e-01	1.057893e+00	1.085446e-01	1.329842e+00	4.307590e-01	1.795239e-01	1.610311e-01	2.885536e-01	2.721751e-01	2.084131e-01	3.905748e-02	5.082174e-02	1.128422e+00	1.115421e+00	2.231037e-01	4.646258e+00	-2.386925e-08	
5.754760e-01	0.000000e+00	5.565830e-01	5.167257e-01	1.068463e+00	2.637294e-02	8.968690e-02	1.255361e-01	1.187569e-01	3.252633e-01	2.507612e-02	1.530379e-01	1.106425e+00	7.748398e-01	2.723353e-02	5.248728e-02	3.878825e+00	6.074855e-01	1.779484e-01	1.057959e+00	1.085455e-01	1.329742e+00	4.308884e-01	1.795725e-01	1.610562e-01	2.886009e-01	2.722828e-01	2.084184e-01	3.905828e-02	5.080226e-02	1.128413e+00	1.115464e+00	2.230987e-01	4.646313e+00	-2.332149e-08	
5.754761e-01	0.000000e+00	5.568036e-01	5.164321e-01	1.068160e+00	2.636666e-02	8.959088e-02	1.255342e-01	1.187635e-01	3.252611e-01	2.508698e-02	1.529441e-01	1.106270e+00	7.748352e-01	2.723342e-02	5.249040e-02	3.878296e+00	6.072202e-01	1.779468e-01	1.057920e+00	1.085350e-01	1.329705e+00	4.307187e-01	1.796141e-01	1.611074e-01	2.886121e-01	2.722243e-01	2.082556e-01	3.904880e-02	5.081903e-02	1.128559e+00	1.115374e+00	2.231536e-01	4.646048e+00	-2.951388e-08	
5.754761e-01	0.000000e+00	5.568268e-01	5.170322e-01	1.068345e+00	2.637347e-02	8.963339e-02	1.255411e-01	1.188197e-01	3.252599e-01	2.507461e-02	1.531010e-01	1.106430e+00	7.748500e-01	2.722297e-02	5.248228e-02	3.878729e+00	6.073535e-01	1.779647e-01	1.058099e+00	1.085433e-01	1.329711e+00	4.308137e-01	1.795336e-01	1.610129e-01	2.885681e-01	2.721197e-01	2.082713e-01	3.905654e-02	5.079250e-02	1.128404e+00	1.115511e+00	2.231673e-01	4.645745e+00	-2.631237e-10	
5.754761e-01	0.000000e+00	5.566471e-01	5.165232e-01	1.068150e+00	2.636956e-02	8.960277e-02	1.255373e-01	1.187834e-01	3.252613e-01	2.507837e-02	1.530260e-01	1.106266e+00	7.748275e-01	2.722340e-02	5.248517e-02	3.878754e+00	6.071865e-01	1.779719e-01	1.058258e+00	1.085433e-01	1.329583e+00	4.307663e-01	1.795449e-01	1.610110e-01	2.885659e-01	2.721442e-01	2.083533e-01	3.905723e-02	5.079629e-02	1.128427e+00	1.115487e+00	2.232267e-01	4.646129e+00	-6.357103e-09	
5.754762e-01	0.000000e+00	5.567725e-01	5.162766e-01	1.068274e+00	2.637119e-02	8.961355e-02	1.255382e-01	1.187877e-01	3.252600e-01	2.506623e-02	1.531021e-01	1.106250e+00	7.748416e-01	2.722114e-02	5.247666e-02	3.878620e+00	6.071667e-01	1.779581e-01	1.058182e+00	1.085452e-01	1.329549e+00	4.308019e-01	1.794886e-01	1.609293e-01	2.885367e-01	2.720777e-01	2.083994e-01	3.904815e-02	5.077845e-02	1.128332e+00	1.115501e+00	2.232356e-01	4.646205e+00	-9.161436e-09	
5.754762e-01	0.000000e+00	5.564841e-01	5.163670e-01	1.068211e+00	2.636800e-02	8.960989e-02	1.255308e-01	1.187339e-01	3.252630e-01	2.508352e-02	1.530014e-01	1.106510e+00	7.748496e-01	2.722343e-02	5.248944e-02	3.878489e+00	6.073493e-01	1.779728e-01	1.058087e+00	1.085425e-01	1.329687e+00	4.308104e-01	1.795703e-01	1.610724e-01	2.886449e-01	2.722506e-01	2.083434e-01	3.906021e-02	5.079333e-02	1.128458e+00	1.115405e+00	2.232787e-01	4.645782e+00	-9.559357e-09	
5.754762e-01	0.000000e+00	5.568887e-01	5.164813e-01	1.068301e+00	2.637580e-02	8.965991e-02	1.255393e-01	1.187823e-01	3.252603e-01	2.507403e-02	1.531251e-01	1.106114e+00	7.748365e-01	2.722446e-02	5.247479e-02	3.878447e+00	6.071531e-01	1.779360e-01	1.058007e+00	1.085430e-01	1.329623e+00	4.308932e-01	1.795333e-01	1.609839e-01	2.885425e-01	2.721124e-01	2.083722e-01	3.903426e-02	5.080562e-02	1.128432e+00	1.115442e+00	2.231764e-01	4.646372e+00	-3.767905e-08	
5.754762e-01	0.000000e+00	5.565737e-01	5.166670e-01	1.068457e+00	2.637405e-02	8.966844e-02	1.255370e-01	1.187877e-01	3.252629e-01	2.506980e-02	1.530306e-01	1.106210e+00	7.748354e-01	2.722583e-02	5.248852e-02	3.878901e+00	6.073742e-01	1.779585e-01	1.058352e+00	1.085480e-01	1.329375e+00	4.308049e-01	1.795574e-01	1.609860e-01	2.885608e-01	2.722257e-01	2.084048e-01	3.905372e-02	5.078074e-02	1.128360e+00	1.115464e+00	2.231213e-01	4.646371e+00	-2.487171e-09	
5.754762e-01	0.000000e+00	5.566836e-01	5.166187e-01	1.068276e+00	2.637075e-02	8.961384e-02	1.255365e-01	1.187662e-01	3.252628e-01	2.508561e-02	1.529631e-01	1.106556e+00	7.748372e-01	2.723187e-02	5.249297e-02	3.878740e+00	6.074750e-01	1.779739e-01	1.057946e+00	1.085359e-01	1.329830e+00	4.307418e-01	1.795775e-01	1.610777e-01	2.885950e-01	2.722289e-01	2.083636e-01	3.907389e-02	5.081986e-02	1.128562e+00	1.115372e+00	2.230630e-01	4.646406e+00	-1.369553e-08	
5.754762e-01	0.000000e+00	5.568246e-01	5.163633e-01	1.068293e+00	2.637741e-02	8.964523e-02	1.255408e-01	1.187946e-01	3.252609e-01	2.507565e-02	1.530374e-01	1.106255e+00	7.748220e-01	2.722712e-02	5.247915e-02	3.878474e+00	6.070684e-01	1.779394e-01	1.058155e+00	1.085363e-01	1.329312e+00	4.308877e-01	1.795648e-01	1.609704e-01	2.885759e-01	2.721412e-01	2.083654e-01	3.904647e-02	5.078149e-02	1.128510e+00	1.115425e+00	2.231781e-01	4.646396e+00	-4.307326e-08	
5.754762e-01	0.000000e+00	5.567842e-01	5.164643e-01	1.068153e+00	2.637142e-02	8.960650e-02	1.255342e-01	1.187562e-01	3.252617e-01	2.509065e-02	1.530445e-01	1.106646e+00	7.748505e-01	2.722164e-02	5.248287e-02	3.878570e+00	6.074357e-01	1.779775e-01	1.057813e+00	1.085365e-01	1.330033e+00	4.307988e-01	1.794185e-01	1.610008e-01	2.885304e-01	2.721772e-01	2.082300e-01	3.905373e-02	5.081949e-02	1.128454e+00	1.115388e+00	2.232102e-01	4.645978e+00	-1.662891e-08	
5.754762e-01	0.000000e+00	5.567155e-01	5.165604e-01	1.068291e+00	2.637318e-02	8.961413e-02	1.255378e-01	1.187706e-01	3.252619e-01	2.507256e-02	1.529964e-01	1.106413e+00	7.748206e-01	2.722870e-02	5.248516e-02	3.878549e+00	6.071296e-01	1.779580e-01	1.058248e+00	1.085380e-01	1.329366e+00	4.308510e-01	1.795303e-01	1.609824e-01	2.885651e-01	2.721961e-01	2.083480e-01	3.905261e-02	5.076107e-02	1.128473e+00	1.115443e+00	2.230995e-01	4.646295e+00	-4.627497e-08	
5.754762e-01	0.000000e+00	5.570645e-01	5.161482e-01	1.068175e+00	2.637417e-02	8.960697e-02	1.255379e-01	1.187547e-01	3.252586e-01	2.507249e-02	1.530985e-01	1.106041e+00	7.748255e-01	2.722664e-02	5.248135e-02	3.878136e+00	6.071672e-01	1.779931e-01	1.058181e+00	1.085378e-01	1.329875e+00	4.309064e-01	1.796091e-01	1.610058e-01	2.885797e-01	2.721470e-01	2.082796e-01	3.904987e-02	5.082230e-02	1.128703e+00	1.115332e+00	2.230208e-01	4.646580e+00	-1.275759e-08	
5.754762e-01	0.000000e+00	5.565978e-01	5.166462e-01	1.068223e+00	2.636609e-02	8.963716e-02	1.255351e-01	1.187494e-01	3.252631e-01	2.508722e-02	1.530204e-01	1.106179e+00	7.748400e-01	2.723393e-02	5.249665e-02	3.878705e+00	6.073031e-01	1.779670e-01	1.058018e+00	1.085439e-01	1.329820e+00	4.308230e-01	1.796049e-01	1.610832e-01	2.886340e-01	2.722599e-01	2.083224e-01	3.906169e-02	5.082675e-02	1.128507e+00	1.115407e+00	2.231820e-01	4.646193e+00	-2.163981e-08	
5.754762e-01	0.000000e+00	5.568406e-01	5.163716e-01	1.068214e+00	2.637203e-02	8.959894e-02	1.255365e-01	1.187476e-01	3.252608e-01	2.508152e-02	1.530642e-01	1.106409e+00	7.748313e-01	2.723115e-02	5.248202e-02	3.878463e+00	6.073141e-01	1.779582e-01	1.057905e+00	1.085375e-01	1.329824e+00	4.308017e-01	1.795775e-01	1.610206e-01	2.885442e-01	2.721785e-01	2.083089e-01	3.904736e-02	5.080961e-02	1.128545e+00	1.115401e+00	2.230813e-01	4.646141e+00	-5.023787e-08	
5.754762e-01	0.000000e+00	5.567742e-01	5.162284e-01	1.068154e+00	2.637197e-02	8.953912e-02	1.255307e-01	1.187435e-01	3.252619e-01	2.509644e-02	1.530074e-01	1.107053e+00	7.748490e-01	2.721470e-02	5.247537e-02	3.878614e+00	6.073121e-01	1.779421e-01	1.057481e+00	1.085329e-01	1.330118e+00	4.306019e-01	1.794525e-01	1.610314e-01	2.884624e-01	2.720515e-01	2.083449e-01	3.904917e-02	5.082881e-02	1.128279e+00	1.115425e+00	2.233045e-01	4.645653e+00	-1.120598e-08	
5.754762e-01	0.000000e+00	5.566349e-01	5.163161e-01	1.068348e+00	2.637375e-02	8.969246e-02	1.255385e-01	1.188089e-01	3.252625e-01	2.507709e-02	1.530555e-01	1.106098e+00	7.748467e-01	2.722594e-02	5.248207e-02	3.878708e+00	6.072241e-01	1.779373e-01	1.058002e+00	1.085459e-01	1.329592e+00	4.308679e-01	1.794958e-01	1.609848e-01	2.885484e-01	2.722026e-01	2.083996e-01	3.904508e-02	5.080048e-02	1.128369e+00	1.115468e+00	2.231995e-01	4.646647e+00	-4.946687e-08	
5.754762e-01	0.000000e+00	5.568046e-01	5.167878e-01	1.068420e+00	2.637849e-02	8.968213e-02	1.255347e-01	1.187934e-01	3.252610e-01	2.508238e-02	1.530528e-01	1.106196e+00	7.748274e-01	2.723384e-02	5.248094e-02	3.878439e+00	6.073331e-01	1.779560e-01	1.058065e+00	1.085426e-01	1.329687e+00	4.309183e-01	1.796108e-01	1.610003e-01	2.885606e-01	2.722226e-01	2.083404e-01	3.903736e-02	5.081530e-02	1.128536e+00	1.115413e+00	2.229826e-01	4.646761e+00	-2.051605e-08	
5.754762e-01	0.000000e+00	5.570880e-01	5.162940e-01	1.068142e+00	2.637340e-02	8.962161e-02	1.255482e-01	1.188302e-01	3.252587e-01	2.506118e-02	1.531072e-01	1.105955e+00	7.748108e-01	2.722485e-02	5.247846e-02	3.878400e+00	6.068192e-01	1.779885e-01	1.058437e+00	1.085370e-01	1.329531e+00	4.309199e-01	1.795911e-01	1.609858e-01	2.885667e-01	2.720739e-01	2.082806e-01	3.906043e-02	5.078518e-02	1.128685e+00	1.115390e+00	2.231366e-01	4.646526e+00	-4.778641e-09	
5.754763e-01	0.000000e+00	5.565598e-01	5.167130e-01	1.068082e+00	2.636165e-02	8.962767e-02	1.255240e-01	1.187341e-01	3.252649e-01	2.509849e-02	1.529982e-01	1.106492e+00	7.748733e-01	2.721275e-02	5.248868e-02	3.878432e+00	6.073437e-01	1.779703e-01	1.057764e+00	1.085420e-01	1.330094e+00	4.307796e-01	1.794231e-01	1.610806e-01	2.885624e-01	2.722225e-01	2.082426e-01	3.904711e-02	5.085256e-02	1.128380e+00	1.115324e+00	2.234100e-01	4.645441e+00	-4.543920e-09	
5.754763e-01	0.000000e+00	5.568676e-01	5.164781e-01	1.068234e+00	2.637224e-02	8.960779e-02	1.255325e-01	1.187531e-01	3.252611e-01	2.508129e-02	1.530175e-01	1.106595e+00	7.748353e-01	2.722704e-02	5.247915e-02	3.878402e+00	6.072938e-01	1.779552e-01	1.057844e+00	1.085357e-01	1.329856e+00	4.307634e-01	1.795931e-01	1.610406e-01	2.885657e-01	2.721653e-01	2.083741e-01	3.904568e-02	5.081457e-02	1.128453e+00	1.115432e+00	2.230909e-01	4.646087e+00	-2.541280e-08	
5.754760e-01	9.935302e-16	5.568485e-01	5.166523e-01	1.068438e+00	2.637942e-02	8.963046e-02	1.255427e-01	1.187985e-01	3.252616e-01	2.507942e-02	1.529948e-01	1.106379e+00	7.748202e-01	2.723176e-02	5.248363e-02	3.878670e+00	6.071299e-01	1.779444e-01	1.058100e+00	1.085422e-01	1.329564e+00	4.308069e-01	1.795919e-01	1.610042e-01	2.885649e-01	2.721626e-01	2.083878e-01	3.904760e-02	5.078528e-02	1.128482e+00	1.115446e+00	2.229975e-01	4.646547e+00	3.152031e-08	
5.754763e-01	0.000000e+00	5.566724e-01	5.165083e-01	1.067991e+00	2.636481e-02	8.958524e-02	1.255327e-01	1.187356e-01	3.252636e-01	2.509495e-02	1.529500e-01	1.106647e+00	7.748474e-01	2.722871e-02	5.249262e-02	3.878266e+00	6.070492e-01	1.779796e-01	1.057680e+00	1.085342e-01	1.330211e+00	4.307434e-01	1.795673e-01	1.611246e-01	2.885612e-01	2.722677e-01	2.082704e-01	3.905068e-02	5.084199e-02	1.128581e+00	1.115306e+00	2.232467e-01	4.645791e+00	-3.115168e-08	
5.754763e-01	0.000000e+00	5.567630e-01	5.165626e-01	1.068450e+00	2.637855e-02	8.965530e-02	1.255347e-01	1.188025e-01	3.252621e-01	2.507215e-02	1.530417e-01	1.106241e+00	7.748207e-01	2.723022e-02	5.247662e-02	3.878626e+00	6.073214e-01	1.779339e-01	1.058040e+00	1.085365e-01	1.329430e+00	4.309121e-01	1.795487e-01	1.609940e-01	2.885410e-01	2.722225e-01	2.083403e-01	3.904814e-02	5.079754e-02	1.128556e+00	1.115395e+00	2.229763e-01	4.646916e+00	-2.349533e-08	
5.754763e-01	0.000000e+00	5.567285e-01	5.169574e-01	1.068345e+00	2.636981e-02	8.966904e-02	1.255418e-01	1.187925e-01	3.252621e-01	2.507217e-02	1.530909e-01	1.106220e+00	7.748430e-01	2.722927e-02	5.248802e-02	3.878765e+00	6.074360e-01	1.779755e-01	1.058269e+00	1.085450e-01	1.329624e+00	4.308686e-01	1.795024e-01	1.610293e-01	2.885768e-01	2.722021e-01	2.082823e-01	3.906348e-02	5.079933e-02	1.128489e+00	1.115467e+00	2.231280e-01	4.646009e+00	-2.003392e-08	
5.754763e-01	0.000000e+00	5.568693e-01	5.163252e-01	1.068162e+00	2.636955e-02	8.962541e-02	1.255474e-01	1.187763e-01	3.252622e-01	2.508249e-02	1.530776e-01	1.105722e+00	7.748240e-01	2.723292e-02	5.248682e-02	3.878163e+00	6.069019e-01	1.779936e-01	1.058309e+00	1.085400e-01	1.329753e+00	4.309143e-01	1.796130e-01	1.610635e-01	2.885913e-01	2.722357e-01	2.082199e-01	3.905000e-02	5.082140e-02	1.128700e+00	1.115400e+00	2.231605e-01	4.646312e+00	-4.894180e-08	
5.754763e-01	0.000000e+00	5.566302e-01	5.165262e-01	1.068374e+00	2.637632e-02	8.961505e-02	1.255376e-01	1.187822e-01	3.252620e-01	2.508052e-02	1.529929e-01	1.106825e+00	7.748348e-01	2.722025e-02	5.248100e-02	3.878936e+00	6.072755e-01	1.779346e-01	1.058172e+00	1.085424e-01	1.329293e+00	4.306311e-01	1.794647e-01	1.609529e-01	2.884972e-01	2.721125e-01	2.084922e-01	3.906285e-02	5.074065e-02	1.128243e+00	1.115540e+00	2.232190e-01	4.645957e+00	-1.787686e-08	
5.754763e-01	0.000000e+00	5.569091e-01	5.164229e-01	1.068381e+00	2.637803e-02	8.964670e-02	1.255456e-01	1.188114e-01	3.252605e-01	2.506968e-02	1.530937e-01	1.106192e+00	7.748149e-01	2.723198e-02	5.247826e-02	3.878717e+00	6.071870e-01	1.779547e-01	1.058229e+00	1.085393e-01	1.329461e+00	4.308231e-01	1.795669e-01	1.609598e-01	2.885110e-01	2.721072e-01	2.083884e-01	3.905680e-02	5.078939e-02	1.128461e+00	1.115523e+00	2.230268e-01	4.646755e+00	-1.210612e-08	
5.754763e-01	0.000000e+00	5.564680e-01	5.166145e-01	1.068342e+00	2.637191e-02	8.962629e-02	1.255376e-01	1.187346e-01	3.252654e-01	2.509095e-02	1.529626e-01	1.106694e+00	7.748382e-01	2.723571e-02	5.249193e-02	3.878921e+00	6.074438e-01	1.779422e-01	1.057902e+00	1.085431e-01	1.329665e+00	4.306932e-01	1.795059e-01	1.610527e-01	2.885672e-01	2.723051e-01	2.084004e-01	3.906169e-02	5.078735e-02	1.128338e+00	1.115488e+00	2.232432e-01	4.646094e+00	-2.692131e-08	
5.754763e-01	0.000000e+00	5.566827e-01	5.165979e-01	1.068213e+00	2.637060e-02	8.962030e-02	1.255418e-01	1.188066e-01	3.252618e-01	2.508127e-02	1.530489e-01	1.106547e+00	7.748455e-01	2.721871e-02	5.248403e-02	3.878778e+00	6.072841e-01	1.779722e-01	1.058225e+00	1.085455e-01	1.329622e+00	4.307926e-01	1.794818e-01	1.609958e-01	2.885601e-01	2.721301e-01	2.083415e-01	3.906962e-02	5.078035e-02	1.128447e+00	1.115482e+00	2.233065e-01	4.645588e+00	-2.439065e-08	
5.754763e-01	0.000000e+00	5.566090e-01	5.170525e-01	1.068330e+00	2.637626e-02	8.963017e-02	1.255287e-01	1.187550e-01	3.252629e-01	2.507770e-02	1.529581e-01	1.106680e+00	7.748295e-01	2.722697e-02	5.248402e-02	3.878681e+00	6.072248e-01	1.779655e-01	1.057988e+00	1.085321e-01	1.329585e+00	4.309787e-01	1.794831e-01	1.609997e-01	2.885585e-01	2.722689e-01	2.083494e-01	3.904991e-02	5.078261e-02	1.128619e+00	1.115298e+00	2.230861e-01	4.646330e+00	-1.169970e-08	
5.754763e-01	0.000000e+00	5.565676e-01	5.167561e-01	1.068093e+00	2.636618e-02	8.959453e-02	1.255358e-01	1.187564e-01	3.252631e-01	2.508352e-02	1.530273e-01	1.106619e+00	7.748540e-01	2.722439e-02	5.249084e-02	3.878642e+00	6.072942e-01	1.779765e-01	1.058062e+00	1.085450e-01	1.329837e+00	4.307189e-01	1.795272e-01	1.610745e-01	2.885943e-01	2.722433e-01	2.082924e-01	3.905850e-02	5.079834e-02	1.128404e+00	1.115454e+00	2.232593e-01	4.645624e+00	-2.987565e-08	
5.754763e-01	0.000000e+00	5.567981e-01	5.158134e-01	1.068049e+00	2.636799e-02	8.958804e-02	1.255385e-01	1.187483e-01	3.252599e-01	2.508046e-02	1.530154e-01	1.106108e+00	7.748343e-01	2.722329e-02	5.248322e-02	3.878195e+00	6.070248e-01	1.779686e-01	1.058137e+00	1.085384e-01	1.329655e+00	4.307847e-01	1.795358e-01	1.610250e-01	2.885905e-01	2.721530e-01	2.082879e-01	3.904367e-02	5.079110e-02	1.128509e+00	1.115354e+00	2.233037e-01	4.646244e+00	-1.087365e-08	
5.754763e-01	0.000000e+00	5.568313e-01	5.160363e-01	1.068226e+00	2.637674e-02	8.960840e-02	1.255436e-01	1.187710e-01	3.252612e-01	2.508055e-02	1.529585e-01	1.106509e+00	7.748209e-01	2.723371e-02	5.247942e-02	3.878620e+00	6.071080e-01	1.779593e-01	1.057966e+00	1.085340e-01	1.329662e+00	4.307395e-01	1.795622e-01	1.609805e-01	2.885232e-01	2.721973e-01	2.084905e-01	3.905546e-02	5.078415e-02	1.128511e+00	1.115503e+00	2.230932e-01	4.646535e+00	-1.791475e-08	
5.754763e-01	0.000000e+00	5.567202e-01	5.168125e-01	1.068340e+00	2.637441e-02	8.964211e-02	1.255406e-01	1.187748e-01	3.252626e-01	2.508329e-02	1.530096e-01	1.106432e+00	7.748401e-01	2.723033e-02	5.248298e-02	3.878666e+00	6.072691e-01	1.779436e-01	1.057940e+00	1.085421e-01	1.329676e+00	4.307752e-01	1.795611e-01	1.610360e-01	2.885870e-01	2.722117e-01	2.083957e-01	3.905714e-02	5.078487e-02	1.128483e+00	1.115474e+00	2.231317e-01	4.646140e+00	-2.823048e-08	
5.754763e-01	0.000000e+00	5.568414e-01	5.158440e-01	1.067969e+00	2.636258e-02	8.951547e-02	1.255378e-01	1.187314e-01	3.252618e-01	2.508057e-02	1.528928e-01	1.106353e+00	7.748280e-01	2.723353e-02	5.249214e-02	3.877989e+00	6.070251e-01	1.780004e-01	1.058028e+00	1.085261e-01	1.329904e+00	4.308349e-01	1.796290e-01	1.611327e-01	2.886355e-01	2.723192e-01	2.082976e-01	3.905713e-02	5.080815e-02	1.128743e+00	1.115315e+00	2.232119e-01	4.645970e+00	-2.315545e-08	
5.754763e-01	0.000000e+00	5.568530e-01	5.164373e-01	1.068256e+00	2.637167e-02	8.962215e-02	1.255346e-01	1.187893e-01	3.252602e-01	2.507045e-02	1.530001e-01	1.106370e+00	7.748347e-01	2.722372e-02	5.248146e-02	3.878382e+00	6.071989e-01	1.779702e-01	1.058168e+00	1.085375e-01	1.329594e+00	4.308439e-01	1.796098e-01	1.610146e-01	2.885755e-01	2.721495e-01	2.083396e-01	3.904696e-02	5.078620e-02	1.128458e+00	1.115405e+00	2.231611e-01	4.646227e+00	-6.833307e-09	
5.754763e-01	0.000000e+00	5.567932e-01	5.165319e-01	1.068267e+00	2.637264e-02	8.965227e-02	1.255374e-01	1.188046e-01	3.252609e-01	2.507989e-02	1.530439e-01	1.106280e+00	7.748366e-01	2.722787e-02	5.247946e-02	3.878506e+00	6.073979e-01	1.779560e-01	1.058123e+00	1.085399e-01	1.329519e+00	4.308517e-01	1.795169e-01	1.609831e-01	2.885667e-01	2.721771e-01	2.083574e-01	3.905078e-02	5.078470e-02	1.128510e+00	1.115445e+00	2.231173e-01	4.646368e+00	-3.045317e-08	
5.754763e-01	0.000000e+00	5.566560e-01	5.165480e-01	1.068149e+00	2.636356e-02	8.962776e-02	1.255321e-01	1.187469e-01	3.252629e-01	2.507496e-02	1.530266e-01	1.106080e+00	7.748455e-01	2.722591e-02	5.249555e-02	3.878591e+00	6.072955e-01	1.779872e-01	1.058217e+00	1.085450e-01	1.329827e+00	4.308089e-01	1.795827e-01	1.611032e-01	2.886362e-01	2.722844e-01	2.082613e-01	3.905324e-02	5.082215e-02	1.128500e+00	1.115326e+00	2.232099e-01	4.646166e+00	-2.634028e-08	
5.754763e-01	0.000000e+00	5.566322e-01	5.168708e-01	1.068320e+00	2.637270e-02	8.962999e-02	1.255362e-01	1.187745e-01	3.252613e-01	2.507740e-02	1.530452e-01	1.106513e+00	7.748418e-01	2.722089e-02	5.248437e-02	3.878885e+00	6.072794e-01	1.779505e-01	1.058000e+00	1.085415e-01	1.329640e+00	4.307763e-01	1.795000e-01	1.610123e-01	2.885336e-01	2.721484e-01	2.083703e-01	3.905680e-02	5.078836e-02	1.128380e+00	1.115461e+00	2.231153e-01	4.646036e+00	-3.068419e-08	
5.754764e-01	0.000000e+00	5.569711e-01	5.162897e-01	1.068322e+00	2.637809e-02	8.960665e-02	1.255449e-01	1.188213e-01	3.252586e-01	2.507358e-02	1.529749e-01	1.106416e+00	7.748171e-01	2.723351e-02	5.247670e-02	3.878513e+00	6.071141e-01	1.779314e-01	1.058006e+00	1.085316e-01	1.329421e+00	4.307827e-01	1.796098e-01	1.609846e-01	2.885082e-01	2.721171e-01	2.084582e-01	3.904440e-02	5.077189e-02	1.128489e+00	1.115465e+00	2.230506e-01	4.646688e+00	-1.358052e-08	
5.754764e-01	0.000000e+00	5.565971e-01	5.165070e-01	1.068320e+00	2.637136e-02	8.963832e-02	1.255304e-01	1.187201e-01	3.252632e-01	2.508497e-02	1.530369e-01	1.106362e+00	7.748458e-01	2.722460e-02	5.248557e-02	3.878587e+00	6.073798e-01	1.779577e-01	1.057864e+00	1.085416e-01	1.329844e+00	4.308531e-01	1.795054e-01	1.610247e-01	2.885642e-01	2.722169e-01	2.083939e-01	3.904628e-02	5.082320e-02	1.128419e+00	1.115422e+00	2.231859e-01	4.646084e+00	-6.990267e-09	
5.754764e-01	0.000000e+00	5.567245e-01	5.167342e-01	1.068225e+00	2.637013e-02	8.962311e-02	1.255332e-01	1.187544e-01	3.252610e-01	2.507783e-02	1.530096e-01	1.106610e+00	7.748291e-01	2.722697e-02	5.248403e-02	3.878455e+00	6.072767e-01	1.779552e-01	1.058021e+00	1.085359e-01	1.329621e+00	4.307803e-01	1.795371e-01	1.610437e-01	2.885340e-01	2.721684e-01	2.083422e-01	3.905290e-02	5.079226e-02	1.128442e+00	1.115417e+00	2.231695e-01	4.646003e+00	-3.260718e-08	
5.754764e-01	0.000000e+00	5.568223e-01	5.163457e-01	1.068387e+00	2.637751e-02	8.967458e-02	1.255404e-01	1.188222e-01	3.252617e-01	2.508092e-02	1.530173e-01	1.106166e+00	7.748342e-01	2.723063e-02	5.247750e-02	3.878410e+00	6.071849e-01	1.779454e-01	1.058195e+00	1.085438e-01	1.329440e+00	4.308681e-01	1.796092e-01	1.609964e-01	2.885889e-01	2.721434e-01	2.083456e-01	3.903564e-02	5.078338e-02	1.128487e+00	1.115435e+00	2.231210e-01	4.646497e+00	-3.102369e-08	
5.754764e-01	0.000000e+00	5.567215e-01	5.164251e-01	1.068175e+00	2.636724e-02	8.962195e-02	1.255377e-01	1.187415e-01	3.252624e-01	2.507619e-02	1.530530e-01	1.106150e+00	7.748378e-01	2.722948e-02	5.249012e-02	3.878333e+00	6.071951e-01	1.779795e-01	1.058043e+00	1.085393e-01	1.329827e+00	4.309598e-01	1.795417e-01	1.610349e-01	2.885802e-01	2.722476e-01	2.082356e-01	3.905479e-02	5.082224e-02	1.128659e+00	1.115324e+00	2.231884e-01	4.646039e+00	-3.429207e-08	
5.754764e-01	0.000000e+00	5.566795e-01	5.163170e-01	1.068261e+00	2.636979e-02	8.962356e-02	1.255301e-01	1.187181e-01	3.252637e-01	2.509922e-02	1.529571e-01	1.106621e+00	7.748460e-01	2.722872e-02	5.248739e-02	3.878499e+00	6.072267e-01	1.779442e-01	1.057634e+00	1.085369e-01	1.330007e+00	4.306636e-01	1.795412e-01	1.610828e-01	2.885408e-01	2.722008e-01	2.083683e-01	3.904415e-02	5.083248e-02	1.128358e+00	1.115378e+00	2.232095e-01	4.646094e+00	-3.114226e-08	
5.754764e-01	0.000000e+00	5.564932e-01	5.169750e-01	1.068195e+00	2.636474e-02	8.961125e-02	1.255360e-01	1.187756e-01	3.252638e-01	2.508642e-02	1.529706e-01	1.106299e+00	7.748432e-01	2.723044e-02	5.249425e-02	3.878773e+00	6.070786e-01	1.779820e-01	1.058177e+00	1.085400e-01	1.329660e+00	4.308674e-01	1.796064e-01	1.611257e-01	2.886636e-01	2.723107e-01	2.082885e-01	3.907226e-02	5.081142e-02	1.128645e+00	1.115333e+00	2.232788e-01	4.645927e+00	-3.144280e-08	
5.754764e-01	0.000000e+00	5.566172e-01	5.167187e-01	1.068384e+00	2.637294e-02	8.962174e-02	1.255363e-01	1.187596e-01	3.252630e-01	2.508324e-02	1.529872e-01	1.106330e+00	7.748439e-01	2.722679e-02	5.248522e-02	3.878695e+00	6.074045e-01	1.779561e-01	1.058085e+00	1.085461e-01	1.329654e+00	4.306759e-01	1.795158e-01	1.610217e-01	2.885878e-01	2.722152e-01	2.084423e-01	3.906078e-02	5.078537e-02	1.128445e+00	1.115454e+00	2.231215e-01	4.646370e+00	-3.944761e-08	
5.754764e-01	0.000000e+00	5.566024e-01	5.166190e-01	1.068104e+00	2.637029e-02	8.959922e-02	1.255309e-01	1.187499e-01	3.252633e-01	2.508949e-02	1.529566e-01	1.106654e+00	7.748531e-01	2.722538e-02	5.248176e-02	3.878553e+00	6.072051e-01	1.779491e-01	1.057816e+00	1.085378e-01	1.329765e+00	4.306849e-01	1.795187e-01	1.610577e-01	2.885594e-01	2.721657e-01	2.083728e-01	3.904190e-02	5.079658e-02	1.128412e+00	1.115411e+00	2.232883e-01	4.645935e+00	-3.681435e-08	
5.754764e-01	0.000000e+00	5.568039e-01	5.160437e-01	1.068301e+00	2.637556e-02	8.966301e-02	1.255430e-01	1.188032e-01	3.252613e-01	2.507601e-02	1.530495e-01	1.106272e+00	7.748284e-01	2.723233e-02	5.248314e-02	3.878480e+00	6.071241e-01	1.779574e-01	1.058124e+00	1.085407e-01	1.329585e+00	4.308201e-01	1.795711e-01	1.609840e-01	2.885639e-01	2.721757e-01	2.083716e-01	3.904839e-02	5.080098e-02	1.128469e+00	1.115461e+00	2.231625e-01	4.646461e+00	-4.303184e-08	
5.754764e-01	0.000000e+00	5.568565e-01	5.165651e-01	1.068357e+00	2.637464e-02	8.960321e-02	1.255402e-01	1.187557e-01	3.252620e-01	2.508531e-02	1.529795e-01	1.106564e+00	7.748423e-01	2.722731e-02	5.248245e-02	3.878502e+00	6.072779e-01	1.779546e-01	1.057986e+00	1.085426e-01	1.329799e+00	4.306546e-01	1.795420e-01	1.610404e-01	2.885696e-01	2.721384e-01	2.083988e-01	3.905197e-02	5.079428e-02	1.128433e+00	1.115441e+00	2.231412e-01	4.645997e+00	-3.447196e-08	
5.754764e-01	0.000000e+00	5.569011e-01	5.162067e-01	1.068388e+00	2.637920e-02	8.967729e-02	1.255404e-01	1.188007e-01	3.252592e-01	2.506563e-02	1.530835e-01	1.105916e+00	7.748190e-01	2.723179e-02	5.247702e-02	3.878445e+00	6.073095e-01	1.779485e-01	1.058163e+00	1.085407e-01	1.329495e+00	4.309446e-01	1.795966e-01	1.609460e-01	2.885363e-01	2.721532e-01	2.084112e-01	3.903915e-02	5.079632e-02	1.128517e+00	1.115475e+00	2.230081e-01	4.647035e+00	-4.001204e-08	
5.754764e-01	0.000000e+00	5.566920e-01	5.167405e-01	1.068364e+00	2.637493e-02	8.962779e-02	1.255420e-01	1.188191e-01	3.252623e-01	2.507689e-02	1.530529e-01	1.106229e+00	7.748316e-01	2.723134e-02	5.248318e-02	3.878742e+00	6.071410e-01	1.779581e-01	1.058268e+00	1.085442e-01	1.329448e+00	4.308135e-01	1.795302e-01	1.609935e-01	2.885290e-01	2.721760e-01	2.083859e-01	3.905181e-02	5.077772e-02	1.128496e+00	1.115482e+00	2.230675e-01	4.646500e+00	-1.113846e-08	
5.754764e-01	0.000000e+00	5.565478e-01	5.171247e-01	1.068265e+00	2.636877e-02	8.968145e-02	1.255274e-01	1.187618e-01	3.252629e-01	2.508412e-02	1.530306e-01	1.106161e+00	7.748493e-01	2.722425e-02	5.249150e-02	3.878621e+00	6.073800e-01	1.779808e-01	1.058258e+00	1.085468e-01	1.329650e+00	4.308666e-01	1.795556e-01	1.610394e-01	2.886146e-01	2.722419e-01	2.082780e-01	3.904528e-02	5.081781e-02	1.128494e+00	1.115375e+00	2.231400e-01	4.645990e+00	-6.744558e-08	
5.754764e-01	0.000000e+00	5.567747e-01	5.161244e-01	1.068093e+00	2.636843e-02	8.959756e-02	1.255339e-01	1.187511e-01	3.252617e-01	2.508398e-02	1.530336e-01	1.106150e+00	7.748297e-01	2.723117e-02	5.248576e-02	3.878165e+00	6.071664e-01	1.779782e-01	1.058086e+00	1.085366e-01	1.329746e+00	4.307989e-01	1.795966e-01	1.610320e-01	2.885870e-01	2.722449e-01	2.082328e-01	3.904824e-02	5.081393e-02	1.128598e+00	1.115396e+00	2.231433e-01	4.646272e+00	-4.062480e-08	
5.754764e-01	0.000000e+00	5.570152e-01	5.161813e-01	1.068156e+00	2.637539e-02	8.958590e-02	1.255388e-01	1.187642e-01	3.252597e-01	2.507144e-02	1.531185e-01	1.106383e+00	7.748185e-01	2.721899e-02	5.247470e-02	3.878323e+00	6.070205e-01	1.779641e-01	1.058071e+00	1.085355e-01	1.329672e+00	4.308620e-01	1.795469e-01	1.609597e-01	2.885332e-01	2.721227e-01	2.083109e-01	3.905022e-02	5.080140e-02	1.128523e+00	1.115419e+00	2.231500e-01	4.646205e+00	-3.733075e-08	
5.754764e-01	0.000000e+00	5.567800e-01	5.161986e-01	1.068145e+00	2.636836e-02	8.958295e-02	1.255376e-01	1.187837e-01	3.252606e-01	2.507270e-02	1.529858e-01	1.106331e+00	7.748432e-01	2.722052e-02	5.248409e-02	3.878510e+00	6.070608e-01	1.779791e-01	1.058117e+00	1.085386e-01	1.329762e+00	4.306557e-01	1.795047e-01	1.610381e-01	2.885530e-01	2.721458e-01	2.083543e-01	3.905852e-02	5.078135e-02	1.128455e+00	1.115393e+00	2.232939e-01	4.646206e+00	-1.196335e-08	
5.754764e-01	0.000000e+00	5.567214e-01	5.164761e-01	1.068285e+00	2.637077e-02	8.964163e-02	1.255379e-01	1.187593e-01	3.252631e-01	2.508655e-02	1.529671e-01	1.106572e+00	7.748347e-01	2.723768e-02	5.249246e-02	3.878632e+00	6.072878e-01	1.779737e-01	1.057974e+00	1.085389e-01	1.329814e+00	4.307555e-01	1.795842e-01	1.610458e-01	2.885997e-01	2.722670e-01	2.083587e-01	3.906111e-02	5.080227e-02	1.128526e+00	1.115433e+00	2.231399e-01	4.645997e+00	-2.043039e-08	
5.754764e-01	0.000000e+00	5.569733e-01	5.161393e-01	1.068227e+00	2.637483e-02	8.967896e-02	1.255481e-01	1.188493e-01	3.252586e-01	2.507074e-02	1.531091e-01	1.105788e+00	7.748147e-01	2.722732e-02	5.247974e-02	3.878411e+00	6.069150e-01	1.779602e-01	1.058462e+00	1.085460e-01	1.329405e+00	4.307871e-01	1.795919e-01	1.609600e-01	2.885306e-01	2.720989e-01	2.083329e-01	3.904242e-02	5.078639e-02	1.128514e+00	1.115480e+00	2.230990e-01	4.646601e+00	-3.426070e-08	
5.754764e-01	0.000000e+00	5.566144e-01	5.169078e-01	1.068423e+00	2.637740e-02	8.965950e-02	1.255269e-01	1.187712e-01	3.252630e-01	2.508311e-02	1.529733e-01	1.106585e+00	7.748397e-01	2.723001e-02	5.248159e-02	3.878738e+00	6.075905e-01	1.779347e-01	1.057878e+00	1.085412e-01	1.329612e+00	4.307777e-01	1.795080e-01	1.609909e-01	2.885327e-01	2.722016e-01	2.084606e-01	3.904369e-02	5.078621e-02	1.128394e+00	1.115414e+00	2.230209e-01	4.646840e+00	-3.363527e-08	
5.754764e-01	0.000000e+00	5.568464e-01	5.164924e-01	1.068465e+00	2.637837e-02	8.970624e-02	1.255431e-01	1.188265e-01	3.252610e-01	2.506365e-02	1.530687e-01	1.105958e+00	7.748139e-01	2.724028e-02	5.248341e-02	3.878674e+00	6.074339e-01	1.779576e-01	1.058300e+00	1.085379e-01	1.329311e+00	4.310597e-01	1.795887e-01	1.609711e-01	2.885855e-01	2.722687e-01	2.083770e-01	3.905665e-02	5.079482e-02	1.128684e+00	1.115389e+00	2.229059e-01	4.647320e+00	-1.236990e-08	
5.754764e-01	0.000000e+00	5.567881e-01	5.164158e-01	1.068140e+00	2.636935e-02	8.960965e-02	1.255321e-01	1.187571e-01	3.252608e-01	2.507955e-02	1.529606e-01	1.106257e+00	7.748355e-01	2.723113e-02	5.248820e-02	3.878226e+00	6.072686e-01	1.779558e-01	1.057942e+00	1.085329e-01	1.329680e+00	4.308250e-01	1.795863e-01	1.610740e-01	2.886180e-01	2.722805e-01	2.082910e-01	3.904111e-02	5.079981e-02	1.128573e+00	1.115327e+00	2.231530e-01	4.646421e+00	-3.864528e-08	
5.754737e-01	1.091219e-13	5.567753e-01	5.164567e-01	1.068242e+00	2.637363e-02	8.959759e-02	1.255309e-01	1.187532e-01	3.252618e-01	2.508519e-02	1.529709e-01	1.106468e+00	7.748323e-01	2.722915e-02	5.248277e-02	3.878458e+00	6.072543e-01	1.779454e-01	1.057763e+00	1.085326e-01	1.329742e+00	4.307256e-01	1.795421e-01	1.610072e-01	2.885285e-01	2.721954e-01	2.083734e-01	3.903988e-02	5.081168e-02	1.128445e+00	1.115374e+00	2.231230e-01	4.646245e+00	3.303360e-07	
5.754764e-01	0.000000e+00	5.567143e-01	5.165469e-01	1.068459e+00	2.637616e-02	8.967555e-02	1.255383e-01	1.187864e-01	3.252634e-01	2.508384e-02	1.530231e-01	1.106297e+00	7.748359e-01	2.723342e-02	5.248238e-02	3.878835e+00	6.074073e-01	1.779373e-01	1.057928e+00	1.085448e-01	1.329702e+00	4.307768e-01	1.795577e-01	1.610181e-01	2.885333e-01	2.722277e-01	2.084033e-01	3.904228e-02	5.081674e-02	1.128397e+00	1.115467e+00	2.230588e-01	4.646536e+00	-4.150815e-08	
5.754764e-01	0.000000e+00	5.569955e-01	5.164395e-01	1.068261e+00	2.637844e-02	8.964981e-02	1.255408e-01	1.188391e-01	3.252590e-01	2.507074e-02	1.530376e-01	1.106318e+00	7.748242e-01	2.722375e-02	5.247479e-02	3.878325e+00	6.070936e-01	1.779462e-01	1.058233e+00	1.085387e-01	1.329389e+00	4.307748e-01	1.795737e-01	1.609527e-01	2.885049e-01	2.720834e-01	2.083891e-01	3.903065e-02	5.077510e-02	1.128406e+00	1.115472e+00	2.231077e-01	4.646446e+00	-2.414213e-08	
5.754764e-01	0.000000e+00	5.565588e-01	5.166392e-01	1.068365e+00	2.637601e-02	8.967081e-02	1.255340e-01	1.187944e-01	3.252638e-01	2.507954e-02	1.529809e-01	1.106171e+00	7.748436e-01	2.722968e-02	5.248042e-02	3.878689e+00	6.071262e-01	1.779353e-01	1.058066e+00	1.085432e-01	1.329407e+00	4.309341e-01	1.795565e-01	1.610171e-01	2.886102e-01	2.722400e-01	2.084090e-01	3.903550e-02	5.077742e-02	1.128446e+00	1.115433e+00	2.231918e-01	4.646660e+00	-3.802083e-08	
5.754764e-01	0.000000e+00	5.566980e-01	5.168655e-01	1.068272e+00	2.636815e-02	8.964589e-02	1.255291e-01	1.187619e-01	3.252621e-01	2.507636e-02	1.529666e-01	1.106208e+00	7.748423e-01	2.723048e-02	5.249172e-02	3.878503e+00	6.073248e-01	1.779679e-01	1.058113e+00	1.085365e-01	1.329563e+00	4.308773e-01	1.795698e-01	1.610565e-01	2.886540e-01	2.722765e-01	2.082854e-01	3.904646e-02	5.079783e-02	1.128554e+00	1.115332e+00	2.231570e-01	4.646172e+00	-7.580346e-08	
5.754764e-01	0.000000e+00	5.568603e-01	5.163769e-01	1.067925e+00	2.636781e-02	8.954728e-02	1.255383e-01	1.188151e-01	3.252602e-01	2.508369e-02	1.529797e-01	1.106845e+00	7.748235e-01	2.722441e-02	5.248264e-02	3.878450e+00	6.070888e-01	1.779611e-01	1.057995e+00	1.085243e-01	1.329518e+00	4.307924e-01	1.795883e-01	1.610543e-01	2.885774e-01	2.721244e-01	2.082485e-01	3.906279e-02	5.077165e-02	1.128561e+00	1.115366e+00	2.233595e-01	4.645678e+00	-4.092053e-08	
5.754764e-01	0.000000e+00	5.568644e-01	5.164678e-01	1.068105e+00	2.636938e-02	8.957793e-02	1.255437e-01	1.187828e-01	3.252595e-01	2.507183e-02	1.529455e-01	1.106162e+00	7.748171e-01	2.723246e-02	5.248722e-02	3.878243e+00	6.070285e-01	1.779835e-01	1.058335e+00	1.085299e-01	1.329438e+00	4.308804e-01	1.796361e-01	1.610518e-01	2.885953e-01	2.721952e-01	2.083454e-01	3.905549e-02	5.075450e-02	1.128710e+00	1.115386e+00	2.231022e-01	4.646258e+00	-3.503180e-08	
5.754764e-01	0.000000e+00	5.570498e-01	5.159337e-01	1.068332e+00	2.637829e-02	8.965075e-02	1.255432e-01	1.187877e-01	3.252587e-01	2.506464e-02	1.531549e-01	1.105772e+00	7.748034e-01	2.723367e-02	5.247766e-02	3.878387e+00	6.071121e-01	1.779745e-01	1.058241e+00	1.085374e-01	1.329611e+00	4.309675e-01	1.795934e-01	1.609309e-01	2.885357e-01	2.721192e-01	2.083057e-01	3.904129e-02	5.081492e-02	1.128637e+00	1.115410e+00	2.229315e-01	4.647127e+00	-3.483211e-08	
5.754764e-01	0.000000e+00	5.565577e-01	5.164292e-01	1.068281e+00	2.636929e-02	8.967201e-02	1.255285e-01	1.187344e-01	3.252626e-01	2.507347e-02	1.530605e-01	1.106199e+00	7.748405e-01	2.722542e-02	5.248983e-02	3.878491e+00	6.073480e-01	1.779794e-01	1.058184e+00	1.085437e-01	1.329678e+00	4.309214e-01	1.795009e-01	1.609887e-01	2.885619e-01	2.722227e-01	2.083484e-01	3.904437e-02	5.080635e-02	1.128421e+00	1.115383e+00	2.231776e-01	4.646361e+00	-2.486078e-08	
5.754764e-01	0.000000e+00	5.567303e-01	5.165284e-01	1.068038e+00	2.636605e-02	8.958842e-02	1.255348e-01	1.187391e-01	3.252634e-01	2.509184e-02	1.529662e-01	1.106412e+00	7.748333e-01	2.723492e-02	5.249298e-02	3.878351e+00	6.072846e-01	1.779866e-01	1.057947e+00	1.085356e-01	1.329990e+00	4.307491e-01	1.796045e-01	1.611262e-01	2.886323e-01	2.722958e-01	2.082341e-01	3.905965e-02	5.083074e-02	1.128734e+00	1.115281e+00	2.231320e-01	4.646076e+00	-3.531756e-08	
5.754764e-01	0.000000e+00	5.568509e-01	5.168845e-01	1.068448e+00	2.637876e-02	8.967903e-02	1.255390e-01	1.188280e-01	3.252610e-01	2.507704e-02	1.530377e-01	1.106474e+00	7.748174e-01	2.723361e-02	5.248043e-02	3.878875e+00	6.073945e-01	1.779527e-01	1.058169e+00	1.085431e-01	1.329527e+00	4.308158e-01	1.795858e-01	1.609806e-01	2.885522e-01	2.721682e-01	2.084322e-01	3.906143e-02	5.081551e-02	1.128548e+00	1.115472e+00	2.229279e-01	4.646618e+00	-4.060999e-08	
5.754764e-01	0.000000e+00	5.567756e-01	5.157146e-01	1.068195e+00	2.637757e-02	8.964400e-02	1.255398e-01	1.187618e-01	3.252617e-01	2.507996e-02	1.530738e-01	1.105992e+00	7.748247e-01	2.722788e-02	5.247581e-02	3.878480e+00	6.069232e-01	1.779455e-01	1.058069e+00	1.085421e-01	1.329541e+00	4.309840e-01	1.795021e-01	1.609454e-01	2.885463e-01	2.722039e-01	2.083408e-01	3.904134e-02	5.081388e-02	1.128600e+00	1.115385e+00	2.231888e-01	4.646892e+00	-1.549684e-08	
5.754756e-01	4.774087e-15	5.568605e-01	5.160946e-01	1.068057e+00	2.636994e-02	8.956116e-02	1.255373e-01	1.187592e-01	3.252593e-01	2.508175e-02	1.530345e-01	1.106529e+00	7.748159e-01	2.722884e-02	5.248483e-02	3.878207e+00	6.071947e-01	1.779809e-01	1.058079e+00	1.085302e-01	1.329701e+00	4.308112e-01	1.795804e-01	1.610342e-01	2.885637e-01	2.721687e-01	2.082861e-01	3.905180e-02	5.080045e-02	1.128520e+00	1.115387e+00	2.230944e-01	4.646338e+00	6.909477e-08	
5.754764e-01	0.000000e+00	5.567327e-01	5.171067e-01	1.068058e+00	2.636667e-02	8.959567e-02	1.255338e-01	1.187896e-01	3.252608e-01	2.507804e-02	1.530765e-01	1.106535e+00	7.748475e-01	2.721994e-02	5.248541e-02	3.878708e+00	6.071453e-01	1.779854e-01	1.058200e+00	1.085426e-01	1.329753e+00	4.308415e-01	1.795111e-01	1.610509e-01	2.885980e-01	2.721274e-01	2.082292e-01	3.906435e-02	5.080755e-02	1.128559e+00	1.115407e+00	2.231904e-01	4.645629e+00	-3.994516e-08	
5.754764e-01	0.000000e+00	5.566270e-01	5.162792e-01	1.068040e+00	2.636493e-02	8.959350e-02	1.255330e-01	1.187220e-01	3.252631e-01	2.508856e-02	1.530000e-01	1.106242e+00	7.748486e-01	2.722573e-02	5.249198e-02	3.878377e+00	6.070150e-01	1.779831e-01	1.057983e+00	1.085387e-01	1.329908e+00	4.307940e-01	1.795942e-01	1.611184e-01	2.886591e-01	2.722516e-01	2.082599e-01	3.905552e-02	5.084694e-02	1.128595e+00	1.115338e+00	2.233045e-01	4.645793e+00	-4.866213e-08	
5.754764e-01	0.000000e+00	5.568866e-01	5.163904e-01	1.068163e+00	2.636941e-02	8.964584e-02	1.255343e-01	1.187517e-01	3.252608e-01	2.507575e-02	1.530472e-01	1.106092e+00	7.748243e-01	2.723255e-02	5.248493e-02	3.877962e+00	6.071570e-01	1.779963e-01	1.058190e+00	1.085351e-01	1.329779e+00	4.310138e-01	1.795897e-01	1.610136e-01	2.885877e-01	2.722463e-01	2.082140e-01	3.904015e-02	5.080631e-02	1.128684e+00	1.115276e+00	2.231248e-01	4.646511e+00	-5.432221e-08	
5.754765e-01	0.000000e+00	5.567638e-01	5.168666e-01	1.068416e+00	2.637504e-02	8.964102e-02	1.255354e-01	1.188030e-01	3.252613e-01	2.507449e-02	1.530605e-01	1.106414e+00	7.748241e-01	2.723172e-02	5.248192e-02	3.878548e+00	6.074409e-01	1.779367e-01	1.058098e+00	1.085400e-01	1.329402e+00	4.308301e-01	1.795399e-01	1.609921e-01	2.885637e-01	2.721792e-01	2.083533e-01	3.904363e-02	5.076942e-02	1.128460e+00	1.115427e+00	2.230302e-01	4.646432e+00	-4.441110e-08	
5.754765e-01	0.000000e+00	5.569529e-01	5.161722e-01	1.068447e+00	2.638115e-02	8.966568e-02	1.255477e-01	1.188159e-01	3.252585e-01	2.505560e-02	1.531200e-01	1.105671e+00	7.748188e-01	2.722593e-02	5.247017e-02	3.878302e+00	6.070069e-01	1.779738e-01	1.058503e+00	1.085408e-01	1.329300e+00	4.310683e-01	1.795276e-01	1.608957e-01	2.885155e-01	2.720646e-01	2.083501e-01	3.903911e-02	5.076371e-02	1.128612e+00	1.115433e+00	2.230467e-01	4.647071e+00	-6.721462e-08	
5.754765e-01	0.000000e+00	5.567521e-01	5.162897e-01	1.068100e+00	2.636535e-02	8.962084e-02	1.255440e-01	1.187754e-01	3.252628e-01	2.508767e-02	1.529305e-01	1.106221e+00	7.748347e-01	2.723276e-02	5.249471e-02	3.878613e+00	6.071034e-01	1.779877e-01	1.058168e+00	1.085355e-01	1.329745e+00	4.306838e-01	1.796354e-01	1.611011e-01	2.886157e-01	2.722544e-01	2.083047e-01	3.907417e-02	5.080454e-02	1.128576e+00	1.115394e+00	2.232364e-01	4.646163e+00	-5.170130e-08	
5.754762e-01	1.919076e-16	5.566969e-01	5.166425e-01	1.068048e+00	2.636301e-02	8.959919e-02	1.255379e-01	1.187751e-01	3.252624e-01	2.508275e-02	1.530969e-01	1.106196e+00	7.748456e-01	2.722654e-02	5.248974e-02	3.878497e+00	6.071791e-01	1.779915e-01	1.058170e+00	1.085455e-01	1.329882e+00	4.309118e-01	1.795376e-01	1.610677e-01	2.886297e-01	2.722068e-01	2.081924e-01	3.906641e-02	5.082058e-02	1.128608e+00	1.115397e+00	2.232898e-01	4.645769e+00	1.385307e-08	
5.754765e-01	0.000000e+00	5.568714e-01	5.165320e-01	1.068524e+00	2.637873e-02	8.969262e-02	1.255448e-01	1.188090e-01	3.252603e-01	2.507602e-02	1.531642e-01	1.106324e+00	7.748357e-01	2.723208e-02	5.247506e-02	3.878587e+00	6.074841e-01	1.779294e-01	1.058012e+00	1.085483e-01	1.329606e+00	4.308500e-01	1.794994e-01	1.609343e-01	2.884883e-01	2.721102e-01	2.083910e-01	3.905037e-02	5.079465e-02	1.128332e+00	1.115577e+00	2.230287e-01	4.646579e+00	-4.413203e-08	
5.754765e-01	0.000000e+00	5.566900e-01	5.166463e-01	1.068180e+00	2.636326e-02	8.962705e-02	1.255335e-01	1.187546e-01	3.252619e-01	2.507574e-02	1.530968e-01	1.106110e+00	7.748594e-01	2.722047e-02	5.249522e-02	3.878596e+00	6.072918e-01	1.779958e-01	1.058214e+00	1.085506e-01	1.329961e+00	4.307796e-01	1.795311e-01	1.610721e-01	2.886596e-01	2.722044e-01	2.082278e-01	3.906130e-02	5.082311e-02	1.128462e+00	1.115394e+00	2.232386e-01	4.645717e+00	-4.962498e-08	
5.754765e-01	0.000000e+00	5.568061e-01	5.166047e-01	1.068378e+00	2.637263e-02	8.965136e-02	1.255405e-01	1.187881e-01	3.252622e-01	2.508403e-02	1.530191e-01	1.106231e+00	7.748273e-01	2.723834e-02	5.248979e-02	3.878495e+00	6.072927e-01	1.779520e-01	1.058089e+00	1.085393e-01	1.329589e+00	4.308036e-01	1.796128e-01	1.610492e-01	2.885784e-01	2.722314e-01	2.083225e-01	3.905057e-02	5.081677e-02	1.128508e+00	1.115430e+00	2.230808e-01	4.646404e+00	-5.540462e-09	
5.754765e-01	0.000000e+00	5.570106e-01	5.155900e-01	1.068019e+00	2.637179e-02	8.957207e-02	1.255416e-01	1.187555e-01	3.252599e-01	2.507861e-02	1.529996e-01	1.106053e+00	7.748082e-01	2.723781e-02	5.248479e-02	3.877842e+00	6.070251e-01	1.779938e-01	1.058232e+00	1.085256e-01	1.329558e+00	4.309477e-01	1.795626e-01	1.609560e-01	2.885337e-01	2.722550e-01	2.082188e-01	3.904020e-02	5.079722e-02	1.128756e+00	1.115316e+00	2.230662e-01	4.646862e+00	-4.554223e-08	
5.754765e-01	0.000000e+00	5.568949e-01	5.161532e-01	1.068160e+00	2.637498e-02	8.954827e-02	1.255448e-01	1.187857e-01	3.252591e-01	2.508039e-02	1.530881e-01	1.106690e+00	7.748263e-01	2.722235e-02	5.247514e-02	3.878299e+00	6.070553e-01	1.779539e-01	1.058127e+00	1.085387e-01	1.329570e+00	4.306942e-01	1.795162e-01	1.609875e-01	2.884995e-01	2.720727e-01	2.083185e-01	3.906521e-02	5.075762e-02	1.128463e+00	1.115519e+00	2.231995e-01	4.645937e+00	-4.341705e-08	
5.754765e-01	0.000000e+00	5.565598e-01	5.167939e-01	1.068226e+00	2.636903e-02	8.961641e-02	1.255354e-01	1.187591e-01	3.252650e-01	2.510645e-02	1.529852e-01	1.106649e+00	7.748573e-01	2.723137e-02	5.248934e-02	3.878774e+00	6.071809e-01	1.779479e-01	1.057766e+00	1.085472e-01	1.330014e+00	4.306130e-01	1.795577e-01	1.611295e-01	2.885952e-01	2.722294e-01	2.083133e-01	3.905244e-02	5.084835e-02	1.128433e+00	1.115429e+00	2.232113e-01	4.645700e+00	-2.886526e-08	
5.754765e-01	0.000000e+00	5.570146e-01	5.160859e-01	1.068425e+00	2.638031e-02	8.962919e-02	1.255459e-01	1.188259e-01	3.252590e-01	2.506956e-02	1.530683e-01	1.106157e+00	7.748149e-01	2.723259e-02	5.247255e-02	3.878483e+00	6.072254e-01	1.779363e-01	1.058071e+00	1.085365e-01	1.329450e+00	4.308447e-01	1.795768e-01	1.609370e-01	2.885231e-01	2.720859e-01	2.083838e-01	3.904456e-02	5.077425e-02	1.128500e+00	1.115481e+00	2.230247e-01	4.646903e+00	-4.718909e-08	
5.754765e-01	0.000000e+00	5.566892e-01	5.164140e-01	1.068158e+00	2.636777e-02	8.959609e-02	1.255276e-01	1.187435e-01	3.252625e-01	2.508482e-02	1.529957e-01	1.106461e+00	7.748437e-01	2.721970e-02	5.248710e-02	3.878350e+00	6.070921e-01	1.779737e-01	1.057865e+00	1.085333e-01	1.329925e+00	4.308049e-01	1.795284e-01	1.610726e-01	2.885619e-01	2.722526e-01	2.082605e-01	3.904757e-02	5.082910e-02	1.128532e+00	1.115293e+00	2.232654e-01	4.645869e+00	-5.749156e-08	
5.754765e-01	0.000000e+00	5.566978e-01	5.164140e-01	1.068344e+00	2.637343e-02	8.964564e-02	1.255365e-01	1.187827e-01	3.252620e-01	2.507472e-02	1.530206e-01	1.106198e+00	7.748290e-01	2.723066e-02	5.248423e-02	3.878488e+00	6.073721e-01	1.779781e-01	1.058296e+00	1.085400e-01	1.329473e+00	4.309395e-01	1.795187e-01	1.609648e-01	2.885560e-01	2.721954e-01	2.083281e-01	3.904650e-02	5.077872e-02	1.128478e+00	1.115417e+00	2.230928e-01	4.646741e+00	-4.823646e-08	
5.754765e-01	0.000000e+00	5.564302e-01	5.172132e-01	1.068232e+00	2.636461e-02	8.965218e-02	1.255283e-01	1.187788e-01	3.252639e-01	2.507886e-02	1.529674e-01	1.106577e+00	7.748523e-01	2.722543e-02	5.249392e-02	3.878790e+00	6.073184e-01	1.779743e-01	1.058257e+00	1.085439e-01	1.329532e+00	4.308603e-01	1.795558e-01	1.611003e-01	2.886341e-01	2.722717e-01	2.083409e-01	3.906299e-02	5.078068e-02	1.128449e+00	1.115399e+00	2.233282e-01	4.645595e+00	-2.548189e-08	
5.754765e-01	0.000000e+00	5.568252e-01	5.162620e-01	1.068040e+00	2.636754e-02	8.955164e-02	1.255425e-01	1.187937e-01	3.252613e-01	2.508374e-02	1.529407e-01	1.106634e+00	7.748305e-01	2.723039e-02	5.248545e-02	3.878359e+00	6.069789e-01	1.779736e-01	1.058101e+00	1.085324e-01	1.329634e+00	4.307540e-01	1.795675e-01	1.610611e-01	2.885844e-01	2.722150e-01	2.083002e-01	3.905731e-02	5.078022e-02	1.128609e+00	1.115377e+00	2.232303e-01	4.645847e+00	-4.866670e-08	
5.754757e-01	1.221777e-14	5.567139e-01	5.163345e-01	1.068290e+00	2.637335e-02	8.962803e-02	1.255350e-01	1.187416e-01	3.252625e-01	2.509176e-02	1.529789e-01	1.106410e+00	7.748447e-01	2.722843e-02	5.248583e-02	3.878513e+00	6.072247e-01	1.779620e-01	1.057906e+00	1.085381e-01	1.329801e+00	4.307325e-01	1.795211e-01	1.610394e-01	2.885917e-01	2.722070e-01	2.083748e-01	3.905634e-02	5.081865e-02	1.128512e+00	1.115363e+00	2.231716e-01	4.646321e+00	1.105340e-07	
5.754765e-01	0.000000e+00	5.567020e-01	5.165359e-01	1.068278e+00	2.636970e-02	8.963107e-02	1.255360e-01	1.187748e-01	3.252610e-01	2.506787e-02	1.530298e-01	1.106034e+00	7.748320e-01	2.722132e-02	5.249078e-02	3.878493e+00	6.071519e-01	1.779834e-01	1.058369e+00	1.085398e-01	1.329513e+00	4.307864e-01	1.795694e-01	1.610247e-01	2.885631e-01	2.721326e-01	2.083426e-01	3.905914e-02	5.079582e-02	1.128503e+00	1.115341e+00	2.231725e-01	4.646490e+00	-3.146472e-08	
5.754760e-01	2.357717e-16	5.566992e-01	5.162565e-01	1.068052e+00	2.636333e-02	8.955931e-02	1.255377e-01	1.187584e-01	3.252623e-01	2.508738e-02	1.529249e-01	1.106632e+00	7.748412e-01	2.722898e-02	5.249238e-02	3.878511e+00	6.073421e-01	1.779827e-01	1.057980e+00	1.085338e-01	1.329883e+00	4.306573e-01	1.796127e-01	1.611166e-01	2.885962e-01	2.722179e-01	2.083239e-01	3.907607e-02	5.080404e-02	1.128515e+00	1.115419e+00	2.232525e-01	4.645775e+00	1.535486e-08	
5.754765e-01	0.000000e+00	5.568151e-01	5.168114e-01	1.068544e+00	2.637769e-02	8.966166e-02	1.255439e-01	1.188097e-01	3.252615e-01	2.506306e-02	1.531202e-01	1.106205e+00	7.748231e-01	2.723044e-02	5.248241e-02	3.878896e+00	6.073996e-01	1.779523e-01	1.058355e+00	1.085466e-01	1.329370e+00	4.309089e-01	1.795273e-01	1.609575e-01	2.885225e-01	2.721214e-01	2.084064e-01	3.906589e-02	5.078287e-02	1.128428e+00	1.115546e+00	2.230154e-01	4.646630e+00	-2.584234e-08	
5.754765e-01	0.000000e+00	5.566965e-01	5.165722e-01	1.068244e+00	2.637239e-02	8.961266e-02	1.255375e-01	1.187502e-01	3.252625e-01	2.508375e-02	1.530336e-01	1.106414e+00	7.748385e-01	2.721956e-02	5.248566e-02	3.878641e+00	6.071483e-01	1.779873e-01	1.058164e+00	1.085425e-01	1.329814e+00	4.307910e-01	1.795432e-01	1.610398e-01	2.885706e-01	2.721972e-01	2.083038e-01	3.906607e-02	5.081918e-02	1.128591e+00	1.115351e+00	2.231588e-01	4.645943e+00	-5.326910e-08	
5.754765e-01	0.000000e+00	5.568288e-01	5.165170e-01	1.068224e+00	2.636833e-02	8.962956e-02	1.255304e-01	1.187390e-01	3.252603e-01	2.506233e-02	1.530248e-01	1.105736e+00	7.748276e-01	2.722980e-02	5.249111e-02	3.878122e+00	6.071411e-01	1.780071e-01	1.058345e+00	1.085364e-01	1.329672e+00	4.310689e-01	1.795898e-01	1.610329e-01	2.886423e-01	2.722974e-01	2.082475e-01	3.904079e-02	5.080414e-02	1.128801e+00	1.115219e+00	2.230232e-01	4.646672e+00	-4.512294e-08	
5.754765e-01	0.000000e+00	5.567031e-01	5.166203e-01	1.068309e+00	2.637226e-02	8.968145e-02	1.255403e-01	1.188114e-01	3.252620e-01	2.507839e-02	1.530562e-01	1.106051e+00	7.748217e-01	2.723547e-02	5.248569e-02	3.878738e+00	6.071593e-01	1.779535e-01	1.058311e+00	1.085448e-01	1.329412e+00	4.309072e-01	1.795657e-01	1.610009e-01	2.885565e-01	2.722125e-01	2.084034e-01	3.905061e-02	5.078659e-02	1.128554e+00	1.115415e+00	2.230453e-01	4.646810e+00	-5.506251e-08	
5.754765e-01	0.000000e+00	5.566360e-01	5.163143e-01	1.068225e+00	2.636838e-02	8.960449e-02	1.255368e-01	1.187560e-01	3.252634e-01	2.508962e-02	1.530130e-01	1.106674e+00	7.748475e-01	2.722406e-02	5.249072e-02	3.878812e+00	6.073395e-01	1.779449e-01	1.057882e+00	1.085433e-01	1.329803e+00	4.306961e-01	1.794933e-01	1.610487e-01	2.885578e-01	2.722119e-01	2.083712e-01	3.905933e-02	5.080910e-02	1.128290e+00	1.115475e+00	2.233924e-01	4.645588e+00	-5.293440e-08	
5.754765e-01	0.000000e+00	5.565923e-01	5.165692e-01	1.068520e+00	2.638273e-02	8.966090e-02	1.255379e-01	1.188052e-01	3.252639e-01	2.508672e-02	1.529834e-01	1.106854e+00	7.748224e-01	2.722969e-02	5.247366e-02	3.879050e+00	6.074494e-01	1.778859e-01	1.057861e+00	1.085421e-01	1.329238e+00	4.307754e-01	1.794549e-01	1.609297e-01	2.884747e-01	2.721652e-01	2.085098e-01	3.904806e-02	5.075808e-02	1.128276e+00	1.115515e+00	2.231423e-01	4.646588e+00	-4.088764e-08	
5.754765e-01	0.000000e+00	5.568912e-01	5.163480e-01	1.067966e+00	2.636735e-02	8.953842e-02	1.255364e-01	1.187618e-01	3.252602e-01	2.507712e-02	1.530191e-01	1.106738e+00	7.748387e-01	2.721780e-02	5.247708e-02	3.878379e+00	6.069985e-01	1.779619e-01	1.057952e+00	1.085307e-01	1.329742e+00	4.307377e-01	1.795528e-01	1.610891e-01	2.885663e-01	2.720714e-01	2.083222e-01	3.905876e-02	5.077744e-02	1.128478e+00	1.115389e+00	2.232920e-01	4.645811e+00	-2.587620e-08	
5.754765e-01	0.000000e+00	5.568507e-01	5.164147e-01	1.068311e+00	2.637544e-02	8.961228e-02	1.255417e-01	1.188009e-01	3.252594e-01	2.506510e-02	1.530562e-01	1.106042e+00	7.748295e-01	2.722131e-02	5.247816e-02	3.878536e+00	6.072002e-01	1.779740e-01	1.058360e+00	1.085423e-01	1.329478e+00	4.308134e-01	1.795390e-01	1.609532e-01	2.885276e-01	2.720380e-01	2.083963e-01	3.905151e-02	5.077522e-02	1.128451e+00	1.115498e+00	2.230584e-01	4.646686e+00	-4.865283e-08	
5.754765e-01	0.000000e+00	5.568617e-01	5.163363e-01	1.068221e+00	2.637220e-02	8.960648e-02	1.255394e-01	1.187529e-01	3.252614e-01	2.508495e-02	1.530349e-01	1.106172e+00	7.748299e-01	2.723046e-02	5.248527e-02	3.878414e+00	6.071429e-01	1.779749e-01	1.058032e+00	1.085381e-01	1.329829e+00	4.307641e-01	1.795515e-01	1.610276e-01	2.885772e-01	2.721617e-01	2.082995e-01	3.905426e-02	5.079953e-02	1.128571e+00	1.115426e+00	2.231644e-01	4.646237e+00	-9.247146e-08	
5.754757e-01	2.986534e-15	5.567855e-01	5.165272e-01	1.068213e+00	2.637200e-02	8.960857e-02	1.255317e-01	1.187358e-01	3.252612e-01	2.508661e-02	1.530544e-01	1.106591e+00	7.748432e-01	2.722215e-02	5.248338e-02	3.878383e+00	6.072320e-01	1.779608e-01	1.057795e+00	1.085374e-01	1.329953e+00	4.307758e-01	1.795134e-01	1.610341e-01	2.885457e-01	2.721068e-01	2.083189e-01	3.904741e-02	5.082929e-02	1.128422e+00	1.115373e+00	2.231888e-01	4.645994e+00	5.464919e-08	
5.754765e-01	0.000000e+00	5.566925e-01	5.169273e-01	1.068429e+00	2.637371e-02	8.967892e-02	1.255369e-01	1.187846e-01	3.252605e-01	2.507382e-02	1.531627e-01	1.105963e+00	7.748333e-01	2.722437e-02	5.248018e-02	3.878606e+00	6.072125e-01	1.779475e-01	1.058224e+00	1.085509e-01	1.329537e+00	4.308456e-01	1.795300e-01	1.609734e-01	2.885290e-01	2.721149e-01	2.083516e-01	3.904290e-02	5.079865e-02	1.128417e+00	1.115454e+00	2.230847e-01	4.646428e+00	-5.360501e-08	
5.754760e-01	3.750612e-16	5.566915e-01	5.161045e-01	1.068126e+00	2.636959e-02	8.964160e-02	1.255360e-01	1.187209e-01	3.252616e-01	2.508329e-02	1.531019e-01	1.106072e+00	7.748538e-01	2.722027e-02	5.248514e-02	3.878270e+00	6.070674e-01	1.779838e-01	1.057960e+00	1.085449e-01	1.330077e+00	4.308574e-01	1.795100e-01	1.610527e-01	2.885624e-01	2.721947e-01	2.082997e-01	3.904207e-02	5.085878e-02	1.128532e+00	1.115328e+00	2.232659e-01	4.646103e+00	1.936650e-08	
5.754765e-01	0.000000e+00	5.566576e-01	5.162498e-01	1.068383e+00	2.637480e-02	8.965338e-02	1.255393e-01	1.188136e-01	3.252615e-01	2.507618e-02	1.530126e-01	1.106317e+00	7.748338e-01	2.722605e-02	5.248036e-02	3.878819e+00	6.072612e-01	1.779360e-01	1.058146e+00	1.085423e-01	1.329361e+00	4.307682e-01	1.795408e-01	1.609914e-01	2.885510e-01	2.721858e-01	2.084517e-01	3.905390e-02	5.077234e-02	1.128380e+00	1.115505e+00	2.231638e-01	4.646406e+00	-5.582835e-08	
5.754759e-01	9.585417e-16	5.566478e-01	5.170703e-01	1.068373e+00	2.637162e-02	8.965637e-02	1.255354e-01	1.187867e-01	3.252638e-01	2.508870e-02	1.529906e-01	1.106479e+00	7.748242e-01	2.723670e-02	5.249387e-02	3.878876e+00	6.075159e-01	1.779601e-01	1.058096e+00	1.085426e-01	1.329662e+00	4.307409e-01	1.795952e-01	1.610648e-01	2.885783e-01	2.722572e-01	2.083824e-01	3.906660e-02	5.081959e-02	1.128505e+00	1.115422e+00	2.230203e-01	4.646385e+00	3.096032e-08	
5.754765e-01	0.000000e+00	5.565476e-01	5.168637e-01	1.068269e+00	2.636696e-02	8.966054e-02	1.255334e-01	1.187714e-01	3.252647e-01	2.509264e-02	1.529708e-01	1.106506e+00	7.748483e-01	2.723405e-02	5.249443e-02	3.878933e+00	6.075626e-01	1.779750e-01	1.057987e+00	1.085412e-01	1.329832e+00	4.307870e-01	1.795677e-01	1.611041e-01	2.886297e-01	2.723347e-01	2.083096e-01	3.906677e-02	5.083079e-02	1.128520e+00	1.115369e+00	2.231795e-01	4.646086e+00	-3.880325e-08	
5.754766e-01	0.000000e+00	5.567176e-01	5.168018e-01	1.068317e+00	2.637619e-02	8.958925e-02	1.255309e-01	1.187659e-01	3.252627e-01	2.508788e-02	1.529778e-01	1.106865e+00	7.748200e-01	2.723340e-02	5.248464e-02	3.878530e+00	6.074711e-01	1.779447e-01	1.057849e+00	1.085332e-01	1.329638e+00	4.307852e-01	1.795491e-01	1.610265e-01	2.885673e-01	2.722597e-01	2.083015e-01	3.905605e-02	5.080615e-02	1.128565e+00	1.115351e+00	2.230762e-01	4.646323e+00	-5.974681e-08	
5.754766e-01	0.000000e+00	5.566061e-01	5.167380e-01	1.068286e+00	2.637329e-02	8.963835e-02	1.255344e-01	1.187663e-01	3.252636e-01	2.508912e-02	1.529495e-01	1.106630e+00	7.748397e-01	2.722699e-02	5.248328e-02	3.878684e+00	6.072525e-01	1.779470e-01	1.057879e+00	1.085377e-01	1.329684e+00	4.308050e-01	1.795216e-01	1.610315e-01	2.885539e-01	2.721771e-01	2.084031e-01	3.905298e-02	5.080073e-02	1.128465e+00	1.115414e+00	2.231687e-01	4.646166e+00	-5.423210e-08	
5.754766e-01	0.000000e+00	5.569633e-01	5.162901e-01	1.068351e+00	2.637830e-02	8.959399e-02	1.255396e-01	1.187301e-01	3.252610e-01	2.508416e-02	1.530868e-01	1.106538e+00	7.748185e-01	2.723190e-02	5.247838e-02	3.878284e+00	6.072566e-01	1.779344e-01	1.057770e+00	1.085354e-01	1.329806e+00	4.307431e-01	1.795368e-01	1.609974e-01	2.885000e-01	2.721439e-01	2.083454e-01	3.904771e-02	5.081928e-02	1.128479e+00	1.115445e+00	2.230792e-01	4.646336e+00	-5.979735e-08	
5.754766e-01	0.000000e+00	5.568710e-01	5.162563e-01	1.068205e+00	2.637294e-02	8.958117e-02	1.255380e-01	1.187639e-01	3.252602e-01	2.507759e-02	1.529821e-01	1.106546e+00	7.748340e-01	2.721858e-02	5.248079e-02	3.878400e+00	6.070801e-01	1.779529e-01	1.057927e+00	1.085352e-01	1.329729e+00	4.306923e-01	1.795500e-01	1.610189e-01	2.885549e-01	2.720967e-01	2.083547e-01	3.905085e-02	5.077741e-02	1.128393e+00	1.115457e+00	2.232442e-01	4.645860e+00	-5.062072e-08	
5.754766e-01	0.000000e+00	5.568904e-01	5.160561e-01	1.068325e+00	2.637612e-02	8.963242e-02	1.255453e-01	1.188127e-01	3.252608e-01	2.506747e-02	1.531607e-01	1.105707e+00	7.748266e-01	2.722546e-02	5.247566e-02	3.878335e+00	6.069196e-01	1.779659e-01	1.058406e+00	1.085487e-01	1.329479e+00	4.309737e-01	1.795002e-01	1.609318e-01	2.885728e-01	2.721442e-01	2.082627e-01	3.904937e-02	5.077052e-02	1.128608e+00	1.115449e+00	2.231897e-01	4.646682e+00	-5.704261e-08	
5.754766e-01	0.000000e+00	5.567969e-01	5.167520e-01	1.068312e+00	2.637297e-02	8.964150e-02	1.255381e-01	1.187891e-01	3.252615e-01	2.507829e-02	1.530348e-01	1.106202e+00	7.748305e-01	2.723327e-02	5.248692e-02	3.878407e+00	6.072393e-01	1.779771e-01	1.058153e+00	1.085382e-01	1.329682e+00	4.308805e-01	1.795962e-01	1.610376e-01	2.885749e-01	2.722007e-01	2.083076e-01	3.904732e-02	5.081546e-02	1.128568e+00	1.115415e+00	2.230580e-01	4.646415e+00	-6.284976e-08	
5.754766e-01	0.000000e+00	5.569369e-01	5.164603e-01	1.068371e+00	2.637242e-02	8.966247e-02	1.255452e-01	1.188527e-01	3.252588e-01	2.506347e-02	1.531018e-01	1.106049e+00	7.748167e-01	2.723169e-02	5.247958e-02	3.878431e+00	6.073224e-01	1.779581e-01	1.058334e+00	1.085396e-01	1.329377e+00	4.308490e-01	1.796273e-01	1.609695e-01	2.885423e-01	2.721047e-01	2.083699e-01	3.905210e-02	5.076955e-02	1.128459e+00	1.115537e+00	2.230235e-01	4.646506e+00	-5.854593e-08	
5.754766e-01	0.000000e+00	5.567792e-01	5.167281e-01	1.068210e+00	2.637081e-02	8.958152e-02	1.255392e-01	1.187646e-01	3.252611e-01	2.506907e-02	1.530114e-01	1.106394e+00	7.748360e-01	2.722625e-02	5.249079e-02	3.878496e+00	6.072086e-01	1.779843e-01	1.058252e+00	1.085377e-01	1.329640e+00	4.308831e-01	1.795810e-01	1.610615e-01	2.886088e-01	2.722046e-01	2.082455e-01	3.906356e-02	5.077044e-02	1.128569e+00	1.115398e+00	2.231803e-01	4.646003e+00	-5.362887e-08	
5.754766e-01	0.000000e+00	5.565290e-01	5.168541e-01	1.068353e+00	2.637052e-02	8.961839e-02	1.255322e-01	1.187381e-01	3.252643e-01	2.509692e-02	1.529586e-01	1.106686e+00	7.748500e-01	2.723018e-02	5.249411e-02	3.878780e+00	6.073827e-01	1.779601e-01	1.057912e+00	1.085418e-01	1.329807e+00	4.307139e-01	1.795599e-01	1.610880e-01	2.886010e-01	2.722431e-01	2.083525e-01	3.905659e-02	5.081392e-02	1.128391e+00	1.115407e+00	2.231972e-01	4.645854e+00	-2.286748e-08	
5.754766e-01	0.000000e+00	5.566402e-01	5.167443e-01	1.068419e+00	2.637545e-02	8.969220e-02	1.255305e-01	1.187737e-01	3.252634e-01	2.508679e-02	1.529665e-01	1.106252e+00	7.748571e-01	2.722521e-02	5.248420e-02	3.878708e+00	6.073391e-01	1.779471e-01	1.057901e+00	1.085439e-01	1.329760e+00	4.307819e-01	1.795333e-01	1.610395e-01	2.885729e-01	2.721962e-01	2.084819e-01	3.903729e-02	5.082125e-02	1.128392e+00	1.115426e+00	2.231065e-01	4.646516e+00	-3.341811e-08	
5.754766e-01	0.000000e+00	5.566387e-01	5.166865e-01	1.068264e+00	2.636894e-02	8.966233e-02	1.255340e-01	1.187864e-01	3.252637e-01	2.507967e-02	1.528929e-01	1.106331e+00	7.748243e-01	2.723940e-02	5.249627e-02	3.878678e+00	6.073585e-01	1.779776e-01	1.058167e+00	1.085325e-01	1.329540e+00	4.309179e-01	1.796650e-01	1.610924e-01	2.886504e-01	2.723830e-01	2.083884e-01	3.905890e-02	5.080023e-02	1.128687e+00	1.115309e+00	2.230749e-01	4.646478e+00	-6.029526e-08	
5.754766e-01	0.000000e+00	5.566253e-01	5.171149e-01	1.068101e+00	2.636417e-02	8.962729e-02	1.255357e-01	1.187985e-01	3.252621e-01	2.508195e-02	1.530166e-01	1.106315e+00	7.748549e-01	2.722109e-02	5.249096e-02	3.878622e+00	6.070612e-01	1.779999e-01	1.058477e+00	1.085488e-01	1.329609e+00	4.307767e-01	1.795275e-01	1.610600e-01	2.886377e-01	2.722048e-01	2.082218e-01	3.906252e-02	5.078888e-02	1.128567e+00	1.115404e+00	2.232250e-01	4.645459e+00	-6.479155e-08	
5.754766e-01	0.000000e+00	5.565028e-01	5.168968e-01	1.068252e+00	2.636924e-02	8.961116e-02	1.255276e-01	1.187608e-01	3.252645e-01	2.509046e-02	1.529425e-01	1.106565e+00	7.748484e-01	2.722514e-02	5.248952e-02	3.878843e+00	6.072593e-01	1.779396e-01	1.057853e+00	1.085434e-01	1.329756e+00	4.306757e-01	1.795298e-01	1.610824e-01	2.885850e-01	2.722622e-01	2.083687e-01	3.905104e-02	5.081016e-02	1.128388e+00	1.115433e+00	2.232407e-01	4.645908e+00	-7.180589e-08	
5.754762e-01	4.162812e-19	5.568710e-01	5.162760e-01	1.068250e+00	2.637459e-02	8.961578e-02	1.255358e-01	1.187761e-01	3.252610e-01	2.507809e-02	1.529929e-01	1.106480e+00	7.748165e-01	2.723413e-02	5.248221e-02	3.878344e+00	6.073788e-01	1.779607e-01	1.057997e+00	1.085308e-01	1.329650e+00	4.308614e-01	1.795739e-01	1.610143e-01	2.885178e-01	2.721798e-01	2.083570e-01	3.905044e-02	5.079685e-02	1.128532e+00	1.115404e+00	2.230508e-01	4.646765e+00	6.451986e-10	
5.754766e-01	0.000000e+00	5.566975e-01	5.161944e-01	1.068264e+00	2.636995e-02	8.966202e-02	1.255392e-01	1.188078e-01	3.252619e-01	2.507267e-02	1.530918e-01	1.106257e+00	7.748361e-01	2.722682e-02	5.247781e-02	3.878584e+00	6.073660e-01	1.779609e-01	1.058174e+00	1.085412e-01	1.329480e+00	4.309652e-01	1.795085e-01	1.609610e-01	2.885831e-01	2.722200e-01	2.083262e-01	3.906073e-02	5.080217e-02	1.128505e+00	1.115458e+00	2.232337e-01	4.646269e+00	-7.101673e-08	
5.754761e-01	4.416120e-18	5.566585e-01	5.163600e-01	1.068197e+00	2.636582e-02	8.963560e-02	1.255321e-01	1.187507e-01	3.252633e-01	2.508338e-02	1.530223e-01	1.106032e+00	7.748550e-01	2.722325e-02	5.248987e-02	3.878372e+00	6.070905e-01	1.779758e-01	1.058066e+00	1.085465e-01	1.329915e+00	4.307728e-01	1.795239e-01	1.610690e-01	2.885947e-01	2.722454e-01	2.082626e-01	3.904279e-02	5.083517e-02	1.128456e+00	1.115365e+00	2.232772e-01	4.646026e+00	2.101457e-09	
5.754766e-01	0.000000e+00	5.567763e-01	5.167591e-01	1.068192e+00	2.636883e-02	8.959164e-02	1.255342e-01	1.187712e-01	3.252602e-01	2.507423e-02	1.530333e-01	1.106456e+00	7.748316e-01	2.722819e-02	5.248576e-02	3.878360e+00	6.071967e-01	1.779837e-01	1.058213e+00	1.085361e-01	1.329617e+00	4.308459e-01	1.795505e-01	1.610189e-01	2.885803e-01	2.721643e-01	2.082534e-01	3.905266e-02	5.077509e-02	1.128539e+00	1.115402e+00	2.231037e-01	4.646044e+00	-6.617683e-08	
5.754766e-01	0.000000e+00	5.567389e-01	5.162561e-01	1.067998e+00	2.636286e-02	8.956337e-02	1.255327e-01	1.187257e-01	3.252604e-01	2.507670e-02	1.530182e-01	1.106377e+00	7.748421e-01	2.721838e-02	5.248760e-02	3.878235e+00	6.072424e-01	1.779973e-01	1.058099e+00	1.085316e-01	1.329794e+00	4.308821e-01	1.795215e-01	1.610588e-01	2.886044e-01	2.721825e-01	2.082477e-01	3.905650e-02	5.079869e-02	1.128574e+00	1.115329e+00	2.233080e-01	4.645616e+00	-7.721797e-08	
5.754766e-01	0.000000e+00	5.567264e-01	5.167405e-01	1.068347e+00	2.637072e-02	8.965610e-02	1.255363e-01	1.187693e-01	3.252619e-01	2.508323e-02	1.530595e-01	1.106127e+00	7.748332e-01	2.723237e-02	5.248779e-02	3.878389e+00	6.073898e-01	1.779640e-01	1.058128e+00	1.085428e-01	1.329653e+00	4.308345e-01	1.795364e-01	1.610291e-01	2.885878e-01	2.722374e-01	2.082285e-01	3.905400e-02	5.081081e-02	1.128543e+00	1.115401e+00	2.230908e-01	4.646370e+00	-7.126879e-08	
5.754766e-01	0.000000e+00	5.567646e-01	5.166910e-01	1.068195e+00	2.636786e-02	8.955273e-02	1.255384e-01	1.187622e-01	3.252594e-01	2.506934e-02	1.530663e-01	1.106426e+00	7.748309e-01	2.722477e-02	5.248415e-02	3.878481e+00	6.071690e-01	1.779894e-01	1.058241e+00	1.085362e-01	1.329650e+00	4.308420e-01	1.795534e-01	1.610336e-01	2.885686e-01	2.721000e-01	2.083104e-01	3.906607e-02	5.076765e-02	1.128539e+00	1.115425e+00	2.231315e-01	4.646067e+00	-1.601793e-08	
5.754766e-01	0.000000e+00	5.565166e-01	5.168969e-01	1.068419e+00	2.636913e-02	8.969603e-02	1.255391e-01	1.187864e-01	3.252631e-01	2.508007e-02	1.530528e-01	1.105986e+00	7.748501e-01	2.722568e-02	5.249540e-02	3.879163e+00	6.074219e-01	1.779592e-01	1.058274e+00	1.085585e-01	1.329672e+00	4.306642e-01	1.795190e-01	1.610408e-01	2.885839e-01	2.722467e-01	2.084542e-01	3.905811e-02	5.081737e-02	1.128316e+00	1.115510e+00	2.231229e-01	4.646244e+00	-4.536134e-08	
5.754766e-01	0.000000e+00	5.566967e-01	5.165625e-01	1.068403e+00	2.637338e-02	8.969291e-02	1.255383e-01	1.187641e-01	3.252627e-01	2.507545e-02	1.531214e-01	1.105987e+00	7.748366e-01	2.722967e-02	5.248707e-02	3.878757e+00	6.073775e-01	1.779717e-01	1.058209e+00	1.085528e-01	1.329804e+00	4.308194e-01	1.794961e-01	1.609790e-01	2.885404e-01	2.722469e-01	2.083159e-01	3.905126e-02	5.082713e-02	1.128446e+00	1.115471e+00	2.230752e-01	4.646489e+00	-1.366565e-08	
5.754766e-01	0.000000e+00	5.565225e-01	5.167028e-01	1.068496e+00	2.637637e-02	8.966292e-02	1.255309e-01	1.187594e-01	3.252636e-01	2.507773e-02	1.530097e-01	1.106426e+00	7.748349e-01	2.722896e-02	5.248189e-02	3.878771e+00	6.074095e-01	1.779324e-01	1.057926e+00	1.085397e-01	1.329451e+00	4.308839e-01	1.795309e-01	1.609748e-01	2.885531e-01	2.722367e-01	2.084634e-01	3.904158e-02	5.079275e-02	1.128425e+00	1.115392e+00	2.231062e-01	4.646509e+00	-7.424902e-08	
5.754761e-01	1.776878e-16	5.568068e-01	5.163219e-01	1.068253e+00	2.637309e-02	8.963140e-02	1.255433e-01	1.187833e-01	3.252613e-01	2.508086e-02	1.530505e-01	1.106385e+00	7.748182e-01	2.723675e-02	5.248322e-02	3.878673e+00	6.071829e-01	1.779607e-01	1.058003e+00	1.085332e-01	1.329629e+00	4.309223e-01	1.795693e-01	1.610064e-01	2.885434e-01	2.722292e-01	2.083833e-01	3.906084e-02	5.081680e-02	1.128651e+00	1.115389e+00	2.230202e-01	4.646518e+00	1.332996e-08	
5.754767e-01	0.000000e+00	5.565963e-01	5.169642e-01	1.068179e+00	2.636460e-02	8.963952e-02	1.255266e-01	1.187402e-01	3.252630e-01	2.507824e-02	1.530285e-01	1.106033e+00	7.748536e-01	2.722447e-02	5.249049e-02	3.878303e+00	6.072442e-01	1.779899e-01	1.058140e+00	1.085433e-01	1.329828e+00	4.309845e-01	1.795389e-01	1.610879e-01	2.886635e-01	2.723109e-01	2.082233e-01	3.904282e-02	5.082195e-02	1.128661e+00	1.115272e+00	2.231922e-01	4.645991e+00	-6.776097e-08	
5.754767e-01	0.000000e+00	5.567549e-01	5.164778e-01	1.068277e+00	2.637279e-02	8.961165e-02	1.255313e-01	1.187639e-01	3.252626e-01	2.508069e-02	1.529878e-01	1.106329e+00	7.748381e-01	2.722239e-02	5.248103e-02	3.878436e+00	6.072103e-01	1.779492e-01	1.057917e+00	1.085347e-01	1.329666e+00	4.308012e-01	1.795020e-01	1.610229e-01	2.885247e-01	2.721574e-01	2.083270e-01	3.904207e-02	5.080681e-02	1.128513e+00	1.115312e+00	2.232332e-01	4.646339e+00	-6.584638e-08	
5.754764e-01	6.283862e-17	5.565133e-01	5.166576e-01	1.068140e+00	2.636618e-02	8.961987e-02	1.255269e-01	1.187510e-01	3.252641e-01	2.508930e-02	1.529576e-01	1.106814e+00	7.748516e-01	2.722270e-02	5.249137e-02	3.878861e+00	6.074329e-01	1.779733e-01	1.058007e+00	1.085381e-01	1.329731e+00	4.307429e-01	1.794975e-01	1.610830e-01	2.886175e-01	2.722758e-01	2.082856e-01	3.906970e-02	5.080845e-02	1.128422e+00	1.115381e+00	2.233308e-01	4.645666e+00	7.927081e-09	
5.754762e-01	1.901228e-16	5.568396e-01	5.163466e-01	1.068025e+00	2.636769e-02	8.957974e-02	1.255363e-01	1.187617e-01	3.252614e-01	2.508540e-02	1.529746e-01	1.106668e+00	7.748272e-01	2.723190e-02	5.248687e-02	3.878309e+00	6.071421e-01	1.779649e-01	1.057844e+00	1.085293e-01	1.329877e+00	4.308220e-01	1.796228e-01	1.611176e-01	2.885853e-01	2.722285e-01	2.082651e-01	3.905843e-02	5.081549e-02	1.128609e+00	1.115334e+00	2.232185e-01	4.646034e+00	1.378850e-08	
5.754767e-01	0.000000e+00	5.568286e-01	5.163056e-01	1.068465e+00	2.637964e-02	8.965725e-02	1.255415e-01	1.187994e-01	3.252611e-01	2.506857e-02	1.530537e-01	1.105908e+00	7.748181e-01	2.723449e-02	5.248182e-02	3.878503e+00	6.071613e-01	1.779504e-01	1.058345e+00	1.085420e-01	1.329287e+00	4.309314e-01	1.795944e-01	1.609603e-01	2.885660e-01	2.722196e-01	2.083637e-01	3.904418e-02	5.078184e-02	1.128582e+00	1.115451e+00	2.229806e-01	4.646944e+00	-9.694672e-10	
5.754767e-01	0.000000e+00	5.568861e-01	5.167511e-01	1.068205e+00	2.636824e-02	8.961999e-02	1.255435e-01	1.188240e-01	3.252602e-01	2.506411e-02	1.530479e-01	1.106091e+00	7.748196e-01	2.723224e-02	5.249247e-02	3.878584e+00	6.072022e-01	1.779951e-01	1.058484e+00	1.085355e-01	1.329444e+00	4.308854e-01	1.795872e-01	1.610383e-01	2.886069e-01	2.722126e-01	2.082641e-01	3.907100e-02	5.078297e-02	1.128639e+00	1.115414e+00	2.230883e-01	4.646420e+00	-7.974705e-08	
5.754767e-01	0.000000e+00	5.566060e-01	5.168761e-01	1.068358e+00	2.637074e-02	8.966296e-02	1.255381e-01	1.188076e-01	3.252642e-01	2.508935e-02	1.529977e-01	1.106126e+00	7.748404e-01	2.723419e-02	5.249515e-02	3.878745e+00	6.071988e-01	1.779679e-01	1.058155e+00	1.085447e-01	1.329687e+00	4.307974e-01	1.796055e-01	1.610872e-01	2.886235e-01	2.722721e-01	2.082924e-01	3.905906e-02	5.083182e-02	1.128579e+00	1.115384e+00	2.231163e-01	4.646340e+00	-6.508099e-08	
5.754767e-01	0.000000e+00	5.566620e-01	5.170401e-01	1.068082e+00	2.636747e-02	8.960113e-02	1.255305e-01	1.187671e-01	3.252620e-01	2.508976e-02	1.530340e-01	1.106643e+00	7.748470e-01	2.721924e-02	5.248346e-02	3.878721e+00	6.072569e-01	1.779723e-01	1.057991e+00	1.085457e-01	1.329975e+00	4.307427e-01	1.795287e-01	1.610789e-01	2.885726e-01	2.721393e-01	2.082733e-01	3.905670e-02	5.083179e-02	1.128511e+00	1.115380e+00	2.231991e-01	4.645663e+00	-7.562624e-08	
5.754767e-01	0.000000e+00	5.567849e-01	5.172599e-01	1.068320e+00	2.636683e-02	8.967728e-02	1.255383e-01	1.188014e-01	3.252608e-01	2.507435e-02	1.530531e-01	1.106172e+00	7.748395e-01	2.722806e-02	5.248838e-02	3.878694e+00	6.072797e-01	1.779729e-01	1.058129e+00	1.085412e-01	1.329747e+00	4.308575e-01	1.795925e-01	1.610759e-01	2.886223e-01	2.721505e-01	2.082880e-01	3.906136e-02	5.080334e-02	1.128527e+00	1.115420e+00	2.231315e-01	4.645916e+00	-1.085584e-07	
5.754767e-01	0.000000e+00	5.569534e-01	5.166191e-01	1.068310e+00	2.637683e-02	8.960921e-02	1.255420e-01	1.188032e-01	3.252606e-01	2.507361e-02	1.530660e-01	1.106426e+00	7.748147e-01	2.723274e-02	5.247991e-02	3.878543e+00	6.072207e-01	1.779572e-01	1.058152e+00	1.085340e-01	1.329474e+00	4.308877e-01	1.796074e-01	1.609878e-01	2.885565e-01	2.721577e-01	2.082882e-01	3.905606e-02	5.077744e-02	1.128589e+00	1.115429e+00	2.230448e-01	4.646411e+00	-3.590569e-08	
5.754767e-01	0.000000e+00	5.568687e-01	5.162764e-01	1.068274e+00	2.637517e-02	8.962906e-02	1.255398e-01	1.188239e-01	3.252604e-01	2.507486e-02	1.529820e-01	1.106324e+00	7.748204e-01	2.723331e-02	5.248329e-02	3.878534e+00	6.071885e-01	1.779635e-01	1.058272e+00	1.085357e-01	1.329378e+00	4.308799e-01	1.795884e-01	1.609931e-01	2.885791e-01	2.722399e-01	2.083437e-01	3.905287e-02	5.078336e-02	1.128641e+00	1.115390e+00	2.230363e-01	4.646607e+00	-5.848860e-08	
5.754767e-01	0.000000e+00	5.565747e-01	5.166047e-01	1.068282e+00	2.637181e-02	8.968724e-02	1.255339e-01	1.187645e-01	3.252653e-01	2.508496e-02	1.530240e-01	1.106289e+00	7.748425e-01	2.722960e-02	5.249219e-02	3.878828e+00	6.074097e-01	1.779614e-01	1.058170e+00	1.085454e-01	1.329607e+00	4.308511e-01	1.795100e-01	1.610452e-01	2.885997e-01	2.723384e-01	2.083481e-01	3.905701e-02	5.080882e-02	1.128497e+00	1.115373e+00	2.231533e-01	4.646490e+00	-7.878697e-08	
5.754767e-01	0.000000e+00	5.566405e-01	5.171911e-01	1.068275e+00	2.636743e-02	8.965366e-02	1.255360e-01	1.188027e-01	3.252615e-01	2.507649e-02	1.529596e-01	1.106486e+00	7.748412e-01	2.722735e-02	5.249109e-02	3.878975e+00	6.073807e-01	1.779680e-01	1.058256e+00	1.085402e-01	1.329507e+00	4.308217e-01	1.796127e-01	1.610914e-01	2.886204e-01	2.722029e-01	2.083956e-01	3.906904e-02	5.079494e-02	1.128510e+00	1.115395e+00	2.231403e-01	4.645998e+00	-7.301916e-08	
5.754767e-01	0.000000e+00	5.564606e-01	5.171562e-01	1.068405e+00	2.637229e-02	8.969351e-02	1.255325e-01	1.187818e-01	3.252641e-01	2.508135e-02	1.529793e-01	1.106477e+00	7.748481e-01	2.723122e-02	5.249138e-02	3.879082e+00	6.075733e-01	1.779486e-01	1.057982e+00	1.085458e-01	1.329651e+00	4.307935e-01	1.795354e-01	1.610426e-01	2.885797e-01	2.723132e-01	2.084852e-01	3.905648e-02	5.081714e-02	1.128383e+00	1.115496e+00	2.230726e-01	4.646322e+00	-8.430846e-08	
5.754767e-01	0.000000e+00	5.566560e-01	5.172212e-01	1.068313e+00	2.637088e-02	8.961932e-02	1.255344e-01	1.187714e-01	3.252627e-01	2.508676e-02	1.529967e-01	1.106894e+00	7.748532e-01	2.722570e-02	5.249082e-02	3.878759e+00	6.074275e-01	1.779620e-01	1.057983e+00	1.085437e-01	1.329804e+00	4.306697e-01	1.795184e-01	1.610840e-01	2.885792e-01	2.722138e-01	2.083384e-01	3.906702e-02	5.081583e-02	1.128445e+00	1.115458e+00	2.231025e-01	4.645522e+00	-5.194412e-08	
5.754768e-01	0.000000e+00	5.567043e-01	5.165840e-01	1.068354e+00	2.637497e-02	8.967389e-02	1.255381e-01	1.187737e-01	3.252632e-01	2.508317e-02	1.529147e-01	1.106274e+00	7.748403e-01	2.723537e-02	5.248944e-02	3.878591e+00	6.071692e-01	1.779547e-01	1.057991e+00	1.085414e-01	1.329722e+00	4.307750e-01	1.795707e-01	1.610648e-01	2.886048e-01	2.723173e-01	2.084461e-01	3.904658e-02	5.080661e-02	1.128501e+00	1.115434e+00	2.231008e-01	4.646641e+00	-8.089115e-08	
5.754760e-01	4.939684e-16	5.567948e-01	5.160450e-01	1.068141e+00	2.636876e-02	8.959487e-02	1.255407e-01	1.187515e-01	3.252615e-01	2.508540e-02	1.530880e-01	1.106114e+00	7.748421e-01	2.722282e-02	5.248507e-02	3.878417e+00	6.070926e-01	1.779781e-01	1.058034e+00	1.085452e-01	1.329975e+00	4.307819e-01	1.795257e-01	1.610424e-01	2.885863e-01	2.721600e-01	2.082853e-01	3.906189e-02	5.082378e-02	1.128533e+00	1.115394e+00	2.232609e-01	4.646187e+00	2.222540e-08	
5.754768e-01	0.000000e+00	5.565744e-01	5.163741e-01	1.068014e+00	2.636328e-02	8.958505e-02	1.255344e-01	1.187857e-01	3.252625e-01	2.507853e-02	1.529847e-01	1.106188e+00	7.748488e-01	2.721839e-02	5.248704e-02	3.878652e+00	6.070393e-01	1.779662e-01	1.058200e+00	1.085431e-01	1.329583e+00	4.307464e-01	1.795370e-01	1.610725e-01	2.886245e-01	2.722037e-01	2.083214e-01	3.905356e-02	5.080272e-02	1.128471e+00	1.115390e+00	2.233793e-01	4.645904e+00	-1.267124e-07	
5.754768e-01	0.000000e+00	5.566336e-01	5.170227e-01	1.068342e+00	2.637621e-02	8.966341e-02	1.255325e-01	1.187828e-01	3.252622e-01	2.507406e-02	1.530197e-01	1.106474e+00	7.748346e-01	2.722788e-02	5.248035e-02	3.878800e+00	6.072764e-01	1.779380e-01	1.058023e+00	1.085400e-01	1.329438e+00	4.308801e-01	1.795045e-01	1.609866e-01	2.885717e-01	2.722230e-01	2.083875e-01	3.904829e-02	5.077762e-02	1.128511e+00	1.115432e+00	2.231086e-01	4.646289e+00	-7.611428e-08	
5.754768e-01	0.000000e+00	5.567171e-01	5.166059e-01	1.068180e+00	2.636699e-02	8.962230e-02	1.255375e-01	1.187830e-01	3.252631e-01	2.509102e-02	1.530575e-01	1.106315e+00	7.748419e-01	2.722420e-02	5.248663e-02	3.878522e+00	6.072353e-01	1.779663e-01	1.057947e+00	1.085417e-01	1.329907e+00	4.307852e-01	1.795080e-01	1.610486e-01	2.885558e-01	2.721696e-01	2.082338e-01	3.905576e-02	5.082910e-02	1.128465e+00	1.115401e+00	2.233173e-01	4.645900e+00	-8.729316e-08	
5.754761e-01	8.498558e-16	5.565475e-01	5.168476e-01	1.068222e+00	2.637361e-02	8.961413e-02	1.255345e-01	1.187682e-01	3.252639e-01	2.509444e-02	1.529667e-01	1.106962e+00	7.748425e-01	2.722301e-02	5.248187e-02	3.879087e+00	6.073530e-01	1.779235e-01	1.057733e+00	1.085422e-01	1.329763e+00	4.306194e-01	1.795038e-01	1.610638e-01	2.885188e-01	2.721261e-01	2.084708e-01	3.906045e-02	5.080512e-02	1.128286e+00	1.115505e+00	2.232156e-01	4.645933e+00	2.915229e-08	
5.754758e-01	1.151904e-15	5.566534e-01	5.169698e-01	1.068314e+00	2.636789e-02	8.960318e-02	1.255326e-01	1.187489e-01	3.252646e-01	2.508544e-02	1.529197e-01	1.106739e+00	7.748372e-01	2.723356e-02	5.249533e-02	3.878647e+00	6.074396e-01	1.779642e-01	1.057924e+00	1.085371e-01	1.329854e+00	4.306756e-01	1.796058e-01	1.611317e-01	2.885997e-01	2.722698e-01	2.083271e-01	3.907141e-02	5.080323e-02	1.128523e+00	1.115376e+00	2.231333e-01	4.645799e+00	3.393971e-08	
5.754768e-01	0.000000e+00	5.565501e-01	5.168130e-01	1.068121e+00	2.636161e-02	8.955454e-02	1.255306e-01	1.187273e-01	3.252637e-01	2.509141e-02	1.529291e-01	1.106771e+00	7.748491e-01	2.722346e-02	5.249619e-02	3.878697e+00	6.072922e-01	1.779744e-01	1.057822e+00	1.085357e-01	1.330009e+00	4.306853e-01	1.795258e-01	1.611406e-01	2.885905e-01	2.722486e-01	2.082902e-01	3.906770e-02	5.081934e-02	1.128492e+00	1.115323e+00	2.232632e-01	4.645509e+00	-9.496922e-08	
5.754769e-01	0.000000e+00	5.567047e-01	5.162700e-01	1.068139e+00	2.636383e-02	8.958189e-02	1.255344e-01	1.187452e-01	3.252625e-01	2.508276e-02	1.529872e-01	1.106412e+00	7.748510e-01	2.722372e-02	5.248542e-02	3.878414e+00	6.072586e-01	1.779654e-01	1.057776e+00	1.085342e-01	1.329968e+00	4.307841e-01	1.795676e-01	1.611064e-01	2.885920e-01	2.722099e-01	2.082755e-01	3.905601e-02	5.082357e-02	1.128474e+00	1.115373e+00	2.233347e-01	4.645805e+00	-6.059554e-08	
5.754759e-01	1.811989e-15	5.568073e-01	5.165283e-01	1.068398e+00	2.637731e-02	8.965902e-02	1.255369e-01	1.187893e-01	3.252608e-01	2.507651e-02	1.530182e-01	1.106080e+00	7.748288e-01	2.723493e-02	5.248506e-02	3.878386e+00	6.072520e-01	1.779537e-01	1.058156e+00	1.085384e-01	1.329452e+00	4.308761e-01	1.796009e-01	1.609823e-01	2.885733e-01	2.721846e-01	2.083754e-01	3.903372e-02	5.079349e-02	1.128455e+00	1.115456e+00	2.230210e-01	4.646764e+00	4.256746e-08	
5.754769e-01	0.000000e+00	5.567473e-01	5.162573e-01	1.068135e+00	2.636935e-02	8.960114e-02	1.255435e-01	1.188013e-01	3.252605e-01	2.507145e-02	1.530394e-01	1.106275e+00	7.748337e-01	2.722142e-02	5.248135e-02	3.878682e+00	6.070946e-01	1.779728e-01	1.058304e+00	1.085439e-01	1.329579e+00	4.307389e-01	1.795105e-01	1.609941e-01	2.885445e-01	2.720964e-01	2.083694e-01	3.905492e-02	5.076473e-02	1.128380e+00	1.115480e+00	2.232800e-01	4.646254e+00	-2.741272e-08	
5.754769e-01	0.000000e+00	5.566801e-01	5.169751e-01	1.068422e+00	2.637443e-02	8.965699e-02	1.255359e-01	1.188158e-01	3.252615e-01	2.506681e-02	1.530599e-01	1.106159e+00	7.748259e-01	2.722879e-02	5.248102e-02	3.878737e+00	6.073609e-01	1.779507e-01	1.058332e+00	1.085450e-01	1.329320e+00	4.309004e-01	1.795463e-01	1.609793e-01	2.885780e-01	2.722022e-01	2.083604e-01	3.904846e-02	5.076674e-02	1.128518e+00	1.115441e+00	2.230386e-01	4.646531e+00	-1.086379e-07	
5.754769e-01	0.000000e+00	5.566568e-01	5.162299e-01	1.068054e+00	2.636478e-02	8.959583e-02	1.255346e-01	1.187819e-01	3.252625e-01	2.508276e-02	1.530454e-01	1.106184e+00	7.748362e-01	2.722235e-02	5.248485e-02	3.878418e+00	6.069152e-01	1.779719e-01	1.058172e+00	1.085430e-01	1.329678e+00	4.308932e-01	1.795375e-01	1.610397e-01	2.885911e-01	2.721840e-01	2.082333e-01	3.905443e-02	5.081534e-02	1.128596e+00	1.115318e+00	2.233326e-01	4.646103e+00	-1.068159e-07	
5.754761e-01	1.341418e-20	5.568733e-01	5.162019e-01	1.068145e+00	2.637263e-02	8.959165e-02	1.255428e-01	1.187549e-01	3.252608e-01	2.509235e-02	1.531078e-01	1.106462e+00	7.748341e-01	2.722238e-02	5.247885e-02	3.878413e+00	6.070401e-01	1.779483e-01	1.057833e+00	1.085436e-01	1.329998e+00	4.306945e-01	1.794911e-01	1.610145e-01	2.884978e-01	2.720982e-01	2.083002e-01	3.904840e-02	5.082584e-02	1.128427e+00	1.115470e+00	2.232618e-01	4.645717e+00	1.158196e-10	
5.754770e-01	0.000000e+00	5.568662e-01	5.159189e-01	1.068108e+00	2.637516e-02	8.961788e-02	1.255335e-01	1.187374e-01	3.252612e-01	2.507524e-02	1.530127e-01	1.105801e+00	7.748117e-01	2.723674e-02	5.248359e-02	3.878092e+00	6.070477e-01	1.779802e-01	1.058166e+00	1.085331e-01	1.329615e+00	4.309981e-01	1.796255e-01	1.610132e-01	2.886143e-01	2.722934e-01	2.082994e-01	3.903630e-02	5.081243e-02	1.128830e+00	1.115247e+00	2.230595e-01	4.647329e+00	-5.670840e-08	
5.754759e-01	1.246655e-15	5.566708e-01	5.166956e-01	1.068345e+00	2.637509e-02	8.964417e-02	1.255385e-01	1.187710e-01	3.252606e-01	2.507488e-02	1.530944e-01	1.106368e+00	7.748383e-01	2.722541e-02	5.248593e-02	3.878730e+00	6.073864e-01	1.779675e-01	1.058275e+00	1.085503e-01	1.329594e+00	4.307506e-01	1.795238e-01	1.609750e-01	2.885840e-01	2.721675e-01	2.083434e-01	3.906151e-02	5.077788e-02	1.128414e+00	1.115507e+00	2.231151e-01	4.646063e+00	3.530801e-08	
5.754763e-01	3.173649e-18	5.566038e-01	5.164264e-01	1.068088e+00	2.636451e-02	8.960574e-02	1.255365e-01	1.187565e-01	3.252627e-01	2.509251e-02	1.530077e-01	1.106550e+00	7.748400e-01	2.722820e-02	5.249178e-02	3.878677e+00	6.072627e-01	1.779659e-01	1.058026e+00	1.085432e-01	1.329821e+00	4.307084e-01	1.795847e-01	1.611136e-01	2.886009e-01	2.722702e-01	2.083658e-01	3.906312e-02	5.082155e-02	1.128497e+00	1.115425e+00	2.232011e-01	4.645664e+00	1.781474e-09	
5.754761e-01	3.762483e-18	5.568815e-01	5.162328e-01	1.068151e+00	2.637046e-02	8.960932e-02	1.255384e-01	1.187606e-01	3.252599e-01	2.507408e-02	1.531025e-01	1.106248e+00	7.748370e-01	2.721945e-02	5.248091e-02	3.878318e+00	6.071151e-01	1.779683e-01	1.058019e+00	1.085403e-01	1.329890e+00	4.308327e-01	1.795262e-01	1.610129e-01	2.885037e-01	2.720976e-01	2.083193e-01	3.904432e-02	5.081246e-02	1.128429e+00	1.115429e+00	2.231723e-01	4.646126e+00	1.939712e-09	
5.754761e-01	2.346211e-17	5.566092e-01	5.167315e-01	1.068247e+00	2.637104e-02	8.964456e-02	1.255377e-01	1.187902e-01	3.252639e-01	2.508681e-02	1.530095e-01	1.106132e+00	7.748364e-01	2.723244e-02	5.248667e-02	3.878528e+00	6.071483e-01	1.779645e-01	1.058163e+00	1.085421e-01	1.329588e+00	4.308454e-01	1.795628e-01	1.610399e-01	2.885822e-01	2.722188e-01	2.083188e-01	3.904842e-02	5.080792e-02	1.128549e+00	1.115409e+00	2.231667e-01	4.646389e+00	4.843771e-09	
5.754771e-01	0.000000e+00	5.567302e-01	5.167538e-01	1.068165e+00	2.637259e-02	8.961213e-02	1.255398e-01	1.187904e-01	3.252624e-01	2.508293e-02	1.530451e-01	1.106767e+00	7.748368e-01	2.722738e-02	5.248179e-02	3.878812e+00	6.073012e-01	1.779503e-01	1.057907e+00	1.085367e-01	1.329740e+00	4.307990e-01	1.795197e-01	1.610649e-01	2.885254e-01	2.721709e-01	2.083726e-01	3.906456e-02	5.079243e-02	1.128463e+00	1.115452e+00	2.232085e-01	4.646202e+00	-1.085963e-07	
5.754771e-01	0.000000e+00	5.567583e-01	5.161333e-01	1.068174e+00	2.637059e-02	8.959145e-02	1.255382e-01	1.187824e-01	3.252602e-01	2.507215e-02	1.530474e-01	1.106258e+00	7.748245e-01	2.722001e-02	5.247922e-02	3.878529e+00	6.070529e-01	1.779675e-01	1.058291e+00	1.085403e-01	1.329482e+00	4.307664e-01	1.795574e-01	1.609927e-01	2.885349e-01	2.721277e-01	2.083823e-01	3.905545e-02	5.077743e-02	1.128435e+00	1.115457e+00	2.232482e-01	4.646316e+00	-1.371499e-07	
5.754761e-01	1.544760e-17	5.571310e-01	5.163887e-01	1.068369e+00	2.637476e-02	8.965230e-02	1.255460e-01	1.187858e-01	3.252594e-01	2.506337e-02	1.531662e-01	1.105509e+00	7.748086e-01	2.724028e-02	5.248334e-02	3.878094e+00	6.071353e-01	1.779721e-01	1.058339e+00	1.085403e-01	1.329576e+00	4.309780e-01	1.796581e-01	1.609919e-01	2.885991e-01	2.722241e-01	2.082126e-01	3.904359e-02	5.081409e-02	1.128721e+00	1.115415e+00	2.229156e-01	4.646881e+00	3.930343e-09	
5.754772e-01	0.000000e+00	5.567512e-01	5.167462e-01	1.068299e+00	2.636902e-02	8.966247e-02	1.255333e-01	1.187665e-01	3.252617e-01	2.507382e-02	1.530235e-01	1.105927e+00	7.748348e-01	2.722458e-02	5.248786e-02	3.878625e+00	6.072630e-01	1.779854e-01	1.058358e+00	1.085477e-01	1.329666e+00	4.307935e-01	1.795409e-01	1.610199e-01	2.886202e-01	2.722187e-01	2.082977e-01	3.905162e-02	5.080844e-02	1.128576e+00	1.115370e+00	2.230131e-01	4.646430e+00	-1.387338e-07	
5.754737e-01	1.184665e-13	5.568626e-01	5.163649e-01	1.068459e+00	2.638222e-02	8.970742e-02	1.255404e-01	1.188026e-01	3.252595e-01	2.506799e-02	1.530849e-01	1.105727e+00	7.748127e-01	2.723547e-02	5.247688e-02	3.878446e+00	6.072020e-01	1.779392e-01	1.058326e+00	1.085481e-01	1.329344e+00	4.309879e-01	1.795626e-01	1.609354e-01	2.885193e-01	2.721629e-01	2.084445e-01	3.902565e-02	5.078781e-02	1.128450e+00	1.115490e+00	2.229090e-01	4.647353e+00	3.441897e-07	
5.754762e-01	2.394427e-17	5.568441e-01	5.164327e-01	1.068416e+00	2.637578e-02	8.964393e-02	1.255440e-01	1.187775e-01	3.252595e-01	2.506562e-02	1.531426e-01	1.106003e+00	7.748246e-01	2.722228e-02	5.247999e-02	3.878698e+00	6.072286e-01	1.779764e-01	1.058364e+00	1.085470e-01	1.329587e+00	4.308755e-01	1.794945e-01	1.609433e-01	2.885390e-01	2.720778e-01	2.083191e-01	3.906087e-02	5.077158e-02	1.128475e+00	1.115467e+00	2.230587e-01	4.646512e+00	4.893288e-09	
5.754772e-01	0.000000e+00	5.568817e-01	5.163227e-01	1.068213e+00	2.637728e-02	8.965218e-02	1.255458e-01	1.188225e-01	3.252610e-01	2.507969e-02	1.529967e-01	1.106225e+00	7.748228e-01	2.723240e-02	5.247621e-02	3.878382e+00	6.071295e-01	1.779511e-01	1.058041e+00	1.085341e-01	1.329550e+00	4.308426e-01	1.795679e-01	1.609860e-01	2.885245e-01	2.721240e-01	2.083813e-01	3.904733e-02	5.077539e-02	1.128573e+00	1.115469e+00	2.231636e-01	4.646709e+00	-1.411530e-07	
5.754772e-01	0.000000e+00	5.566545e-01	5.163894e-01	1.068402e+00	2.637399e-02	8.969314e-02	1.255339e-01	1.187535e-01	3.252621e-01	2.507775e-02	1.530377e-01	1.105813e+00	7.748339e-01	2.723271e-02	5.248628e-02	3.878544e+00	6.073114e-01	1.779424e-01	1.057943e+00	1.085421e-01	1.329632e+00	4.308999e-01	1.795644e-01	1.610015e-01	2.885849e-01	2.722517e-01	2.084573e-01	3.903542e-02	5.082788e-02	1.128523e+00	1.115376e+00	2.230506e-01	4.647065e+00	-1.249650e-07	
5.754760e-01	3.103184e-15	5.567006e-01	5.165530e-01	1.068295e+00	2.637284e-02	8.962210e-02	1.255355e-01	1.187483e-01	3.252617e-01	2.507239e-02	1.530549e-01	1.106286e+00	7.748358e-01	2.722018e-02	5.248144e-02	3.878579e+00	6.072104e-01	1.779540e-01	1.058063e+00	1.085439e-01	1.329643e+00	4.308380e-01	1.795014e-01	1.609822e-01	2.885622e-01	2.721596e-01	2.083815e-01	3.905128e-02	5.078019e-02	1.128403e+00	1.115428e+00	2.232257e-01	4.646234e+00	5.570623e-08	
5.754761e-01	9.224009e-17	5.568088e-01	5.161131e-01	1.068089e+00	2.637117e-02	8.960377e-02	1.255370e-01	1.187523e-01	3.252615e-01	2.507398e-02	1.530631e-01	1.106373e+00	7.748282e-01	2.722430e-02	5.247845e-02	3.878353e+00	6.070070e-01	1.779776e-01	1.058070e+00	1.085341e-01	1.329719e+00	4.309038e-01	1.795262e-01	1.610088e-01	2.885680e-01	2.722013e-01	2.083515e-01	3.906019e-02	5.080458e-02	1.128657e+00	1.115335e+00	2.232210e-01	4.646293e+00	9.604171e-09	
5.754762e-01	6.724435e-17	5.567069e-01	5.163614e-01	1.067999e+00	2.636725e-02	8.957338e-02	1.255345e-01	1.187442e-01	3.252622e-01	2.508186e-02	1.529695e-01	1.106677e+00	7.748337e-01	2.722373e-02	5.248635e-02	3.878509e+00	6.070186e-01	1.779842e-01	1.058042e+00	1.085328e-01	1.329757e+00	4.308778e-01	1.795628e-01	1.610638e-01	2.885981e-01	2.722526e-01	2.083011e-01	3.906474e-02	5.079506e-02	1.128614e+00	1.115336e+00	2.232803e-01	4.645795e+00	8.200265e-09	
5.754772e-01	0.000000e+00	5.566158e-01	5.166722e-01	1.068236e+00	2.637267e-02	8.963822e-02	1.255404e-01	1.187881e-01	3.252621e-01	2.507524e-02	1.529623e-01	1.106311e+00	7.748324e-01	2.722950e-02	5.248726e-02	3.878699e+00	6.072522e-01	1.779611e-01	1.058243e+00	1.085416e-01	1.329448e+00	4.307475e-01	1.795358e-01	1.610110e-01	2.885628e-01	2.721845e-01	2.083768e-01	3.905937e-02	5.075354e-02	1.128456e+00	1.115488e+00	2.231913e-01	4.646466e+00	-1.569046e-07	
5.754765e-01	6.418131e-18	5.566967e-01	5.170625e-01	1.068612e+00	2.638095e-02	8.969290e-02	1.255340e-01	1.187987e-01	3.252622e-01	2.507775e-02	1.530069e-01	1.106650e+00	7.748346e-01	2.722918e-02	5.247681e-02	3.878990e+00	6.074643e-01	1.779005e-01	1.057787e+00	1.085425e-01	1.329501e+00	4.307962e-01	1.795566e-01	1.610016e-01	2.885321e-01	2.721573e-01	2.085601e-01	3.904977e-02	5.079055e-02	1.128383e+00	1.115443e+00	2.229976e-01	4.646611e+00	2.533403e-09	
5.754773e-01	0.000000e+00	5.567500e-01	5.166145e-01	1.068274e+00	2.637167e-02	8.966664e-02	1.255326e-01	1.187419e-01	3.252617e-01	2.507801e-02	1.531286e-01	1.106023e+00	7.748446e-01	2.722607e-02	5.248570e-02	3.878423e+00	6.073045e-01	1.779831e-01	1.058179e+00	1.085451e-01	1.329804e+00	4.309953e-01	1.795231e-01	1.610141e-01	2.885966e-01	2.722327e-01	2.082376e-01	3.904464e-02	5.084124e-02	1.128599e+00	1.115363e+00	2.230697e-01	4.646352e+00	-1.513170e-07	
5.754761e-01	1.072505e-16	5.567084e-01	5.166871e-01	1.068209e+00	2.636880e-02	8.964656e-02	1.255356e-01	1.188069e-01	3.252598e-01	2.506963e-02	1.530678e-01	1.106342e+00	7.748400e-01	2.721849e-02	5.248374e-02	3.878708e+00	6.071852e-01	1.779776e-01	1.058374e+00	1.085475e-01	1.329552e+00	4.308378e-01	1.795057e-01	1.609909e-01	2.885881e-01	2.721496e-01	2.083518e-01	3.905750e-02	5.078593e-02	1.128451e+00	1.115448e+00	2.232114e-01	4.645809e+00	1.035618e-08	
5.754774e-01	0.000000e+00	5.568723e-01	5.160616e-01	1.068286e+00	2.637655e-02	8.967142e-02	1.255455e-01	1.187772e-01	3.252593e-01	2.507221e-02	1.530759e-01	1.106077e+00	7.748098e-01	2.723016e-02	5.248053e-02	3.878499e+00	6.071867e-01	1.779490e-01	1.058223e+00	1.085368e-01	1.329424e+00	4.309267e-01	1.795507e-01	1.609477e-01	2.885396e-01	2.721634e-01	2.083838e-01	3.905095e-02	5.078258e-02	1.128527e+00	1.115465e+00	2.230655e-01	4.646754e+00	-5.843994e-08	
5.754760e-01	1.567071e-16	5.568595e-01	5.170806e-01	1.068275e+00	2.637280e-02	8.965451e-02	1.255383e-01	1.187607e-01	3.252608e-01	2.508436e-02	1.530847e-01	1.106599e+00	7.748384e-01	2.722351e-02	5.248248e-02	3.878946e+00	6.075030e-01	1.779652e-01	1.057947e+00	1.085430e-01	1.329919e+00	4.307110e-01	1.794923e-01	1.610061e-01	2.885208e-01	2.720477e-01	2.082834e-01	3.906858e-02	5.082955e-02	1.128425e+00	1.115472e+00	2.230666e-01	4.645853e+00	1.251827e-08	
5.754747e-01	4.057967e-14	5.568519e-01	5.160729e-01	1.067898e+00	2.636833e-02	8.953278e-02	1.255292e-01	1.187542e-01	3.252613e-01	2.508296e-02	1.529359e-01	1.106786e+00	7.748351e-01	2.722476e-02	5.248462e-02	3.878124e+00	6.071250e-01	1.779779e-01	1.057821e+00	1.085250e-01	1.329885e+00	4.306950e-01	1.795692e-01	1.610891e-01	2.885806e-01	2.722141e-01	2.082466e-01	3.905068e-02	5.080797e-02	1.128537e+00	1.115302e+00	2.233178e-01	4.645961e+00	2.014440e-07	
5.754774e-01	0.000000e+00	5.568690e-01	5.160074e-01	1.068151e+00	2.637266e-02	8.959564e-02	1.255390e-01	1.187280e-01	3.252616e-01	2.508989e-02	1.530352e-01	1.106345e+00	7.748338e-01	2.722363e-02	5.248004e-02	3.878229e+00	6.069648e-01	1.779583e-01	1.057864e+00	1.085368e-01	1.329874e+00	4.307739e-01	1.795013e-01	1.610168e-01	2.885459e-01	2.721050e-01	2.082779e-01	3.903800e-02	5.081820e-02	1.128425e+00	1.115396e+00	2.232749e-01	4.646272e+00	-1.725191e-07	
5.754759e-01	9.462765e-16	5.564640e-01	5.171238e-01	1.068532e+00	2.637091e-02	8.970326e-02	1.255290e-01	1.187601e-01	3.252654e-01	2.509721e-02	1.529379e-01	1.106502e+00	7.748597e-01	2.723553e-02	5.249232e-02	3.878808e+00	6.077260e-01	1.779330e-01	1.057762e+00	1.085464e-01	1.329839e+00	4.306686e-01	1.795575e-01	1.611061e-01	2.885880e-01	2.722998e-01	2.083805e-01	3.904327e-02	5.083903e-02	1.128340e+00	1.115419e+00	2.230327e-01	4.646100e+00	3.076161e-08	
5.754763e-01	4.041093e-17	5.568292e-01	5.161667e-01	1.068125e+00	2.636976e-02	8.960041e-02	1.255422e-01	1.187540e-01	3.252605e-01	2.507999e-02	1.531014e-01	1.106151e+00	7.748393e-01	2.722401e-02	5.248474e-02	3.878284e+00	6.070253e-01	1.779779e-01	1.058020e+00	1.085411e-01	1.329939e+00	4.308299e-01	1.795215e-01	1.610286e-01	2.885408e-01	2.721473e-01	2.082448e-01	3.905006e-02	5.081359e-02	1.128478e+00	1.115454e+00	2.232734e-01	4.645991e+00	6.356959e-09	
5.754759e-01	1.384389e-15	5.568906e-01	5.156928e-01	1.067924e+00	2.636629e-02	8.956940e-02	1.255465e-01	1.187911e-01	3.252608e-01	2.509379e-02	1.530553e-01	1.106346e+00	7.748328e-01	2.722552e-02	5.248402e-02	3.878201e+00	6.069334e-01	1.779697e-01	1.058020e+00	1.085367e-01	1.329827e+00	4.307217e-01	1.795477e-01	1.610360e-01	2.885278e-01	2.721051e-01	2.082231e-01	3.905676e-02	5.082129e-02	1.128489e+00	1.115449e+00	2.233817e-01	4.645756e+00	3.720738e-08	
5.754760e-01	2.033972e-15	5.567903e-01	5.162484e-01	1.068062e+00	2.636967e-02	8.953865e-02	1.255360e-01	1.187279e-01	3.252629e-01	2.508822e-02	1.529154e-01	1.106645e+00	7.748374e-01	2.722341e-02	5.248629e-02	3.878276e+00	6.070523e-01	1.779669e-01	1.057836e+00	1.085324e-01	1.329909e+00	4.307023e-01	1.796040e-01	1.611025e-01	2.885765e-01	2.721812e-01	2.083419e-01	3.905411e-02	5.080909e-02	1.128482e+00	1.115414e+00	2.233157e-01	4.645706e+00	4.509958e-08	
5.754760e-01	1.851658e-16	5.566714e-01	5.168111e-01	1.068239e+00	2.637181e-02	8.962494e-02	1.255385e-01	1.187921e-01	3.252619e-01	2.508168e-02	1.530771e-01	1.106482e+00	7.748488e-01	2.722269e-02	5.248019e-02	3.878529e+00	6.072470e-01	1.779614e-01	1.058128e+00	1.085450e-01	1.329642e+00	4.308382e-01	1.794966e-01	1.610316e-01	2.885994e-01	2.720864e-01	2.082364e-01	3.905737e-02	5.078633e-02	1.128426e+00	1.115460e+00	2.232806e-01	4.645861e+00	1.360756e-08	
5.754761e-01	2.514859e-16	5.566726e-01	5.163475e-01	1.068161e+00	2.636722e-02	8.959223e-02	1.255427e-01	1.187699e-01	3.252625e-01	2.508030e-02	1.529943e-01	1.106301e+00	7.748333e-01	2.723085e-02	5.249007e-02	3.878627e+00	6.069961e-01	1.779748e-01	1.058213e+00	1.085450e-01	1.329755e+00	4.307187e-01	1.796016e-01	1.610956e-01	2.885887e-01	2.721963e-01	2.084131e-01	3.906529e-02	5.078770e-02	1.128451e+00	1.115506e+00	2.232465e-01	4.646094e+00	1.585831e-08	
5.754758e-01	6.532057e-12	5.568696e-01	5.159205e-01	1.068291e+00	2.638138e-02	8.965040e-02	1.255395e-01	1.187796e-01	3.252590e-01	2.507557e-02	1.530919e-01	1.106123e+00	7.748233e-01	2.722382e-02	5.247087e-02	3.878504e+00	6.071492e-01	1.779404e-01	1.058107e+00	1.085426e-01	1.329489e+00	4.308503e-01	1.794878e-01	1.609039e-01	2.885285e-01	2.720895e-01	2.083910e-01	3.904028e-02	5.078151e-02	1.128426e+00	1.115452e+00	2.231505e-01	4.646988e+00	2.555789e-06	
5.754760e-01	5.263258e-15	5.567063e-01	5.161758e-01	1.068254e+00	2.637271e-02	8.957897e-02	1.255407e-01	1.187546e-01	3.252625e-01	2.508653e-02	1.529545e-01	1.106568e+00	7.748290e-01	2.722744e-02	5.249075e-02	3.878562e+00	6.071614e-01	1.779697e-01	1.058065e+00	1.085371e-01	1.329737e+00	4.307332e-01	1.795671e-01	1.610417e-01	2.885280e-01	2.721889e-01	2.083826e-01	3.906628e-02	5.078610e-02	1.128464e+00	1.115451e+00	2.232347e-01	4.646000e+00	7.254831e-08	
5.754762e-01	7.603506e-17	5.568531e-01	5.163946e-01	1.068227e+00	2.637277e-02	8.961399e-02	1.255464e-01	1.188283e-01	3.252611e-01	2.508048e-02	1.530521e-01	1.106437e+00	7.748250e-01	2.723067e-02	5.248608e-02	3.878501e+00	6.071325e-01	1.779565e-01	1.058075e+00	1.085360e-01	1.329615e+00	4.307673e-01	1.795682e-01	1.610535e-01	2.885608e-01	2.722046e-01	2.082698e-01	3.906383e-02	5.079267e-02	1.128534e+00	1.115423e+00	2.231536e-01	4.646294e+00	8.719809e-09	
