f	phi	x(1)	x(2)	x(3)	x(4)	x(5)	x(6)	x(7)	x(8)	x(9)	x(10)	x(11)	x(12)	x(13)	x(14)	x(15)	x(16)	x(17)	x(18)	x(19)	x(20)	x(21)	x(22)	x(23)	x(24)	x(25)	x(26)	x(27)	x(28)	x(29)	x(30)	x(31)	x(32)	g(1)	
5.754772e-01	0.000000e+00	5.557999e-01	5.169647e-01	1.064026e+00	2.622681e-02	8.951473e-02	1.255207e-01	1.188208e-01	3.252611e-01	2.497073e-02	1.531981e-01	1.105454e+00	7.748826e-01	2.723159e-02	5.256327e-02	3.877666e+00	6.069546e-01	1.777269e-01	1.057623e+00	1.087491e-01	1.331989e+00	4.314199e-01	1.802845e-01	1.615141e-01	2.895513e-01	2.733260e-01	2.075273e-01	3.909663e-02	5.093094e-02	1.124558e+00	1.117315e+00	2.228165e-01	4.656072e+00	-3.390208e-08	
5.754772e-01	0.000000e+00	5.557789e-01	5.170137e-01	1.064010e+00	2.622012e-02	8.950982e-02	1.255220e-01	1.188388e-01	3.252615e-01	2.496467e-02	1.531578e-01	1.105386e+00	7.748852e-01	2.723535e-02	5.254827e-02	3.877612e+00	6.070978e-01	1.777196e-01	1.057696e+00	1.087548e-01	1.331949e+00	4.313859e-01	1.803601e-01	1.615204e-01	2.895151e-01	2.732363e-01	2.074608e-01	3.909776e-02	5.091043e-02	1.124672e+00	1.117262e+00	2.228425e-01	4.655840e+00	-3.104832e-08	
5.754773e-01	0.000000e+00	5.557358e-01	5.170564e-01	1.064018e+00	2.622611e-02	8.955216e-02	1.255193e-01	1.187735e-01	3.252621e-01	2.496938e-02	1.531536e-01	1.105594e+00	7.748849e-01	2.722927e-02	5.255488e-02	3.877622e+00	6.069987e-01	1.777135e-01	1.057619e+00	1.087486e-01	1.331837e+00	4.313149e-01	1.803802e-01	1.615023e-01	2.895303e-01	2.733518e-01	2.077805e-01	3.908155e-02	5.093061e-02	1.124432e+00	1.117368e+00	2.227957e-01	4.655733e+00	-7.634000e-08	
5.754774e-01	0.000000e+00	5.557237e-01	5.171426e-01	1.064007e+00	2.622900e-02	8.975629e-02	1.255071e-01	1.187356e-01	3.252618e-01	2.497262e-02	1.530934e-01	1.105746e+00	7.748863e-01	2.722478e-02	5.253523e-02	3.877561e+00	6.070618e-01	1.776912e-01	1.057389e+00	1.087457e-01	1.331838e+00	4.312851e-01	1.803619e-01	1.614884e-01	2.895124e-01	2.734390e-01	2.076459e-01	3.908387e-02	5.091408e-02	1.124606e+00	1.117216e+00	2.226061e-01	4.655836e+00	-6.301013e-08	
5.754774e-01	0.000000e+00	5.558332e-01	5.171083e-01	1.063974e+00	2.623280e-02	8.973002e-02	1.255121e-01	1.187714e-01	3.252624e-01	2.496838e-02	1.531226e-01	1.105670e+00	7.748882e-01	2.722950e-02	5.255803e-02	3.877676e+00	6.070322e-01	1.777182e-01	1.057460e+00	1.087465e-01	1.332376e+00	4.313296e-01	1.802755e-01	1.615066e-01	2.893529e-01	2.732504e-01	2.079292e-01	3.904473e-02	5.093945e-02	1.124446e+00	1.117308e+00	2.227302e-01	4.655573e+00	-2.824923e-08	
5.754775e-01	0.000000e+00	5.557150e-01	5.175153e-01	1.063925e+00	2.622801e-02	8.986291e-02	1.255018e-01	1.186292e-01	3.252639e-01	2.496249e-02	1.530826e-01	1.106046e+00	7.748921e-01	2.722348e-02	5.253362e-02	3.877671e+00	6.071777e-01	1.777004e-01	1.057242e+00	1.087506e-01	1.332241e+00	4.312402e-01	1.802212e-01	1.614539e-01	2.893150e-01	2.733013e-01	2.081270e-01	3.902814e-02	5.095157e-02	1.124194e+00	1.117424e+00	2.226103e-01	4.655094e+00	-5.042064e-08	
5.754775e-01	0.000000e+00	5.557328e-01	5.170479e-01	1.063999e+00	2.622830e-02	8.954961e-02	1.255107e-01	1.187466e-01	3.252614e-01	2.496884e-02	1.531469e-01	1.105609e+00	7.748877e-01	2.722868e-02	5.254820e-02	3.877500e+00	6.071074e-01	1.777245e-01	1.057669e+00	1.087501e-01	1.331886e+00	4.313497e-01	1.803478e-01	1.615014e-01	2.895428e-01	2.733172e-01	2.075822e-01	3.908717e-02	5.093118e-02	1.124604e+00	1.117265e+00	2.228123e-01	4.655857e+00	-7.826248e-08	
5.754777e-01	0.000000e+00	5.557474e-01	5.172332e-01	1.063984e+00	2.622591e-02	8.968103e-02	1.255067e-01	1.187262e-01	3.252630e-01	2.496539e-02	1.531533e-01	1.105738e+00	7.748876e-01	2.722467e-02	5.254897e-02	3.878122e+00	6.070560e-01	1.777104e-01	1.057444e+00	1.087531e-01	1.332386e+00	4.312938e-01	1.801656e-01	1.614794e-01	2.894003e-01	2.732894e-01	2.078664e-01	3.906052e-02	5.096375e-02	1.124360e+00	1.117422e+00	2.226994e-01	4.655178e+00	-4.470342e-08	
5.754777e-01	0.000000e+00	5.557892e-01	5.172380e-01	1.063971e+00	2.622609e-02	8.965644e-02	1.255188e-01	1.187789e-01	3.252624e-01	2.496427e-02	1.531218e-01	1.105584e+00	7.748880e-01	2.723210e-02	5.256114e-02	3.877842e+00	6.069881e-01	1.777169e-01	1.057488e+00	1.087513e-01	1.332127e+00	4.313162e-01	1.803277e-01	1.614863e-01	2.893963e-01	2.732564e-01	2.078544e-01	3.905992e-02	5.093103e-02	1.124403e+00	1.117398e+00	2.226904e-01	4.655447e+00	-1.109783e-07	
5.754778e-01	0.000000e+00	5.557026e-01	5.173524e-01	1.063982e+00	2.622516e-02	8.966969e-02	1.255100e-01	1.187223e-01	3.252621e-01	2.496274e-02	1.531137e-01	1.105737e+00	7.748924e-01	2.722778e-02	5.253064e-02	3.877518e+00	6.072334e-01	1.777112e-01	1.057554e+00	1.087544e-01	1.332092e+00	4.313462e-01	1.802319e-01	1.614895e-01	2.894535e-01	2.732262e-01	2.075896e-01	3.908254e-02	5.092777e-02	1.124650e+00	1.117237e+00	2.227682e-01	4.655585e+00	-2.477720e-08	
5.754779e-01	0.000000e+00	5.557452e-01	5.169779e-01	1.064022e+00	2.622712e-02	8.964177e-02	1.255114e-01	1.187713e-01	3.252620e-01	2.496879e-02	1.531290e-01	1.105533e+00	7.748843e-01	2.722952e-02	5.255227e-02	3.877591e+00	6.069835e-01	1.777062e-01	1.057569e+00	1.087472e-01	1.331943e+00	4.312910e-01	1.804309e-01	1.615034e-01	2.894867e-01	2.733172e-01	2.077887e-01	3.907020e-02	5.093524e-02	1.124525e+00	1.117269e+00	2.227774e-01	4.655646e+00	-1.684198e-07	
5.754776e-01	0.000000e+00	5.557401e-01	5.171052e-01	1.063983e+00	2.623327e-02	8.970756e-02	1.255077e-01	1.186981e-01	3.252627e-01	2.496629e-02	1.531273e-01	1.105693e+00	7.748857e-01	2.722734e-02	5.255497e-02	3.877487e+00	6.069716e-01	1.777144e-01	1.057455e+00	1.087455e-01	1.332125e+00	4.312994e-01	1.802834e-01	1.614954e-01	2.894257e-01	2.733100e-01	2.080675e-01	3.903922e-02	5.095792e-02	1.124408e+00	1.117334e+00	2.227161e-01	4.655532e+00	-5.893486e-09	
5.754779e-01	0.000000e+00	5.557389e-01	5.171597e-01	1.063985e+00	2.623298e-02	8.965318e-02	1.255075e-01	1.187233e-01	3.252622e-01	2.496713e-02	1.531214e-01	1.105772e+00	7.748900e-01	2.722919e-02	5.255801e-02	3.877384e+00	6.070955e-01	1.777252e-01	1.057472e+00	1.087476e-01	1.332106e+00	4.313429e-01	1.802523e-01	1.614828e-01	2.894480e-01	2.733959e-01	2.078255e-01	3.905696e-02	5.094120e-02	1.124497e+00	1.117314e+00	2.227004e-01	4.655780e+00	-1.602117e-07	
5.754780e-01	0.000000e+00	5.557453e-01	5.174130e-01	1.063902e+00	2.623167e-02	8.986415e-02	1.254997e-01	1.186846e-01	3.252629e-01	2.496074e-02	1.530919e-01	1.106086e+00	7.748926e-01	2.722440e-02	5.252904e-02	3.877603e+00	6.071620e-01	1.777170e-01	1.057321e+00	1.087543e-01	1.332437e+00	4.313230e-01	1.800658e-01	1.614720e-01	2.893749e-01	2.732877e-01	2.078408e-01	3.904313e-02	5.094172e-02	1.124413e+00	1.117365e+00	2.226101e-01	4.655526e+00	-5.074174e-08	
5.754780e-01	0.000000e+00	5.557336e-01	5.173673e-01	1.063919e+00	2.623090e-02	8.973420e-02	1.255075e-01	1.187279e-01	3.252622e-01	2.496591e-02	1.531244e-01	1.105866e+00	7.748907e-01	2.722559e-02	5.255023e-02	3.877833e+00	6.070510e-01	1.777194e-01	1.057511e+00	1.087476e-01	1.332137e+00	4.313128e-01	1.802623e-01	1.614889e-01	2.894198e-01	2.732923e-01	2.077852e-01	3.905936e-02	5.093498e-02	1.124379e+00	1.117387e+00	2.226469e-01	4.655487e+00	-1.170289e-07	
5.754781e-01	0.000000e+00	5.557143e-01	5.172655e-01	1.063994e+00	2.623121e-02	8.964226e-02	1.255087e-01	1.187460e-01	3.252623e-01	2.496000e-02	1.531171e-01	1.105720e+00	7.748912e-01	2.723315e-02	5.255261e-02	3.877507e+00	6.071528e-01	1.777264e-01	1.057604e+00	1.087486e-01	1.332072e+00	4.313291e-01	1.802540e-01	1.614896e-01	2.894324e-01	2.733297e-01	2.077317e-01	3.905453e-02	5.094970e-02	1.124572e+00	1.117283e+00	2.227890e-01	4.655497e+00	-7.353555e-08	
5.754781e-01	0.000000e+00	5.558023e-01	5.171453e-01	1.063945e+00	2.623166e-02	8.972943e-02	1.255099e-01	1.187892e-01	3.252624e-01	2.496701e-02	1.531239e-01	1.105787e+00	7.748895e-01	2.722450e-02	5.253965e-02	3.877724e+00	6.070948e-01	1.777151e-01	1.057437e+00	1.087495e-01	1.332217e+00	4.313212e-01	1.803767e-01	1.614940e-01	2.894391e-01	2.732619e-01	2.077943e-01	3.905313e-02	5.092436e-02	1.124522e+00	1.117275e+00	2.226937e-01	4.655569e+00	-7.720007e-08	
5.754781e-01	0.000000e+00	5.557497e-01	5.170663e-01	1.063980e+00	2.623581e-02	8.971756e-02	1.255065e-01	1.187538e-01	3.252616e-01	2.496584e-02	1.531269e-01	1.105662e+00	7.748888e-01	2.723278e-02	5.257070e-02	3.877609e+00	6.069331e-01	1.777333e-01	1.057545e+00	1.087445e-01	1.332276e+00	4.313065e-01	1.802577e-01	1.614868e-01	2.894412e-01	2.734003e-01	2.080118e-01	3.904344e-02	5.096835e-02	1.124516e+00	1.117321e+00	2.227179e-01	4.655548e+00	-2.799098e-08	
5.754781e-01	0.000000e+00	5.558308e-01	5.171939e-01	1.063966e+00	2.622771e-02	8.967789e-02	1.255157e-01	1.187668e-01	3.252618e-01	2.496702e-02	1.531340e-01	1.105618e+00	7.748858e-01	2.723339e-02	5.255456e-02	3.877760e+00	6.069416e-01	1.777277e-01	1.057566e+00	1.087478e-01	1.332192e+00	4.313555e-01	1.802909e-01	1.615010e-01	2.893924e-01	2.731793e-01	2.079825e-01	3.905313e-02	5.093799e-02	1.124390e+00	1.117362e+00	2.228280e-01	4.655755e+00	-7.836242e-08	
5.754782e-01	0.000000e+00	5.557858e-01	5.170932e-01	1.063980e+00	2.622473e-02	8.950031e-02	1.255189e-01	1.188171e-01	3.252621e-01	2.496701e-02	1.531557e-01	1.105538e+00	7.748851e-01	2.723641e-02	5.256042e-02	3.877683e+00	6.069882e-01	1.777222e-01	1.057701e+00	1.087499e-01	1.331970e+00	4.313581e-01	1.803882e-01	1.615143e-01	2.895031e-01	2.732263e-01	2.077472e-01	3.907201e-02	5.092861e-02	1.124492e+00	1.117347e+00	2.228548e-01	4.655796e+00	-8.340241e-08	
5.754782e-01	0.000000e+00	5.557235e-01	5.172206e-01	1.063976e+00	2.623287e-02	8.985076e-02	1.254946e-01	1.187149e-01	3.252626e-01	2.496567e-02	1.530707e-01	1.105839e+00	7.748916e-01	2.722637e-02	5.254591e-02	3.877151e+00	6.072035e-01	1.777093e-01	1.057376e+00	1.087484e-01	1.332348e+00	4.312952e-01	1.802042e-01	1.614673e-01	2.893813e-01	2.734239e-01	2.078886e-01	3.904506e-02	5.094188e-02	1.124622e+00	1.117217e+00	2.225737e-01	4.655577e+00	-1.903796e-08	
5.754782e-01	0.000000e+00	5.556951e-01	5.171680e-01	1.063999e+00	2.623222e-02	8.968698e-02	1.255021e-01	1.186516e-01	3.252624e-01	2.496639e-02	1.531041e-01	1.105775e+00	7.748908e-01	2.722436e-02	5.253802e-02	3.877351e+00	6.071285e-01	1.777143e-01	1.057469e+00	1.087483e-01	1.331989e+00	4.313035e-01	1.801984e-01	1.614691e-01	2.894599e-01	2.733916e-01	2.077650e-01	3.907091e-02	5.095870e-02	1.124638e+00	1.117300e+00	2.226931e-01	4.655493e+00	-1.608926e-07	
5.754782e-01	0.000000e+00	5.557845e-01	5.171681e-01	1.063971e+00	2.622825e-02	8.965249e-02	1.255118e-01	1.187523e-01	3.252611e-01	2.496200e-02	1.531776e-01	1.105588e+00	7.748888e-01	2.722903e-02	5.254733e-02	3.877786e+00	6.070803e-01	1.777458e-01	1.057679e+00	1.087523e-01	1.332382e+00	4.314251e-01	1.800662e-01	1.615012e-01	2.894782e-01	2.731977e-01	2.075488e-01	3.906997e-02	5.093456e-02	1.124591e+00	1.117276e+00	2.228409e-01	4.655625e+00	-6.154992e-08	
5.754783e-01	0.000000e+00	5.557990e-01	5.174671e-01	1.063900e+00	2.623378e-02	8.989383e-02	1.255013e-01	1.186646e-01	3.252626e-01	2.496430e-02	1.531081e-01	1.105921e+00	7.748916e-01	2.722454e-02	5.255017e-02	3.877524e+00	6.070565e-01	1.777286e-01	1.057317e+00	1.087492e-01	1.332672e+00	4.313475e-01	1.800567e-01	1.614796e-01	2.893392e-01	2.732606e-01	2.080498e-01	3.903242e-02	5.094727e-02	1.124318e+00	1.117350e+00	2.226810e-01	4.655637e+00	-6.106288e-08	
5.754783e-01	0.000000e+00	5.557170e-01	5.172632e-01	1.063950e+00	2.622683e-02	8.966378e-02	1.255090e-01	1.187752e-01	3.252609e-01	2.496760e-02	1.531089e-01	1.105641e+00	7.748884e-01	2.723713e-02	5.256763e-02	3.877133e+00	6.070409e-01	1.777280e-01	1.057592e+00	1.087445e-01	1.331973e+00	4.313594e-01	1.802516e-01	1.614931e-01	2.895270e-01	2.734626e-01	2.077432e-01	3.907412e-02	5.093594e-02	1.124613e+00	1.117248e+00	2.227158e-01	4.656079e+00	-9.984674e-08	
5.754783e-01	0.000000e+00	5.557916e-01	5.170504e-01	1.064000e+00	2.623181e-02	8.967433e-02	1.255125e-01	1.187912e-01	3.252620e-01	2.497025e-02	1.531654e-01	1.105703e+00	7.748869e-01	2.722485e-02	5.255554e-02	3.877749e+00	6.069865e-01	1.777198e-01	1.057411e+00	1.087482e-01	1.332158e+00	4.313448e-01	1.802831e-01	1.614915e-01	2.894794e-01	2.733363e-01	2.077543e-01	3.907037e-02	5.092263e-02	1.124503e+00	1.117337e+00	2.226773e-01	4.655738e+00	-1.965958e-07	
5.754783e-01	0.000000e+00	5.558249e-01	5.172848e-01	1.063953e+00	2.622780e-02	8.977145e-02	1.255119e-01	1.187697e-01	3.252617e-01	2.497126e-02	1.531176e-01	1.105770e+00	7.748890e-01	2.722356e-02	5.254699e-02	3.878017e+00	6.070112e-01	1.777043e-01	1.057412e+00	1.087495e-01	1.332338e+00	4.312940e-01	1.802227e-01	1.615005e-01	2.894157e-01	2.732481e-01	2.079108e-01	3.906898e-02	5.090597e-02	1.124455e+00	1.117322e+00	2.226335e-01	4.655634e+00	-7.007982e-08	
5.754784e-01	0.000000e+00	5.557546e-01	5.172294e-01	1.063980e+00	2.623025e-02	8.969460e-02	1.255083e-01	1.187601e-01	3.252615e-01	2.496485e-02	1.531191e-01	1.105733e+00	7.748909e-01	2.722810e-02	5.255001e-02	3.877510e+00	6.070960e-01	1.777214e-01	1.057501e+00	1.087499e-01	1.332085e+00	4.313203e-01	1.802934e-01	1.614864e-01	2.894402e-01	2.733046e-01	2.076847e-01	3.906563e-02	5.091793e-02	1.124590e+00	1.117274e+00	2.226883e-01	4.655574e+00	-2.032897e-07	
5.754763e-01	6.409732e-15	5.557937e-01	5.169880e-01	1.064024e+00	2.622914e-02	8.964532e-02	1.255147e-01	1.187462e-01	3.252625e-01	2.496763e-02	1.531667e-01	1.105462e+00	7.748837e-01	2.723019e-02	5.255819e-02	3.877639e+00	6.069613e-01	1.777329e-01	1.057534e+00	1.087491e-01	1.332154e+00	4.313747e-01	1.801561e-01	1.614881e-01	2.894609e-01	2.732944e-01	2.078800e-01	3.905893e-02	5.096255e-02	1.124373e+00	1.117426e+00	2.228304e-01	4.655632e+00	8.006080e-08	
5.754784e-01	0.000000e+00	5.557344e-01	5.170427e-01	1.064065e+00	2.622848e-02	8.968021e-02	1.255104e-01	1.187311e-01	3.252617e-01	2.497202e-02	1.531156e-01	1.105662e+00	7.748844e-01	2.722919e-02	5.255047e-02	3.877565e+00	6.070231e-01	1.777106e-01	1.057560e+00	1.087460e-01	1.331946e+00	4.312923e-01	1.803281e-01	1.614921e-01	2.894962e-01	2.734263e-01	2.078578e-01	3.908145e-02	5.094023e-02	1.124570e+00	1.117263e+00	2.226937e-01	4.655858e+00	-2.407449e-07	
5.754784e-01	0.000000e+00	5.556914e-01	5.170403e-01	1.064052e+00	2.622634e-02	8.951871e-02	1.255100e-01	1.187485e-01	3.252617e-01	2.496775e-02	1.531261e-01	1.105559e+00	7.748864e-01	2.723239e-02	5.254237e-02	3.877364e+00	6.071376e-01	1.777102e-01	1.057780e+00	1.087469e-01	1.331774e+00	4.312975e-01	1.804293e-01	1.615035e-01	2.895507e-01	2.733594e-01	2.076103e-01	3.908589e-02	5.094103e-02	1.124694e+00	1.117163e+00	2.228571e-01	4.655938e+00	-8.298820e-08	
5.754784e-01	0.000000e+00	5.557397e-01	5.173539e-01	1.063976e+00	2.622765e-02	8.963836e-02	1.255097e-01	1.187283e-01	3.252619e-01	2.496737e-02	1.530999e-01	1.105613e+00	7.748885e-01	2.723081e-02	5.256406e-02	3.877489e+00	6.070386e-01	1.777069e-01	1.057414e+00	1.087486e-01	1.332049e+00	4.312854e-01	1.803268e-01	1.614919e-01	2.894452e-01	2.733120e-01	2.079583e-01	3.906396e-02	5.092569e-02	1.124547e+00	1.117273e+00	2.227034e-01	4.655715e+00	-2.317149e-07	
5.754784e-01	0.000000e+00	5.557223e-01	5.171795e-01	1.063954e+00	2.623197e-02	8.970032e-02	1.255046e-01	1.187363e-01	3.252612e-01	2.496513e-02	1.531083e-01	1.105756e+00	7.748903e-01	2.723215e-02	5.256297e-02	3.877303e+00	6.070306e-01	1.777221e-01	1.057473e+00	1.087469e-01	1.332260e+00	4.313509e-01	1.802218e-01	1.614885e-01	2.894828e-01	2.733845e-01	2.078314e-01	3.906081e-02	5.093690e-02	1.124604e+00	1.117259e+00	2.226776e-01	4.655814e+00	-7.360763e-08	
5.754786e-01	0.000000e+00	5.557797e-01	5.172639e-01	1.063987e+00	2.623448e-02	8.972442e-02	1.255050e-01	1.187127e-01	3.252627e-01	2.496554e-02	1.531229e-01	1.105787e+00	7.748912e-01	2.722995e-02	5.256664e-02	3.877518e+00	6.071125e-01	1.777351e-01	1.057424e+00	1.087455e-01	1.332330e+00	4.312985e-01	1.801498e-01	1.614712e-01	2.893711e-01	2.733336e-01	2.080238e-01	3.903431e-02	5.097849e-02	1.124379e+00	1.117373e+00	2.227317e-01	4.655493e+00	-1.332348e-07	
5.754786e-01	0.000000e+00	5.557510e-01	5.169968e-01	1.064012e+00	2.622870e-02	8.967004e-02	1.255087e-01	1.187423e-01	3.252619e-01	2.496254e-02	1.531311e-01	1.105533e+00	7.748897e-01	2.723066e-02	5.253424e-02	3.877554e+00	6.071086e-01	1.777241e-01	1.057766e+00	1.087487e-01	1.332032e+00	4.313330e-01	1.802477e-01	1.615103e-01	2.894921e-01	2.732447e-01	2.075216e-01	3.907185e-02	5.094197e-02	1.124701e+00	1.117206e+00	2.228390e-01	4.655610e+00	-3.748176e-08	
5.754786e-01	0.000000e+00	5.557662e-01	5.171816e-01	1.063998e+00	2.623119e-02	8.972653e-02	1.255082e-01	1.188057e-01	3.252611e-01	2.497104e-02	1.531109e-01	1.105713e+00	7.748883e-01	2.723122e-02	5.255783e-02	3.877402e+00	6.070653e-01	1.777157e-01	1.057561e+00	1.087479e-01	1.332174e+00	4.313400e-01	1.803651e-01	1.614847e-01	2.894484e-01	2.733066e-01	2.077459e-01	3.907769e-02	5.091234e-02	1.124682e+00	1.117196e+00	2.226726e-01	4.655944e+00	-1.023220e-07	
5.754778e-01	0.000000e+00	5.557340e-01	5.171022e-01	1.064006e+00	2.622980e-02	8.969682e-02	1.255095e-01	1.187340e-01	3.252627e-01	2.496897e-02	1.530948e-01	1.105670e+00	7.748856e-01	2.723368e-02	5.257105e-02	3.877459e+00	6.069977e-01	1.777135e-01	1.057428e+00	1.087463e-01	1.332033e+00	4.312695e-01	1.802926e-01	1.614844e-01	2.894263e-01	2.734312e-01	2.081366e-01	3.904640e-02	5.094978e-02	1.124427e+00	1.117358e+00	2.226386e-01	4.655596e+00	-1.105260e-07	
5.754787e-01	0.000000e+00	5.557278e-01	5.173894e-01	1.063917e+00	2.622020e-02	8.959684e-02	1.255106e-01	1.186933e-01	3.252623e-01	2.496083e-02	1.531298e-01	1.105748e+00	7.748894e-01	2.722337e-02	5.254058e-02	3.877720e+00	6.071494e-01	1.777221e-01	1.057667e+00	1.087539e-01	1.332067e+00	4.313459e-01	1.801899e-01	1.614813e-01	2.894730e-01	2.732668e-01	2.077824e-01	3.907239e-02	5.093504e-02	1.124342e+00	1.117469e+00	2.227465e-01	4.655311e+00	-1.512084e-07	
5.754787e-01	0.000000e+00	5.557636e-01	5.172267e-01	1.063994e+00	2.622304e-02	8.960689e-02	1.255116e-01	1.187911e-01	3.252613e-01	2.496863e-02	1.531467e-01	1.105623e+00	7.748871e-01	2.723145e-02	5.255164e-02	3.877826e+00	6.070151e-01	1.777152e-01	1.057571e+00	1.087490e-01	1.332153e+00	4.313750e-01	1.802008e-01	1.614899e-01	2.895199e-01	2.733863e-01	2.076462e-01	3.908222e-02	5.092136e-02	1.124540e+00	1.117295e+00	2.227573e-01	4.655905e+00	-1.170118e-07	
5.754787e-01	0.000000e+00	5.557440e-01	5.172902e-01	1.063943e+00	2.622254e-02	8.955804e-02	1.255146e-01	1.187791e-01	3.252615e-01	2.496642e-02	1.531314e-01	1.105681e+00	7.748874e-01	2.722915e-02	5.254947e-02	3.877714e+00	6.071141e-01	1.777064e-01	1.057654e+00	1.087514e-01	1.331874e+00	4.313533e-01	1.803025e-01	1.614988e-01	2.895382e-01	2.733006e-01	2.077135e-01	3.908645e-02	5.091212e-02	1.124525e+00	1.117311e+00	2.227591e-01	4.655904e+00	-1.627494e-07	
5.754788e-01	0.000000e+00	5.557949e-01	5.171070e-01	1.063994e+00	2.623854e-02	8.969177e-02	1.255085e-01	1.187557e-01	3.252610e-01	2.497162e-02	1.531215e-01	1.105588e+00	7.748892e-01	2.723315e-02	5.258393e-02	3.877255e+00	6.069114e-01	1.777336e-01	1.057543e+00	1.087408e-01	1.332291e+00	4.313566e-01	1.802852e-01	1.615115e-01	2.893916e-01	2.733613e-01	2.079147e-01	3.905442e-02	5.093505e-02	1.124541e+00	1.117299e+00	2.227355e-01	4.655946e+00	-1.433085e-07	
5.754776e-01	7.282947e-19	5.557375e-01	5.169389e-01	1.064028e+00	2.623033e-02	8.958224e-02	1.255127e-01	1.187935e-01	3.252620e-01	2.496725e-02	1.531098e-01	1.105523e+00	7.748848e-01	2.723674e-02	5.256654e-02	3.877222e+00	6.069525e-01	1.777222e-01	1.057627e+00	1.087448e-01	1.331946e+00	4.313261e-01	1.804125e-01	1.615040e-01	2.894745e-01	2.733377e-01	2.079019e-01	3.905998e-02	5.095101e-02	1.124582e+00	1.117215e+00	2.228812e-01	4.655979e+00	8.534018e-10	
5.754788e-01	0.000000e+00	5.557237e-01	5.171067e-01	1.064006e+00	2.622993e-02	8.951776e-02	1.255099e-01	1.188019e-01	3.252607e-01	2.496778e-02	1.531636e-01	1.105573e+00	7.748865e-01	2.723459e-02	5.257543e-02	3.877424e+00	6.070289e-01	1.777368e-01	1.057706e+00	1.087476e-01	1.331996e+00	4.313726e-01	1.802706e-01	1.615096e-01	2.895626e-01	2.734058e-01	2.076431e-01	3.908033e-02	5.092030e-02	1.124674e+00	1.117272e+00	2.227744e-01	4.655879e+00	-1.481722e-07	
5.754762e-01	5.520050e-15	5.558117e-01	5.172218e-01	1.063956e+00	2.622703e-02	8.972078e-02	1.255135e-01	1.187670e-01	3.252625e-01	2.496646e-02	1.531256e-01	1.105696e+00	7.748876e-01	2.722602e-02	5.254089e-02	3.877747e+00	6.069993e-01	1.777072e-01	1.057354e+00	1.087522e-01	1.332264e+00	4.313242e-01	1.802284e-01	1.614883e-01	2.893671e-01	2.732249e-01	2.079342e-01	3.906363e-02	5.093318e-02	1.124422e+00	1.117392e+00	2.227188e-01	4.655547e+00	7.429704e-08	
5.754788e-01	0.000000e+00	5.557667e-01	5.174248e-01	1.063959e+00	2.622904e-02	8.968496e-02	1.255098e-01	1.187466e-01	3.252622e-01	2.496824e-02	1.531082e-01	1.105899e+00	7.748886e-01	2.723168e-02	5.257239e-02	3.877497e+00	6.070203e-01	1.777126e-01	1.057339e+00	1.087461e-01	1.332144e+00	4.313032e-01	1.802704e-01	1.614688e-01	2.894009e-01	2.733831e-01	2.081845e-01	3.904836e-02	5.093448e-02	1.124346e+00	1.117373e+00	2.226383e-01	4.655789e+00	-2.593412e-07	
5.754765e-01	1.061164e-15	5.557357e-01	5.171251e-01	1.064003e+00	2.622700e-02	8.965855e-02	1.255083e-01	1.187735e-01	3.252621e-01	2.496465e-02	1.531076e-01	1.105657e+00	7.748879e-01	2.723327e-02	5.253475e-02	3.877332e+00	6.071906e-01	1.777225e-01	1.057651e+00	1.087503e-01	1.331923e+00	4.313224e-01	1.803628e-01	1.614931e-01	2.894405e-01	2.732566e-01	2.076927e-01	3.907031e-02	5.093810e-02	1.124640e+00	1.117190e+00	2.228246e-01	4.655884e+00	3.257551e-08	
5.754760e-01	1.010181e-14	5.558337e-01	5.170866e-01	1.063945e+00	2.622644e-02	8.955811e-02	1.255174e-01	1.188095e-01	3.252615e-01	2.497021e-02	1.531422e-01	1.105556e+00	7.748862e-01	2.722971e-02	5.255619e-02	3.877428e+00	6.069574e-01	1.777128e-01	1.057505e+00	1.087503e-01	1.332064e+00	4.314004e-01	1.802426e-01	1.615059e-01	2.894936e-01	2.731969e-01	2.077663e-01	3.908060e-02	5.090865e-02	1.124524e+00	1.117328e+00	2.228222e-01	4.655976e+00	1.005077e-07	
5.754771e-01	1.076007e-15	5.557167e-01	5.172537e-01	1.063984e+00	2.622838e-02	8.970677e-02	1.255035e-01	1.187177e-01	3.252626e-01	2.496541e-02	1.531318e-01	1.105820e+00	7.748893e-01	2.722348e-02	5.254020e-02	3.877707e+00	6.071767e-01	1.777063e-01	1.057503e+00	1.087512e-01	1.332205e+00	4.313119e-01	1.802464e-01	1.614806e-01	2.894426e-01	2.732802e-01	2.078468e-01	3.906873e-02	5.092911e-02	1.124499e+00	1.117280e+00	2.226947e-01	4.655532e+00	3.280255e-08	
5.754774e-01	4.468951e-16	5.557228e-01	5.171018e-01	1.064048e+00	2.623036e-02	8.968333e-02	1.255086e-01	1.187720e-01	3.252618e-01	2.496736e-02	1.531235e-01	1.105546e+00	7.748828e-01	2.723699e-02	5.256521e-02	3.877547e+00	6.069790e-01	1.777212e-01	1.057550e+00	1.087470e-01	1.332077e+00	4.313183e-01	1.803753e-01	1.614939e-01	2.894338e-01	2.733656e-01	2.079245e-01	3.906763e-02	5.094444e-02	1.124635e+00	1.117236e+00	2.227292e-01	4.655792e+00	2.113989e-08	
5.754769e-01	6.939275e-15	5.558236e-01	5.171547e-01	1.063932e+00	2.623244e-02	8.972081e-02	1.255125e-01	1.187394e-01	3.252624e-01	2.497080e-02	1.531179e-01	1.105837e+00	7.748901e-01	2.722695e-02	5.255579e-02	3.877546e+00	6.070148e-01	1.777194e-01	1.057337e+00	1.087474e-01	1.332345e+00	4.313304e-01	1.801942e-01	1.614838e-01	2.894128e-01	2.732860e-01	2.080355e-01	3.904909e-02	5.094316e-02	1.124370e+00	1.117382e+00	2.226466e-01	4.655739e+00	8.330231e-08	
5.754773e-01	1.847794e-15	5.557756e-01	5.172228e-01	1.063945e+00	2.623313e-02	8.968153e-02	1.255060e-01	1.187320e-01	3.252622e-01	2.496311e-02	1.531048e-01	1.105655e+00	7.748924e-01	2.722784e-02	5.254863e-02	3.877387e+00	6.071250e-01	1.777319e-01	1.057596e+00	1.087501e-01	1.332202e+00	4.313451e-01	1.802651e-01	1.614925e-01	2.893908e-01	2.732637e-01	2.078254e-01	3.904979e-02	5.094787e-02	1.124578e+00	1.117261e+00	2.227887e-01	4.655619e+00	4.298597e-08	
5.754781e-01	0.000000e+00	5.557708e-01	5.171155e-01	1.063967e+00	2.623037e-02	8.960390e-02	1.255136e-01	1.187781e-01	3.252609e-01	2.496861e-02	1.531673e-01	1.105564e+00	7.748876e-01	2.722897e-02	5.256903e-02	3.877513e+00	6.070263e-01	1.777394e-01	1.057621e+00	1.087482e-01	1.332292e+00	4.314021e-01	1.801736e-01	1.614959e-01	2.895214e-01	2.733438e-01	2.077465e-01	3.906677e-02	5.094744e-02	1.124530e+00	1.117320e+00	2.227218e-01	4.655833e+00	-5.249478e-08	
5.754767e-01	1.674684e-14	5.557112e-01	5.171521e-01	1.064008e+00	2.622686e-02	8.955411e-02	1.255103e-01	1.187461e-01	3.252626e-01	2.496731e-02	1.531423e-01	1.105642e+00	7.748872e-01	2.722606e-02	5.254534e-02	3.877495e+00	6.071622e-01	1.777000e-01	1.057470e+00	1.087511e-01	1.331989e+00	4.313303e-01	1.803098e-01	1.614799e-01	2.895255e-01	2.733598e-01	2.076467e-01	3.908556e-02	5.094049e-02	1.124605e+00	1.117275e+00	2.227379e-01	4.655656e+00	1.294096e-07	
5.754792e-01	0.000000e+00	5.557433e-01	5.170237e-01	1.063969e+00	2.622913e-02	8.958359e-02	1.255145e-01	1.188105e-01	3.252617e-01	2.496582e-02	1.531071e-01	1.105544e+00	7.748874e-01	2.723355e-02	5.255820e-02	3.877137e+00	6.070534e-01	1.777273e-01	1.057753e+00	1.087488e-01	1.331979e+00	4.313702e-01	1.804316e-01	1.615048e-01	2.895120e-01	2.733007e-01	2.076623e-01	3.906680e-02	5.092986e-02	1.124648e+00	1.117239e+00	2.227934e-01	4.655951e+00	-4.914716e-08	
5.754794e-01	0.000000e+00	5.557470e-01	5.172625e-01	1.063992e+00	2.623277e-02	8.972956e-02	1.255090e-01	1.187492e-01	3.252622e-01	2.496485e-02	1.531011e-01	1.105684e+00	7.748899e-01	2.723072e-02	5.256781e-02	3.877577e+00	6.070512e-01	1.777213e-01	1.057513e+00	1.087465e-01	1.332268e+00	4.312864e-01	1.802755e-01	1.614822e-01	2.893646e-01	2.733427e-01	2.079317e-01	3.904505e-02	5.095297e-02	1.124488e+00	1.117293e+00	2.227141e-01	4.655520e+00	-1.587918e-07	
5.754777e-01	2.288120e-16	5.557514e-01	5.170845e-01	1.063984e+00	2.623060e-02	8.958607e-02	1.255126e-01	1.187502e-01	3.252616e-01	2.496853e-02	1.531339e-01	1.105614e+00	7.748861e-01	2.723205e-02	5.256705e-02	3.877548e+00	6.069579e-01	1.777231e-01	1.057572e+00	1.087458e-01	1.332180e+00	4.313452e-01	1.802856e-01	1.615002e-01	2.895041e-01	2.733602e-01	2.079615e-01	3.906281e-02	5.095292e-02	1.124512e+00	1.117301e+00	2.227530e-01	4.655864e+00	1.512653e-08	
5.754765e-01	2.374182e-14	5.557511e-01	5.170172e-01	1.064013e+00	2.623541e-02	8.966501e-02	1.255066e-01	1.187355e-01	3.252620e-01	2.496780e-02	1.531478e-01	1.105581e+00	7.748862e-01	2.723163e-02	5.256786e-02	3.877424e+00	6.069688e-01	1.777350e-01	1.057499e+00	1.087458e-01	1.332244e+00	4.313575e-01	1.801913e-01	1.614921e-01	2.894367e-01	2.734063e-01	2.078785e-01	3.905146e-02	5.095137e-02	1.124520e+00	1.117302e+00	2.227511e-01	4.655764e+00	1.540838e-07	
5.754774e-01	5.999580e-15	5.557289e-01	5.171056e-01	1.063927e+00	2.622943e-02	8.963315e-02	1.255091e-01	1.187463e-01	3.252620e-01	2.496661e-02	1.531101e-01	1.105681e+00	7.748871e-01	2.723274e-02	5.256660e-02	3.877295e+00	6.070335e-01	1.777244e-01	1.057685e+00	1.087465e-01	1.332042e+00	4.313237e-01	1.803035e-01	1.614925e-01	2.894926e-01	2.733515e-01	2.078976e-01	3.905363e-02	5.093719e-02	1.124431e+00	1.117318e+00	2.227068e-01	4.655830e+00	7.745696e-08	
5.754769e-01	1.100468e-14	5.557392e-01	5.170602e-01	1.064002e+00	2.622990e-02	8.954446e-02	1.255137e-01	1.188015e-01	3.252610e-01	2.496703e-02	1.531518e-01	1.105498e+00	7.748838e-01	2.723612e-02	5.256868e-02	3.877411e+00	6.069786e-01	1.777349e-01	1.057736e+00	1.087473e-01	1.331936e+00	4.313944e-01	1.803038e-01	1.615071e-01	2.895534e-01	2.733264e-01	2.077332e-01	3.908052e-02	5.093936e-02	1.124608e+00	1.117269e+00	2.228401e-01	4.656113e+00	1.049032e-07	
5.754768e-01	2.327008e-14	5.557580e-01	5.170330e-01	1.063947e+00	2.622851e-02	8.972018e-02	1.255068e-01	1.187651e-01	3.252611e-01	2.496984e-02	1.531088e-01	1.105602e+00	7.748881e-01	2.722869e-02	5.255357e-02	3.877234e+00	6.069831e-01	1.777038e-01	1.057520e+00	1.087486e-01	1.332114e+00	4.313809e-01	1.802489e-01	1.615010e-01	2.895212e-01	2.733579e-01	2.077206e-01	3.908453e-02	5.090094e-02	1.124694e+00	1.117194e+00	2.226843e-01	4.655976e+00	1.525453e-07	
5.754779e-01	0.000000e+00	5.557801e-01	5.171844e-01	1.063982e+00	2.623257e-02	8.975595e-02	1.255069e-01	1.187488e-01	3.252615e-01	2.496679e-02	1.531150e-01	1.105813e+00	7.748906e-01	2.722640e-02	5.253726e-02	3.877605e+00	6.071134e-01	1.777288e-01	1.057409e+00	1.087500e-01	1.332268e+00	4.313566e-01	1.801919e-01	1.614921e-01	2.894369e-01	2.732726e-01	2.076722e-01	3.906157e-02	5.093642e-02	1.124590e+00	1.117262e+00	2.227122e-01	4.655701e+00	-1.344880e-07	
5.754779e-01	7.641008e-17	5.557557e-01	5.172944e-01	1.063927e+00	2.622469e-02	8.968767e-02	1.255061e-01	1.187552e-01	3.252622e-01	2.496109e-02	1.531228e-01	1.105863e+00	7.748907e-01	2.722495e-02	5.253354e-02	3.877681e+00	6.071150e-01	1.777079e-01	1.057532e+00	1.087543e-01	1.332253e+00	4.313371e-01	1.802189e-01	1.614799e-01	2.894710e-01	2.732265e-01	2.076985e-01	3.906765e-02	5.092256e-02	1.124497e+00	1.117301e+00	2.227012e-01	4.655564e+00	8.741286e-09	
5.754759e-01	5.138667e-14	5.557169e-01	5.171212e-01	1.064018e+00	2.622828e-02	8.961395e-02	1.255111e-01	1.187654e-01	3.252612e-01	2.496620e-02	1.531515e-01	1.105535e+00	7.748891e-01	2.723052e-02	5.255439e-02	3.877614e+00	6.071006e-01	1.777267e-01	1.057646e+00	1.087495e-01	1.332037e+00	4.313465e-01	1.802690e-01	1.615024e-01	2.895102e-01	2.733305e-01	2.075693e-01	3.909155e-02	5.093021e-02	1.124680e+00	1.117212e+00	2.227542e-01	4.655728e+00	2.266863e-07	
5.754781e-01	0.000000e+00	5.557699e-01	5.172005e-01	1.063936e+00	2.623055e-02	8.957970e-02	1.255086e-01	1.187470e-01	3.252613e-01	2.497080e-02	1.531558e-01	1.105762e+00	7.748874e-01	2.723349e-02	5.257889e-02	3.877539e+00	6.069786e-01	1.777274e-01	1.057492e+00	1.087454e-01	1.332116e+00	4.313816e-01	1.801619e-01	1.614780e-01	2.895129e-01	2.734328e-01	2.079362e-01	3.905776e-02	5.094848e-02	1.124375e+00	1.117402e+00	2.227059e-01	4.655964e+00	-6.818733e-08	
5.754765e-01	2.454901e-14	5.557532e-01	5.169836e-01	1.064043e+00	2.623363e-02	8.961548e-02	1.255086e-01	1.187816e-01	3.252614e-01	2.496572e-02	1.531657e-01	1.105503e+00	7.748860e-01	2.723247e-02	5.256570e-02	3.877398e+00	6.069943e-01	1.777349e-01	1.057586e+00	1.087447e-01	1.332105e+00	4.313747e-01	1.802335e-01	1.615070e-01	2.895031e-01	2.733775e-01	2.075300e-01	3.907417e-02	5.093875e-02	1.124617e+00	1.117253e+00	2.228160e-01	4.655813e+00	1.566813e-07	
5.754761e-01	4.385312e-14	5.557480e-01	5.171766e-01	1.063984e+00	2.623265e-02	8.955838e-02	1.255111e-01	1.187662e-01	3.252605e-01	2.496712e-02	1.531349e-01	1.105609e+00	7.748897e-01	2.723670e-02	5.257552e-02	3.877068e+00	6.069614e-01	1.777482e-01	1.057738e+00	1.087413e-01	1.331918e+00	4.314000e-01	1.802631e-01	1.615049e-01	2.895805e-01	2.734742e-01	2.075206e-01	3.907699e-02	5.092642e-02	1.124556e+00	1.117254e+00	2.227418e-01	4.656188e+00	2.094114e-07	
5.754782e-01	0.000000e+00	5.557509e-01	5.172322e-01	1.063965e+00	2.622783e-02	8.968722e-02	1.255112e-01	1.187560e-01	3.252622e-01	2.496490e-02	1.531137e-01	1.105696e+00	7.748892e-01	2.722940e-02	5.255237e-02	3.877605e+00	6.070679e-01	1.777189e-01	1.057467e+00	1.087505e-01	1.332124e+00	4.313204e-01	1.803285e-01	1.614790e-01	2.894059e-01	2.732696e-01	2.078669e-01	3.905504e-02	5.093210e-02	1.124483e+00	1.117322e+00	2.227060e-01	4.655500e+00	-1.874630e-07	
5.754783e-01	0.000000e+00	5.557780e-01	5.172005e-01	1.063953e+00	2.622788e-02	8.961114e-02	1.255137e-01	1.187901e-01	3.252618e-01	2.496146e-02	1.531606e-01	1.105609e+00	7.748875e-01	2.723213e-02	5.255304e-02	3.877708e+00	6.070607e-01	1.777432e-01	1.057755e+00	1.087520e-01	1.332261e+00	4.314074e-01	1.801783e-01	1.614994e-01	2.894572e-01	2.732816e-01	2.075387e-01	3.906478e-02	5.093711e-02	1.124521e+00	1.117330e+00	2.228061e-01	4.655692e+00	-4.947019e-08	
5.754775e-01	3.750096e-15	5.558019e-01	5.173539e-01	1.063887e+00	2.623085e-02	8.978566e-02	1.255045e-01	1.187344e-01	3.252622e-01	2.496506e-02	1.531083e-01	1.105859e+00	7.748924e-01	2.722678e-02	5.255471e-02	3.877589e+00	6.070527e-01	1.777140e-01	1.057354e+00	1.087508e-01	1.332496e+00	4.313412e-01	1.801146e-01	1.614772e-01	2.893684e-01	2.733161e-01	2.078826e-01	3.904959e-02	5.094110e-02	1.124431e+00	1.117368e+00	2.226164e-01	4.655539e+00	6.123802e-08	
5.754785e-01	0.000000e+00	5.557547e-01	5.171314e-01	1.064023e+00	2.623251e-02	8.964350e-02	1.255109e-01	1.187499e-01	3.252622e-01	2.496632e-02	1.531215e-01	1.105570e+00	7.748879e-01	2.723333e-02	5.256912e-02	3.877653e+00	6.070170e-01	1.777249e-01	1.057498e+00	1.087463e-01	1.332171e+00	4.312866e-01	1.802926e-01	1.614895e-01	2.894053e-01	2.733312e-01	2.080026e-01	3.904546e-02	5.096809e-02	1.124554e+00	1.117262e+00	2.227851e-01	4.655504e+00	-1.212529e-07	
5.754765e-01	4.348612e-14	5.557537e-01	5.170775e-01	1.063950e+00	2.622872e-02	8.956125e-02	1.255110e-01	1.187342e-01	3.252617e-01	2.496579e-02	1.531325e-01	1.105558e+00	7.748871e-01	2.723280e-02	5.255680e-02	3.877122e+00	6.069631e-01	1.777313e-01	1.057702e+00	1.087481e-01	1.332119e+00	4.313778e-01	1.803111e-01	1.615059e-01	2.895033e-01	2.732940e-01	2.078106e-01	3.906262e-02	5.094078e-02	1.124453e+00	1.117358e+00	2.228231e-01	4.655893e+00	2.085333e-07	
5.754770e-01	3.801220e-17	5.557291e-01	5.172693e-01	1.063980e+00	2.623371e-02	8.972621e-02	1.255062e-01	1.187557e-01	3.252616e-01	2.496931e-02	1.531099e-01	1.105775e+00	7.748885e-01	2.722830e-02	5.256727e-02	3.877578e+00	6.069989e-01	1.777233e-01	1.057509e+00	1.087438e-01	1.332220e+00	4.312988e-01	1.802515e-01	1.614868e-01	2.894385e-01	2.733854e-01	2.078995e-01	3.905893e-02	5.094109e-02	1.124462e+00	1.117288e+00	2.226423e-01	4.655746e+00	6.165404e-09	
5.754778e-01	0.000000e+00	5.557176e-01	5.173409e-01	1.063932e+00	2.622865e-02	8.965096e-02	1.255034e-01	1.187028e-01	3.252630e-01	2.495857e-02	1.531011e-01	1.105825e+00	7.748945e-01	2.722906e-02	5.253260e-02	3.877373e+00	6.072901e-01	1.777287e-01	1.057663e+00	1.087527e-01	1.332100e+00	4.313222e-01	1.801967e-01	1.614907e-01	2.894473e-01	2.732313e-01	2.076979e-01	3.905172e-02	5.096410e-02	1.124538e+00	1.117279e+00	2.228280e-01	4.655538e+00	-1.486261e-07	
5.754785e-01	0.000000e+00	5.557671e-01	5.172209e-01	1.063991e+00	2.622979e-02	8.969472e-02	1.255104e-01	1.187508e-01	3.252622e-01	2.496812e-02	1.531188e-01	1.105743e+00	7.748886e-01	2.722625e-02	5.254051e-02	3.877500e+00	6.070547e-01	1.777116e-01	1.057484e+00	1.087473e-01	1.331972e+00	4.313415e-01	1.802870e-01	1.614850e-01	2.894438e-01	2.733224e-01	2.077777e-01	3.906388e-02	5.092549e-02	1.124524e+00	1.117278e+00	2.227291e-01	4.655848e+00	-2.211331e-07	
5.754785e-01	0.000000e+00	5.557283e-01	5.173207e-01	1.063902e+00	2.622888e-02	8.970215e-02	1.255037e-01	1.187150e-01	3.252626e-01	2.496627e-02	1.531063e-01	1.105933e+00	7.748898e-01	2.722227e-02	5.254836e-02	3.877627e+00	6.071293e-01	1.777013e-01	1.057434e+00	1.087493e-01	1.331967e+00	4.313070e-01	1.802315e-01	1.614776e-01	2.894712e-01	2.733545e-01	2.079399e-01	3.905795e-02	5.093549e-02	1.124392e+00	1.117381e+00	2.226074e-01	4.655628e+00	-2.424963e-07	
5.754767e-01	1.548413e-14	5.557397e-01	5.170090e-01	1.063997e+00	2.622488e-02	8.958290e-02	1.255135e-01	1.187645e-01	3.252616e-01	2.496300e-02	1.531381e-01	1.105559e+00	7.748892e-01	2.722939e-02	5.253846e-02	3.877618e+00	6.070937e-01	1.777261e-01	1.057674e+00	1.087526e-01	1.332030e+00	4.313789e-01	1.802364e-01	1.615046e-01	2.895471e-01	2.732500e-01	2.074604e-01	3.908602e-02	5.092544e-02	1.124625e+00	1.117282e+00	2.228078e-01	4.655576e+00	1.244352e-07	
5.754773e-01	4.191546e-14	5.557686e-01	5.171553e-01	1.063959e+00	2.623005e-02	8.967277e-02	1.255118e-01	1.187973e-01	3.252611e-01	2.496937e-02	1.531572e-01	1.105662e+00	7.748861e-01	2.723053e-02	5.256330e-02	3.877482e+00	6.070221e-01	1.777258e-01	1.057573e+00	1.087469e-01	1.332096e+00	4.313965e-01	1.802210e-01	1.614988e-01	2.895135e-01	2.733119e-01	2.078467e-01	3.906536e-02	5.092474e-02	1.124521e+00	1.117272e+00	2.227151e-01	4.656014e+00	2.047327e-07	
5.754774e-01	5.817459e-16	5.558296e-01	5.173648e-01	1.063932e+00	2.622920e-02	8.979805e-02	1.255058e-01	1.187471e-01	3.252627e-01	2.496645e-02	1.531099e-01	1.105844e+00	7.748899e-01	2.722551e-02	5.254524e-02	3.877721e+00	6.070852e-01	1.777072e-01	1.057294e+00	1.087505e-01	1.332408e+00	4.313144e-01	1.802422e-01	1.614732e-01	2.893083e-01	2.732604e-01	2.079833e-01	3.904271e-02	5.092663e-02	1.124342e+00	1.117348e+00	2.226846e-01	4.655551e+00	2.411941e-08	
5.754783e-01	0.000000e+00	5.558014e-01	5.172375e-01	1.063964e+00	2.622351e-02	8.957044e-02	1.255216e-01	1.187977e-01	3.252614e-01	2.496617e-02	1.531710e-01	1.105619e+00	7.748863e-01	2.722926e-02	5.255102e-02	3.877785e+00	6.070428e-01	1.777235e-01	1.057546e+00	1.087544e-01	1.332158e+00	4.314081e-01	1.801522e-01	1.615014e-01	2.895056e-01	2.732737e-01	2.076560e-01	3.908171e-02	5.091243e-02	1.124502e+00	1.117371e+00	2.227629e-01	4.655819e+00	-1.922669e-07	
5.754775e-01	2.569919e-15	5.557649e-01	5.169651e-01	1.064025e+00	2.623082e-02	8.952801e-02	1.255139e-01	1.188180e-01	3.252609e-01	2.497057e-02	1.531650e-01	1.105418e+00	7.748840e-01	2.723523e-02	5.257803e-02	3.877438e+00	6.069623e-01	1.777270e-01	1.057735e+00	1.087439e-01	1.332027e+00	4.313651e-01	1.803355e-01	1.615217e-01	2.895136e-01	2.733923e-01	2.076864e-01	3.908061e-02	5.093728e-02	1.124632e+00	1.117258e+00	2.228398e-01	4.655907e+00	5.069437e-08	
5.754769e-01	6.111692e-14	5.557691e-01	5.169966e-01	1.064055e+00	2.623249e-02	8.970389e-02	1.255108e-01	1.187434e-01	3.252622e-01	2.497361e-02	1.531374e-01	1.105630e+00	7.748859e-01	2.722644e-02	5.256296e-02	3.877720e+00	6.069454e-01	1.777085e-01	1.057321e+00	1.087449e-01	1.332107e+00	4.312993e-01	1.803117e-01	1.614927e-01	2.894279e-01	2.733630e-01	2.080412e-01	3.906507e-02	5.094262e-02	1.124494e+00	1.117326e+00	2.226460e-01	4.655556e+00	2.472184e-07	
5.754786e-01	0.000000e+00	5.557400e-01	5.173681e-01	1.063914e+00	2.622824e-02	8.982374e-02	1.255036e-01	1.187355e-01	3.252626e-01	2.496099e-02	1.531121e-01	1.105906e+00	7.748903e-01	2.722403e-02	5.254197e-02	3.877842e+00	6.071183e-01	1.777151e-01	1.057564e+00	1.087510e-01	1.332280e+00	4.313107e-01	1.801631e-01	1.614839e-01	2.893602e-01	2.732151e-01	2.078463e-01	3.905537e-02	5.093909e-02	1.124382e+00	1.117378e+00	2.226959e-01	4.655337e+00	-1.207448e-07	
5.754786e-01	0.000000e+00	5.557765e-01	5.172758e-01	1.063905e+00	2.623085e-02	8.991218e-02	1.255008e-01	1.186783e-01	3.252621e-01	2.496619e-02	1.530423e-01	1.105944e+00	7.748923e-01	2.722562e-02	5.252977e-02	3.877347e+00	6.070929e-01	1.777091e-01	1.057462e+00	1.087497e-01	1.332290e+00	4.312951e-01	1.803518e-01	1.614719e-01	2.893553e-01	2.732115e-01	2.079823e-01	3.905468e-02	5.091951e-02	1.124508e+00	1.117271e+00	2.226125e-01	4.655668e+00	-1.005506e-07	
5.754788e-01	0.000000e+00	5.556945e-01	5.171096e-01	1.064023e+00	2.622599e-02	8.968046e-02	1.255092e-01	1.187526e-01	3.252630e-01	2.496342e-02	1.531114e-01	1.105638e+00	7.748874e-01	2.723180e-02	5.254626e-02	3.877737e+00	6.070477e-01	1.777091e-01	1.057594e+00	1.087496e-01	1.332083e+00	4.312668e-01	1.803670e-01	1.614980e-01	2.894290e-01	2.732514e-01	2.079248e-01	3.905177e-02	5.093965e-02	1.124524e+00	1.117238e+00	2.228120e-01	4.655426e+00	-8.335206e-08	
5.754788e-01	0.000000e+00	5.558046e-01	5.174520e-01	1.063935e+00	2.622818e-02	8.981729e-02	1.255101e-01	1.187486e-01	3.252620e-01	2.497069e-02	1.531262e-01	1.105975e+00	7.748887e-01	2.722415e-02	5.255305e-02	3.877880e+00	6.070612e-01	1.777095e-01	1.057362e+00	1.087479e-01	1.332239e+00	4.313101e-01	1.801946e-01	1.614712e-01	2.894062e-01	2.733693e-01	2.079150e-01	3.906706e-02	5.090843e-02	1.124306e+00	1.117424e+00	2.225863e-01	4.655591e+00	-1.776260e-07	
5.754769e-01	1.628205e-14	5.557508e-01	5.171560e-01	1.063960e+00	2.622759e-02	8.967113e-02	1.255069e-01	1.187056e-01	3.252629e-01	2.496469e-02	1.531058e-01	1.105832e+00	7.748912e-01	2.722289e-02	5.253135e-02	3.877618e+00	6.071466e-01	1.777039e-01	1.057501e+00	1.087518e-01	1.332217e+00	4.312781e-01	1.803031e-01	1.614925e-01	2.894549e-01	2.732242e-01	2.078216e-01	3.906693e-02	5.093101e-02	1.124463e+00	1.117283e+00	2.226970e-01	4.655641e+00	1.276011e-07	
5.754788e-01	0.000000e+00	5.557943e-01	5.173034e-01	1.063908e+00	2.623029e-02	8.978376e-02	1.255096e-01	1.187608e-01	3.252631e-01	2.496754e-02	1.531200e-01	1.105799e+00	7.748868e-01	2.722861e-02	5.257039e-02	3.877702e+00	6.069666e-01	1.777125e-01	1.057274e+00	1.087492e-01	1.332433e+00	4.312845e-01	1.802902e-01	1.614755e-01	2.893346e-01	2.733430e-01	2.082609e-01	3.902825e-02	5.094010e-02	1.124286e+00	1.117423e+00	2.225817e-01	4.655478e+00	-1.611524e-07	
5.754796e-01	0.000000e+00	5.557707e-01	5.168912e-01	1.064057e+00	2.623656e-02	8.958019e-02	1.255143e-01	1.187933e-01	3.252610e-01	2.497292e-02	1.531480e-01	1.105390e+00	7.748844e-01	2.723937e-02	5.259033e-02	3.877507e+00	6.068072e-01	1.777394e-01	1.057644e+00	1.087387e-01	1.332126e+00	4.313373e-01	1.803419e-01	1.615146e-01	2.894981e-01	2.734681e-01	2.078216e-01	3.905083e-02	5.094838e-02	1.124544e+00	1.117292e+00	2.227577e-01	4.656051e+00	-2.369037e-07	
5.754769e-01	2.228682e-14	5.557734e-01	5.170829e-01	1.063986e+00	2.622978e-02	8.974498e-02	1.255127e-01	1.187835e-01	3.252623e-01	2.496525e-02	1.531204e-01	1.105726e+00	7.748886e-01	2.722714e-02	5.253630e-02	3.877675e+00	6.070485e-01	1.777141e-01	1.057554e+00	1.087503e-01	1.332216e+00	4.313396e-01	1.803554e-01	1.615053e-01	2.894302e-01	2.731919e-01	2.077091e-01	3.907485e-02	5.092417e-02	1.124548e+00	1.117245e+00	2.227776e-01	4.655733e+00	1.492877e-07	
5.754764e-01	3.067954e-14	5.558010e-01	5.172798e-01	1.063925e+00	2.623436e-02	8.968954e-02	1.255063e-01	1.187290e-01	3.252625e-01	2.496741e-02	1.531171e-01	1.105844e+00	7.748893e-01	2.722532e-02	5.256028e-02	3.877381e+00	6.070469e-01	1.777219e-01	1.057355e+00	1.087457e-01	1.332308e+00	4.313352e-01	1.802280e-01	1.614816e-01	2.894191e-01	2.733785e-01	2.079708e-01	3.904589e-02	5.094958e-02	1.124368e+00	1.117322e+00	2.226825e-01	4.655886e+00	1.751558e-07	
5.754771e-01	5.587768e-14	5.557678e-01	5.171556e-01	1.063929e+00	2.622785e-02	8.969519e-02	1.255066e-01	1.187222e-01	3.252621e-01	2.496870e-02	1.530954e-01	1.105731e+00	7.748880e-01	2.722991e-02	5.256028e-02	3.877341e+00	6.069911e-01	1.777114e-01	1.057453e+00	1.087461e-01	1.332101e+00	4.313316e-01	1.801843e-01	1.614728e-01	2.894613e-01	2.733956e-01	2.079760e-01	3.905976e-02	5.094717e-02	1.124426e+00	1.117373e+00	2.226501e-01	4.655754e+00	2.363846e-07	
5.754761e-01	1.010961e-13	5.558377e-01	5.169533e-01	1.064061e+00	2.623116e-02	8.950439e-02	1.255207e-01	1.187859e-01	3.252611e-01	2.497291e-02	1.532275e-01	1.105337e+00	7.748824e-01	2.723122e-02	5.258304e-02	3.877866e+00	6.068660e-01	1.777425e-01	1.057616e+00	1.087466e-01	1.332394e+00	4.313878e-01	1.802012e-01	1.615223e-01	2.895122e-01	2.733091e-01	2.078170e-01	3.908185e-02	5.095239e-02	1.124445e+00	1.117375e+00	2.228279e-01	4.655864e+00	3.179561e-07	
5.754789e-01	0.000000e+00	5.557922e-01	5.174336e-01	1.063876e+00	2.623077e-02	8.974760e-02	1.255047e-01	1.187055e-01	3.252624e-01	2.496414e-02	1.531155e-01	1.105936e+00	7.748906e-01	2.722653e-02	5.255698e-02	3.877673e+00	6.070438e-01	1.777367e-01	1.057452e+00	1.087489e-01	1.332426e+00	4.313390e-01	1.801037e-01	1.614813e-01	2.893720e-01	2.732735e-01	2.080254e-01	3.903696e-02	5.095856e-02	1.124292e+00	1.117444e+00	2.226915e-01	4.655512e+00	-1.441401e-08	
5.754777e-01	9.134707e-16	5.558384e-01	5.171204e-01	1.063921e+00	2.623062e-02	8.970301e-02	1.255164e-01	1.188312e-01	3.252603e-01	2.496901e-02	1.531491e-01	1.105644e+00	7.748874e-01	2.723080e-02	5.255801e-02	3.877693e+00	6.069231e-01	1.777264e-01	1.057662e+00	1.087485e-01	1.332203e+00	4.314115e-01	1.802518e-01	1.615181e-01	2.895084e-01	2.732493e-01	2.076816e-01	3.907547e-02	5.090161e-02	1.124558e+00	1.117287e+00	2.227229e-01	4.656005e+00	3.022368e-08	
5.754771e-01	8.167197e-14	5.557501e-01	5.174084e-01	1.063933e+00	2.623318e-02	8.978741e-02	1.255032e-01	1.187123e-01	3.252624e-01	2.496319e-02	1.531306e-01	1.105919e+00	7.748899e-01	2.722574e-02	5.256065e-02	3.877593e+00	6.070653e-01	1.777344e-01	1.057391e+00	1.087469e-01	1.332432e+00	4.313429e-01	1.800923e-01	1.614636e-01	2.893486e-01	2.733327e-01	2.079873e-01	3.903958e-02	5.095777e-02	1.124352e+00	1.117351e+00	2.226670e-01	4.655473e+00	2.857831e-07	
5.754789e-01	0.000000e+00	5.557786e-01	5.172858e-01	1.063891e+00	2.623152e-02	8.969195e-02	1.255055e-01	1.187426e-01	3.252617e-01	2.496660e-02	1.531237e-01	1.105766e+00	7.748895e-01	2.723035e-02	5.256801e-02	3.877411e+00	6.069926e-01	1.777389e-01	1.057618e+00	1.087464e-01	1.332303e+00	4.313480e-01	1.802099e-01	1.614875e-01	2.894008e-01	2.733521e-01	2.079047e-01	3.904298e-02	5.095291e-02	1.124390e+00	1.117366e+00	2.227034e-01	4.655778e+00	-1.572194e-07	
5.754790e-01	0.000000e+00	5.558104e-01	5.173190e-01	1.063890e+00	2.623010e-02	8.976482e-02	1.255055e-01	1.187262e-01	3.252623e-01	2.496607e-02	1.530848e-01	1.105887e+00	7.748904e-01	2.722891e-02	5.254578e-02	3.877386e+00	6.070998e-01	1.777173e-01	1.057524e+00	1.087490e-01	1.332269e+00	4.313194e-01	1.802750e-01	1.614853e-01	2.893784e-01	2.732177e-01	2.080041e-01	3.904323e-02	5.093168e-02	1.124416e+00	1.117303e+00	2.227237e-01	4.655857e+00	-2.156833e-07	
5.754791e-01	0.000000e+00	5.557246e-01	5.173362e-01	1.063930e+00	2.622458e-02	8.966753e-02	1.255072e-01	1.186952e-01	3.252630e-01	2.495827e-02	1.531222e-01	1.105822e+00	7.748888e-01	2.723032e-02	5.254515e-02	3.877632e+00	6.071163e-01	1.777271e-01	1.057654e+00	1.087503e-01	1.332214e+00	4.313141e-01	1.802294e-01	1.614727e-01	2.893653e-01	2.732430e-01	2.079765e-01	3.904116e-02	5.096186e-02	1.124320e+00	1.117363e+00	2.228604e-01	4.655399e+00	-2.352425e-07	
5.754762e-01	1.239355e-13	5.557417e-01	5.171082e-01	1.064053e+00	2.623438e-02	8.970384e-02	1.255059e-01	1.187599e-01	3.252617e-01	2.497319e-02	1.531252e-01	1.105697e+00	7.748848e-01	2.723370e-02	5.257030e-02	3.877587e+00	6.069588e-01	1.777224e-01	1.057399e+00	1.087431e-01	1.332215e+00	4.312981e-01	1.802942e-01	1.614841e-01	2.894188e-01	2.734520e-01	2.080210e-01	3.905754e-02	5.095172e-02	1.124518e+00	1.117272e+00	2.226494e-01	4.655820e+00	3.520447e-07	
5.754791e-01	0.000000e+00	5.556917e-01	5.172200e-01	1.063958e+00	2.622624e-02	8.962067e-02	1.255050e-01	1.187428e-01	3.252622e-01	2.496033e-02	1.531460e-01	1.105697e+00	7.748867e-01	2.722982e-02	5.255272e-02	3.877415e+00	6.071063e-01	1.777158e-01	1.057648e+00	1.087512e-01	1.332085e+00	4.313483e-01	1.802709e-01	1.614852e-01	2.894851e-01	2.733326e-01	2.077819e-01	3.906865e-02	5.095856e-02	1.124572e+00	1.117280e+00	2.228376e-01	4.655605e+00	-2.071463e-07	
5.754766e-01	1.115398e-13	5.558128e-01	5.168628e-01	1.064077e+00	2.623122e-02	8.944683e-02	1.255234e-01	1.188837e-01	3.252603e-01	2.497573e-02	1.532133e-01	1.105307e+00	7.748835e-01	2.723657e-02	5.259025e-02	3.877612e+00	6.068783e-01	1.777436e-01	1.057650e+00	1.087459e-01	1.332158e+00	4.314151e-01	1.803210e-01	1.615206e-01	2.895726e-01	2.733917e-01	2.075575e-01	3.909368e-02	5.091919e-02	1.124667e+00	1.117239e+00	2.227923e-01	4.656171e+00	3.339758e-07	
5.754791e-01	0.000000e+00	5.557610e-01	5.171813e-01	1.063972e+00	2.623101e-02	8.957117e-02	1.255086e-01	1.187502e-01	3.252607e-01	2.496542e-02	1.531528e-01	1.105512e+00	7.748844e-01	2.723932e-02	5.258620e-02	3.877416e+00	6.069304e-01	1.777554e-01	1.057718e+00	1.087460e-01	1.332301e+00	4.313997e-01	1.801661e-01	1.614961e-01	2.894720e-01	2.734262e-01	2.079212e-01	3.905041e-02	5.096875e-02	1.124496e+00	1.117356e+00	2.228314e-01	4.655891e+00	-1.520352e-07	
5.754780e-01	0.000000e+00	5.557384e-01	5.170596e-01	1.063994e+00	2.623134e-02	8.976134e-02	1.255001e-01	1.186657e-01	3.252627e-01	2.496296e-02	1.531102e-01	1.105713e+00	7.748916e-01	2.722576e-02	5.253610e-02	3.877687e+00	6.071001e-01	1.777146e-01	1.057537e+00	1.087486e-01	1.332234e+00	4.312819e-01	1.802119e-01	1.614805e-01	2.893819e-01	2.732409e-01	2.078540e-01	3.905561e-02	5.097360e-02	1.124520e+00	1.117303e+00	2.227825e-01	4.655322e+00	-1.937436e-08	
5.754791e-01	0.000000e+00	5.557630e-01	5.172082e-01	1.063970e+00	2.622888e-02	8.969777e-02	1.255027e-01	1.186973e-01	3.252619e-01	2.496374e-02	1.531365e-01	1.105735e+00	7.748920e-01	2.723156e-02	5.255373e-02	3.877551e+00	6.070742e-01	1.777384e-01	1.057485e+00	1.087504e-01	1.332354e+00	4.313494e-01	1.801193e-01	1.614785e-01	2.894232e-01	2.733693e-01	2.076748e-01	3.906025e-02	5.094862e-02	1.124483e+00	1.117371e+00	2.227422e-01	4.655584e+00	-2.011361e-07	
5.754791e-01	0.000000e+00	5.557503e-01	5.171364e-01	1.063968e+00	2.622984e-02	8.986957e-02	1.255036e-01	1.187154e-01	3.252640e-01	2.496556e-02	1.530700e-01	1.105862e+00	7.748909e-01	2.722382e-02	5.252420e-02	3.877585e+00	6.071498e-01	1.776892e-01	1.057246e+00	1.087505e-01	1.332162e+00	4.312437e-01	1.803497e-01	1.614804e-01	2.893340e-01	2.732415e-01	2.079074e-01	3.903878e-02	5.093614e-02	1.124488e+00	1.117276e+00	2.226704e-01	4.655293e+00	-3.084490e-07	
5.754791e-01	0.000000e+00	5.557634e-01	5.170772e-01	1.063973e+00	2.623600e-02	8.974304e-02	1.255060e-01	1.187622e-01	3.252621e-01	2.496725e-02	1.531014e-01	1.105772e+00	7.748886e-01	2.723752e-02	5.257009e-02	3.877237e+00	6.069858e-01	1.777308e-01	1.057576e+00	1.087455e-01	1.332238e+00	4.313326e-01	1.803672e-01	1.614907e-01	2.894014e-01	2.733450e-01	2.079538e-01	3.904304e-02	5.093960e-02	1.124525e+00	1.117299e+00	2.226994e-01	4.655829e+00	-1.705491e-07	
5.754765e-01	6.606838e-14	5.557413e-01	5.171895e-01	1.063931e+00	2.622587e-02	8.969164e-02	1.255067e-01	1.187363e-01	3.252621e-01	2.496369e-02	1.531066e-01	1.105732e+00	7.748890e-01	2.722898e-02	5.253760e-02	3.877398e+00	6.070969e-01	1.777125e-01	1.057616e+00	1.087514e-01	1.332142e+00	4.313473e-01	1.802815e-01	1.614855e-01	2.894584e-01	2.732207e-01	2.077941e-01	3.906894e-02	5.093251e-02	1.124530e+00	1.117270e+00	2.227821e-01	4.655672e+00	2.570377e-07	
5.754792e-01	0.000000e+00	5.558386e-01	5.170666e-01	1.063943e+00	2.623835e-02	8.981624e-02	1.255022e-01	1.187069e-01	3.252625e-01	2.497064e-02	1.531084e-01	1.105843e+00	7.748910e-01	2.722488e-02	5.255924e-02	3.877507e+00	6.069538e-01	1.777172e-01	1.057300e+00	1.087473e-01	1.332426e+00	4.313282e-01	1.801282e-01	1.614700e-01	2.893638e-01	2.733399e-01	2.080906e-01	3.903467e-02	5.095495e-02	1.124407e+00	1.117415e+00	2.226369e-01	4.655632e+00	-3.892577e-08	
5.754776e-01	1.363296e-15	5.557991e-01	5.170983e-01	1.063955e+00	2.622979e-02	8.960425e-02	1.255157e-01	1.187455e-01	3.252616e-01	2.496824e-02	1.531701e-01	1.105536e+00	7.748865e-01	2.722736e-02	5.256388e-02	3.877807e+00	6.069301e-01	1.777244e-01	1.057553e+00	1.087467e-01	1.332263e+00	4.313635e-01	1.801612e-01	1.615002e-01	2.895002e-01	2.732647e-01	2.078704e-01	3.906253e-02	5.096356e-02	1.124392e+00	1.117370e+00	2.228131e-01	4.655751e+00	3.692284e-08	
5.754772e-01	3.729518e-15	5.557023e-01	5.175073e-01	1.063947e+00	2.622744e-02	8.979319e-02	1.255013e-01	1.186737e-01	3.252637e-01	2.496201e-02	1.530928e-01	1.105929e+00	7.748898e-01	2.722299e-02	5.253659e-02	3.877670e+00	6.071794e-01	1.776931e-01	1.057312e+00	1.087494e-01	1.332172e+00	4.312201e-01	1.802754e-01	1.614591e-01	2.893143e-01	2.733224e-01	2.080466e-01	3.904255e-02	5.095929e-02	1.124328e+00	1.117322e+00	2.226706e-01	4.655278e+00	6.106978e-08	
5.754792e-01	0.000000e+00	5.557239e-01	5.171589e-01	1.063972e+00	2.623023e-02	8.974473e-02	1.255004e-01	1.187147e-01	3.252627e-01	2.496634e-02	1.530942e-01	1.105898e+00	7.748901e-01	2.722482e-02	5.254128e-02	3.877582e+00	6.071480e-01	1.777003e-01	1.057429e+00	1.087488e-01	1.332057e+00	4.312693e-01	1.802909e-01	1.614827e-01	2.894543e-01	2.733261e-01	2.078291e-01	3.905858e-02	5.093401e-02	1.124544e+00	1.117258e+00	2.226660e-01	4.655536e+00	-4.075033e-08	
5.754793e-01	0.000000e+00	5.558072e-01	5.172241e-01	1.063935e+00	2.622422e-02	8.965878e-02	1.255152e-01	1.187904e-01	3.252617e-01	2.497172e-02	1.531341e-01	1.105907e+00	7.748880e-01	2.722670e-02	5.255553e-02	3.877889e+00	6.069900e-01	1.776985e-01	1.057283e+00	1.087517e-01	1.332104e+00	4.313180e-01	1.802671e-01	1.614750e-01	2.894767e-01	2.733482e-01	2.079561e-01	3.906884e-02	5.090172e-02	1.124374e+00	1.117391e+00	2.225699e-01	4.655845e+00	-8.248773e-08	
5.754770e-01	1.593547e-13	5.557719e-01	5.170069e-01	1.063983e+00	2.623816e-02	8.968064e-02	1.255056e-01	1.187479e-01	3.252619e-01	2.496645e-02	1.531339e-01	1.105601e+00	7.748905e-01	2.722934e-02	5.256693e-02	3.877280e+00	6.070703e-01	1.777392e-01	1.057549e+00	1.087465e-01	1.332200e+00	4.313323e-01	1.802317e-01	1.614940e-01	2.894341e-01	2.733615e-01	2.078018e-01	3.905374e-02	5.096481e-02	1.124612e+00	1.117276e+00	2.227776e-01	4.655629e+00	3.991925e-07	
5.754777e-01	1.618201e-15	5.557876e-01	5.172170e-01	1.063917e+00	2.622882e-02	8.971229e-02	1.255063e-01	1.187216e-01	3.252616e-01	2.496422e-02	1.531398e-01	1.105753e+00	7.748900e-01	2.722554e-02	5.253849e-02	3.877535e+00	6.070889e-01	1.777272e-01	1.057561e+00	1.087541e-01	1.332399e+00	4.314123e-01	1.800782e-01	1.614941e-01	2.894550e-01	2.732171e-01	2.076713e-01	3.907203e-02	5.093710e-02	1.124536e+00	1.117331e+00	2.227805e-01	4.655757e+00	4.022687e-08	
5.754793e-01	0.000000e+00	5.557171e-01	5.173522e-01	1.063980e+00	2.622737e-02	8.976217e-02	1.255061e-01	1.187446e-01	3.252627e-01	2.495990e-02	1.531121e-01	1.105940e+00	7.748927e-01	2.722645e-02	5.253369e-02	3.877778e+00	6.072554e-01	1.777175e-01	1.057448e+00	1.087529e-01	1.332250e+00	4.313136e-01	1.802770e-01	1.614777e-01	2.894126e-01	2.732435e-01	2.076456e-01	3.905589e-02	5.092329e-02	1.124526e+00	1.117256e+00	2.226428e-01	4.655369e+00	-2.483727e-07	
5.754776e-01	3.212387e-17	5.556785e-01	5.169936e-01	1.064052e+00	2.623014e-02	8.955620e-02	1.255084e-01	1.187552e-01	3.252615e-01	2.496362e-02	1.531506e-01	1.105429e+00	7.748846e-01	2.724009e-02	5.256649e-02	3.877255e+00	6.070354e-01	1.777430e-01	1.057753e+00	1.087493e-01	1.332059e+00	4.313642e-01	1.802771e-01	1.615148e-01	2.894798e-01	2.733455e-01	2.077232e-01	3.906664e-02	5.095455e-02	1.124699e+00	1.117224e+00	2.229208e-01	4.655785e+00	5.667792e-09	
5.754773e-01	7.654445e-15	5.557651e-01	5.172398e-01	1.063910e+00	2.623140e-02	8.965327e-02	1.255079e-01	1.187718e-01	3.252606e-01	2.496627e-02	1.531357e-01	1.105656e+00	7.748891e-01	2.723246e-02	5.257154e-02	3.877483e+00	6.069573e-01	1.777359e-01	1.057635e+00	1.087476e-01	1.332258e+00	4.314137e-01	1.801849e-01	1.614958e-01	2.894788e-01	2.733901e-01	2.077157e-01	3.906509e-02	5.093227e-02	1.124514e+00	1.117332e+00	2.227103e-01	4.655865e+00	8.748969e-08	
5.754793e-01	0.000000e+00	5.557895e-01	5.171333e-01	1.063936e+00	2.622968e-02	8.961111e-02	1.255131e-01	1.187560e-01	3.252618e-01	2.496620e-02	1.531524e-01	1.105662e+00	7.748878e-01	2.723022e-02	5.256443e-02	3.877535e+00	6.069955e-01	1.777364e-01	1.057612e+00	1.087469e-01	1.332216e+00	4.313830e-01	1.802316e-01	1.615084e-01	2.894788e-01	2.732778e-01	2.077769e-01	3.905343e-02	5.094144e-02	1.124432e+00	1.117321e+00	2.228008e-01	4.655831e+00	-4.962160e-08	
5.754773e-01	8.567460e-15	5.558002e-01	5.171583e-01	1.063928e+00	2.622990e-02	8.955783e-02	1.255133e-01	1.188089e-01	3.252603e-01	2.496631e-02	1.531797e-01	1.105670e+00	7.748899e-01	2.723031e-02	5.256166e-02	3.877524e+00	6.070407e-01	1.777465e-01	1.057686e+00	1.087496e-01	1.332280e+00	4.314737e-01	1.800593e-01	1.615071e-01	2.895862e-01	2.733272e-01	2.074043e-01	3.908377e-02	5.091506e-02	1.124586e+00	1.117296e+00	2.227933e-01	4.656068e+00	9.256058e-08	
5.754787e-01	0.000000e+00	5.558607e-01	5.173372e-01	1.063902e+00	2.623424e-02	8.984675e-02	1.255068e-01	1.187907e-01	3.252613e-01	2.496734e-02	1.531476e-01	1.105802e+00	7.748913e-01	2.722661e-02	5.256333e-02	3.877804e+00	6.069572e-01	1.777332e-01	1.057408e+00	1.087472e-01	1.332584e+00	4.313772e-01	1.801497e-01	1.614946e-01	2.893850e-01	2.733213e-01	2.077038e-01	3.905296e-02	5.092368e-02	1.124402e+00	1.117341e+00	2.226342e-01	4.655809e+00	-1.759438e-07	
5.754771e-01	1.416000e-14	5.556871e-01	5.173820e-01	1.063892e+00	2.623334e-02	8.987378e-02	1.254922e-01	1.186790e-01	3.252635e-01	2.496366e-02	1.530307e-01	1.106032e+00	7.748934e-01	2.722650e-02	5.254987e-02	3.877172e+00	6.071211e-01	1.776934e-01	1.057300e+00	1.087447e-01	1.332195e+00	4.312191e-01	1.803358e-01	1.614396e-01	2.893384e-01	2.734553e-01	2.081269e-01	3.902867e-02	5.095909e-02	1.124387e+00	1.117304e+00	2.225276e-01	4.655432e+00	1.189958e-07	
5.754781e-01	1.534413e-15	5.557730e-01	5.172219e-01	1.063964e+00	2.622511e-02	8.977112e-02	1.255109e-01	1.187623e-01	3.252616e-01	2.497095e-02	1.531283e-01	1.105676e+00	7.748849e-01	2.723096e-02	5.255386e-02	3.877989e+00	6.069398e-01	1.777064e-01	1.057514e+00	1.087492e-01	1.332245e+00	4.313189e-01	1.802563e-01	1.615011e-01	2.894055e-01	2.733153e-01	2.079214e-01	3.907448e-02	5.091713e-02	1.124417e+00	1.117373e+00	2.226322e-01	4.655776e+00	3.917159e-08	
5.754771e-01	6.117160e-15	5.557890e-01	5.173409e-01	1.063970e+00	2.623434e-02	8.987779e-02	1.255025e-01	1.187306e-01	3.252628e-01	2.496945e-02	1.531030e-01	1.105916e+00	7.748883e-01	2.722701e-02	5.255914e-02	3.877819e+00	6.070564e-01	1.777198e-01	1.057326e+00	1.087450e-01	1.332344e+00	4.312718e-01	1.802223e-01	1.614810e-01	2.893240e-01	2.733360e-01	2.079965e-01	3.903875e-02	5.094539e-02	1.124303e+00	1.117346e+00	2.226049e-01	4.655476e+00	7.821228e-08	
5.754779e-01	2.078477e-15	5.557778e-01	5.169752e-01	1.063987e+00	2.623484e-02	8.957046e-02	1.255119e-01	1.187741e-01	3.252613e-01	2.497329e-02	1.531545e-01	1.105442e+00	7.748840e-01	2.723242e-02	5.259897e-02	3.877396e+00	6.068676e-01	1.777229e-01	1.057544e+00	1.087407e-01	1.332146e+00	4.313236e-01	1.803205e-01	1.614964e-01	2.894918e-01	2.734503e-01	2.080442e-01	3.906399e-02	5.096184e-02	1.124485e+00	1.117380e+00	2.227136e-01	4.655782e+00	4.559032e-08	
5.754753e-01	2.724598e-13	5.557978e-01	5.171241e-01	1.063944e+00	2.623048e-02	8.972518e-02	1.255111e-01	1.187653e-01	3.252616e-01	2.497078e-02	1.531139e-01	1.105745e+00	7.748879e-01	2.722736e-02	5.254688e-02	3.877512e+00	6.070583e-01	1.777223e-01	1.057419e+00	1.087482e-01	1.332110e+00	4.313925e-01	1.801756e-01	1.614943e-01	2.894835e-01	2.733352e-01	2.076403e-01	3.907342e-02	5.092121e-02	1.124491e+00	1.117298e+00	2.226755e-01	4.655960e+00	5.219769e-07	
5.754784e-01	6.818409e-15	5.558464e-01	5.172411e-01	1.063956e+00	2.623574e-02	8.980888e-02	1.255090e-01	1.186917e-01	3.252627e-01	2.496938e-02	1.531286e-01	1.105857e+00	7.748925e-01	2.722594e-02	5.256019e-02	3.877670e+00	6.070170e-01	1.777339e-01	1.057299e+00	1.087472e-01	1.332584e+00	4.313217e-01	1.801194e-01	1.614813e-01	2.893247e-01	2.732716e-01	2.080043e-01	3.903908e-02	5.095028e-02	1.124278e+00	1.117452e+00	2.226726e-01	4.655473e+00	8.257366e-08	
5.754792e-01	0.000000e+00	5.557183e-01	5.171291e-01	1.063974e+00	2.622946e-02	8.976056e-02	1.255035e-01	1.186830e-01	3.252632e-01	2.496227e-02	1.530991e-01	1.105821e+00	7.748892e-01	2.722916e-02	5.254523e-02	3.877580e+00	6.070920e-01	1.777225e-01	1.057471e+00	1.087496e-01	1.332250e+00	4.312702e-01	1.802345e-01	1.614907e-01	2.893591e-01	2.732760e-01	2.079944e-01	3.903679e-02	5.097015e-02	1.124384e+00	1.117369e+00	2.227263e-01	4.655368e+00	-2.233158e-07	
5.754801e-01	0.000000e+00	5.558064e-01	5.172141e-01	1.063890e+00	2.622662e-02	8.957193e-02	1.255130e-01	1.187616e-01	3.252608e-01	2.496924e-02	1.531582e-01	1.105626e+00	7.748863e-01	2.723047e-02	5.257026e-02	3.877692e+00	6.068994e-01	1.777310e-01	1.057644e+00	1.087469e-01	1.332210e+00	4.313927e-01	1.801776e-01	1.614955e-01	2.895210e-01	2.733497e-01	2.078388e-01	3.906622e-02	5.093188e-02	1.124449e+00	1.117359e+00	2.227257e-01	4.656062e+00	-2.859842e-07	
5.754806e-01	0.000000e+00	5.557531e-01	5.172826e-01	1.063985e+00	2.622922e-02	8.961677e-02	1.255116e-01	1.187470e-01	3.252624e-01	2.496515e-02	1.531299e-01	1.105629e+00	7.748858e-01	2.723544e-02	5.258321e-02	3.877546e+00	6.069329e-01	1.777269e-01	1.057510e+00	1.087469e-01	1.332171e+00	4.313328e-01	1.802348e-01	1.614746e-01	2.894099e-01	2.733724e-01	2.080623e-01	3.904380e-02	5.095978e-02	1.124389e+00	1.117434e+00	2.227480e-01	4.655559e+00	-4.057403e-07	
5.754778e-01	1.597592e-14	5.557427e-01	5.171517e-01	1.063998e+00	2.622978e-02	8.967216e-02	1.255101e-01	1.187661e-01	3.252621e-01	2.496881e-02	1.531290e-01	1.105633e+00	7.748896e-01	2.723097e-02	5.255097e-02	3.877629e+00	6.070436e-01	1.777139e-01	1.057475e+00	1.087495e-01	1.332153e+00	4.313093e-01	1.802819e-01	1.614904e-01	2.894605e-01	2.733275e-01	2.077104e-01	3.906687e-02	5.093631e-02	1.124572e+00	1.117287e+00	2.227307e-01	4.655652e+00	1.263959e-07	
5.754792e-01	0.000000e+00	5.556583e-01	5.173630e-01	1.063962e+00	2.623483e-02	8.970582e-02	1.255008e-01	1.187469e-01	3.252621e-01	2.496371e-02	1.530782e-01	1.105921e+00	7.748931e-01	2.723446e-02	5.256889e-02	3.876981e+00	6.071383e-01	1.777172e-01	1.057539e+00	1.087441e-01	1.332025e+00	4.313107e-01	1.803411e-01	1.614643e-01	2.894761e-01	2.735285e-01	2.077510e-01	3.905893e-02	5.093780e-02	1.124655e+00	1.117198e+00	2.225906e-01	4.655924e+00	-1.616205e-07	
5.754762e-01	1.218139e-13	5.557320e-01	5.169555e-01	1.064025e+00	2.623383e-02	8.969701e-02	1.255038e-01	1.187160e-01	3.252628e-01	2.496936e-02	1.530927e-01	1.105756e+00	7.748890e-01	2.722970e-02	5.254116e-02	3.877234e+00	6.070734e-01	1.777152e-01	1.057394e+00	1.087456e-01	1.332010e+00	4.312920e-01	1.802971e-01	1.614721e-01	2.894697e-01	2.734580e-01	2.079160e-01	3.905598e-02	5.096172e-02	1.124569e+00	1.117285e+00	2.226978e-01	4.655769e+00	3.490185e-07	
5.754766e-01	2.784729e-14	5.557586e-01	5.170737e-01	1.063990e+00	2.622763e-02	8.951299e-02	1.255143e-01	1.188023e-01	3.252612e-01	2.496616e-02	1.531417e-01	1.105438e+00	7.748866e-01	2.723414e-02	5.256259e-02	3.877430e+00	6.070887e-01	1.777283e-01	1.057739e+00	1.087468e-01	1.332031e+00	4.313786e-01	1.803352e-01	1.615019e-01	2.895250e-01	2.733318e-01	2.074979e-01	3.908739e-02	5.093540e-02	1.124682e+00	1.117195e+00	2.228105e-01	4.655988e+00	1.668751e-07	
5.754771e-01	4.595369e-14	5.557562e-01	5.172708e-01	1.063954e+00	2.623008e-02	8.990510e-02	1.255044e-01	1.186893e-01	3.252632e-01	2.497062e-02	1.530780e-01	1.105885e+00	7.748898e-01	2.721930e-02	5.251966e-02	3.877737e+00	6.070622e-01	1.776839e-01	1.057137e+00	1.087496e-01	1.332195e+00	4.312212e-01	1.803706e-01	1.614728e-01	2.893412e-01	2.732977e-01	2.080268e-01	3.905247e-02	5.092295e-02	1.124426e+00	1.117336e+00	2.225145e-01	4.655408e+00	2.143681e-07	
5.754773e-01	4.981739e-14	5.557723e-01	5.170992e-01	1.064019e+00	2.623478e-02	8.962927e-02	1.255119e-01	1.187450e-01	3.252618e-01	2.496650e-02	1.531588e-01	1.105553e+00	7.748858e-01	2.723395e-02	5.257296e-02	3.877654e+00	6.069545e-01	1.777425e-01	1.057598e+00	1.087434e-01	1.332237e+00	4.313273e-01	1.803249e-01	1.615047e-01	2.894047e-01	2.733765e-01	2.079097e-01	3.904874e-02	5.095933e-02	1.124459e+00	1.117279e+00	2.228172e-01	4.655742e+00	2.231981e-07	
5.754787e-01	2.758452e-16	5.557281e-01	5.172228e-01	1.063910e+00	2.622879e-02	8.981477e-02	1.255033e-01	1.187092e-01	3.252630e-01	2.496482e-02	1.530797e-01	1.105903e+00	7.748917e-01	2.722762e-02	5.254752e-02	3.877595e+00	6.071079e-01	1.777019e-01	1.057355e+00	1.087508e-01	1.332223e+00	4.312705e-01	1.802409e-01	1.614800e-01	2.894119e-01	2.733266e-01	2.079915e-01	3.904407e-02	5.092691e-02	1.124434e+00	1.117330e+00	2.225775e-01	4.655464e+00	1.660859e-08	
5.754762e-01	2.524509e-13	5.557576e-01	5.169891e-01	1.063967e+00	2.622944e-02	8.970288e-02	1.255098e-01	1.187156e-01	3.252628e-01	2.496873e-02	1.530841e-01	1.105677e+00	7.748874e-01	2.722915e-02	5.254512e-02	3.877212e+00	6.069991e-01	1.777014e-01	1.057413e+00	1.087477e-01	1.332044e+00	4.313162e-01	1.803127e-01	1.614989e-01	2.894502e-01	2.732963e-01	2.080791e-01	3.906041e-02	5.093972e-02	1.124517e+00	1.117284e+00	2.227419e-01	4.655849e+00	5.024449e-07	
5.754775e-01	2.693677e-14	5.557328e-01	5.171461e-01	1.064019e+00	2.622760e-02	8.961771e-02	1.255134e-01	1.187602e-01	3.252619e-01	2.496862e-02	1.531448e-01	1.105616e+00	7.748845e-01	2.723352e-02	5.255730e-02	3.877448e+00	6.070355e-01	1.777220e-01	1.057516e+00	1.087486e-01	1.332029e+00	4.313148e-01	1.803544e-01	1.614998e-01	2.894566e-01	2.733219e-01	2.077983e-01	3.907003e-02	5.093664e-02	1.124527e+00	1.117298e+00	2.227672e-01	4.655727e+00	1.641243e-07	
5.754782e-01	6.130413e-15	5.557082e-01	5.173296e-01	1.063965e+00	2.622733e-02	8.973616e-02	1.255064e-01	1.187346e-01	3.252620e-01	2.496373e-02	1.531088e-01	1.105790e+00	7.748892e-01	2.722825e-02	5.254819e-02	3.877659e+00	6.070492e-01	1.777089e-01	1.057448e+00	1.087471e-01	1.332100e+00	4.312883e-01	1.802373e-01	1.614872e-01	2.894401e-01	2.733349e-01	2.078977e-01	3.905583e-02	5.093945e-02	1.124507e+00	1.117265e+00	2.226641e-01	4.655535e+00	7.829695e-08	
5.754779e-01	6.966814e-15	5.557134e-01	5.172187e-01	1.063970e+00	2.622573e-02	8.963649e-02	1.255069e-01	1.187581e-01	3.252617e-01	2.496688e-02	1.531149e-01	1.105736e+00	7.748873e-01	2.723243e-02	5.255202e-02	3.877201e+00	6.070804e-01	1.777069e-01	1.057529e+00	1.087510e-01	1.331856e+00	4.313464e-01	1.803061e-01	1.614846e-01	2.894964e-01	2.733693e-01	2.077725e-01	3.907767e-02	5.091161e-02	1.124591e+00	1.117282e+00	2.227053e-01	4.655947e+00	8.346744e-08	
5.754773e-01	1.241438e-13	5.557333e-01	5.170107e-01	1.064015e+00	2.623026e-02	8.959798e-02	1.255083e-01	1.187598e-01	3.252619e-01	2.496904e-02	1.531450e-01	1.105546e+00	7.748852e-01	2.723327e-02	5.256475e-02	3.877474e+00	6.069588e-01	1.777287e-01	1.057575e+00	1.087472e-01	1.332130e+00	4.313305e-01	1.803279e-01	1.614972e-01	2.894726e-01	2.733643e-01	2.078810e-01	3.906182e-02	5.094495e-02	1.124507e+00	1.117295e+00	2.228048e-01	4.655881e+00	3.523404e-07	
5.754774e-01	4.222723e-14	5.557485e-01	5.172498e-01	1.063972e+00	2.623220e-02	8.971104e-02	1.255040e-01	1.187352e-01	3.252622e-01	2.496555e-02	1.531154e-01	1.105789e+00	7.748926e-01	2.722841e-02	5.255388e-02	3.877469e+00	6.071177e-01	1.777238e-01	1.057406e+00	1.087478e-01	1.332255e+00	4.313279e-01	1.802341e-01	1.614687e-01	2.894582e-01	2.734355e-01	2.076189e-01	3.905807e-02	5.094099e-02	1.124504e+00	1.117290e+00	2.226436e-01	4.655631e+00	2.054927e-07	
5.754765e-01	1.253308e-13	5.557077e-01	5.169287e-01	1.064005e+00	2.623115e-02	8.957009e-02	1.255042e-01	1.187210e-01	3.252616e-01	2.497014e-02	1.531341e-01	1.105618e+00	7.748870e-01	2.722657e-02	5.255197e-02	3.877137e+00	6.070883e-01	1.777235e-01	1.057709e+00	1.087465e-01	1.331889e+00	4.313563e-01	1.802743e-01	1.614893e-01	2.895582e-01	2.733886e-01	2.076588e-01	3.908832e-02	5.095030e-02	1.124635e+00	1.117229e+00	2.227966e-01	4.656058e+00	3.540209e-07	
5.754796e-01	0.000000e+00	5.556887e-01	5.174881e-01	1.063944e+00	2.622149e-02	8.969536e-02	1.255052e-01	1.186950e-01	3.252630e-01	2.496149e-02	1.530902e-01	1.105888e+00	7.748894e-01	2.723115e-02	5.254910e-02	3.877844e+00	6.071102e-01	1.777072e-01	1.057439e+00	1.087503e-01	1.332137e+00	4.312654e-01	1.801909e-01	1.614687e-01	2.893978e-01	2.733635e-01	2.079881e-01	3.905083e-02	5.095369e-02	1.124353e+00	1.117376e+00	2.226864e-01	4.655392e+00	-3.332442e-07	
5.754784e-01	1.757017e-15	5.556948e-01	5.172139e-01	1.063980e+00	2.623440e-02	8.971850e-02	1.255022e-01	1.186421e-01	3.252632e-01	2.496721e-02	1.530841e-01	1.105809e+00	7.748904e-01	2.722739e-02	5.255653e-02	3.877223e+00	6.070908e-01	1.777107e-01	1.057391e+00	1.087451e-01	1.331953e+00	4.312610e-01	1.802388e-01	1.614595e-01	2.894220e-01	2.734389e-01	2.080904e-01	3.904863e-02	5.097783e-02	1.124463e+00	1.117372e+00	2.226699e-01	4.655529e+00	4.191679e-08	
5.754763e-01	1.276563e-13	5.557733e-01	5.168955e-01	1.064023e+00	2.622835e-02	8.955695e-02	1.255132e-01	1.187298e-01	3.252616e-01	2.496574e-02	1.531656e-01	1.105475e+00	7.748883e-01	2.722270e-02	5.253269e-02	3.877856e+00	6.070716e-01	1.777282e-01	1.057653e+00	1.087509e-01	1.332154e+00	4.313774e-01	1.801708e-01	1.615106e-01	2.895444e-01	2.732357e-01	2.075619e-01	3.908014e-02	5.095284e-02	1.124576e+00	1.117281e+00	2.228404e-01	4.655689e+00	3.572902e-07	
5.754762e-01	1.434963e-13	5.557997e-01	5.172233e-01	1.063964e+00	2.622822e-02	8.968173e-02	1.255133e-01	1.187743e-01	3.252620e-01	2.496648e-02	1.531738e-01	1.105692e+00	7.748874e-01	2.722367e-02	5.254625e-02	3.878075e+00	6.070551e-01	1.777206e-01	1.057445e+00	1.087517e-01	1.332327e+00	4.313707e-01	1.801734e-01	1.614945e-01	2.894530e-01	2.732935e-01	2.076374e-01	3.907409e-02	5.092472e-02	1.124444e+00	1.117377e+00	2.226833e-01	4.655409e+00	3.788091e-07	
5.754763e-01	1.326772e-13	5.557671e-01	5.171354e-01	1.063983e+00	2.623010e-02	8.966671e-02	1.255096e-01	1.187736e-01	3.252622e-01	2.497200e-02	1.531213e-01	1.105655e+00	7.748859e-01	2.722850e-02	5.256166e-02	3.877505e+00	6.069590e-01	1.777127e-01	1.057424e+00	1.087478e-01	1.332201e+00	4.313203e-01	1.803538e-01	1.614742e-01	2.894556e-01	2.733517e-01	2.079175e-01	3.906781e-02	5.094000e-02	1.124437e+00	1.117342e+00	2.226897e-01	4.655803e+00	3.642489e-07	
5.754776e-01	1.819333e-14	5.557923e-01	5.168627e-01	1.064037e+00	2.623722e-02	8.962060e-02	1.255080e-01	1.187723e-01	3.252615e-01	2.497656e-02	1.531282e-01	1.105759e+00	7.748889e-01	2.722284e-02	5.254936e-02	3.877323e+00	6.070634e-01	1.777151e-01	1.057349e+00	1.087443e-01	1.332026e+00	4.313537e-01	1.803488e-01	1.614871e-01	2.895762e-01	2.734363e-01	2.076462e-01	3.907920e-02	5.091930e-02	1.124650e+00	1.117255e+00	2.226121e-01	4.656100e+00	1.348826e-07	
5.754796e-01	0.000000e+00	5.558067e-01	5.172488e-01	1.063906e+00	2.622597e-02	8.971538e-02	1.255131e-01	1.187411e-01	3.252621e-01	2.496794e-02	1.531567e-01	1.105707e+00	7.748894e-01	2.722335e-02	5.254282e-02	3.878096e+00	6.070204e-01	1.777092e-01	1.057584e+00	1.087524e-01	1.332259e+00	4.313516e-01	1.802093e-01	1.615090e-01	2.894389e-01	2.731820e-01	2.078608e-01	3.905986e-02	5.092903e-02	1.124353e+00	1.117414e+00	2.227369e-01	4.655480e+00	-1.213600e-07	
5.754761e-01	2.535255e-13	5.557694e-01	5.171019e-01	1.063969e+00	2.623261e-02	8.963040e-02	1.255061e-01	1.187543e-01	3.252619e-01	2.496659e-02	1.531554e-01	1.105637e+00	7.748850e-01	2.723037e-02	5.256270e-02	3.877736e+00	6.069277e-01	1.777345e-01	1.057527e+00	1.087436e-01	1.332210e+00	4.313413e-01	1.802500e-01	1.614897e-01	2.894247e-01	2.733608e-01	2.079029e-01	3.904521e-02	5.098093e-02	1.124339e+00	1.117389e+00	2.228238e-01	4.655605e+00	5.035131e-07	
5.754797e-01	0.000000e+00	5.558024e-01	5.169077e-01	1.064039e+00	2.623203e-02	8.967235e-02	1.255152e-01	1.187699e-01	3.252615e-01	2.497051e-02	1.531734e-01	1.105442e+00	7.748858e-01	2.722944e-02	5.256616e-02	3.877986e+00	6.069855e-01	1.777318e-01	1.057566e+00	1.087483e-01	1.332392e+00	4.313430e-01	1.802085e-01	1.615089e-01	2.894551e-01	2.732609e-01	2.077991e-01	3.906092e-02	5.094907e-02	1.124529e+00	1.117308e+00	2.227736e-01	4.655651e+00	-1.376887e-07	
5.754797e-01	0.000000e+00	5.557215e-01	5.172494e-01	1.063978e+00	2.622877e-02	8.977853e-02	1.255052e-01	1.187026e-01	3.252628e-01	2.496258e-02	1.531055e-01	1.105827e+00	7.748908e-01	2.722895e-02	5.253896e-02	3.877803e+00	6.070790e-01	1.777100e-01	1.057511e+00	1.087521e-01	1.332256e+00	4.312643e-01	1.803181e-01	1.614889e-01	2.893797e-01	2.732540e-01	2.079575e-01	3.904710e-02	5.093495e-02	1.124499e+00	1.117288e+00	2.226994e-01	4.655338e+00	-2.522007e-07	
5.754798e-01	0.000000e+00	5.557022e-01	5.170966e-01	1.064035e+00	2.622882e-02	8.963361e-02	1.255087e-01	1.187378e-01	3.252619e-01	2.496597e-02	1.531266e-01	1.105625e+00	7.748876e-01	2.723292e-02	5.256168e-02	3.877469e+00	6.070871e-01	1.777301e-01	1.057680e+00	1.087464e-01	1.331968e+00	4.313080e-01	1.803467e-01	1.615024e-01	2.894849e-01	2.733707e-01	2.077515e-01	3.906562e-02	5.094721e-02	1.124573e+00	1.117238e+00	2.227879e-01	4.655709e+00	-3.119022e-07	
5.754798e-01	0.000000e+00	5.557254e-01	5.171328e-01	1.063963e+00	2.622865e-02	8.969999e-02	1.255058e-01	1.187213e-01	3.252621e-01	2.496371e-02	1.531259e-01	1.105739e+00	7.748914e-01	2.722686e-02	5.254656e-02	3.877631e+00	6.071146e-01	1.777190e-01	1.057488e+00	1.087519e-01	1.332224e+00	4.313336e-01	1.801846e-01	1.614847e-01	2.894579e-01	2.733491e-01	2.076722e-01	3.905803e-02	5.093856e-02	1.124525e+00	1.117323e+00	2.227112e-01	4.655495e+00	-1.397990e-07	
5.754783e-01	2.681557e-15	5.557727e-01	5.171349e-01	1.063973e+00	2.622747e-02	8.977844e-02	1.255053e-01	1.187097e-01	3.252623e-01	2.496962e-02	1.531022e-01	1.105738e+00	7.748881e-01	2.722940e-02	5.255105e-02	3.877535e+00	6.069893e-01	1.777054e-01	1.057343e+00	1.087505e-01	1.332304e+00	4.313022e-01	1.801788e-01	1.614840e-01	2.894136e-01	2.733500e-01	2.080789e-01	3.905740e-02	5.093795e-02	1.124462e+00	1.117362e+00	2.226228e-01	4.655718e+00	5.178375e-08	
5.754799e-01	0.000000e+00	5.557253e-01	5.172428e-01	1.063954e+00	2.622982e-02	8.965674e-02	1.255066e-01	1.187426e-01	3.252622e-01	2.496200e-02	1.531077e-01	1.105755e+00	7.748905e-01	2.723410e-02	5.254836e-02	3.877275e+00	6.071676e-01	1.777309e-01	1.057634e+00	1.087512e-01	1.332171e+00	4.313349e-01	1.802754e-01	1.614908e-01	2.894401e-01	2.733080e-01	2.077523e-01	3.905237e-02	5.094393e-02	1.124605e+00	1.117297e+00	2.227973e-01	4.655616e+00	-1.300719e-07	
5.754784e-01	2.995429e-15	5.557684e-01	5.171227e-01	1.063997e+00	2.623390e-02	8.974730e-02	1.255105e-01	1.187724e-01	3.252605e-01	2.497257e-02	1.531215e-01	1.105752e+00	7.748892e-01	2.723404e-02	5.255959e-02	3.877487e+00	6.069363e-01	1.777217e-01	1.057486e+00	1.087438e-01	1.332104e+00	4.313415e-01	1.802658e-01	1.615033e-01	2.894891e-01	2.734351e-01	2.076799e-01	3.906734e-02	5.091114e-02	1.124617e+00	1.117248e+00	2.225766e-01	4.655975e+00	5.473051e-08	
5.754796e-01	5.457770e-16	5.557453e-01	5.173944e-01	1.063901e+00	2.622742e-02	8.972263e-02	1.255064e-01	1.187386e-01	3.252618e-01	2.496351e-02	1.531347e-01	1.105861e+00	7.748897e-01	2.722915e-02	5.255504e-02	3.877778e+00	6.070811e-01	1.777217e-01	1.057527e+00	1.087516e-01	1.332237e+00	4.313353e-01	1.801966e-01	1.614946e-01	2.894239e-01	2.732915e-01	2.078580e-01	3.906080e-02	5.092480e-02	1.124443e+00	1.117376e+00	2.227036e-01	4.655555e+00	2.336187e-08	
5.754783e-01	1.137809e-14	5.558314e-01	5.174070e-01	1.063899e+00	2.623530e-02	8.987420e-02	1.255051e-01	1.187209e-01	3.252628e-01	2.497229e-02	1.530988e-01	1.106079e+00	7.748915e-01	2.722063e-02	5.255607e-02	3.877771e+00	6.069740e-01	1.776998e-01	1.057055e+00	1.087460e-01	1.332382e+00	4.312765e-01	1.802057e-01	1.614589e-01	2.893518e-01	2.733671e-01	2.080180e-01	3.903490e-02	5.092187e-02	1.124254e+00	1.117418e+00	2.224279e-01	4.655515e+00	1.066681e-07	
5.754777e-01	2.860397e-14	5.557799e-01	5.171214e-01	1.063953e+00	2.623252e-02	8.970665e-02	1.255045e-01	1.187459e-01	3.252619e-01	2.496698e-02	1.531027e-01	1.105682e+00	7.748895e-01	2.723149e-02	5.255917e-02	3.877357e+00	6.070534e-01	1.777271e-01	1.057543e+00	1.087471e-01	1.332226e+00	4.313525e-01	1.801913e-01	1.614908e-01	2.894384e-01	2.733406e-01	2.077568e-01	3.905464e-02	5.094921e-02	1.124507e+00	1.117303e+00	2.227400e-01	4.655860e+00	1.691271e-07	
5.754784e-01	3.261340e-15	5.557785e-01	5.173070e-01	1.063933e+00	2.622247e-02	8.962966e-02	1.255131e-01	1.187790e-01	3.252615e-01	2.496274e-02	1.531390e-01	1.105635e+00	7.748894e-01	2.723381e-02	5.255670e-02	3.877603e+00	6.070411e-01	1.777185e-01	1.057662e+00	1.087538e-01	1.332137e+00	4.313713e-01	1.802789e-01	1.614975e-01	2.894662e-01	2.732124e-01	2.077211e-01	3.907467e-02	5.091053e-02	1.124502e+00	1.117311e+00	2.228002e-01	4.655698e+00	5.710814e-08	
5.754778e-01	2.284103e-14	5.558245e-01	5.173133e-01	1.063992e+00	2.622803e-02	8.979115e-02	1.255103e-01	1.187401e-01	3.252624e-01	2.496880e-02	1.531168e-01	1.105660e+00	7.748874e-01	2.722843e-02	5.254844e-02	3.877833e+00	6.069643e-01	1.777041e-01	1.057299e+00	1.087506e-01	1.332276e+00	4.313108e-01	1.802627e-01	1.614964e-01	2.893396e-01	2.732100e-01	2.079065e-01	3.905852e-02	5.089938e-02	1.124393e+00	1.117363e+00	2.226688e-01	4.655652e+00	1.511325e-07	
5.754780e-01	1.473224e-14	5.557808e-01	5.170929e-01	1.063994e+00	2.623164e-02	8.951320e-02	1.255139e-01	1.187659e-01	3.252617e-01	2.497047e-02	1.531796e-01	1.105608e+00	7.748858e-01	2.723368e-02	5.259068e-02	3.877618e+00	6.069266e-01	1.777351e-01	1.057564e+00	1.087454e-01	1.332189e+00	4.313647e-01	1.802027e-01	1.615026e-01	2.895007e-01	2.734013e-01	2.079847e-01	3.905271e-02	5.095867e-02	1.124318e+00	1.117420e+00	2.227945e-01	4.655832e+00	1.213764e-07	
5.754778e-01	2.312123e-14	5.557821e-01	5.170196e-01	1.064000e+00	2.622998e-02	8.969865e-02	1.255088e-01	1.187581e-01	3.252620e-01	2.496764e-02	1.531249e-01	1.105588e+00	7.748858e-01	2.723510e-02	5.256011e-02	3.877443e+00	6.070299e-01	1.777287e-01	1.057581e+00	1.087507e-01	1.332283e+00	4.313335e-01	1.802123e-01	1.615015e-01	2.894128e-01	2.732269e-01	2.079462e-01	3.905316e-02	5.093434e-02	1.124545e+00	1.117277e+00	2.228110e-01	4.655765e+00	1.520567e-07	
5.754787e-01	5.211098e-15	5.557742e-01	5.172711e-01	1.063963e+00	2.623733e-02	8.989068e-02	1.255014e-01	1.187480e-01	3.252621e-01	2.497210e-02	1.530717e-01	1.105943e+00	7.748916e-01	2.722838e-02	5.255351e-02	3.877291e+00	6.070161e-01	1.777148e-01	1.057277e+00	1.087425e-01	1.332116e+00	4.313044e-01	1.802896e-01	1.614622e-01	2.893864e-01	2.734830e-01	2.079318e-01	3.904068e-02	5.091957e-02	1.124487e+00	1.117302e+00	2.224929e-01	4.655892e+00	7.218794e-08	
5.754762e-01	3.739615e-14	5.558059e-01	5.169628e-01	1.064017e+00	2.622968e-02	8.972055e-02	1.255116e-01	1.187631e-01	3.252615e-01	2.497151e-02	1.531560e-01	1.105548e+00	7.748866e-01	2.722751e-02	5.255475e-02	3.877664e+00	6.069646e-01	1.777251e-01	1.057444e+00	1.087497e-01	1.332324e+00	4.313730e-01	1.801763e-01	1.615035e-01	2.894502e-01	2.732387e-01	2.077511e-01	3.907480e-02	5.092872e-02	1.124547e+00	1.117287e+00	2.227477e-01	4.655647e+00	1.933809e-07	
5.754762e-01	3.881724e-14	5.557835e-01	5.173185e-01	1.063965e+00	2.623214e-02	8.961226e-02	1.255089e-01	1.187391e-01	3.252615e-01	2.496978e-02	1.531619e-01	1.105698e+00	7.748874e-01	2.722935e-02	5.257360e-02	3.877365e+00	6.069721e-01	1.777312e-01	1.057419e+00	1.087469e-01	1.332309e+00	4.314068e-01	1.801013e-01	1.614808e-01	2.894830e-01	2.734262e-01	2.078755e-01	3.907149e-02	5.094353e-02	1.124437e+00	1.117395e+00	2.226870e-01	4.656009e+00	1.970209e-07	
5.754787e-01	1.062130e-14	5.557765e-01	5.173555e-01	1.063953e+00	2.622818e-02	8.981422e-02	1.255069e-01	1.187303e-01	3.252621e-01	2.497204e-02	1.530996e-01	1.105849e+00	7.748874e-01	2.722863e-02	5.256265e-02	3.877623e+00	6.069576e-01	1.777058e-01	1.057366e+00	1.087477e-01	1.332278e+00	4.312895e-01	1.802717e-01	1.614732e-01	2.893523e-01	2.733454e-01	2.082611e-01	3.904813e-02	5.093111e-02	1.124279e+00	1.117405e+00	2.225991e-01	4.655783e+00	1.030597e-07	
5.754778e-01	2.421018e-14	5.557747e-01	5.170336e-01	1.063956e+00	2.623109e-02	8.963187e-02	1.255097e-01	1.187991e-01	3.252606e-01	2.497148e-02	1.531708e-01	1.105671e+00	7.748864e-01	2.722882e-02	5.256334e-02	3.877593e+00	6.069811e-01	1.777262e-01	1.057602e+00	1.087457e-01	1.332056e+00	4.313783e-01	1.802433e-01	1.615094e-01	2.895725e-01	2.733338e-01	2.075696e-01	3.908247e-02	5.092814e-02	1.124563e+00	1.117289e+00	2.227176e-01	4.655935e+00	1.555962e-07	
5.754799e-01	0.000000e+00	5.557395e-01	5.172665e-01	1.063987e+00	2.622684e-02	8.975322e-02	1.255090e-01	1.187238e-01	3.252628e-01	2.496617e-02	1.531069e-01	1.105756e+00	7.748868e-01	2.722991e-02	5.255421e-02	3.877887e+00	6.069965e-01	1.777150e-01	1.057543e+00	1.087467e-01	1.332127e+00	4.312500e-01	1.804036e-01	1.614838e-01	2.893518e-01	2.733022e-01	2.080488e-01	3.904311e-02	5.094600e-02	1.124339e+00	1.117343e+00	2.226872e-01	4.655381e+00	-1.405331e-07	
5.754781e-01	1.878218e-14	5.557122e-01	5.169746e-01	1.064028e+00	2.624180e-02	8.965996e-02	1.255039e-01	1.187313e-01	3.252616e-01	2.496832e-02	1.530778e-01	1.105516e+00	7.748908e-01	2.723456e-02	5.257032e-02	3.876703e+00	6.070755e-01	1.777395e-01	1.057581e+00	1.087409e-01	1.332107e+00	4.313239e-01	1.803879e-01	1.615029e-01	2.894686e-01	2.734548e-01	2.077547e-01	3.904502e-02	5.095602e-02	1.124790e+00	1.117121e+00	2.227678e-01	4.655926e+00	1.370481e-07	
5.754763e-01	1.292585e-13	5.557266e-01	5.169709e-01	1.064020e+00	2.623013e-02	8.966943e-02	1.255065e-01	1.187048e-01	3.252619e-01	2.496988e-02	1.531085e-01	1.105546e+00	7.748877e-01	2.722936e-02	5.254794e-02	3.877335e+00	6.069934e-01	1.777152e-01	1.057557e+00	1.087464e-01	1.331995e+00	4.313063e-01	1.802745e-01	1.614874e-01	2.894779e-01	2.733265e-01	2.079122e-01	3.907087e-02	5.094808e-02	1.124615e+00	1.117257e+00	2.227351e-01	4.655757e+00	3.595254e-07	
5.754811e-01	0.000000e+00	5.557407e-01	5.173401e-01	1.063931e+00	2.622579e-02	8.970725e-02	1.255072e-01	1.187570e-01	3.252620e-01	2.496342e-02	1.531372e-01	1.105802e+00	7.748878e-01	2.722842e-02	5.254869e-02	3.877831e+00	6.070751e-01	1.777172e-01	1.057628e+00	1.087503e-01	1.332130e+00	4.313055e-01	1.802782e-01	1.614865e-01	2.894507e-01	2.732780e-01	2.078454e-01	3.906548e-02	5.093197e-02	1.124496e+00	1.117338e+00	2.227500e-01	4.655572e+00	-4.453439e-07	
5.754797e-01	3.049605e-15	5.557742e-01	5.172905e-01	1.063976e+00	2.622868e-02	8.970453e-02	1.255099e-01	1.186844e-01	3.252635e-01	2.496255e-02	1.531086e-01	1.105736e+00	7.748912e-01	2.722449e-02	5.253607e-02	3.877823e+00	6.071093e-01	1.777057e-01	1.057409e+00	1.087525e-01	1.332384e+00	4.312764e-01	1.802300e-01	1.614898e-01	2.893558e-01	2.731642e-01	2.078837e-01	3.904780e-02	5.094371e-02	1.124445e+00	1.117367e+00	2.227666e-01	4.655183e+00	5.522323e-08	
5.754778e-01	2.515104e-14	5.557227e-01	5.172762e-01	1.063967e+00	2.623146e-02	8.959099e-02	1.255095e-01	1.187759e-01	3.252618e-01	2.497028e-02	1.531319e-01	1.105790e+00	7.748864e-01	2.723460e-02	5.257961e-02	3.877444e+00	6.070009e-01	1.777170e-01	1.057392e+00	1.087468e-01	1.332067e+00	4.313397e-01	1.802369e-01	1.614750e-01	2.894771e-01	2.735136e-01	2.080684e-01	3.905407e-02	5.095451e-02	1.124463e+00	1.117380e+00	2.226359e-01	4.655878e+00	1.585908e-07	
5.754767e-01	1.219536e-13	5.558717e-01	5.170536e-01	1.063949e+00	2.623099e-02	8.987195e-02	1.255116e-01	1.187655e-01	3.252623e-01	2.497123e-02	1.530885e-01	1.105720e+00	7.748903e-01	2.722536e-02	5.253341e-02	3.877541e+00	6.069933e-01	1.777086e-01	1.057387e+00	1.087504e-01	1.332339e+00	4.313385e-01	1.802876e-01	1.614947e-01	2.893750e-01	2.731633e-01	2.077977e-01	3.906727e-02	5.090641e-02	1.124504e+00	1.117271e+00	2.226745e-01	4.655885e+00	3.492185e-07	
5.754782e-01	2.005229e-14	5.557801e-01	5.172360e-01	1.063947e+00	2.622481e-02	8.960559e-02	1.255149e-01	1.187365e-01	3.252621e-01	2.496302e-02	1.531485e-01	1.105581e+00	7.748876e-01	2.722941e-02	5.255362e-02	3.877541e+00	6.070539e-01	1.777284e-01	1.057690e+00	1.087507e-01	1.332135e+00	4.313601e-01	1.802070e-01	1.614903e-01	2.894411e-01	2.732490e-01	2.078341e-01	3.907225e-02	5.095589e-02	1.124461e+00	1.117373e+00	2.227881e-01	4.655726e+00	1.416061e-07	
5.754782e-01	2.456648e-14	5.557197e-01	5.172008e-01	1.063953e+00	2.622690e-02	8.969317e-02	1.255046e-01	1.187002e-01	3.252620e-01	2.496432e-02	1.531342e-01	1.105684e+00	7.748871e-01	2.723041e-02	5.254692e-02	3.877425e+00	6.070648e-01	1.777240e-01	1.057465e+00	1.087501e-01	1.332099e+00	4.313609e-01	1.801464e-01	1.614737e-01	2.894523e-01	2.733470e-01	2.078660e-01	3.905897e-02	5.095521e-02	1.124530e+00	1.117321e+00	2.227397e-01	4.655725e+00	1.567370e-07	
5.754773e-01	5.528945e-14	5.556929e-01	5.171613e-01	1.063976e+00	2.623385e-02	8.973179e-02	1.254969e-01	1.187051e-01	3.252627e-01	2.496811e-02	1.530689e-01	1.105849e+00	7.748914e-01	2.722582e-02	5.254881e-02	3.877350e+00	6.071388e-01	1.777050e-01	1.057441e+00	1.087471e-01	1.332075e+00	4.312638e-01	1.802934e-01	1.614795e-01	2.894496e-01	2.733939e-01	2.079334e-01	3.905332e-02	5.094658e-02	1.124577e+00	1.117255e+00	2.226188e-01	4.655583e+00	2.351371e-07	
5.754784e-01	3.221473e-14	5.557399e-01	5.171167e-01	1.063996e+00	2.623648e-02	8.967501e-02	1.255034e-01	1.187287e-01	3.252618e-01	2.496820e-02	1.531156e-01	1.105740e+00	7.748888e-01	2.723460e-02	5.256464e-02	3.877135e+00	6.069834e-01	1.777303e-01	1.057480e+00	1.087455e-01	1.332148e+00	4.313441e-01	1.802827e-01	1.614909e-01	2.894466e-01	2.733801e-01	2.078710e-01	3.904082e-02	5.095171e-02	1.124562e+00	1.117237e+00	2.227388e-01	4.655956e+00	1.794846e-07	
5.754776e-01	3.341196e-14	5.557700e-01	5.171740e-01	1.063969e+00	2.622619e-02	8.985301e-02	1.255051e-01	1.187851e-01	3.252620e-01	2.496592e-02	1.531154e-01	1.105741e+00	7.748882e-01	2.722365e-02	5.251969e-02	3.877995e+00	6.070775e-01	1.777021e-01	1.057472e+00	1.087559e-01	1.332257e+00	4.313326e-01	1.802971e-01	1.614905e-01	2.894197e-01	2.731978e-01	2.075762e-01	3.908154e-02	5.089173e-02	1.124599e+00	1.117278e+00	2.226632e-01	4.655520e+00	1.827894e-07	
5.754774e-01	4.185266e-14	5.558060e-01	5.172488e-01	1.063998e+00	2.622246e-02	8.970848e-02	1.255166e-01	1.187825e-01	3.252628e-01	2.496219e-02	1.531781e-01	1.105598e+00	7.748840e-01	2.722621e-02	5.254014e-02	3.878540e+00	6.070343e-01	1.777154e-01	1.057534e+00	1.087546e-01	1.332322e+00	4.313137e-01	1.802200e-01	1.615057e-01	2.893559e-01	2.730522e-01	2.078171e-01	3.906162e-02	5.094362e-02	1.124305e+00	1.117373e+00	2.228513e-01	4.655238e+00	2.045792e-07	
5.754760e-01	2.360536e-13	5.557845e-01	5.171938e-01	1.063922e+00	2.622849e-02	8.970620e-02	1.255097e-01	1.187465e-01	3.252625e-01	2.496715e-02	1.531323e-01	1.105672e+00	7.748865e-01	2.723248e-02	5.256840e-02	3.877575e+00	6.069693e-01	1.777342e-01	1.057455e+00	1.087488e-01	1.332404e+00	4.313396e-01	1.801524e-01	1.614834e-01	2.894157e-01	2.733287e-01	2.080524e-01	3.904458e-02	5.095469e-02	1.124279e+00	1.117444e+00	2.227135e-01	4.655644e+00	4.858535e-07	
5.754775e-01	5.383508e-14	5.557602e-01	5.169701e-01	1.064062e+00	2.623023e-02	8.959151e-02	1.255136e-01	1.187824e-01	3.252616e-01	2.496772e-02	1.531481e-01	1.105518e+00	7.748858e-01	2.723360e-02	5.255410e-02	3.877499e+00	6.070482e-01	1.777307e-01	1.057534e+00	1.087479e-01	1.332038e+00	4.313639e-01	1.803361e-01	1.615009e-01	2.895008e-01	2.733374e-01	2.076836e-01	3.906838e-02	5.093466e-02	1.124654e+00	1.117204e+00	2.228003e-01	4.655885e+00	2.320239e-07	
5.754753e-01	4.066743e-13	5.557439e-01	5.173141e-01	1.063927e+00	2.623121e-02	8.959918e-02	1.255082e-01	1.188018e-01	3.252601e-01	2.496562e-02	1.531374e-01	1.105734e+00	7.748901e-01	2.723138e-02	5.255890e-02	3.877220e+00	6.070797e-01	1.777369e-01	1.057613e+00	1.087483e-01	1.332205e+00	4.314202e-01	1.803060e-01	1.615066e-01	2.895476e-01	2.733242e-01	2.075211e-01	3.908606e-02	5.090586e-02	1.124681e+00	1.117179e+00	2.227165e-01	4.656127e+00	6.377102e-07	
5.754756e-01	3.074957e-13	5.557788e-01	5.174760e-01	1.063935e+00	2.623120e-02	8.970870e-02	1.255092e-01	1.186971e-01	3.252625e-01	2.496397e-02	1.531172e-01	1.105889e+00	7.748933e-01	2.722260e-02	5.253720e-02	3.877491e+00	6.071843e-01	1.777216e-01	1.057351e+00	1.087504e-01	1.332430e+00	4.313499e-01	1.802100e-01	1.614784e-01	2.894038e-01	2.732710e-01	2.077952e-01	3.906412e-02	5.093469e-02	1.124436e+00	1.117294e+00	2.226918e-01	4.655729e+00	5.545229e-07	
5.754762e-01	1.350294e-13	5.557498e-01	5.172782e-01	1.063962e+00	2.622438e-02	8.972050e-02	1.255115e-01	1.187616e-01	3.252622e-01	2.496528e-02	1.530855e-01	1.105790e+00	7.748895e-01	2.722354e-02	5.251572e-02	3.877452e+00	6.072075e-01	1.776951e-01	1.057447e+00	1.087534e-01	1.331904e+00	4.313194e-01	1.803698e-01	1.614989e-01	2.894965e-01	2.732039e-01	2.075644e-01	3.908653e-02	5.089495e-02	1.124632e+00	1.117211e+00	2.226974e-01	4.655678e+00	3.674635e-07	
5.754780e-01	5.299889e-14	5.557602e-01	5.172966e-01	1.063969e+00	2.622727e-02	8.962546e-02	1.255093e-01	1.187547e-01	3.252625e-01	2.496914e-02	1.531573e-01	1.105760e+00	7.748875e-01	2.722699e-02	5.256171e-02	3.877881e+00	6.070432e-01	1.777121e-01	1.057409e+00	1.087491e-01	1.332213e+00	4.313113e-01	1.802420e-01	1.614911e-01	2.894143e-01	2.733096e-01	2.079288e-01	3.906311e-02	5.093628e-02	1.124375e+00	1.117380e+00	2.227312e-01	4.655552e+00	2.302149e-07	
5.754770e-01	6.526035e-14	5.557751e-01	5.171594e-01	1.063985e+00	2.622832e-02	8.971709e-02	1.255089e-01	1.187603e-01	3.252614e-01	2.496842e-02	1.530951e-01	1.105670e+00	7.748884e-01	2.723302e-02	5.255467e-02	3.877484e+00	6.070525e-01	1.777206e-01	1.057547e+00	1.087477e-01	1.332166e+00	4.313237e-01	1.802190e-01	1.615025e-01	2.894656e-01	2.733536e-01	2.077660e-01	3.906826e-02	5.092253e-02	1.124570e+00	1.117252e+00	2.226578e-01	4.655872e+00	2.554611e-07	
5.754765e-01	1.357797e-13	5.556961e-01	5.169838e-01	1.064005e+00	2.623768e-02	8.978152e-02	1.254973e-01	1.186768e-01	3.252623e-01	2.496748e-02	1.530662e-01	1.105815e+00	7.748915e-01	2.722395e-02	5.253658e-02	3.877088e+00	6.070971e-01	1.777159e-01	1.057383e+00	1.087465e-01	1.332201e+00	4.312961e-01	1.802220e-01	1.614830e-01	2.894705e-01	2.733945e-01	2.078581e-01	3.905222e-02	5.094205e-02	1.124665e+00	1.117225e+00	2.225995e-01	4.655698e+00	3.684830e-07	
5.754760e-01	1.656020e-13	5.558172e-01	5.171454e-01	1.063911e+00	2.623399e-02	8.971161e-02	1.255082e-01	1.187655e-01	3.252621e-01	2.497700e-02	1.530965e-01	1.105893e+00	7.748905e-01	2.722343e-02	5.256411e-02	3.877220e+00	6.069696e-01	1.777009e-01	1.057262e+00	1.087443e-01	1.332085e+00	4.313080e-01	1.803220e-01	1.614728e-01	2.894489e-01	2.734572e-01	2.081313e-01	3.905670e-02	5.091550e-02	1.124373e+00	1.117392e+00	2.225499e-01	4.655891e+00	4.069422e-07	
5.754771e-01	1.116166e-13	5.557564e-01	5.174332e-01	1.063918e+00	2.622865e-02	8.979089e-02	1.255068e-01	1.187160e-01	3.252626e-01	2.496425e-02	1.531070e-01	1.105908e+00	7.748925e-01	2.722354e-02	5.254233e-02	3.877637e+00	6.071685e-01	1.777192e-01	1.057427e+00	1.087507e-01	1.332315e+00	4.313172e-01	1.801982e-01	1.614692e-01	2.893991e-01	2.733131e-01	2.079048e-01	3.906145e-02	5.093638e-02	1.124384e+00	1.117383e+00	2.226322e-01	4.655493e+00	3.340907e-07	
5.754772e-01	1.160471e-13	5.557972e-01	5.170156e-01	1.064000e+00	2.622989e-02	8.966398e-02	1.255121e-01	1.187723e-01	3.252614e-01	2.496791e-02	1.531297e-01	1.105438e+00	7.748867e-01	2.723237e-02	5.255397e-02	3.877295e+00	6.070068e-01	1.777337e-01	1.057710e+00	1.087495e-01	1.332127e+00	4.313559e-01	1.803375e-01	1.615104e-01	2.894459e-01	2.732503e-01	2.077925e-01	3.907043e-02	5.093401e-02	1.124640e+00	1.117252e+00	2.228640e-01	4.655749e+00	3.406569e-07	
5.754779e-01	6.524364e-14	5.557351e-01	5.169401e-01	1.064038e+00	2.622823e-02	8.958451e-02	1.255098e-01	1.187933e-01	3.252613e-01	2.496985e-02	1.531432e-01	1.105557e+00	7.748853e-01	2.723547e-02	5.256289e-02	3.877482e+00	6.070047e-01	1.777320e-01	1.057592e+00	1.087471e-01	1.332043e+00	4.313479e-01	1.802415e-01	1.615135e-01	2.895498e-01	2.733848e-01	2.076121e-01	3.907338e-02	5.092880e-02	1.124645e+00	1.117216e+00	2.227822e-01	4.655939e+00	2.554284e-07	
5.754772e-01	1.274647e-13	5.557703e-01	5.171011e-01	1.064013e+00	2.623063e-02	8.964031e-02	1.255108e-01	1.187910e-01	3.252609e-01	2.497208e-02	1.531537e-01	1.105620e+00	7.748889e-01	2.722924e-02	5.255302e-02	3.877592e+00	6.070457e-01	1.777243e-01	1.057574e+00	1.087481e-01	1.332123e+00	4.313603e-01	1.802391e-01	1.615097e-01	2.895068e-01	2.733568e-01	2.075113e-01	3.907927e-02	5.091541e-02	1.124595e+00	1.117257e+00	2.227176e-01	4.655887e+00	3.570220e-07	
5.754769e-01	1.485757e-13	5.557950e-01	5.170623e-01	1.064029e+00	2.623269e-02	8.966825e-02	1.255136e-01	1.187897e-01	3.252612e-01	2.496475e-02	1.531627e-01	1.105551e+00	7.748881e-01	2.723173e-02	5.254607e-02	3.877615e+00	6.070218e-01	1.777335e-01	1.057660e+00	1.087479e-01	1.332126e+00	4.313697e-01	1.802630e-01	1.615090e-01	2.894695e-01	2.732126e-01	2.075522e-01	3.907296e-02	5.092151e-02	1.124634e+00	1.117227e+00	2.228332e-01	4.655812e+00	3.854551e-07	
5.754764e-01	1.635887e-13	5.557615e-01	5.172687e-01	1.063938e+00	2.622567e-02	8.966405e-02	1.255099e-01	1.187371e-01	3.252619e-01	2.496712e-02	1.531082e-01	1.105717e+00	7.748915e-01	2.722304e-02	5.253246e-02	3.877544e+00	6.071632e-01	1.777098e-01	1.057546e+00	1.087517e-01	1.331921e+00	4.313342e-01	1.802956e-01	1.614870e-01	2.894881e-01	2.732430e-01	2.075962e-01	3.908771e-02	5.092164e-02	1.124540e+00	1.117305e+00	2.226978e-01	4.655687e+00	4.044610e-07	
5.754769e-01	1.624464e-13	5.557500e-01	5.172153e-01	1.063972e+00	2.622863e-02	8.966909e-02	1.255116e-01	1.187450e-01	3.252623e-01	2.496528e-02	1.531371e-01	1.105614e+00	7.748847e-01	2.723388e-02	5.256774e-02	3.877810e+00	6.069609e-01	1.777258e-01	1.057454e+00	1.087473e-01	1.332209e+00	4.313047e-01	1.802234e-01	1.614903e-01	2.894233e-01	2.733562e-01	2.078883e-01	3.905277e-02	5.096087e-02	1.124399e+00	1.117337e+00	2.227478e-01	4.655566e+00	4.030464e-07	
5.754771e-01	1.697059e-13	5.557462e-01	5.171569e-01	1.063977e+00	2.622773e-02	8.971495e-02	1.255090e-01	1.187894e-01	3.252614e-01	2.496664e-02	1.530776e-01	1.105673e+00	7.748891e-01	2.723289e-02	5.254157e-02	3.877352e+00	6.071134e-01	1.777104e-01	1.057702e+00	1.087493e-01	1.332025e+00	4.313142e-01	1.804319e-01	1.615139e-01	2.894807e-01	2.732302e-01	2.076055e-01	3.908017e-02	5.089874e-02	1.124660e+00	1.117131e+00	2.227713e-01	4.656006e+00	4.119538e-07	
