f	phi	x(1)	x(2)	x(3)	x(4)	x(5)	x(6)	x(7)	x(8)	x(9)	x(10)	x(11)	x(12)	x(13)	x(14)	x(15)	x(16)	x(17)	x(18)	x(19)	x(20)	x(21)	x(22)	x(23)	x(24)	x(25)	x(26)	x(27)	x(28)	x(29)	x(30)	x(31)	x(32)	g(1)	
5.754775e-01	0.000000e+00	5.558569e-01	5.162874e-01	1.068510e+00	2.636997e-02	8.950355e-02	1.255817e-01	1.184686e-01	3.252751e-01	2.504905e-02	1.533675e-01	1.109752e+00	7.750182e-01	2.723343e-02	5.265184e-02	3.868232e+00	6.040545e-01	1.783620e-01	1.059334e+00	1.085360e-01	1.329601e+00	4.301224e-01	1.799946e-01	1.607208e-01	2.895011e-01	2.726723e-01	2.082134e-01	3.905819e-02	5.084792e-02	1.123109e+00	1.118602e+00	2.232051e-01	4.647961e+00	-2.625244e-08	
5.754776e-01	0.000000e+00	5.557332e-01	5.158877e-01	1.068503e+00	2.636434e-02	8.950861e-02	1.255807e-01	1.184543e-01	3.252752e-01	2.504732e-02	1.533600e-01	1.109579e+00	7.750317e-01	2.722924e-02	5.264721e-02	3.868161e+00	6.038779e-01	1.783322e-01	1.059215e+00	1.085353e-01	1.329466e+00	4.301399e-01	1.799768e-01	1.607396e-01	2.895256e-01	2.727130e-01	2.082158e-01	3.906380e-02	5.083342e-02	1.122971e+00	1.118702e+00	2.232468e-01	4.647983e+00	-1.040706e-08	
5.754776e-01	0.000000e+00	5.557744e-01	5.159385e-01	1.068442e+00	2.636768e-02	8.950081e-02	1.255819e-01	1.184695e-01	3.252746e-01	2.503626e-02	1.533447e-01	1.109584e+00	7.750399e-01	2.722078e-02	5.262405e-02	3.868440e+00	6.039893e-01	1.783438e-01	1.059298e+00	1.085321e-01	1.329425e+00	4.298725e-01	1.799999e-01	1.607694e-01	2.895265e-01	2.726739e-01	2.081973e-01	3.905565e-02	5.084682e-02	1.122888e+00	1.118765e+00	2.232230e-01	4.648040e+00	-2.195544e-08	
5.754776e-01	0.000000e+00	5.557631e-01	5.159669e-01	1.068452e+00	2.636778e-02	8.949906e-02	1.255834e-01	1.184756e-01	3.252746e-01	2.503765e-02	1.532148e-01	1.109415e+00	7.750438e-01	2.722615e-02	5.265371e-02	3.868218e+00	6.039828e-01	1.783492e-01	1.059442e+00	1.085419e-01	1.329489e+00	4.300240e-01	1.800094e-01	1.607781e-01	2.896750e-01	2.726973e-01	2.081725e-01	3.906089e-02	5.084010e-02	1.122975e+00	1.118700e+00	2.232287e-01	4.648233e+00	-2.840374e-08	
5.754776e-01	0.000000e+00	5.558099e-01	5.161052e-01	1.068451e+00	2.636602e-02	8.949832e-02	1.255798e-01	1.184692e-01	3.252750e-01	2.504916e-02	1.533294e-01	1.109650e+00	7.750400e-01	2.722649e-02	5.265016e-02	3.868259e+00	6.040113e-01	1.783483e-01	1.059312e+00	1.085288e-01	1.329386e+00	4.300961e-01	1.799838e-01	1.607490e-01	2.895134e-01	2.726731e-01	2.081822e-01	3.906158e-02	5.084292e-02	1.122955e+00	1.118653e+00	2.232439e-01	4.648073e+00	-1.463504e-08	
5.754776e-01	0.000000e+00	5.557436e-01	5.161343e-01	1.068348e+00	2.635995e-02	8.948748e-02	1.255786e-01	1.184802e-01	3.252744e-01	2.501457e-02	1.532849e-01	1.109941e+00	7.750267e-01	2.721919e-02	5.262804e-02	3.868336e+00	6.040197e-01	1.783348e-01	1.059243e+00	1.085220e-01	1.329212e+00	4.302045e-01	1.798659e-01	1.607173e-01	2.894766e-01	2.726573e-01	2.080959e-01	3.906069e-02	5.084259e-02	1.122843e+00	1.118717e+00	2.231836e-01	4.648180e+00	-1.211895e-08	
5.754777e-01	0.000000e+00	5.557568e-01	5.160477e-01	1.068572e+00	2.636675e-02	8.950076e-02	1.255844e-01	1.184176e-01	3.252758e-01	2.503512e-02	1.532188e-01	1.109550e+00	7.750461e-01	2.723505e-02	5.267527e-02	3.868135e+00	6.038961e-01	1.783160e-01	1.059145e+00	1.085448e-01	1.329546e+00	4.302871e-01	1.799929e-01	1.607357e-01	2.896519e-01	2.727223e-01	2.082494e-01	3.906424e-02	5.083009e-02	1.123014e+00	1.118677e+00	2.231945e-01	4.647882e+00	-3.490240e-08	
5.754777e-01	0.000000e+00	5.558230e-01	5.161295e-01	1.068512e+00	2.636524e-02	8.949794e-02	1.255815e-01	1.184198e-01	3.252756e-01	2.502763e-02	1.533007e-01	1.109685e+00	7.750377e-01	2.723270e-02	5.266581e-02	3.868000e+00	6.039367e-01	1.783324e-01	1.059203e+00	1.085321e-01	1.329391e+00	4.302849e-01	1.799767e-01	1.607204e-01	2.895821e-01	2.726963e-01	2.081975e-01	3.906370e-02	5.082984e-02	1.122971e+00	1.118675e+00	2.232260e-01	4.647849e+00	-3.339076e-08	
5.754777e-01	0.000000e+00	5.558078e-01	5.161015e-01	1.068362e+00	2.636336e-02	8.950342e-02	1.255771e-01	1.184906e-01	3.252758e-01	2.505918e-02	1.533914e-01	1.109731e+00	7.750254e-01	2.722349e-02	5.263297e-02	3.868017e+00	6.040058e-01	1.783454e-01	1.059281e+00	1.085185e-01	1.329261e+00	4.299841e-01	1.799724e-01	1.607653e-01	2.894283e-01	2.726823e-01	2.082016e-01	3.905959e-02	5.084542e-02	1.122899e+00	1.118698e+00	2.232520e-01	4.648210e+00	-1.767721e-08	
5.754777e-01	0.000000e+00	5.558193e-01	5.161296e-01	1.068507e+00	2.636502e-02	8.949897e-02	1.255791e-01	1.184275e-01	3.252759e-01	2.504137e-02	1.533270e-01	1.109688e+00	7.750419e-01	2.723189e-02	5.266772e-02	3.868112e+00	6.039450e-01	1.783245e-01	1.059150e+00	1.085338e-01	1.329436e+00	4.302316e-01	1.799708e-01	1.607218e-01	2.895461e-01	2.726955e-01	2.082242e-01	3.906438e-02	5.084034e-02	1.122943e+00	1.118673e+00	2.232303e-01	4.647865e+00	-3.607460e-08	
5.754777e-01	0.000000e+00	5.558529e-01	5.161727e-01	1.068472e+00	2.636580e-02	8.950108e-02	1.255794e-01	1.184512e-01	3.252759e-01	2.504673e-02	1.533670e-01	1.109804e+00	7.750227e-01	2.723260e-02	5.265373e-02	3.867970e+00	6.039946e-01	1.783360e-01	1.059195e+00	1.085264e-01	1.329379e+00	4.301332e-01	1.799885e-01	1.607208e-01	2.894788e-01	2.726752e-01	2.082158e-01	3.906345e-02	5.084143e-02	1.123030e+00	1.118635e+00	2.232406e-01	4.647858e+00	-2.068186e-08	
5.754778e-01	0.000000e+00	5.558129e-01	5.160319e-01	1.068405e+00	2.636351e-02	8.950482e-02	1.255786e-01	1.184599e-01	3.252758e-01	2.504225e-02	1.533778e-01	1.109670e+00	7.750293e-01	2.723116e-02	5.265157e-02	3.867984e+00	6.038822e-01	1.783258e-01	1.059147e+00	1.085251e-01	1.329334e+00	4.301423e-01	1.799886e-01	1.607540e-01	2.895035e-01	2.726931e-01	2.081842e-01	3.906411e-02	5.084365e-02	1.122977e+00	1.118665e+00	2.232505e-01	4.648134e+00	-3.191323e-08	
5.754778e-01	0.000000e+00	5.558553e-01	5.161511e-01	1.068518e+00	2.637059e-02	8.950535e-02	1.255807e-01	1.184606e-01	3.252750e-01	2.503800e-02	1.533241e-01	1.109530e+00	7.750292e-01	2.723185e-02	5.266091e-02	3.868308e+00	6.040920e-01	1.783364e-01	1.059292e+00	1.085367e-01	1.329538e+00	4.299126e-01	1.799844e-01	1.607766e-01	2.895269e-01	2.726821e-01	2.082067e-01	3.906044e-02	5.084537e-02	1.123002e+00	1.118633e+00	2.232103e-01	4.648239e+00	-6.119918e-08	
5.754778e-01	0.000000e+00	5.558294e-01	5.161187e-01	1.068451e+00	2.636574e-02	8.950864e-02	1.255761e-01	1.184557e-01	3.252760e-01	2.505901e-02	1.533877e-01	1.109612e+00	7.750354e-01	2.722952e-02	5.265120e-02	3.868048e+00	6.039030e-01	1.783343e-01	1.059249e+00	1.085301e-01	1.329387e+00	4.300687e-01	1.799944e-01	1.607491e-01	2.895057e-01	2.727105e-01	2.082106e-01	3.906288e-02	5.084057e-02	1.122958e+00	1.118658e+00	2.232805e-01	4.648159e+00	-3.580161e-08	
5.754778e-01	0.000000e+00	5.557758e-01	5.161409e-01	1.068455e+00	2.636211e-02	8.949348e-02	1.255789e-01	1.184580e-01	3.252757e-01	2.502394e-02	1.532929e-01	1.109858e+00	7.750352e-01	2.722840e-02	5.264343e-02	3.868061e+00	6.040071e-01	1.783169e-01	1.059096e+00	1.085203e-01	1.329200e+00	4.302213e-01	1.799308e-01	1.607355e-01	2.894566e-01	2.726989e-01	2.081939e-01	3.906318e-02	5.083489e-02	1.122856e+00	1.118753e+00	2.232107e-01	4.648155e+00	-4.038383e-08	
5.754774e-01	0.000000e+00	5.557287e-01	5.159261e-01	1.068534e+00	2.636576e-02	8.950171e-02	1.255808e-01	1.184340e-01	3.252753e-01	2.503580e-02	1.532331e-01	1.109530e+00	7.750580e-01	2.722960e-02	5.266837e-02	3.868210e+00	6.038705e-01	1.783273e-01	1.059233e+00	1.085437e-01	1.329505e+00	4.301560e-01	1.800085e-01	1.607567e-01	2.896675e-01	2.727293e-01	2.082182e-01	3.906448e-02	5.082745e-02	1.122890e+00	1.118716e+00	2.232287e-01	4.647995e+00	-2.783273e-09	
5.754778e-01	0.000000e+00	5.558380e-01	5.162560e-01	1.068489e+00	2.636390e-02	8.949757e-02	1.255793e-01	1.184259e-01	3.252765e-01	2.504105e-02	1.532792e-01	1.109768e+00	7.750345e-01	2.723651e-02	5.266724e-02	3.867971e+00	6.039665e-01	1.783217e-01	1.059105e+00	1.085220e-01	1.329252e+00	4.302615e-01	1.799998e-01	1.607450e-01	2.895277e-01	2.726941e-01	2.082191e-01	3.906698e-02	5.083401e-02	1.122965e+00	1.118650e+00	2.232213e-01	4.648071e+00	-4.039734e-08	
5.754774e-01	0.000000e+00	5.558123e-01	5.160854e-01	1.068550e+00	2.637329e-02	8.950894e-02	1.255796e-01	1.184782e-01	3.252750e-01	2.505421e-02	1.533587e-01	1.109397e+00	7.750433e-01	2.722714e-02	5.265257e-02	3.868464e+00	6.039431e-01	1.783582e-01	1.059402e+00	1.085489e-01	1.329764e+00	4.298081e-01	1.800416e-01	1.607852e-01	2.895882e-01	2.726840e-01	2.082178e-01	3.905721e-02	5.084898e-02	1.123041e+00	1.118643e+00	2.231996e-01	4.648089e+00	-3.624579e-09	
5.754779e-01	0.000000e+00	5.558986e-01	5.161600e-01	1.068408e+00	2.636870e-02	8.950849e-02	1.255769e-01	1.184974e-01	3.252755e-01	2.506711e-02	1.534985e-01	1.109665e+00	7.750230e-01	2.722671e-02	5.262777e-02	3.868188e+00	6.040305e-01	1.783528e-01	1.059303e+00	1.085292e-01	1.329530e+00	4.297677e-01	1.800069e-01	1.607635e-01	2.893864e-01	2.726432e-01	2.082143e-01	3.905623e-02	5.086911e-02	1.123048e+00	1.118603e+00	2.232672e-01	4.648184e+00	-4.544899e-08	
5.754779e-01	0.000000e+00	5.557784e-01	5.160656e-01	1.068430e+00	2.636624e-02	8.950567e-02	1.255802e-01	1.184689e-01	3.252761e-01	2.505288e-02	1.535113e-01	1.109893e+00	7.750167e-01	2.723450e-02	5.264210e-02	3.868081e+00	6.039900e-01	1.783229e-01	1.059091e+00	1.085241e-01	1.329400e+00	4.300033e-01	1.799814e-01	1.607500e-01	2.893199e-01	2.726890e-01	2.082623e-01	3.905978e-02	5.084946e-02	1.122945e+00	1.118717e+00	2.232193e-01	4.648012e+00	-4.129801e-08	
5.754779e-01	0.000000e+00	5.559104e-01	5.162683e-01	1.068355e+00	2.636022e-02	8.950154e-02	1.255789e-01	1.184592e-01	3.252763e-01	2.503726e-02	1.534036e-01	1.109906e+00	7.750029e-01	2.723709e-02	5.263702e-02	3.867769e+00	6.039883e-01	1.783209e-01	1.059089e+00	1.085103e-01	1.329122e+00	4.301934e-01	1.799318e-01	1.607105e-01	2.893686e-01	2.726634e-01	2.082030e-01	3.906569e-02	5.085054e-02	1.123123e+00	1.118594e+00	2.232948e-01	4.647995e+00	-4.716126e-08	
5.754779e-01	0.000000e+00	5.557915e-01	5.159757e-01	1.068510e+00	2.636632e-02	8.950422e-02	1.255792e-01	1.184535e-01	3.252748e-01	2.503318e-02	1.532230e-01	1.109396e+00	7.750484e-01	2.722372e-02	5.265661e-02	3.868290e+00	6.039542e-01	1.783260e-01	1.059270e+00	1.085371e-01	1.329396e+00	4.300047e-01	1.799755e-01	1.607788e-01	2.896676e-01	2.726986e-01	2.081740e-01	3.906162e-02	5.083557e-02	1.122889e+00	1.118695e+00	2.232341e-01	4.648226e+00	-4.293539e-08	
5.754779e-01	0.000000e+00	5.558147e-01	5.159995e-01	1.068496e+00	2.636576e-02	8.950909e-02	1.255794e-01	1.184468e-01	3.252760e-01	2.504431e-02	1.533987e-01	1.109697e+00	7.750232e-01	2.723321e-02	5.265145e-02	3.868008e+00	6.039384e-01	1.783123e-01	1.059067e+00	1.085267e-01	1.329362e+00	4.300603e-01	1.799859e-01	1.607403e-01	2.894426e-01	2.727008e-01	2.082576e-01	3.906405e-02	5.083848e-02	1.122981e+00	1.118682e+00	2.232502e-01	4.648001e+00	-5.698031e-08	
5.754779e-01	0.000000e+00	5.557188e-01	5.159247e-01	1.068426e+00	2.636334e-02	8.949623e-02	1.255817e-01	1.184552e-01	3.252753e-01	2.503244e-02	1.533836e-01	1.109702e+00	7.750347e-01	2.722625e-02	5.264866e-02	3.868177e+00	6.038615e-01	1.783293e-01	1.059183e+00	1.085330e-01	1.329396e+00	4.302004e-01	1.799303e-01	1.607104e-01	2.895306e-01	2.726964e-01	2.081947e-01	3.905993e-02	5.084247e-02	1.122899e+00	1.118741e+00	2.232556e-01	4.647851e+00	-6.687408e-08	
5.754780e-01	0.000000e+00	5.558554e-01	5.160555e-01	1.068473e+00	2.636582e-02	8.951203e-02	1.255779e-01	1.184509e-01	3.252761e-01	2.505504e-02	1.534091e-01	1.109545e+00	7.750271e-01	2.722876e-02	5.264982e-02	3.868000e+00	6.039254e-01	1.783291e-01	1.059160e+00	1.085263e-01	1.329409e+00	4.300345e-01	1.800073e-01	1.607618e-01	2.894726e-01	2.726950e-01	2.082324e-01	3.906277e-02	5.083966e-02	1.123011e+00	1.118627e+00	2.232576e-01	4.648113e+00	-6.584202e-08	
5.754780e-01	0.000000e+00	5.558191e-01	5.160148e-01	1.068509e+00	2.636789e-02	8.950628e-02	1.255832e-01	1.184345e-01	3.252754e-01	2.504634e-02	1.533814e-01	1.109663e+00	7.750245e-01	2.723109e-02	5.265051e-02	3.868192e+00	6.039125e-01	1.783403e-01	1.059216e+00	1.085366e-01	1.329550e+00	4.300974e-01	1.800074e-01	1.607227e-01	2.895303e-01	2.726791e-01	2.082639e-01	3.905911e-02	5.084171e-02	1.123043e+00	1.118652e+00	2.232630e-01	4.647744e+00	-7.435296e-08	
5.754781e-01	0.000000e+00	5.558735e-01	5.161954e-01	1.068476e+00	2.636385e-02	8.950198e-02	1.255815e-01	1.184200e-01	3.252762e-01	2.502446e-02	1.532946e-01	1.109655e+00	7.750226e-01	2.723436e-02	5.265761e-02	3.867994e+00	6.039713e-01	1.783165e-01	1.059094e+00	1.085220e-01	1.329293e+00	4.302925e-01	1.799689e-01	1.607468e-01	2.894983e-01	2.726957e-01	2.082232e-01	3.906413e-02	5.083335e-02	1.123027e+00	1.118671e+00	2.232256e-01	4.647993e+00	-6.933591e-08	
5.754772e-01	5.749711e-16	5.557134e-01	5.162653e-01	1.068464e+00	2.636787e-02	8.949434e-02	1.255786e-01	1.185027e-01	3.252743e-01	2.503928e-02	1.532997e-01	1.109767e+00	7.750425e-01	2.722701e-02	5.264642e-02	3.868409e+00	6.040274e-01	1.783567e-01	1.059392e+00	1.085445e-01	1.329593e+00	4.301349e-01	1.799576e-01	1.607485e-01	2.895966e-01	2.727039e-01	2.081192e-01	3.905611e-02	5.084983e-02	1.122931e+00	1.118689e+00	2.231321e-01	4.648363e+00	2.397855e-08	
5.754781e-01	0.000000e+00	5.558234e-01	5.160959e-01	1.068422e+00	2.636533e-02	8.949895e-02	1.255783e-01	1.184577e-01	3.252756e-01	2.504228e-02	1.533151e-01	1.109609e+00	7.750293e-01	2.722540e-02	5.265191e-02	3.868208e+00	6.039542e-01	1.783302e-01	1.059204e+00	1.085314e-01	1.329443e+00	4.302714e-01	1.799586e-01	1.607346e-01	2.894985e-01	2.726912e-01	2.081580e-01	3.906000e-02	5.085113e-02	1.122952e+00	1.118688e+00	2.232426e-01	4.648193e+00	-1.054129e-07	
5.754764e-01	1.967896e-14	5.558428e-01	5.161169e-01	1.068481e+00	2.636666e-02	8.950701e-02	1.255794e-01	1.184626e-01	3.252759e-01	2.505651e-02	1.533148e-01	1.109574e+00	7.750367e-01	2.723244e-02	5.266371e-02	3.868083e+00	6.040034e-01	1.783329e-01	1.059288e+00	1.085359e-01	1.329450e+00	4.301531e-01	1.799995e-01	1.607595e-01	2.895804e-01	2.727019e-01	2.082114e-01	3.906435e-02	5.083808e-02	1.122955e+00	1.118648e+00	2.232367e-01	4.648191e+00	1.402817e-07	
5.754782e-01	0.000000e+00	5.557835e-01	5.161589e-01	1.068464e+00	2.636778e-02	8.950440e-02	1.255813e-01	1.184763e-01	3.252750e-01	2.504930e-02	1.533721e-01	1.109864e+00	7.750156e-01	2.723306e-02	5.264886e-02	3.868102e+00	6.040115e-01	1.783577e-01	1.059342e+00	1.085338e-01	1.329530e+00	4.301178e-01	1.799860e-01	1.607292e-01	2.894730e-01	2.726836e-01	2.082264e-01	3.905957e-02	5.084540e-02	1.123047e+00	1.118662e+00	2.231971e-01	4.648025e+00	-9.040777e-08	
5.754782e-01	0.000000e+00	5.558648e-01	5.160889e-01	1.068443e+00	2.636879e-02	8.950626e-02	1.255829e-01	1.184689e-01	3.252754e-01	2.505194e-02	1.534197e-01	1.109503e+00	7.750182e-01	2.722575e-02	5.263653e-02	3.868177e+00	6.040506e-01	1.783560e-01	1.059325e+00	1.085268e-01	1.329477e+00	4.298480e-01	1.800023e-01	1.607619e-01	2.894476e-01	2.726525e-01	2.082460e-01	3.905551e-02	5.084846e-02	1.123024e+00	1.118690e+00	2.232644e-01	4.647900e+00	-1.091617e-07	
5.754782e-01	0.000000e+00	5.558939e-01	5.162227e-01	1.068570e+00	2.637507e-02	8.951529e-02	1.255837e-01	1.184446e-01	3.252759e-01	2.505908e-02	1.534466e-01	1.109621e+00	7.750040e-01	2.723904e-02	5.266451e-02	3.868120e+00	6.040755e-01	1.783493e-01	1.059236e+00	1.085358e-01	1.329714e+00	4.300154e-01	1.800545e-01	1.607329e-01	2.893937e-01	2.726789e-01	2.083209e-01	3.905706e-02	5.085142e-02	1.123169e+00	1.118613e+00	2.232348e-01	4.647836e+00	-8.377017e-08	
5.754783e-01	0.000000e+00	5.558495e-01	5.164064e-01	1.068489e+00	2.636951e-02	8.950584e-02	1.255771e-01	1.184672e-01	3.252761e-01	2.506061e-02	1.534432e-01	1.109875e+00	7.750254e-01	2.724065e-02	5.265980e-02	3.868082e+00	6.040490e-01	1.783474e-01	1.059241e+00	1.085361e-01	1.329588e+00	4.300558e-01	1.800120e-01	1.607397e-01	2.894766e-01	2.726816e-01	2.082530e-01	3.906053e-02	5.084669e-02	1.123108e+00	1.118578e+00	2.232250e-01	4.648130e+00	-1.035390e-07	
5.754774e-01	9.766708e-19	5.558458e-01	5.158288e-01	1.068576e+00	2.636762e-02	8.951036e-02	1.255823e-01	1.184235e-01	3.252759e-01	2.504358e-02	1.532382e-01	1.109491e+00	7.750377e-01	2.723577e-02	5.266468e-02	3.868069e+00	6.039094e-01	1.783285e-01	1.059235e+00	1.085327e-01	1.329435e+00	4.300814e-01	1.800584e-01	1.607905e-01	2.895749e-01	2.727115e-01	2.082649e-01	3.906613e-02	5.082163e-02	1.122979e+00	1.118705e+00	2.232639e-01	4.647933e+00	9.882665e-10	
5.754784e-01	0.000000e+00	5.558340e-01	5.160339e-01	1.068369e+00	2.636292e-02	8.950237e-02	1.255759e-01	1.184702e-01	3.252762e-01	2.505423e-02	1.534238e-01	1.109685e+00	7.750351e-01	2.722450e-02	5.262992e-02	3.868034e+00	6.039581e-01	1.783323e-01	1.059212e+00	1.085188e-01	1.329252e+00	4.299907e-01	1.800019e-01	1.607724e-01	2.894005e-01	2.726793e-01	2.081884e-01	3.905987e-02	5.084519e-02	1.122861e+00	1.118739e+00	2.232726e-01	4.648240e+00	-1.057928e-07	
5.754769e-01	4.055125e-15	5.557638e-01	5.160297e-01	1.068607e+00	2.636783e-02	8.949946e-02	1.255817e-01	1.184530e-01	3.252747e-01	2.501862e-02	1.532475e-01	1.109678e+00	7.750361e-01	2.723247e-02	5.266468e-02	3.868382e+00	6.039966e-01	1.783296e-01	1.059297e+00	1.085483e-01	1.329581e+00	4.302702e-01	1.799504e-01	1.607277e-01	2.896460e-01	2.726866e-01	2.082187e-01	3.906262e-02	5.082867e-02	1.122984e+00	1.118685e+00	2.231946e-01	4.647898e+00	6.367986e-08	
5.754784e-01	0.000000e+00	5.557752e-01	5.160492e-01	1.068505e+00	2.636790e-02	8.950462e-02	1.255812e-01	1.184540e-01	3.252758e-01	2.504957e-02	1.533808e-01	1.109680e+00	7.750406e-01	2.723096e-02	5.265486e-02	3.868151e+00	6.039283e-01	1.783373e-01	1.059220e+00	1.085383e-01	1.329553e+00	4.300686e-01	1.800065e-01	1.607502e-01	2.895297e-01	2.727008e-01	2.082515e-01	3.905933e-02	5.084232e-02	1.122950e+00	1.118698e+00	2.232289e-01	4.648038e+00	-1.152770e-07	
5.754776e-01	0.000000e+00	5.557498e-01	5.159850e-01	1.068424e+00	2.636428e-02	8.948915e-02	1.255823e-01	1.184429e-01	3.252748e-01	2.502278e-02	1.532640e-01	1.109698e+00	7.750351e-01	2.722546e-02	5.264193e-02	3.868294e+00	6.039504e-01	1.783441e-01	1.059301e+00	1.085296e-01	1.329341e+00	4.301461e-01	1.799691e-01	1.607487e-01	2.895734e-01	2.726887e-01	2.081716e-01	3.905839e-02	5.084017e-02	1.122888e+00	1.118748e+00	2.232182e-01	4.647971e+00	-2.490272e-08	
5.754784e-01	0.000000e+00	5.558395e-01	5.161966e-01	1.068466e+00	2.636758e-02	8.950358e-02	1.255760e-01	1.184553e-01	3.252755e-01	2.505153e-02	1.533634e-01	1.109655e+00	7.750258e-01	2.722826e-02	5.264950e-02	3.868204e+00	6.040320e-01	1.783346e-01	1.059220e+00	1.085309e-01	1.329451e+00	4.300726e-01	1.799858e-01	1.607542e-01	2.895045e-01	2.727042e-01	2.081601e-01	3.906018e-02	5.084227e-02	1.122945e+00	1.118672e+00	2.232111e-01	4.648321e+00	-1.526382e-07	
5.754784e-01	0.000000e+00	5.558780e-01	5.162219e-01	1.068558e+00	2.637043e-02	8.950766e-02	1.255835e-01	1.184272e-01	3.252757e-01	2.504176e-02	1.533370e-01	1.109594e+00	7.750222e-01	2.723989e-02	5.267123e-02	3.868121e+00	6.040355e-01	1.783341e-01	1.059213e+00	1.085374e-01	1.329610e+00	4.300872e-01	1.800265e-01	1.607530e-01	2.895429e-01	2.726779e-01	2.082776e-01	3.906221e-02	5.084667e-02	1.123146e+00	1.118599e+00	2.232373e-01	4.647840e+00	-2.891354e-09	
5.754771e-01	1.188812e-15	5.558129e-01	5.162148e-01	1.068412e+00	2.636378e-02	8.949472e-02	1.255835e-01	1.184538e-01	3.252758e-01	2.502501e-02	1.532423e-01	1.109690e+00	7.750305e-01	2.722988e-02	5.265351e-02	3.867958e+00	6.040193e-01	1.783317e-01	1.059214e+00	1.085258e-01	1.329275e+00	4.302501e-01	1.799531e-01	1.607359e-01	2.895810e-01	2.726797e-01	2.081911e-01	3.906173e-02	5.084499e-02	1.122980e+00	1.118693e+00	2.232090e-01	4.648034e+00	3.447915e-08	
5.754774e-01	3.108678e-17	5.558151e-01	5.161989e-01	1.068446e+00	2.637054e-02	8.950880e-02	1.255797e-01	1.185063e-01	3.252749e-01	2.506014e-02	1.534379e-01	1.109787e+00	7.750233e-01	2.722754e-02	5.263688e-02	3.868209e+00	6.040340e-01	1.783543e-01	1.059305e+00	1.085359e-01	1.329627e+00	4.298868e-01	1.800025e-01	1.607634e-01	2.894307e-01	2.726769e-01	2.082541e-01	3.905523e-02	5.086108e-02	1.123032e+00	1.118643e+00	2.231805e-01	4.648176e+00	5.575552e-09	
5.754773e-01	1.773472e-16	5.557917e-01	5.161704e-01	1.068542e+00	2.636839e-02	8.950252e-02	1.255823e-01	1.184376e-01	3.252758e-01	2.503693e-02	1.532638e-01	1.109719e+00	7.750263e-01	2.723711e-02	5.266995e-02	3.868117e+00	6.040516e-01	1.783381e-01	1.059213e+00	1.085364e-01	1.329545e+00	4.302319e-01	1.799991e-01	1.607555e-01	2.895825e-01	2.726857e-01	2.082301e-01	3.906155e-02	5.083317e-02	1.123013e+00	1.118655e+00	2.231855e-01	4.648042e+00	1.331718e-08	
5.754775e-01	5.550423e-17	5.558358e-01	5.161540e-01	1.068476e+00	2.636605e-02	8.950163e-02	1.255801e-01	1.184539e-01	3.252759e-01	2.503948e-02	1.533107e-01	1.109728e+00	7.750322e-01	2.723083e-02	5.265110e-02	3.868030e+00	6.040216e-01	1.783378e-01	1.059194e+00	1.085242e-01	1.329348e+00	4.301391e-01	1.800087e-01	1.607661e-01	2.895321e-01	2.726699e-01	2.082056e-01	3.906236e-02	5.084067e-02	1.122939e+00	1.118673e+00	2.232129e-01	4.648226e+00	7.450116e-09	
5.754777e-01	0.000000e+00	5.558005e-01	5.160730e-01	1.068488e+00	2.636453e-02	8.950504e-02	1.255801e-01	1.184411e-01	3.252755e-01	2.504033e-02	1.532794e-01	1.109575e+00	7.750324e-01	2.723285e-02	5.266319e-02	3.868041e+00	6.039394e-01	1.783226e-01	1.059136e+00	1.085296e-01	1.329370e+00	4.301483e-01	1.799826e-01	1.607446e-01	2.895587e-01	2.727150e-01	2.082267e-01	3.906358e-02	5.083303e-02	1.122949e+00	1.118697e+00	2.232342e-01	4.648043e+00	-4.578357e-08	
5.754773e-01	3.080198e-16	5.557804e-01	5.160498e-01	1.068330e+00	2.636501e-02	8.950639e-02	1.255794e-01	1.185007e-01	3.252752e-01	2.505767e-02	1.533996e-01	1.109558e+00	7.750383e-01	2.722423e-02	5.264110e-02	3.868174e+00	6.039085e-01	1.783455e-01	1.059336e+00	1.085340e-01	1.329443e+00	4.299010e-01	1.799847e-01	1.607729e-01	2.895553e-01	2.726982e-01	2.081773e-01	3.905889e-02	5.085472e-02	1.122932e+00	1.118644e+00	2.232251e-01	4.648427e+00	1.755049e-08	
5.754786e-01	0.000000e+00	5.558334e-01	5.160705e-01	1.068505e+00	2.636772e-02	8.950282e-02	1.255816e-01	1.184467e-01	3.252752e-01	2.503510e-02	1.533191e-01	1.109665e+00	7.750225e-01	2.723114e-02	5.265596e-02	3.868293e+00	6.040580e-01	1.783373e-01	1.059269e+00	1.085336e-01	1.329505e+00	4.301308e-01	1.799799e-01	1.607467e-01	2.895320e-01	2.726632e-01	2.082244e-01	3.906062e-02	5.084249e-02	1.123034e+00	1.118652e+00	2.232280e-01	4.647956e+00	-1.550786e-08	
5.754775e-01	9.594236e-17	5.558663e-01	5.162235e-01	1.068548e+00	2.636997e-02	8.950053e-02	1.255800e-01	1.184302e-01	3.252762e-01	2.504805e-02	1.533046e-01	1.109718e+00	7.750331e-01	2.723995e-02	5.267622e-02	3.868026e+00	6.040289e-01	1.783243e-01	1.059180e+00	1.085342e-01	1.329486e+00	4.302170e-01	1.800294e-01	1.607539e-01	2.895111e-01	2.726988e-01	2.082296e-01	3.906599e-02	5.084512e-02	1.123009e+00	1.118655e+00	2.232216e-01	4.648091e+00	9.795017e-09	
5.754773e-01	1.247355e-15	5.558850e-01	5.162385e-01	1.068476e+00	2.636796e-02	8.950611e-02	1.255775e-01	1.184417e-01	3.252764e-01	2.506002e-02	1.533953e-01	1.109704e+00	7.750191e-01	2.723698e-02	5.265436e-02	3.867929e+00	6.039971e-01	1.783416e-01	1.059184e+00	1.085247e-01	1.329442e+00	4.300726e-01	1.800290e-01	1.607586e-01	2.894572e-01	2.726800e-01	2.082402e-01	3.906390e-02	5.084117e-02	1.123068e+00	1.118613e+00	2.232711e-01	4.648088e+00	3.531791e-08	
5.754770e-01	5.541024e-15	5.557567e-01	5.160271e-01	1.068424e+00	2.636287e-02	8.949455e-02	1.255803e-01	1.184511e-01	3.252754e-01	2.503646e-02	1.532796e-01	1.109709e+00	7.750377e-01	2.722829e-02	5.265532e-02	3.868101e+00	6.039058e-01	1.783322e-01	1.059216e+00	1.085327e-01	1.329393e+00	4.302438e-01	1.799558e-01	1.607253e-01	2.895453e-01	2.726974e-01	2.082011e-01	3.906234e-02	5.084235e-02	1.122927e+00	1.118694e+00	2.232214e-01	4.647987e+00	7.443806e-08	
5.754771e-01	1.388870e-15	5.557443e-01	5.161499e-01	1.068379e+00	2.636433e-02	8.950290e-02	1.255789e-01	1.185095e-01	3.252748e-01	2.504204e-02	1.533148e-01	1.109741e+00	7.750366e-01	2.722493e-02	5.264045e-02	3.868156e+00	6.039508e-01	1.783487e-01	1.059377e+00	1.085341e-01	1.329411e+00	4.300531e-01	1.799506e-01	1.607646e-01	2.895556e-01	2.727008e-01	2.081762e-01	3.905698e-02	5.084682e-02	1.122928e+00	1.118680e+00	2.231574e-01	4.648351e+00	3.726754e-08	
5.754772e-01	1.419549e-15	5.557745e-01	5.160999e-01	1.068472e+00	2.636523e-02	8.949643e-02	1.255790e-01	1.184463e-01	3.252756e-01	2.504047e-02	1.533130e-01	1.109642e+00	7.750478e-01	2.723055e-02	5.266552e-02	3.868188e+00	6.039560e-01	1.783358e-01	1.059259e+00	1.085368e-01	1.329437e+00	4.301267e-01	1.799660e-01	1.607354e-01	2.895947e-01	2.727047e-01	2.081837e-01	3.906163e-02	5.083066e-02	1.122866e+00	1.118692e+00	2.232422e-01	4.648043e+00	3.767691e-08	
5.754764e-01	8.448882e-15	5.557995e-01	5.160735e-01	1.068455e+00	2.636405e-02	8.950218e-02	1.255796e-01	1.184537e-01	3.252758e-01	2.504016e-02	1.533882e-01	1.109848e+00	7.750131e-01	2.723286e-02	5.264694e-02	3.868015e+00	6.039911e-01	1.783284e-01	1.059136e+00	1.085252e-01	1.329370e+00	4.302070e-01	1.799558e-01	1.607249e-01	2.894341e-01	2.726886e-01	2.082274e-01	3.906209e-02	5.084209e-02	1.122978e+00	1.118669e+00	2.232250e-01	4.647929e+00	9.191780e-08	
5.754774e-01	3.395286e-16	5.558505e-01	5.162315e-01	1.068447e+00	2.636685e-02	8.950287e-02	1.255805e-01	1.184456e-01	3.252761e-01	2.504358e-02	1.533097e-01	1.109590e+00	7.750305e-01	2.723552e-02	5.266842e-02	3.868103e+00	6.040061e-01	1.783293e-01	1.059163e+00	1.085301e-01	1.329491e+00	4.301689e-01	1.799830e-01	1.607473e-01	2.894899e-01	2.726909e-01	2.082061e-01	3.906291e-02	5.085202e-02	1.123015e+00	1.118652e+00	2.232253e-01	4.648111e+00	1.842630e-08	
5.754772e-01	2.007233e-15	5.557704e-01	5.161468e-01	1.068388e+00	2.636265e-02	8.949954e-02	1.255798e-01	1.184568e-01	3.252757e-01	2.503357e-02	1.533508e-01	1.109682e+00	7.750323e-01	2.722787e-02	5.264986e-02	3.868034e+00	6.039241e-01	1.783320e-01	1.059157e+00	1.085288e-01	1.329416e+00	4.302052e-01	1.799369e-01	1.607332e-01	2.894822e-01	2.726980e-01	2.081858e-01	3.906013e-02	5.084536e-02	1.122926e+00	1.118710e+00	2.232010e-01	4.648094e+00	4.480216e-08	
5.754778e-01	0.000000e+00	5.558040e-01	5.163255e-01	1.068523e+00	2.636734e-02	8.950331e-02	1.255759e-01	1.184865e-01	3.252753e-01	2.505091e-02	1.533465e-01	1.109742e+00	7.750258e-01	2.723396e-02	5.265135e-02	3.868335e+00	6.040823e-01	1.783519e-01	1.059371e+00	1.085399e-01	1.329581e+00	4.302312e-01	1.799869e-01	1.607520e-01	2.895252e-01	2.726928e-01	2.081803e-01	3.906092e-02	5.084119e-02	1.123035e+00	1.118616e+00	2.231781e-01	4.648465e+00	-4.027473e-08	
5.754769e-01	4.083524e-15	5.558259e-01	5.160092e-01	1.068439e+00	2.636583e-02	8.950814e-02	1.255820e-01	1.184527e-01	3.252755e-01	2.503793e-02	1.534376e-01	1.109575e+00	7.750079e-01	2.722582e-02	5.263123e-02	3.868088e+00	6.039088e-01	1.783301e-01	1.059150e+00	1.085276e-01	1.329455e+00	4.299663e-01	1.799693e-01	1.607318e-01	2.894314e-01	2.726712e-01	2.082470e-01	3.905835e-02	5.084812e-02	1.123030e+00	1.118685e+00	2.232587e-01	4.647791e+00	6.390246e-08	
5.754786e-01	0.000000e+00	5.557954e-01	5.159644e-01	1.068476e+00	2.636614e-02	8.950870e-02	1.255781e-01	1.185011e-01	3.252752e-01	2.504556e-02	1.533762e-01	1.109660e+00	7.750462e-01	2.722480e-02	5.264703e-02	3.868342e+00	6.039484e-01	1.783362e-01	1.059304e+00	1.085335e-01	1.329421e+00	4.299159e-01	1.799885e-01	1.607884e-01	2.895196e-01	2.726858e-01	2.082255e-01	3.905966e-02	5.084193e-02	1.122879e+00	1.118675e+00	2.232058e-01	4.648341e+00	-1.815052e-07	
5.754756e-01	6.858701e-14	5.558227e-01	5.162170e-01	1.068362e+00	2.636389e-02	8.950089e-02	1.255762e-01	1.184634e-01	3.252760e-01	2.505208e-02	1.534089e-01	1.109714e+00	7.750276e-01	2.722797e-02	5.264352e-02	3.867847e+00	6.039758e-01	1.783433e-01	1.059228e+00	1.085246e-01	1.329364e+00	4.300705e-01	1.799864e-01	1.607455e-01	2.894748e-01	2.726877e-01	2.081899e-01	3.906209e-02	5.084708e-02	1.122946e+00	1.118645e+00	2.232543e-01	4.648115e+00	2.618912e-07	
5.754772e-01	2.223687e-15	5.558447e-01	5.162041e-01	1.068545e+00	2.636742e-02	8.950154e-02	1.255835e-01	1.184146e-01	3.252762e-01	2.502808e-02	1.533256e-01	1.109798e+00	7.750151e-01	2.723842e-02	5.266337e-02	3.868013e+00	6.040404e-01	1.783265e-01	1.059067e+00	1.085243e-01	1.329397e+00	4.302408e-01	1.800095e-01	1.607329e-01	2.894834e-01	2.726704e-01	2.082872e-01	3.906234e-02	5.083362e-02	1.123048e+00	1.118662e+00	2.232190e-01	4.647676e+00	4.715599e-08	
5.754762e-01	2.643158e-14	5.557345e-01	5.159505e-01	1.068479e+00	2.636794e-02	8.950514e-02	1.255809e-01	1.184880e-01	3.252750e-01	2.505154e-02	1.533409e-01	1.109568e+00	7.750501e-01	2.722495e-02	5.264410e-02	3.868363e+00	6.039223e-01	1.783449e-01	1.059353e+00	1.085441e-01	1.329589e+00	4.299298e-01	1.800000e-01	1.607795e-01	2.895663e-01	2.727174e-01	2.082154e-01	3.905940e-02	5.084432e-02	1.122899e+00	1.118707e+00	2.231921e-01	4.648149e+00	1.625779e-07	
5.754772e-01	2.292613e-15	5.559143e-01	5.161522e-01	1.068485e+00	2.636683e-02	8.950995e-02	1.255816e-01	1.184351e-01	3.252766e-01	2.504546e-02	1.533639e-01	1.109635e+00	7.750152e-01	2.723731e-02	5.266273e-02	3.867793e+00	6.039975e-01	1.783191e-01	1.059139e+00	1.085269e-01	1.329415e+00	4.301328e-01	1.799881e-01	1.607408e-01	2.894310e-01	2.726840e-01	2.082764e-01	3.906323e-02	5.084285e-02	1.123052e+00	1.118645e+00	2.232572e-01	4.647960e+00	4.788124e-08	
5.754772e-01	2.582375e-15	5.558387e-01	5.162488e-01	1.068421e+00	2.636420e-02	8.949913e-02	1.255767e-01	1.184484e-01	3.252763e-01	2.505451e-02	1.533076e-01	1.109726e+00	7.750412e-01	2.723431e-02	5.266587e-02	3.867983e+00	6.039758e-01	1.783331e-01	1.059203e+00	1.085236e-01	1.329286e+00	4.302816e-01	1.799866e-01	1.607595e-01	2.895236e-01	2.726942e-01	2.081516e-01	3.906682e-02	5.084113e-02	1.122933e+00	1.118639e+00	2.232328e-01	4.648339e+00	5.081707e-08	
5.754780e-01	0.000000e+00	5.558704e-01	5.161983e-01	1.068501e+00	2.636658e-02	8.950199e-02	1.255799e-01	1.184343e-01	3.252763e-01	2.504972e-02	1.533765e-01	1.109786e+00	7.750174e-01	2.723795e-02	5.266115e-02	3.868061e+00	6.040796e-01	1.783339e-01	1.059185e+00	1.085246e-01	1.329394e+00	4.301859e-01	1.799809e-01	1.607392e-01	2.894244e-01	2.726680e-01	2.082508e-01	3.906351e-02	5.083973e-02	1.123030e+00	1.118629e+00	2.232473e-01	4.648013e+00	-6.736620e-08	
5.754766e-01	9.815406e-15	5.558225e-01	5.160354e-01	1.068503e+00	2.636569e-02	8.950005e-02	1.255819e-01	1.184385e-01	3.252757e-01	2.504041e-02	1.532605e-01	1.109555e+00	7.750492e-01	2.723195e-02	5.266616e-02	3.868061e+00	6.039274e-01	1.783326e-01	1.059242e+00	1.085321e-01	1.329359e+00	4.301964e-01	1.800217e-01	1.607622e-01	2.896253e-01	2.727043e-01	2.082082e-01	3.906411e-02	5.082992e-02	1.122908e+00	1.118686e+00	2.232463e-01	4.648038e+00	9.907273e-08	
5.754767e-01	1.319189e-14	5.558208e-01	5.161490e-01	1.068477e+00	2.636513e-02	8.950217e-02	1.255800e-01	1.184526e-01	3.252765e-01	2.504949e-02	1.533504e-01	1.109705e+00	7.750383e-01	2.723455e-02	5.265409e-02	3.867901e+00	6.039596e-01	1.783263e-01	1.059177e+00	1.085287e-01	1.329368e+00	4.301795e-01	1.800025e-01	1.607570e-01	2.894945e-01	2.726995e-01	2.082315e-01	3.906569e-02	5.084152e-02	1.122952e+00	1.118690e+00	2.232267e-01	4.648183e+00	1.148560e-07	
5.754774e-01	0.000000e+00	5.558029e-01	5.160336e-01	1.068395e+00	2.636612e-02	8.949943e-02	1.255796e-01	1.184759e-01	3.252753e-01	2.504757e-02	1.533099e-01	1.109484e+00	7.750512e-01	2.722066e-02	5.263497e-02	3.868148e+00	6.039260e-01	1.783376e-01	1.059268e+00	1.085318e-01	1.329385e+00	4.299298e-01	1.799954e-01	1.607646e-01	2.895522e-01	2.726825e-01	2.081772e-01	3.905732e-02	5.084889e-02	1.122898e+00	1.118722e+00	2.232540e-01	4.648212e+00	-5.118321e-09	
5.754773e-01	8.631178e-16	5.558609e-01	5.161185e-01	1.068496e+00	2.636846e-02	8.950952e-02	1.255819e-01	1.184545e-01	3.252763e-01	2.505072e-02	1.533919e-01	1.109665e+00	7.750295e-01	2.723477e-02	5.265750e-02	3.867970e+00	6.039980e-01	1.783265e-01	1.059152e+00	1.085289e-01	1.329425e+00	4.300779e-01	1.800028e-01	1.607403e-01	2.894576e-01	2.726955e-01	2.082751e-01	3.906154e-02	5.084067e-02	1.122999e+00	1.118650e+00	2.232406e-01	4.648127e+00	2.937887e-08	
5.754771e-01	1.498135e-15	5.557109e-01	5.160431e-01	1.068399e+00	2.636485e-02	8.949126e-02	1.255770e-01	1.184949e-01	3.252744e-01	2.504241e-02	1.532461e-01	1.109629e+00	7.750547e-01	2.721876e-02	5.264352e-02	3.868428e+00	6.039941e-01	1.783468e-01	1.059386e+00	1.085372e-01	1.329407e+00	4.300788e-01	1.799341e-01	1.607641e-01	2.896080e-01	2.726983e-01	2.080830e-01	3.906067e-02	5.083838e-02	1.122784e+00	1.118748e+00	2.232002e-01	4.648423e+00	3.870574e-08	
5.754780e-01	0.000000e+00	5.557795e-01	5.162879e-01	1.068403e+00	2.636787e-02	8.950627e-02	1.255785e-01	1.185223e-01	3.252750e-01	2.505083e-02	1.533226e-01	1.109635e+00	7.750349e-01	2.722492e-02	5.263626e-02	3.868236e+00	6.040479e-01	1.783585e-01	1.059400e+00	1.085392e-01	1.329588e+00	4.298725e-01	1.799879e-01	1.607792e-01	2.895417e-01	2.726848e-01	2.081862e-01	3.905736e-02	5.085734e-02	1.123022e+00	1.118656e+00	2.231568e-01	4.648485e+00	-8.509573e-08	
5.754783e-01	0.000000e+00	5.557214e-01	5.161010e-01	1.068497e+00	2.636709e-02	8.949272e-02	1.255815e-01	1.184496e-01	3.252755e-01	2.504100e-02	1.532567e-01	1.109795e+00	7.750524e-01	2.723196e-02	5.266785e-02	3.868127e+00	6.039555e-01	1.783396e-01	1.059274e+00	1.085423e-01	1.329533e+00	4.301902e-01	1.799997e-01	1.607509e-01	2.896039e-01	2.726998e-01	2.082179e-01	3.906159e-02	5.083815e-02	1.122918e+00	1.118715e+00	2.231877e-01	4.648033e+00	-1.383112e-07	
5.754771e-01	2.729654e-15	5.558533e-01	5.163193e-01	1.068490e+00	2.636659e-02	8.950479e-02	1.255791e-01	1.184570e-01	3.252765e-01	2.504642e-02	1.533462e-01	1.109678e+00	7.750350e-01	2.723513e-02	5.265232e-02	3.867949e+00	6.040237e-01	1.783311e-01	1.059208e+00	1.085238e-01	1.329324e+00	4.301365e-01	1.800129e-01	1.607812e-01	2.894690e-01	2.727039e-01	2.081987e-01	3.906431e-02	5.084064e-02	1.122933e+00	1.118693e+00	2.232015e-01	4.648433e+00	5.224609e-08	
5.754772e-01	1.331301e-15	5.558005e-01	5.160735e-01	1.068415e+00	2.636503e-02	8.950433e-02	1.255798e-01	1.184610e-01	3.252758e-01	2.504591e-02	1.534004e-01	1.109677e+00	7.750151e-01	2.722949e-02	5.264310e-02	3.867980e+00	6.040121e-01	1.783221e-01	1.059111e+00	1.085208e-01	1.329290e+00	4.300502e-01	1.799615e-01	1.607363e-01	2.894177e-01	2.726954e-01	2.082375e-01	3.906089e-02	5.084480e-02	1.122985e+00	1.118680e+00	2.232370e-01	4.648056e+00	3.648700e-08	
5.754771e-01	3.932409e-15	5.558613e-01	5.162658e-01	1.068447e+00	2.636649e-02	8.949722e-02	1.255824e-01	1.184330e-01	3.252763e-01	2.504121e-02	1.532952e-01	1.109745e+00	7.750277e-01	2.724021e-02	5.266603e-02	3.867883e+00	6.040040e-01	1.783386e-01	1.059184e+00	1.085231e-01	1.329366e+00	4.301760e-01	1.800190e-01	1.607554e-01	2.895303e-01	2.726806e-01	2.082018e-01	3.906447e-02	5.084158e-02	1.123033e+00	1.118635e+00	2.232088e-01	4.648093e+00	6.270893e-08	
5.754770e-01	4.088773e-15	5.557830e-01	5.160711e-01	1.068431e+00	2.636113e-02	8.950396e-02	1.255808e-01	1.184313e-01	3.252769e-01	2.505052e-02	1.533458e-01	1.109724e+00	7.750340e-01	2.723445e-02	5.265696e-02	3.867712e+00	6.038067e-01	1.783203e-01	1.059105e+00	1.085240e-01	1.329256e+00	4.302286e-01	1.799950e-01	1.607354e-01	2.895152e-01	2.727250e-01	2.082355e-01	3.906676e-02	5.082677e-02	1.122966e+00	1.118678e+00	2.232487e-01	4.647901e+00	6.394352e-08	
5.754774e-01	5.118690e-16	5.557858e-01	5.161171e-01	1.068425e+00	2.636604e-02	8.950460e-02	1.255818e-01	1.184524e-01	3.252758e-01	2.504823e-02	1.533371e-01	1.109705e+00	7.750365e-01	2.723302e-02	5.266486e-02	3.868015e+00	6.038910e-01	1.783268e-01	1.059147e+00	1.085310e-01	1.329418e+00	4.301103e-01	1.799832e-01	1.607387e-01	2.895071e-01	2.727114e-01	2.082429e-01	3.906237e-02	5.084525e-02	1.122968e+00	1.118667e+00	2.232304e-01	4.647975e+00	2.262452e-08	
5.754775e-01	0.000000e+00	5.558101e-01	5.159960e-01	1.068473e+00	2.636959e-02	8.950827e-02	1.255850e-01	1.184798e-01	3.252749e-01	2.503695e-02	1.533370e-01	1.109433e+00	7.750305e-01	2.722376e-02	5.264294e-02	3.868136e+00	6.039915e-01	1.783556e-01	1.059374e+00	1.085372e-01	1.329527e+00	4.299144e-01	1.800118e-01	1.607624e-01	2.896180e-01	2.726743e-01	2.082793e-01	3.905357e-02	5.084911e-02	1.123036e+00	1.118692e+00	2.232278e-01	4.647869e+00	-1.407033e-08	
5.754770e-01	6.172841e-15	5.558052e-01	5.160531e-01	1.068492e+00	2.636480e-02	8.950820e-02	1.255800e-01	1.184245e-01	3.252766e-01	2.505403e-02	1.533361e-01	1.109620e+00	7.750423e-01	2.723247e-02	5.265947e-02	3.867935e+00	6.039083e-01	1.783201e-01	1.059058e+00	1.085282e-01	1.329411e+00	4.301007e-01	1.800300e-01	1.607599e-01	2.895124e-01	2.727120e-01	2.082728e-01	3.906526e-02	5.083445e-02	1.122958e+00	1.118655e+00	2.232456e-01	4.647967e+00	7.856743e-08	
5.754775e-01	0.000000e+00	5.557786e-01	5.160510e-01	1.068471e+00	2.636520e-02	8.949556e-02	1.255813e-01	1.184137e-01	3.252760e-01	2.503395e-02	1.532771e-01	1.109656e+00	7.750323e-01	2.723353e-02	5.267130e-02	3.868041e+00	6.039411e-01	1.783285e-01	1.059163e+00	1.085327e-01	1.329440e+00	4.302528e-01	1.799765e-01	1.607298e-01	2.895445e-01	2.726973e-01	2.082133e-01	3.906282e-02	5.083754e-02	1.122951e+00	1.118690e+00	2.232337e-01	4.647873e+00	-2.007090e-08	
5.754770e-01	4.524806e-15	5.558043e-01	5.160973e-01	1.068562e+00	2.636791e-02	8.950835e-02	1.255821e-01	1.184475e-01	3.252755e-01	2.503874e-02	1.533241e-01	1.109697e+00	7.750295e-01	2.723606e-02	5.265331e-02	3.868083e+00	6.039503e-01	1.783315e-01	1.059227e+00	1.085398e-01	1.329522e+00	4.301038e-01	1.800205e-01	1.607353e-01	2.895688e-01	2.727042e-01	2.082718e-01	3.906176e-02	5.083802e-02	1.123043e+00	1.118661e+00	2.232177e-01	4.647915e+00	6.726668e-08	
5.754777e-01	0.000000e+00	5.557457e-01	5.157363e-01	1.068424e+00	2.636567e-02	8.949997e-02	1.255857e-01	1.184508e-01	3.252747e-01	2.502631e-02	1.532891e-01	1.109368e+00	7.750500e-01	2.722288e-02	5.265246e-02	3.868207e+00	6.037848e-01	1.783263e-01	1.059239e+00	1.085373e-01	1.329410e+00	4.300169e-01	1.799913e-01	1.607605e-01	2.896327e-01	2.727070e-01	2.081929e-01	3.906050e-02	5.084880e-02	1.122905e+00	1.118751e+00	2.232390e-01	4.647944e+00	-4.255829e-08	
5.754780e-01	0.000000e+00	5.558320e-01	5.160070e-01	1.068439e+00	2.636592e-02	8.950528e-02	1.255819e-01	1.184649e-01	3.252754e-01	2.503892e-02	1.533850e-01	1.109547e+00	7.750291e-01	2.722622e-02	5.264542e-02	3.868133e+00	6.039524e-01	1.783349e-01	1.059206e+00	1.085302e-01	1.329436e+00	4.300002e-01	1.799743e-01	1.607326e-01	2.894996e-01	2.726687e-01	2.082339e-01	3.905905e-02	5.084579e-02	1.122990e+00	1.118688e+00	2.232629e-01	4.647889e+00	-7.199750e-08	
5.754784e-01	0.000000e+00	5.556612e-01	5.158516e-01	1.068497e+00	2.636812e-02	8.950215e-02	1.255792e-01	1.184935e-01	3.252740e-01	2.504820e-02	1.533107e-01	1.109531e+00	7.750613e-01	2.722070e-02	5.265264e-02	3.868634e+00	6.038860e-01	1.783574e-01	1.059530e+00	1.085550e-01	1.329666e+00	4.300317e-01	1.799837e-01	1.607761e-01	2.896765e-01	2.727243e-01	2.081440e-01	3.905896e-02	5.083791e-02	1.122845e+00	1.118731e+00	2.231805e-01	4.648291e+00	-1.358063e-08	
5.754784e-01	0.000000e+00	5.557409e-01	5.158664e-01	1.068433e+00	2.636360e-02	8.949243e-02	1.255826e-01	1.184419e-01	3.252749e-01	2.502227e-02	1.532078e-01	1.109441e+00	7.750581e-01	2.722214e-02	5.264849e-02	3.868263e+00	6.039166e-01	1.783248e-01	1.059169e+00	1.085259e-01	1.329232e+00	4.300638e-01	1.799697e-01	1.607721e-01	2.896156e-01	2.727040e-01	2.081510e-01	3.906158e-02	5.083169e-02	1.122794e+00	1.118808e+00	2.232326e-01	4.648191e+00	-1.536718e-07	
5.754790e-01	0.000000e+00	5.558558e-01	5.159402e-01	1.068509e+00	2.636480e-02	8.950400e-02	1.255825e-01	1.183980e-01	3.252762e-01	2.504045e-02	1.533616e-01	1.109592e+00	7.750230e-01	2.723618e-02	5.267185e-02	3.867897e+00	6.039050e-01	1.783122e-01	1.059113e+00	1.085256e-01	1.329372e+00	4.302597e-01	1.799685e-01	1.607291e-01	2.894563e-01	2.727032e-01	2.082658e-01	3.906432e-02	5.083136e-02	1.122994e+00	1.118683e+00	2.232756e-01	4.647808e+00	-1.010731e-07	
5.754794e-01	0.000000e+00	5.558032e-01	5.160355e-01	1.068421e+00	2.636572e-02	8.949727e-02	1.255819e-01	1.184572e-01	3.252752e-01	2.503239e-02	1.533312e-01	1.109546e+00	7.750336e-01	2.722652e-02	5.265395e-02	3.868319e+00	6.039411e-01	1.783396e-01	1.059277e+00	1.085332e-01	1.329447e+00	4.300639e-01	1.799700e-01	1.607460e-01	2.895281e-01	2.726766e-01	2.081796e-01	3.905970e-02	5.084757e-02	1.122965e+00	1.118700e+00	2.232548e-01	4.648032e+00	-6.807759e-08	
5.754765e-01	1.891388e-14	5.558770e-01	5.163808e-01	1.068468e+00	2.636664e-02	8.950280e-02	1.255794e-01	1.184701e-01	3.252759e-01	2.504722e-02	1.532931e-01	1.109801e+00	7.750215e-01	2.723529e-02	5.265410e-02	3.868088e+00	6.040946e-01	1.783408e-01	1.059237e+00	1.085279e-01	1.329428e+00	4.300901e-01	1.799718e-01	1.607415e-01	2.894833e-01	2.726743e-01	2.082195e-01	3.906434e-02	5.084532e-02	1.123059e+00	1.118596e+00	2.232056e-01	4.648127e+00	1.375277e-07	
5.754773e-01	9.002444e-16	5.558136e-01	5.160794e-01	1.068615e+00	2.637082e-02	8.950967e-02	1.255820e-01	1.184274e-01	3.252762e-01	2.505116e-02	1.532755e-01	1.109761e+00	7.750269e-01	2.724625e-02	5.269312e-02	3.867991e+00	6.040366e-01	1.783285e-01	1.059196e+00	1.085380e-01	1.329562e+00	4.302490e-01	1.800474e-01	1.607736e-01	2.895510e-01	2.727151e-01	2.083038e-01	3.906595e-02	5.082836e-02	1.123031e+00	1.118631e+00	2.231879e-01	4.648024e+00	3.000407e-08	
5.754767e-01	8.733447e-15	5.558505e-01	5.161958e-01	1.068459e+00	2.636597e-02	8.950025e-02	1.255821e-01	1.184502e-01	3.252755e-01	2.503133e-02	1.531796e-01	1.109351e+00	7.750499e-01	2.722804e-02	5.265739e-02	3.868099e+00	6.039713e-01	1.783341e-01	1.059277e+00	1.085326e-01	1.329365e+00	4.301369e-01	1.800022e-01	1.607744e-01	2.896700e-01	2.726920e-01	2.081724e-01	3.906237e-02	5.083587e-02	1.122981e+00	1.118664e+00	2.232190e-01	4.648310e+00	9.345291e-08	
5.754775e-01	0.000000e+00	5.558125e-01	5.162829e-01	1.068495e+00	2.636571e-02	8.950736e-02	1.255759e-01	1.184507e-01	3.252764e-01	2.506067e-02	1.533917e-01	1.109886e+00	7.750178e-01	2.723985e-02	5.266481e-02	3.867918e+00	6.040441e-01	1.783338e-01	1.059236e+00	1.085320e-01	1.329455e+00	4.302477e-01	1.799856e-01	1.607427e-01	2.894611e-01	2.727158e-01	2.082171e-01	3.906456e-02	5.083551e-02	1.123015e+00	1.118608e+00	2.232172e-01	4.648213e+00	-5.148245e-09	
5.754766e-01	1.450305e-14	5.558110e-01	5.161839e-01	1.068465e+00	2.636480e-02	8.950668e-02	1.255788e-01	1.184566e-01	3.252763e-01	2.504771e-02	1.533418e-01	1.109610e+00	7.750332e-01	2.723269e-02	5.266231e-02	3.867964e+00	6.039541e-01	1.783300e-01	1.059185e+00	1.085286e-01	1.329390e+00	4.301158e-01	1.799749e-01	1.607572e-01	2.895203e-01	2.727089e-01	2.082163e-01	3.906383e-02	5.084149e-02	1.122973e+00	1.118640e+00	2.232221e-01	4.648092e+00	1.204286e-07	
5.754765e-01	1.457900e-14	5.557974e-01	5.162258e-01	1.068515e+00	2.636763e-02	8.949939e-02	1.255815e-01	1.184534e-01	3.252754e-01	2.503074e-02	1.532426e-01	1.109758e+00	7.750350e-01	2.723693e-02	5.266445e-02	3.868162e+00	6.040552e-01	1.783416e-01	1.059249e+00	1.085366e-01	1.329511e+00	4.302124e-01	1.799976e-01	1.607599e-01	2.896118e-01	2.726868e-01	2.082219e-01	3.906183e-02	5.083681e-02	1.123015e+00	1.118639e+00	2.231626e-01	4.648153e+00	1.207435e-07	
5.754769e-01	8.441659e-15	5.557979e-01	5.160170e-01	1.068368e+00	2.636124e-02	8.949849e-02	1.255784e-01	1.184471e-01	3.252759e-01	2.504107e-02	1.533460e-01	1.109586e+00	7.750379e-01	2.722635e-02	5.264850e-02	3.867989e+00	6.038771e-01	1.783233e-01	1.059143e+00	1.085212e-01	1.329266e+00	4.302252e-01	1.799628e-01	1.607486e-01	2.895032e-01	2.726983e-01	2.081564e-01	3.906374e-02	5.084812e-02	1.122893e+00	1.118718e+00	2.232459e-01	4.648067e+00	9.187850e-08	
5.754779e-01	0.000000e+00	5.557745e-01	5.159960e-01	1.068416e+00	2.636523e-02	8.949903e-02	1.255825e-01	1.184468e-01	3.252754e-01	2.504203e-02	1.533553e-01	1.109678e+00	7.750274e-01	2.722946e-02	5.265670e-02	3.868174e+00	6.039228e-01	1.783391e-01	1.059235e+00	1.085345e-01	1.329500e+00	4.301277e-01	1.799378e-01	1.607251e-01	2.894940e-01	2.726750e-01	2.082268e-01	3.906040e-02	5.085158e-02	1.123022e+00	1.118665e+00	2.232367e-01	4.647772e+00	-7.056969e-08	
5.754774e-01	9.111952e-16	5.558108e-01	5.161512e-01	1.068569e+00	2.636820e-02	8.950177e-02	1.255785e-01	1.184200e-01	3.252760e-01	2.505400e-02	1.532970e-01	1.109798e+00	7.750411e-01	2.723835e-02	5.266895e-02	3.868188e+00	6.039628e-01	1.783397e-01	1.059275e+00	1.085334e-01	1.329468e+00	4.301717e-01	1.800349e-01	1.607567e-01	2.895256e-01	2.726989e-01	2.082488e-01	3.906429e-02	5.082518e-02	1.122954e+00	1.118653e+00	2.232453e-01	4.647916e+00	3.018601e-08	
5.754771e-01	9.706104e-16	5.557220e-01	5.162317e-01	1.068441e+00	2.636239e-02	8.949091e-02	1.255811e-01	1.184398e-01	3.252761e-01	2.502728e-02	1.531881e-01	1.109718e+00	7.750425e-01	2.723540e-02	5.266990e-02	3.868022e+00	6.039523e-01	1.783256e-01	1.059161e+00	1.085334e-01	1.329380e+00	4.304113e-01	1.799534e-01	1.607472e-01	2.896164e-01	2.727240e-01	2.081656e-01	3.906629e-02	5.083635e-02	1.122967e+00	1.118697e+00	2.231517e-01	4.648212e+00	3.115462e-08	
5.754779e-01	0.000000e+00	5.558648e-01	5.162336e-01	1.068528e+00	2.636940e-02	8.950946e-02	1.255785e-01	1.184540e-01	3.252762e-01	2.505843e-02	1.534436e-01	1.109871e+00	7.750140e-01	2.723864e-02	5.265712e-02	3.868073e+00	6.040416e-01	1.783389e-01	1.059166e+00	1.085311e-01	1.329572e+00	4.301311e-01	1.800216e-01	1.607421e-01	2.893971e-01	2.726877e-01	2.082865e-01	3.906030e-02	5.084388e-02	1.123072e+00	1.118605e+00	2.232193e-01	4.648046e+00	-5.040271e-08	
5.754776e-01	1.817214e-18	5.559169e-01	5.162713e-01	1.068516e+00	2.637001e-02	8.950763e-02	1.255822e-01	1.184265e-01	3.252766e-01	2.505186e-02	1.533988e-01	1.109761e+00	7.750138e-01	2.724085e-02	5.267044e-02	3.867917e+00	6.040419e-01	1.783386e-01	1.059190e+00	1.085283e-01	1.329520e+00	4.302266e-01	1.800405e-01	1.607438e-01	2.894301e-01	2.726757e-01	2.082832e-01	3.906260e-02	5.084874e-02	1.123101e+00	1.118597e+00	2.232297e-01	4.647958e+00	1.348041e-09	
5.754780e-01	0.000000e+00	5.558260e-01	5.162624e-01	1.068466e+00	2.636651e-02	8.949954e-02	1.255819e-01	1.184474e-01	3.252758e-01	2.503609e-02	1.534020e-01	1.109816e+00	7.750239e-01	2.723022e-02	5.264141e-02	3.868069e+00	6.040422e-01	1.783240e-01	1.059023e+00	1.085224e-01	1.329374e+00	4.301684e-01	1.799901e-01	1.607229e-01	2.894183e-01	2.726823e-01	2.082236e-01	3.905925e-02	5.085011e-02	1.122990e+00	1.118704e+00	2.231825e-01	4.647959e+00	-7.661210e-08	
5.754757e-01	6.276590e-14	5.557784e-01	5.161404e-01	1.068458e+00	2.636490e-02	8.949184e-02	1.255815e-01	1.184438e-01	3.252753e-01	2.502279e-02	1.532320e-01	1.109734e+00	7.750382e-01	2.723105e-02	5.266448e-02	3.868086e+00	6.040293e-01	1.783248e-01	1.059205e+00	1.085276e-01	1.329297e+00	4.302623e-01	1.799258e-01	1.607347e-01	2.895706e-01	2.726892e-01	2.081576e-01	3.906421e-02	5.083835e-02	1.122859e+00	1.118713e+00	2.231721e-01	4.648119e+00	2.505312e-07	
5.754772e-01	2.320345e-15	5.558128e-01	5.162905e-01	1.068415e+00	2.636407e-02	8.949772e-02	1.255776e-01	1.184502e-01	3.252758e-01	2.504185e-02	1.533301e-01	1.109890e+00	7.750258e-01	2.723157e-02	5.264208e-02	3.868065e+00	6.039856e-01	1.783321e-01	1.059194e+00	1.085237e-01	1.329301e+00	4.301744e-01	1.799710e-01	1.607385e-01	2.894559e-01	2.726895e-01	2.081893e-01	3.906096e-02	5.084266e-02	1.122964e+00	1.118671e+00	2.232247e-01	4.648068e+00	4.816996e-08	
5.754764e-01	2.196928e-14	5.557526e-01	5.161162e-01	1.068570e+00	2.636933e-02	8.950146e-02	1.255822e-01	1.184252e-01	3.252757e-01	2.504175e-02	1.533094e-01	1.109697e+00	7.750355e-01	2.723779e-02	5.266739e-02	3.868188e+00	6.039633e-01	1.783338e-01	1.059174e+00	1.085409e-01	1.329613e+00	4.302443e-01	1.800207e-01	1.607472e-01	2.895418e-01	2.727086e-01	2.082325e-01	3.906376e-02	5.083503e-02	1.122975e+00	1.118701e+00	2.231848e-01	4.647986e+00	1.482204e-07	
5.754780e-01	0.000000e+00	5.558110e-01	5.161381e-01	1.068425e+00	2.636595e-02	8.950104e-02	1.255818e-01	1.184426e-01	3.252757e-01	2.504591e-02	1.533275e-01	1.109620e+00	7.750281e-01	2.722828e-02	5.265434e-02	3.868009e+00	6.039445e-01	1.783395e-01	1.059225e+00	1.085291e-01	1.329420e+00	4.301202e-01	1.799933e-01	1.607396e-01	2.895175e-01	2.726969e-01	2.082102e-01	3.905961e-02	5.083849e-02	1.122960e+00	1.118696e+00	2.232217e-01	4.648012e+00	-8.033251e-08	
5.754794e-01	0.000000e+00	5.557529e-01	5.158728e-01	1.068476e+00	2.636670e-02	8.950770e-02	1.255805e-01	1.184546e-01	3.252755e-01	2.505149e-02	1.533465e-01	1.109529e+00	7.750401e-01	2.722831e-02	5.266454e-02	3.868226e+00	6.038966e-01	1.783349e-01	1.059302e+00	1.085413e-01	1.329568e+00	4.300912e-01	1.800008e-01	1.607608e-01	2.895319e-01	2.727111e-01	2.082449e-01	3.906164e-02	5.084027e-02	1.122959e+00	1.118716e+00	2.232450e-01	4.647972e+00	-1.618463e-07	
5.754773e-01	1.487113e-15	5.557498e-01	5.162108e-01	1.068638e+00	2.636962e-02	8.950567e-02	1.255776e-01	1.184673e-01	3.252749e-01	2.504810e-02	1.533429e-01	1.109818e+00	7.750370e-01	2.723541e-02	5.265763e-02	3.868490e+00	6.040330e-01	1.783414e-01	1.059299e+00	1.085495e-01	1.329701e+00	4.301366e-01	1.799690e-01	1.607387e-01	2.895496e-01	2.727106e-01	2.082347e-01	3.906207e-02	5.082910e-02	1.122991e+00	1.118668e+00	2.231587e-01	4.648045e+00	3.856311e-08	
5.754776e-01	5.060559e-18	5.558070e-01	5.161871e-01	1.068481e+00	2.636301e-02	8.949999e-02	1.255799e-01	1.184300e-01	3.252762e-01	2.504079e-02	1.532835e-01	1.109819e+00	7.750342e-01	2.723721e-02	5.266020e-02	3.867905e+00	6.039726e-01	1.783251e-01	1.059166e+00	1.085241e-01	1.329273e+00	4.302717e-01	1.799940e-01	1.607597e-01	2.895188e-01	2.727132e-01	2.081826e-01	3.906789e-02	5.082807e-02	1.122922e+00	1.118689e+00	2.232088e-01	4.648201e+00	2.249569e-09	
5.754794e-01	0.000000e+00	5.557731e-01	5.160209e-01	1.068558e+00	2.637140e-02	8.951624e-02	1.255804e-01	1.184801e-01	3.252749e-01	2.506321e-02	1.533509e-01	1.109419e+00	7.750454e-01	2.722991e-02	5.266386e-02	3.868345e+00	6.039600e-01	1.783581e-01	1.059478e+00	1.085550e-01	1.329793e+00	4.299156e-01	1.800411e-01	1.607954e-01	2.896683e-01	2.727138e-01	2.082352e-01	3.905882e-02	5.083697e-02	1.123049e+00	1.118632e+00	2.231947e-01	4.648253e+00	-1.642432e-07	
5.754779e-01	2.240794e-15	5.557565e-01	5.160375e-01	1.068487e+00	2.636727e-02	8.949867e-02	1.255839e-01	1.184432e-01	3.252749e-01	2.501880e-02	1.532467e-01	1.109567e+00	7.750385e-01	2.722973e-02	5.266148e-02	3.868233e+00	6.039562e-01	1.783325e-01	1.059257e+00	1.085373e-01	1.329486e+00	4.301650e-01	1.799707e-01	1.607574e-01	2.895775e-01	2.727037e-01	2.081890e-01	3.905986e-02	5.083808e-02	1.122951e+00	1.118718e+00	2.231790e-01	4.648097e+00	4.733703e-08	
5.754779e-01	2.678131e-15	5.558022e-01	5.159191e-01	1.068482e+00	2.636197e-02	8.950093e-02	1.255809e-01	1.184296e-01	3.252757e-01	2.502460e-02	1.533463e-01	1.109657e+00	7.750380e-01	2.722933e-02	5.265358e-02	3.868216e+00	6.038793e-01	1.783139e-01	1.059132e+00	1.085282e-01	1.329299e+00	4.301993e-01	1.799424e-01	1.607401e-01	2.895297e-01	2.726829e-01	2.082228e-01	3.906378e-02	5.082938e-02	1.122923e+00	1.118689e+00	2.232750e-01	4.647793e+00	5.175066e-08	
5.754770e-01	4.963403e-15	5.558983e-01	5.162633e-01	1.068428e+00	2.636470e-02	8.950527e-02	1.255793e-01	1.184326e-01	3.252772e-01	2.504665e-02	1.534072e-01	1.109831e+00	7.750153e-01	2.723827e-02	5.264513e-02	3.867814e+00	6.040275e-01	1.783142e-01	1.058993e+00	1.085121e-01	1.329220e+00	4.301795e-01	1.799986e-01	1.607579e-01	2.893681e-01	2.726902e-01	2.082338e-01	3.906435e-02	5.084421e-02	1.122981e+00	1.118682e+00	2.232442e-01	4.648186e+00	7.045142e-08	
5.754770e-01	5.784386e-15	5.558526e-01	5.163655e-01	1.068519e+00	2.636720e-02	8.949597e-02	1.255831e-01	1.184104e-01	3.252764e-01	2.503289e-02	1.533040e-01	1.109926e+00	7.750122e-01	2.724270e-02	5.267015e-02	3.867841e+00	6.040708e-01	1.783298e-01	1.059060e+00	1.085224e-01	1.329369e+00	4.304020e-01	1.800043e-01	1.607040e-01	2.894629e-01	2.726856e-01	2.082568e-01	3.906577e-02	5.083737e-02	1.123086e+00	1.118626e+00	2.231919e-01	4.647886e+00	7.605515e-08	
5.754754e-01	8.643713e-14	5.558224e-01	5.159908e-01	1.068494e+00	2.636565e-02	8.950646e-02	1.255776e-01	1.184560e-01	3.252758e-01	2.505161e-02	1.534113e-01	1.109631e+00	7.750427e-01	2.722893e-02	5.264713e-02	3.868082e+00	6.039126e-01	1.783282e-01	1.059134e+00	1.085256e-01	1.329344e+00	4.300902e-01	1.799972e-01	1.607550e-01	2.894920e-01	2.727001e-01	2.082273e-01	3.906346e-02	5.083816e-02	1.122885e+00	1.118686e+00	2.232452e-01	4.648035e+00	2.940019e-07	
5.754782e-01	0.000000e+00	5.558437e-01	5.160545e-01	1.068417e+00	2.636499e-02	8.950140e-02	1.255815e-01	1.184313e-01	3.252760e-01	2.503707e-02	1.533122e-01	1.109561e+00	7.750368e-01	2.722927e-02	5.266101e-02	3.867994e+00	6.039594e-01	1.783331e-01	1.059201e+00	1.085266e-01	1.329365e+00	4.301653e-01	1.799895e-01	1.607543e-01	2.895319e-01	2.726694e-01	2.082279e-01	3.906226e-02	5.083738e-02	1.122926e+00	1.118734e+00	2.232284e-01	4.648014e+00	-1.024478e-07	
5.754772e-01	6.325095e-16	5.558982e-01	5.162738e-01	1.068335e+00	2.636659e-02	8.950255e-02	1.255776e-01	1.184753e-01	3.252756e-01	2.505101e-02	1.533931e-01	1.109705e+00	7.750049e-01	2.722880e-02	5.263600e-02	3.867991e+00	6.040540e-01	1.783544e-01	1.059354e+00	1.085239e-01	1.329387e+00	4.299499e-01	1.799882e-01	1.607551e-01	2.894578e-01	2.726470e-01	2.081770e-01	3.905875e-02	5.086526e-02	1.123080e+00	1.118596e+00	2.232653e-01	4.648174e+00	2.514974e-08	
5.754767e-01	7.150939e-15	5.558364e-01	5.162511e-01	1.068417e+00	2.636419e-02	8.949624e-02	1.255787e-01	1.184628e-01	3.252754e-01	2.503587e-02	1.533335e-01	1.109738e+00	7.750217e-01	2.722856e-02	5.264024e-02	3.868164e+00	6.040201e-01	1.783428e-01	1.059249e+00	1.085247e-01	1.329330e+00	4.301756e-01	1.799436e-01	1.607244e-01	2.894952e-01	2.726679e-01	2.081419e-01	3.906158e-02	5.084350e-02	1.122997e+00	1.118659e+00	2.232340e-01	4.648024e+00	8.456322e-08	
5.754772e-01	1.823691e-15	5.557943e-01	5.162113e-01	1.068519e+00	2.636774e-02	8.950810e-02	1.255775e-01	1.184569e-01	3.252757e-01	2.505332e-02	1.533075e-01	1.109758e+00	7.750289e-01	2.723414e-02	5.265827e-02	3.868162e+00	6.040034e-01	1.783445e-01	1.059302e+00	1.085372e-01	1.329539e+00	4.301242e-01	1.800158e-01	1.607706e-01	2.895550e-01	2.727170e-01	2.082320e-01	3.906294e-02	5.083291e-02	1.122998e+00	1.118640e+00	2.231941e-01	4.648184e+00	4.270469e-08	
5.754771e-01	4.577989e-15	5.557695e-01	5.160016e-01	1.068378e+00	2.636121e-02	8.949865e-02	1.255800e-01	1.184471e-01	3.252763e-01	2.503450e-02	1.533847e-01	1.109791e+00	7.750302e-01	2.723115e-02	5.264000e-02	3.867907e+00	6.039161e-01	1.783078e-01	1.058962e+00	1.085127e-01	1.329147e+00	4.301646e-01	1.799508e-01	1.607442e-01	2.893872e-01	2.726881e-01	2.082112e-01	3.906543e-02	5.084262e-02	1.122909e+00	1.118729e+00	2.232590e-01	4.648080e+00	6.766084e-08	
5.754767e-01	1.315037e-14	5.557930e-01	5.161705e-01	1.068365e+00	2.636113e-02	8.949407e-02	1.255800e-01	1.184431e-01	3.252764e-01	2.504014e-02	1.532839e-01	1.109912e+00	7.750356e-01	2.723507e-02	5.265787e-02	3.867933e+00	6.040107e-01	1.783273e-01	1.059155e+00	1.085169e-01	1.329186e+00	4.302819e-01	1.799583e-01	1.607512e-01	2.894838e-01	2.726755e-01	2.081874e-01	3.906638e-02	5.083820e-02	1.122905e+00	1.118674e+00	2.232271e-01	4.648119e+00	1.146750e-07	
5.754781e-01	2.154440e-15	5.558349e-01	5.161433e-01	1.068526e+00	2.636744e-02	8.950855e-02	1.255777e-01	1.184406e-01	3.252762e-01	2.505718e-02	1.534008e-01	1.109733e+00	7.750303e-01	2.723421e-02	5.265979e-02	3.867994e+00	6.039871e-01	1.783366e-01	1.059211e+00	1.085304e-01	1.329482e+00	4.301183e-01	1.800262e-01	1.607555e-01	2.894974e-01	2.726956e-01	2.082384e-01	3.906265e-02	5.083355e-02	1.122955e+00	1.118651e+00	2.232461e-01	4.648107e+00	4.641594e-08	
5.754783e-01	4.167659e-15	5.558108e-01	5.160527e-01	1.068396e+00	2.636486e-02	8.950293e-02	1.255816e-01	1.184620e-01	3.252754e-01	2.504484e-02	1.533465e-01	1.109427e+00	7.750398e-01	2.722461e-02	5.264980e-02	3.868015e+00	6.038792e-01	1.783415e-01	1.059232e+00	1.085310e-01	1.329445e+00	4.299319e-01	1.799888e-01	1.607545e-01	2.895719e-01	2.726818e-01	2.082056e-01	3.905962e-02	5.085736e-02	1.122997e+00	1.118660e+00	2.232473e-01	4.648036e+00	6.455741e-08	
5.754765e-01	1.467086e-14	5.557283e-01	5.159207e-01	1.068468e+00	2.636502e-02	8.950112e-02	1.255828e-01	1.184404e-01	3.252755e-01	2.502940e-02	1.533240e-01	1.109603e+00	7.750310e-01	2.723025e-02	5.265060e-02	3.868046e+00	6.038771e-01	1.783359e-01	1.059188e+00	1.085295e-01	1.329399e+00	4.301211e-01	1.800013e-01	1.607421e-01	2.895132e-01	2.727058e-01	2.082582e-01	3.906165e-02	5.083370e-02	1.122956e+00	1.118732e+00	2.232413e-01	4.647808e+00	1.211233e-07	
5.754766e-01	1.523540e-14	5.557980e-01	5.160257e-01	1.068398e+00	2.636469e-02	8.949438e-02	1.255792e-01	1.184637e-01	3.252754e-01	2.503186e-02	1.533522e-01	1.109562e+00	7.750531e-01	2.722446e-02	5.264202e-02	3.868138e+00	6.039214e-01	1.783331e-01	1.059226e+00	1.085244e-01	1.329259e+00	4.300142e-01	1.799717e-01	1.607712e-01	2.895356e-01	2.726663e-01	2.081651e-01	3.906158e-02	5.084569e-02	1.122856e+00	1.118728e+00	2.232590e-01	4.648156e+00	1.234318e-07	
5.754763e-01	2.333337e-14	5.557255e-01	5.161731e-01	1.068561e+00	2.636998e-02	8.950158e-02	1.255797e-01	1.184677e-01	3.252747e-01	2.504289e-02	1.532605e-01	1.109771e+00	7.750421e-01	2.723178e-02	5.266550e-02	3.868331e+00	6.040201e-01	1.783533e-01	1.059394e+00	1.085516e-01	1.329694e+00	4.301484e-01	1.800081e-01	1.607544e-01	2.896696e-01	2.727116e-01	2.082064e-01	3.906007e-02	5.083402e-02	1.122953e+00	1.118651e+00	2.231538e-01	4.648077e+00	1.527527e-07	
5.754769e-01	7.491151e-15	5.558573e-01	5.161731e-01	1.068476e+00	2.636786e-02	8.950434e-02	1.255804e-01	1.184110e-01	3.252768e-01	2.505443e-02	1.533574e-01	1.109703e+00	7.750163e-01	2.723971e-02	5.266975e-02	3.867952e+00	6.040070e-01	1.783267e-01	1.059105e+00	1.085279e-01	1.329471e+00	4.301610e-01	1.800169e-01	1.607462e-01	2.894654e-01	2.726956e-01	2.082431e-01	3.906380e-02	5.084048e-02	1.123016e+00	1.118635e+00	2.232579e-01	4.647960e+00	8.655143e-08	
5.754764e-01	2.473794e-14	5.557811e-01	5.162906e-01	1.068365e+00	2.636319e-02	8.949300e-02	1.255779e-01	1.184908e-01	3.252753e-01	2.503739e-02	1.533167e-01	1.109872e+00	7.750347e-01	2.722816e-02	5.264239e-02	3.868237e+00	6.040183e-01	1.783491e-01	1.059326e+00	1.085279e-01	1.329339e+00	4.301504e-01	1.799382e-01	1.607461e-01	2.895170e-01	2.726681e-01	2.081357e-01	3.906101e-02	5.085088e-02	1.122926e+00	1.118666e+00	2.232001e-01	4.648174e+00	1.572830e-07	
5.754787e-01	0.000000e+00	5.558515e-01	5.161409e-01	1.068482e+00	2.636663e-02	8.950652e-02	1.255784e-01	1.184589e-01	3.252759e-01	2.504645e-02	1.533829e-01	1.109520e+00	7.750343e-01	2.723080e-02	5.265661e-02	3.868119e+00	6.039755e-01	1.783216e-01	1.059166e+00	1.085334e-01	1.329485e+00	4.300512e-01	1.799705e-01	1.607623e-01	2.895315e-01	2.727007e-01	2.081907e-01	3.906263e-02	5.084591e-02	1.122996e+00	1.118653e+00	2.232297e-01	4.648278e+00	-4.039249e-08	
5.754769e-01	8.948472e-15	5.558061e-01	5.163448e-01	1.068532e+00	2.636776e-02	8.949220e-02	1.255822e-01	1.184612e-01	3.252751e-01	2.502323e-02	1.532258e-01	1.109786e+00	7.750425e-01	2.723598e-02	5.266716e-02	3.868145e+00	6.040759e-01	1.783461e-01	1.059320e+00	1.085361e-01	1.329438e+00	4.302724e-01	1.799815e-01	1.607536e-01	2.896244e-01	2.726719e-01	2.081772e-01	3.906329e-02	5.083571e-02	1.123014e+00	1.118635e+00	2.231388e-01	4.648198e+00	9.459636e-08	
5.754769e-01	8.227748e-15	5.558264e-01	5.161669e-01	1.068344e+00	2.636331e-02	8.949647e-02	1.255805e-01	1.184626e-01	3.252760e-01	2.505177e-02	1.533909e-01	1.109780e+00	7.750232e-01	2.723243e-02	5.264100e-02	3.867889e+00	6.039876e-01	1.783417e-01	1.059200e+00	1.085173e-01	1.329246e+00	4.301360e-01	1.799768e-01	1.607350e-01	2.894297e-01	2.726733e-01	2.082096e-01	3.906323e-02	5.085865e-02	1.123015e+00	1.118662e+00	2.232594e-01	4.648068e+00	9.070693e-08	
5.754752e-01	1.022071e-13	5.558850e-01	5.162604e-01	1.068444e+00	2.636422e-02	8.950171e-02	1.255802e-01	1.184419e-01	3.252763e-01	2.503824e-02	1.533421e-01	1.109778e+00	7.750125e-01	2.723545e-02	5.264334e-02	3.867948e+00	6.040621e-01	1.783306e-01	1.059143e+00	1.085167e-01	1.329251e+00	4.300991e-01	1.799630e-01	1.607426e-01	2.894275e-01	2.726612e-01	2.082370e-01	3.906358e-02	5.083327e-02	1.122996e+00	1.118636e+00	2.232575e-01	4.647995e+00	3.196985e-07	
5.754781e-01	2.229112e-15	5.558408e-01	5.162294e-01	1.068471e+00	2.636662e-02	8.950105e-02	1.255807e-01	1.184786e-01	3.252755e-01	2.504206e-02	1.533364e-01	1.109822e+00	7.750405e-01	2.723127e-02	5.264510e-02	3.868108e+00	6.039733e-01	1.783426e-01	1.059247e+00	1.085303e-01	1.329439e+00	4.300559e-01	1.800012e-01	1.607564e-01	2.895407e-01	2.726750e-01	2.082076e-01	3.906206e-02	5.085134e-02	1.123001e+00	1.118644e+00	2.232054e-01	4.648186e+00	4.721347e-08	
5.754784e-01	4.570842e-15	5.557964e-01	5.159349e-01	1.068503e+00	2.637010e-02	8.950095e-02	1.255812e-01	1.184519e-01	3.252746e-01	2.504699e-02	1.533680e-01	1.109480e+00	7.750338e-01	2.722362e-02	5.265020e-02	3.868461e+00	6.039851e-01	1.783557e-01	1.059339e+00	1.085407e-01	1.329611e+00	4.299383e-01	1.799957e-01	1.607431e-01	2.895375e-01	2.726684e-01	2.081920e-01	3.905655e-02	5.084601e-02	1.122968e+00	1.118702e+00	2.232547e-01	4.647801e+00	6.760801e-08	
5.754764e-01	2.906338e-14	5.558672e-01	5.163202e-01	1.068389e+00	2.636638e-02	8.950356e-02	1.255779e-01	1.184885e-01	3.252756e-01	2.505494e-02	1.534837e-01	1.109900e+00	7.750095e-01	2.722553e-02	5.262208e-02	3.868098e+00	6.040551e-01	1.783559e-01	1.059277e+00	1.085218e-01	1.329425e+00	4.299844e-01	1.799860e-01	1.607352e-01	2.893611e-01	2.726416e-01	2.082125e-01	3.905797e-02	5.086234e-02	1.123025e+00	1.118629e+00	2.232228e-01	4.647959e+00	1.704799e-07	
5.754756e-01	7.209179e-14	5.558369e-01	5.160108e-01	1.068420e+00	2.636591e-02	8.950834e-02	1.255816e-01	1.184712e-01	3.252752e-01	2.504948e-02	1.534308e-01	1.109658e+00	7.750176e-01	2.722751e-02	5.262792e-02	3.868055e+00	6.039270e-01	1.783485e-01	1.059249e+00	1.085265e-01	1.329449e+00	4.299436e-01	1.799998e-01	1.607403e-01	2.894318e-01	2.726794e-01	2.082315e-01	3.905820e-02	5.085012e-02	1.122982e+00	1.118680e+00	2.232772e-01	4.647876e+00	2.684992e-07	
5.754785e-01	4.687647e-15	5.557547e-01	5.160203e-01	1.068436e+00	2.636712e-02	8.950428e-02	1.255766e-01	1.185023e-01	3.252744e-01	2.505657e-02	1.534328e-01	1.109635e+00	7.750391e-01	2.721897e-02	5.262531e-02	3.868521e+00	6.039599e-01	1.783640e-01	1.059449e+00	1.085408e-01	1.329570e+00	4.299324e-01	1.799756e-01	1.607671e-01	2.895136e-01	2.726986e-01	2.081537e-01	3.905480e-02	5.084052e-02	1.122906e+00	1.118699e+00	2.232131e-01	4.648335e+00	6.846640e-08	
5.754777e-01	6.022825e-15	5.558302e-01	5.159586e-01	1.068467e+00	2.636767e-02	8.950634e-02	1.255761e-01	1.184672e-01	3.252754e-01	2.505603e-02	1.533844e-01	1.109507e+00	7.750333e-01	2.722129e-02	5.263923e-02	3.868283e+00	6.039944e-01	1.783384e-01	1.059279e+00	1.085271e-01	1.329402e+00	4.299857e-01	1.800027e-01	1.607880e-01	2.894881e-01	2.726866e-01	2.081887e-01	3.906012e-02	5.084451e-02	1.122853e+00	1.118733e+00	2.232453e-01	4.648310e+00	7.760686e-08	
5.754787e-01	1.068136e-15	5.557700e-01	5.160367e-01	1.068448e+00	2.636799e-02	8.950391e-02	1.255839e-01	1.184925e-01	3.252745e-01	2.503104e-02	1.533140e-01	1.109517e+00	7.750441e-01	2.722314e-02	5.264868e-02	3.868325e+00	6.039382e-01	1.783456e-01	1.059322e+00	1.085446e-01	1.329623e+00	4.299872e-01	1.799846e-01	1.607652e-01	2.895859e-01	2.726850e-01	2.082358e-01	3.905488e-02	5.085405e-02	1.123029e+00	1.118679e+00	2.231764e-01	4.648047e+00	3.268234e-08	
5.754781e-01	7.080784e-15	5.558265e-01	5.160203e-01	1.068426e+00	2.636687e-02	8.951194e-02	1.255805e-01	1.184917e-01	3.252748e-01	2.504429e-02	1.533471e-01	1.109446e+00	7.750321e-01	2.722217e-02	5.263548e-02	3.868280e+00	6.039307e-01	1.783447e-01	1.059335e+00	1.085338e-01	1.329497e+00	4.299078e-01	1.799935e-01	1.607698e-01	2.895368e-01	2.726902e-01	2.082094e-01	3.905715e-02	5.085146e-02	1.122993e+00	1.118685e+00	2.232211e-01	4.648199e+00	8.414740e-08	
5.754765e-01	1.634824e-14	5.557889e-01	5.160508e-01	1.068389e+00	2.636533e-02	8.950145e-02	1.255781e-01	1.184839e-01	3.252748e-01	2.504346e-02	1.533551e-01	1.109488e+00	7.750310e-01	2.721704e-02	5.262469e-02	3.868396e+00	6.039841e-01	1.783470e-01	1.059380e+00	1.085311e-01	1.329384e+00	4.299834e-01	1.799387e-01	1.607561e-01	2.895298e-01	2.726775e-01	2.081452e-01	3.905757e-02	5.085023e-02	1.122923e+00	1.118704e+00	2.232365e-01	4.648144e+00	1.278602e-07	
5.754776e-01	7.848451e-15	5.559249e-01	5.161176e-01	1.068380e+00	2.636688e-02	8.950910e-02	1.255794e-01	1.184801e-01	3.252755e-01	2.505615e-02	1.533766e-01	1.109466e+00	7.750283e-01	2.722563e-02	5.264088e-02	3.868049e+00	6.040324e-01	1.783474e-01	1.059346e+00	1.085217e-01	1.329334e+00	4.298731e-01	1.800063e-01	1.607939e-01	2.894729e-01	2.726590e-01	2.081770e-01	3.905935e-02	5.085557e-02	1.122948e+00	1.118652e+00	2.232596e-01	4.648414e+00	8.859148e-08	
5.754784e-01	7.320240e-15	5.558783e-01	5.160197e-01	1.068381e+00	2.636519e-02	8.950122e-02	1.255805e-01	1.184482e-01	3.252756e-01	2.505061e-02	1.534435e-01	1.109534e+00	7.750315e-01	2.722435e-02	5.263903e-02	3.868105e+00	6.039626e-01	1.783362e-01	1.059215e+00	1.085251e-01	1.329341e+00	4.299112e-01	1.799675e-01	1.607416e-01	2.894431e-01	2.726503e-01	2.082016e-01	3.905979e-02	5.085188e-02	1.122964e+00	1.118675e+00	2.233140e-01	4.647921e+00	8.555840e-08	
5.754767e-01	9.999092e-15	5.558479e-01	5.162428e-01	1.068380e+00	2.636306e-02	8.950240e-02	1.255784e-01	1.184556e-01	3.252760e-01	2.504135e-02	1.533188e-01	1.109682e+00	7.750212e-01	2.723199e-02	5.265420e-02	3.867922e+00	6.040386e-01	1.783281e-01	1.059169e+00	1.085202e-01	1.329249e+00	4.301703e-01	1.799367e-01	1.607351e-01	2.894774e-01	2.726931e-01	2.081983e-01	3.906448e-02	5.084065e-02	1.122983e+00	1.118658e+00	2.232409e-01	4.648140e+00	9.999546e-08	
5.754763e-01	3.078539e-14	5.557809e-01	5.160372e-01	1.068401e+00	2.636456e-02	8.950551e-02	1.255797e-01	1.184617e-01	3.252757e-01	2.505685e-02	1.534163e-01	1.109825e+00	7.750277e-01	2.723244e-02	5.264980e-02	3.867902e+00	6.038995e-01	1.783386e-01	1.059259e+00	1.085279e-01	1.329370e+00	4.300856e-01	1.799839e-01	1.607227e-01	2.894695e-01	2.726971e-01	2.082287e-01	3.906285e-02	5.084547e-02	1.122965e+00	1.118638e+00	2.232722e-01	4.647927e+00	1.754577e-07	
5.754784e-01	5.477905e-15	5.557679e-01	5.160666e-01	1.068527e+00	2.636916e-02	8.950088e-02	1.255821e-01	1.184549e-01	3.252749e-01	2.504150e-02	1.533600e-01	1.109675e+00	7.750276e-01	2.723121e-02	5.266686e-02	3.868353e+00	6.039820e-01	1.783489e-01	1.059353e+00	1.085505e-01	1.329725e+00	4.302163e-01	1.799421e-01	1.607165e-01	2.895475e-01	2.727016e-01	2.082187e-01	3.905843e-02	5.083958e-02	1.123063e+00	1.118644e+00	2.232083e-01	4.647817e+00	7.401287e-08	
5.754767e-01	1.323727e-14	5.558002e-01	5.161063e-01	1.068517e+00	2.636843e-02	8.950149e-02	1.255821e-01	1.184374e-01	3.252756e-01	2.504615e-02	1.533338e-01	1.109712e+00	7.750282e-01	2.723394e-02	5.266214e-02	3.868280e+00	6.039564e-01	1.783452e-01	1.059269e+00	1.085400e-01	1.329612e+00	4.302275e-01	1.799893e-01	1.607232e-01	2.895203e-01	2.726846e-01	2.082273e-01	3.906149e-02	5.084077e-02	1.123034e+00	1.118656e+00	2.232340e-01	4.647727e+00	1.150533e-07	
5.754765e-01	2.045557e-14	5.557798e-01	5.160110e-01	1.068522e+00	2.636541e-02	8.950442e-02	1.255820e-01	1.184458e-01	3.252757e-01	2.503291e-02	1.533427e-01	1.109743e+00	7.750314e-01	2.723226e-02	5.265465e-02	3.868188e+00	6.039146e-01	1.783204e-01	1.059124e+00	1.085339e-01	1.329455e+00	4.301702e-01	1.799587e-01	1.607244e-01	2.894893e-01	2.727034e-01	2.082376e-01	3.906306e-02	5.083974e-02	1.122958e+00	1.118677e+00	2.232183e-01	4.647850e+00	1.430230e-07	
5.754767e-01	1.464809e-14	5.558079e-01	5.162071e-01	1.068422e+00	2.636461e-02	8.949806e-02	1.255807e-01	1.184510e-01	3.252757e-01	2.503941e-02	1.534155e-01	1.109798e+00	7.750188e-01	2.723435e-02	5.263752e-02	3.868109e+00	6.039554e-01	1.783410e-01	1.059234e+00	1.085240e-01	1.329376e+00	4.302044e-01	1.799836e-01	1.607278e-01	2.894088e-01	2.726791e-01	2.081983e-01	3.906061e-02	5.084991e-02	1.123013e+00	1.118689e+00	2.232418e-01	4.647945e+00	1.210293e-07	
5.754767e-01	1.352915e-14	5.558297e-01	5.161590e-01	1.068456e+00	2.636784e-02	8.950183e-02	1.255790e-01	1.184623e-01	3.252756e-01	2.505634e-02	1.533909e-01	1.109661e+00	7.750256e-01	2.722973e-02	5.264888e-02	3.868179e+00	6.040165e-01	1.783423e-01	1.059246e+00	1.085319e-01	1.329517e+00	4.300375e-01	1.799841e-01	1.607362e-01	2.894283e-01	2.726771e-01	2.082055e-01	3.906210e-02	5.085048e-02	1.122991e+00	1.118671e+00	2.232730e-01	4.647920e+00	1.163149e-07	
5.754786e-01	1.295563e-15	5.558425e-01	5.159529e-01	1.068440e+00	2.636846e-02	8.950487e-02	1.255796e-01	1.184684e-01	3.252752e-01	2.505375e-02	1.533447e-01	1.109445e+00	7.750497e-01	2.722251e-02	5.265057e-02	3.868193e+00	6.039168e-01	1.783520e-01	1.059378e+00	1.085365e-01	1.329512e+00	4.298987e-01	1.800186e-01	1.607894e-01	2.895529e-01	2.726715e-01	2.082043e-01	3.905758e-02	5.084905e-02	1.122928e+00	1.118698e+00	2.232641e-01	4.648114e+00	3.599392e-08	
5.754761e-01	3.744610e-14	5.558474e-01	5.159806e-01	1.068441e+00	2.636172e-02	8.950524e-02	1.255800e-01	1.184114e-01	3.252764e-01	2.504312e-02	1.533558e-01	1.109686e+00	7.750294e-01	2.723389e-02	5.264868e-02	3.867785e+00	6.038278e-01	1.783183e-01	1.059056e+00	1.085150e-01	1.329194e+00	4.301461e-01	1.800125e-01	1.607695e-01	2.894606e-01	2.726901e-01	2.082138e-01	3.906854e-02	5.083588e-02	1.122916e+00	1.118697e+00	2.232850e-01	4.647900e+00	1.935099e-07	
5.754768e-01	1.113348e-14	5.558981e-01	5.161915e-01	1.068473e+00	2.636890e-02	8.951009e-02	1.255791e-01	1.184688e-01	3.252758e-01	2.506235e-02	1.534875e-01	1.109797e+00	7.750160e-01	2.723179e-02	5.263116e-02	3.867983e+00	6.040206e-01	1.783512e-01	1.059251e+00	1.085230e-01	1.329423e+00	4.299087e-01	1.800451e-01	1.607482e-01	2.893933e-01	2.726535e-01	2.082602e-01	3.905985e-02	5.085285e-02	1.123064e+00	1.118603e+00	2.232735e-01	4.647968e+00	1.055153e-07	
5.754765e-01	1.890463e-14	5.558347e-01	5.161325e-01	1.068492e+00	2.636766e-02	8.950816e-02	1.255811e-01	1.184512e-01	3.252760e-01	2.504921e-02	1.533329e-01	1.109693e+00	7.750353e-01	2.723462e-02	5.266108e-02	3.868097e+00	6.039814e-01	1.783338e-01	1.059188e+00	1.085317e-01	1.329479e+00	4.301058e-01	1.800221e-01	1.607674e-01	2.895085e-01	2.726937e-01	2.082615e-01	3.906206e-02	5.084120e-02	1.122984e+00	1.118655e+00	2.232062e-01	4.648007e+00	1.374941e-07	
5.754765e-01	2.184983e-14	5.557811e-01	5.161896e-01	1.068446e+00	2.636834e-02	8.949874e-02	1.255784e-01	1.184815e-01	3.252755e-01	2.504769e-02	1.533339e-01	1.109768e+00	7.750324e-01	2.723110e-02	5.265088e-02	3.868099e+00	6.040505e-01	1.783430e-01	1.059254e+00	1.085294e-01	1.329417e+00	4.300501e-01	1.799902e-01	1.607573e-01	2.894989e-01	2.726902e-01	2.082093e-01	3.905984e-02	5.084579e-02	1.122958e+00	1.118655e+00	2.231827e-01	4.648321e+00	1.478169e-07	
5.754775e-01	1.093505e-14	5.559127e-01	5.162724e-01	1.068445e+00	2.636776e-02	8.950075e-02	1.255815e-01	1.184401e-01	3.252764e-01	2.504863e-02	1.533287e-01	1.109688e+00	7.750191e-01	2.723789e-02	5.266563e-02	3.867931e+00	6.040421e-01	1.783237e-01	1.059119e+00	1.085247e-01	1.329412e+00	4.300671e-01	1.799908e-01	1.607539e-01	2.894472e-01	2.726676e-01	2.082344e-01	3.906316e-02	5.085895e-02	1.123081e+00	1.118592e+00	2.232205e-01	4.648099e+00	1.045708e-07	
5.754776e-01	1.172488e-14	5.558111e-01	5.160052e-01	1.068504e+00	2.636522e-02	8.949645e-02	1.255835e-01	1.184220e-01	3.252759e-01	2.501637e-02	1.532446e-01	1.109659e+00	7.750375e-01	2.723437e-02	5.266254e-02	3.868032e+00	6.039708e-01	1.783109e-01	1.059103e+00	1.085226e-01	1.329219e+00	4.301638e-01	1.799817e-01	1.607548e-01	2.895463e-01	2.726825e-01	2.082313e-01	3.906482e-02	5.083509e-02	1.122934e+00	1.118720e+00	2.232388e-01	4.647906e+00	1.082815e-07	
5.754786e-01	0.000000e+00	5.558498e-01	5.161004e-01	1.068590e+00	2.637014e-02	8.950481e-02	1.255837e-01	1.184176e-01	3.252754e-01	2.503954e-02	1.533211e-01	1.109578e+00	7.750286e-01	2.723781e-02	5.267016e-02	3.868106e+00	6.040503e-01	1.783450e-01	1.059300e+00	1.085365e-01	1.329508e+00	4.300660e-01	1.800245e-01	1.607367e-01	2.895679e-01	2.726650e-01	2.082812e-01	3.906099e-02	5.082857e-02	1.123076e+00	1.118643e+00	2.232571e-01	4.647725e+00	-1.789025e-07	
5.754751e-01	1.106000e-13	5.558305e-01	5.161613e-01	1.068477e+00	2.636526e-02	8.950602e-02	1.255816e-01	1.184405e-01	3.252761e-01	2.503939e-02	1.534092e-01	1.109818e+00	7.750059e-01	2.723972e-02	5.264932e-02	3.867817e+00	6.039812e-01	1.783196e-01	1.059093e+00	1.085264e-01	1.329413e+00	4.302125e-01	1.799720e-01	1.607188e-01	2.894448e-01	2.726893e-01	2.082625e-01	3.906441e-02	5.084528e-02	1.123086e+00	1.118627e+00	2.232294e-01	4.647835e+00	3.325658e-07	
5.754760e-01	4.371084e-14	5.558821e-01	5.162390e-01	1.068496e+00	2.636601e-02	8.949947e-02	1.255834e-01	1.184165e-01	3.252768e-01	2.503005e-02	1.533085e-01	1.109848e+00	7.750244e-01	2.724399e-02	5.267505e-02	3.867860e+00	6.040410e-01	1.783200e-01	1.059072e+00	1.085207e-01	1.329315e+00	4.302651e-01	1.800012e-01	1.607519e-01	2.894474e-01	2.726725e-01	2.082741e-01	3.906641e-02	5.083742e-02	1.123016e+00	1.118657e+00	2.232217e-01	4.647754e+00	2.090714e-07	
5.754786e-01	0.000000e+00	5.559283e-01	5.162942e-01	1.068500e+00	2.636916e-02	8.950827e-02	1.255799e-01	1.184441e-01	3.252767e-01	2.506148e-02	1.534245e-01	1.109758e+00	7.750120e-01	2.723745e-02	5.265527e-02	3.867905e+00	6.041042e-01	1.783341e-01	1.059166e+00	1.085206e-01	1.329381e+00	4.300295e-01	1.800226e-01	1.607487e-01	2.893742e-01	2.726734e-01	2.082861e-01	3.906207e-02	5.084487e-02	1.123073e+00	1.118614e+00	2.232541e-01	4.648088e+00	-1.484589e-07	
5.754766e-01	1.737901e-14	5.557710e-01	5.160461e-01	1.068525e+00	2.636884e-02	8.950541e-02	1.255834e-01	1.184327e-01	3.252757e-01	2.505325e-02	1.533823e-01	1.109734e+00	7.750356e-01	2.723777e-02	5.266385e-02	3.868234e+00	6.039503e-01	1.783380e-01	1.059208e+00	1.085430e-01	1.329645e+00	4.302243e-01	1.800137e-01	1.607210e-01	2.894972e-01	2.726968e-01	2.083019e-01	3.906084e-02	5.083908e-02	1.123061e+00	1.118661e+00	2.232297e-01	4.647639e+00	1.318295e-07	
5.754775e-01	1.175707e-14	5.558279e-01	5.161570e-01	1.068450e+00	2.636883e-02	8.950802e-02	1.255800e-01	1.184828e-01	3.252751e-01	2.505341e-02	1.534106e-01	1.109568e+00	7.750214e-01	2.722519e-02	5.263332e-02	3.868358e+00	6.039934e-01	1.783601e-01	1.059323e+00	1.085362e-01	1.329637e+00	4.298862e-01	1.799943e-01	1.607438e-01	2.894784e-01	2.726716e-01	2.082093e-01	3.905503e-02	5.085185e-02	1.123039e+00	1.118632e+00	2.232456e-01	4.648081e+00	1.084300e-07	
5.754766e-01	1.755504e-14	5.558024e-01	5.162589e-01	1.068409e+00	2.636692e-02	8.950323e-02	1.255767e-01	1.184857e-01	3.252756e-01	2.505807e-02	1.534759e-01	1.109899e+00	7.750188e-01	2.723017e-02	5.263856e-02	3.868114e+00	6.040076e-01	1.783454e-01	1.059219e+00	1.085302e-01	1.329520e+00	4.300776e-01	1.799646e-01	1.607279e-01	2.893676e-01	2.726772e-01	2.082062e-01	3.905872e-02	5.086021e-02	1.123020e+00	1.118635e+00	2.232156e-01	4.648043e+00	1.324954e-07	
5.754764e-01	1.896480e-14	5.557731e-01	5.162924e-01	1.068408e+00	2.636336e-02	8.949885e-02	1.255809e-01	1.184560e-01	3.252756e-01	2.503700e-02	1.532941e-01	1.109660e+00	7.750227e-01	2.723104e-02	5.264377e-02	3.868009e+00	6.039873e-01	1.783400e-01	1.059226e+00	1.085252e-01	1.329326e+00	4.301966e-01	1.799567e-01	1.607329e-01	2.895167e-01	2.727064e-01	2.081668e-01	3.906220e-02	5.084241e-02	1.122981e+00	1.118690e+00	2.231998e-01	4.648198e+00	1.377128e-07	
5.754787e-01	0.000000e+00	5.558599e-01	5.162885e-01	1.068511e+00	2.636882e-02	8.950401e-02	1.255806e-01	1.184546e-01	3.252752e-01	2.504093e-02	1.533186e-01	1.109706e+00	7.750167e-01	2.723386e-02	5.265955e-02	3.868165e+00	6.040657e-01	1.783392e-01	1.059227e+00	1.085309e-01	1.329496e+00	4.301071e-01	1.799731e-01	1.607251e-01	2.894650e-01	2.726771e-01	2.082116e-01	3.906019e-02	5.084829e-02	1.123073e+00	1.118636e+00	2.232048e-01	4.648016e+00	-6.515173e-08	
5.754779e-01	1.622415e-14	5.557783e-01	5.160229e-01	1.068455e+00	2.636723e-02	8.950414e-02	1.255822e-01	1.184750e-01	3.252750e-01	2.503808e-02	1.532566e-01	1.109560e+00	7.750360e-01	2.723029e-02	5.265717e-02	3.868128e+00	6.039793e-01	1.783485e-01	1.059364e+00	1.085378e-01	1.329516e+00	4.300545e-01	1.799986e-01	1.607703e-01	2.896110e-01	2.727012e-01	2.081938e-01	3.905962e-02	5.084160e-02	1.122999e+00	1.118678e+00	2.231958e-01	4.648203e+00	1.273741e-07	
5.754781e-01	8.219593e-15	5.557937e-01	5.160555e-01	1.068380e+00	2.636491e-02	8.950073e-02	1.255796e-01	1.184667e-01	3.252757e-01	2.504625e-02	1.533906e-01	1.109650e+00	7.750268e-01	2.722432e-02	5.264456e-02	3.868152e+00	6.040024e-01	1.783350e-01	1.059216e+00	1.085262e-01	1.329417e+00	4.300622e-01	1.799434e-01	1.607431e-01	2.894236e-01	2.726808e-01	2.081876e-01	3.905988e-02	5.085036e-02	1.122929e+00	1.118707e+00	2.232452e-01	4.648064e+00	9.066197e-08	
5.754770e-01	1.788491e-14	5.557592e-01	5.161474e-01	1.068486e+00	2.636494e-02	8.949488e-02	1.255796e-01	1.184518e-01	3.252756e-01	2.504340e-02	1.532557e-01	1.109830e+00	7.750449e-01	2.723491e-02	5.266226e-02	3.868087e+00	6.039556e-01	1.783362e-01	1.059281e+00	1.085332e-01	1.329392e+00	4.303015e-01	1.800011e-01	1.607572e-01	2.895556e-01	2.727115e-01	2.081724e-01	3.906447e-02	5.083377e-02	1.122902e+00	1.118702e+00	2.231683e-01	4.648224e+00	1.337345e-07	
5.754784e-01	4.927517e-15	5.558525e-01	5.160887e-01	1.068470e+00	2.637002e-02	8.950795e-02	1.255782e-01	1.184707e-01	3.252757e-01	2.505387e-02	1.533969e-01	1.109617e+00	7.750300e-01	2.722943e-02	5.265291e-02	3.868174e+00	6.040244e-01	1.783340e-01	1.059223e+00	1.085308e-01	1.329484e+00	4.299596e-01	1.800059e-01	1.607778e-01	2.894493e-01	2.726781e-01	2.082295e-01	3.905735e-02	5.085338e-02	1.122959e+00	1.118682e+00	2.232233e-01	4.648242e+00	7.019627e-08	
5.754777e-01	1.791503e-14	5.557855e-01	5.159998e-01	1.068448e+00	2.636697e-02	8.950098e-02	1.255793e-01	1.184864e-01	3.252743e-01	2.503656e-02	1.533778e-01	1.109654e+00	7.750315e-01	2.722276e-02	5.263027e-02	3.868325e+00	6.039562e-01	1.783492e-01	1.059356e+00	1.085333e-01	1.329491e+00	4.299917e-01	1.799804e-01	1.607601e-01	2.894907e-01	2.726695e-01	2.081756e-01	3.905845e-02	5.085100e-02	1.122964e+00	1.118715e+00	2.232372e-01	4.648028e+00	1.338470e-07	
5.754772e-01	2.180911e-14	5.558316e-01	5.161539e-01	1.068451e+00	2.636639e-02	8.951226e-02	1.255781e-01	1.184675e-01	3.252762e-01	2.505889e-02	1.535289e-01	1.109724e+00	7.750069e-01	2.723227e-02	5.264148e-02	3.868162e+00	6.039902e-01	1.783262e-01	1.059057e+00	1.085304e-01	1.329577e+00	4.299764e-01	1.799350e-01	1.607000e-01	2.893286e-01	2.726918e-01	2.082657e-01	3.905996e-02	5.085254e-02	1.123080e+00	1.118617e+00	2.232502e-01	4.647871e+00	1.476791e-07	
5.754760e-01	9.711436e-14	5.558466e-01	5.159032e-01	1.068514e+00	2.636798e-02	8.950878e-02	1.255782e-01	1.184432e-01	3.252758e-01	2.505290e-02	1.533067e-01	1.109388e+00	7.750523e-01	2.722784e-02	5.265246e-02	3.868110e+00	6.039013e-01	1.783434e-01	1.059310e+00	1.085320e-01	1.329452e+00	4.298954e-01	1.800724e-01	1.608208e-01	2.895889e-01	2.726861e-01	2.082330e-01	3.906247e-02	5.083642e-02	1.122866e+00	1.118708e+00	2.232838e-01	4.648118e+00	3.116318e-07	
5.754774e-01	1.901277e-14	5.558797e-01	5.161566e-01	1.068455e+00	2.636521e-02	8.950439e-02	1.255796e-01	1.184322e-01	3.252765e-01	2.504979e-02	1.533745e-01	1.109620e+00	7.750249e-01	2.723189e-02	5.265421e-02	3.867978e+00	6.039535e-01	1.783207e-01	1.059113e+00	1.085236e-01	1.329358e+00	4.301205e-01	1.799945e-01	1.607326e-01	2.894477e-01	2.726853e-01	2.082324e-01	3.906424e-02	5.084444e-02	1.123011e+00	1.118645e+00	2.232818e-01	4.647885e+00	1.378868e-07	
5.754788e-01	1.188696e-15	5.557240e-01	5.160759e-01	1.068374e+00	2.636201e-02	8.949518e-02	1.255798e-01	1.184750e-01	3.252753e-01	2.502823e-02	1.533725e-01	1.109687e+00	7.750355e-01	2.721988e-02	5.263728e-02	3.868205e+00	6.039335e-01	1.783305e-01	1.059180e+00	1.085270e-01	1.329296e+00	4.301329e-01	1.798972e-01	1.607281e-01	2.894997e-01	2.726869e-01	2.081644e-01	3.905696e-02	5.084526e-02	1.122879e+00	1.118756e+00	2.232069e-01	4.648033e+00	3.447747e-08	
5.754784e-01	1.002900e-14	5.558180e-01	5.158238e-01	1.068470e+00	2.636780e-02	8.951254e-02	1.255807e-01	1.184526e-01	3.252754e-01	2.505223e-02	1.532958e-01	1.109404e+00	7.750365e-01	2.722799e-02	5.265560e-02	3.868051e+00	6.039370e-01	1.783384e-01	1.059221e+00	1.085303e-01	1.329473e+00	4.299074e-01	1.800394e-01	1.608007e-01	2.895961e-01	2.726933e-01	2.082389e-01	3.906272e-02	5.084242e-02	1.122974e+00	1.118684e+00	2.232440e-01	4.648233e+00	1.001449e-07	
5.754763e-01	2.484622e-14	5.558473e-01	5.162137e-01	1.068391e+00	2.636609e-02	8.949936e-02	1.255776e-01	1.184602e-01	3.252763e-01	2.504720e-02	1.533389e-01	1.109741e+00	7.750230e-01	2.723127e-02	5.265178e-02	3.868173e+00	6.040418e-01	1.783228e-01	1.059155e+00	1.085245e-01	1.329344e+00	4.301109e-01	1.799749e-01	1.607579e-01	2.894406e-01	2.726838e-01	2.081894e-01	3.906324e-02	5.085230e-02	1.122955e+00	1.118647e+00	2.232249e-01	4.648254e+00	1.576268e-07	
5.754768e-01	2.478011e-14	5.558306e-01	5.160396e-01	1.068321e+00	2.636134e-02	8.949892e-02	1.255810e-01	1.184454e-01	3.252760e-01	2.504335e-02	1.533938e-01	1.109744e+00	7.750167e-01	2.722922e-02	5.263622e-02	3.867940e+00	6.039041e-01	1.783284e-01	1.059140e+00	1.085172e-01	1.329232e+00	4.301429e-01	1.799604e-01	1.607267e-01	2.894391e-01	2.726559e-01	2.082237e-01	3.906079e-02	5.085531e-02	1.122980e+00	1.118697e+00	2.232923e-01	4.647788e+00	1.574170e-07	
5.754768e-01	2.714886e-14	5.557857e-01	5.162443e-01	1.068481e+00	2.636332e-02	8.949657e-02	1.255824e-01	1.184178e-01	3.252760e-01	2.502283e-02	1.532826e-01	1.109954e+00	7.750184e-01	2.724056e-02	5.266168e-02	3.867960e+00	6.039430e-01	1.783221e-01	1.059118e+00	1.085275e-01	1.329346e+00	4.303625e-01	1.799700e-01	1.607329e-01	2.895311e-01	2.726972e-01	2.082240e-01	3.906566e-02	5.083377e-02	1.123029e+00	1.118661e+00	2.231873e-01	4.647823e+00	1.647691e-07	
5.754762e-01	3.527287e-14	5.557637e-01	5.160789e-01	1.068489e+00	2.636330e-02	8.950637e-02	1.255783e-01	1.184669e-01	3.252755e-01	2.504505e-02	1.532687e-01	1.109710e+00	7.750375e-01	2.723178e-02	5.265304e-02	3.868133e+00	6.039574e-01	1.783311e-01	1.059210e+00	1.085329e-01	1.329423e+00	4.301188e-01	1.799695e-01	1.607730e-01	2.895743e-01	2.727111e-01	2.082034e-01	3.906604e-02	5.083537e-02	1.122942e+00	1.118649e+00	2.231889e-01	4.648224e+00	1.878107e-07	
5.754751e-01	2.899981e-13	5.558184e-01	5.164349e-01	1.068391e+00	2.636257e-02	8.949483e-02	1.255799e-01	1.184715e-01	3.252760e-01	2.503278e-02	1.533030e-01	1.110025e+00	7.750103e-01	2.723806e-02	5.264791e-02	3.867905e+00	6.040730e-01	1.783322e-01	1.059143e+00	1.085192e-01	1.329236e+00	4.302931e-01	1.799264e-01	1.607157e-01	2.894405e-01	2.726725e-01	2.081886e-01	3.906369e-02	5.084227e-02	1.123007e+00	1.118643e+00	2.231604e-01	4.648142e+00	5.385147e-07	
5.754757e-01	6.324388e-14	5.557725e-01	5.159612e-01	1.068551e+00	2.636901e-02	8.950759e-02	1.255837e-01	1.184201e-01	3.252760e-01	2.505041e-02	1.533071e-01	1.109624e+00	7.750341e-01	2.723695e-02	5.266874e-02	3.868015e+00	6.039002e-01	1.783361e-01	1.059236e+00	1.085419e-01	1.329608e+00	4.301606e-01	1.800584e-01	1.607589e-01	2.895719e-01	2.727177e-01	2.082969e-01	3.906161e-02	5.082939e-02	1.122972e+00	1.118688e+00	2.232085e-01	4.647824e+00	2.514834e-07	
5.754780e-01	2.007383e-14	5.558332e-01	5.158440e-01	1.068397e+00	2.636708e-02	8.950968e-02	1.255785e-01	1.184772e-01	3.252753e-01	2.505448e-02	1.533639e-01	1.109369e+00	7.750465e-01	2.721904e-02	5.264554e-02	3.868205e+00	6.038783e-01	1.783434e-01	1.059346e+00	1.085361e-01	1.329491e+00	4.298358e-01	1.800047e-01	1.607955e-01	2.895579e-01	2.726805e-01	2.082038e-01	3.905817e-02	5.085285e-02	1.122907e+00	1.118678e+00	2.232737e-01	4.648219e+00	1.416821e-07	
5.754775e-01	2.084184e-14	5.557752e-01	5.161063e-01	1.068450e+00	2.636742e-02	8.950082e-02	1.255804e-01	1.184775e-01	3.252754e-01	2.504497e-02	1.533504e-01	1.109718e+00	7.750327e-01	2.723005e-02	5.265748e-02	3.868153e+00	6.039908e-01	1.783390e-01	1.059282e+00	1.085319e-01	1.329442e+00	4.301024e-01	1.799745e-01	1.607624e-01	2.895478e-01	2.726798e-01	2.082136e-01	3.906042e-02	5.085360e-02	1.122967e+00	1.118651e+00	2.232018e-01	4.648177e+00	1.443670e-07	
5.754767e-01	4.647069e-14	5.558279e-01	5.162252e-01	1.068415e+00	2.636417e-02	8.949849e-02	1.255801e-01	1.184656e-01	3.252757e-01	2.503937e-02	1.533078e-01	1.109740e+00	7.750353e-01	2.722734e-02	5.263636e-02	3.868069e+00	6.039596e-01	1.783343e-01	1.059188e+00	1.085226e-01	1.329286e+00	4.301195e-01	1.799886e-01	1.607464e-01	2.894934e-01	2.726812e-01	2.081829e-01	3.906159e-02	5.084809e-02	1.122937e+00	1.118712e+00	2.232206e-01	4.648059e+00	2.155706e-07	
5.754772e-01	2.250816e-14	5.557929e-01	5.161234e-01	1.068338e+00	2.636156e-02	8.950135e-02	1.255764e-01	1.184924e-01	3.252752e-01	2.503833e-02	1.533934e-01	1.109655e+00	7.750267e-01	2.721875e-02	5.262433e-02	3.868300e+00	6.039213e-01	1.783411e-01	1.059285e+00	1.085270e-01	1.329361e+00	4.300258e-01	1.799218e-01	1.607421e-01	2.894682e-01	2.726773e-01	2.081319e-01	3.905846e-02	5.085187e-02	1.122904e+00	1.118692e+00	2.232339e-01	4.648176e+00	1.500272e-07	
5.754768e-01	4.085085e-14	5.558075e-01	5.159352e-01	1.068446e+00	2.636338e-02	8.950181e-02	1.255811e-01	1.184436e-01	3.252753e-01	2.503539e-02	1.533190e-01	1.109482e+00	7.750348e-01	2.722418e-02	5.264930e-02	3.868234e+00	6.038431e-01	1.783326e-01	1.059219e+00	1.085348e-01	1.329452e+00	4.301034e-01	1.799651e-01	1.607211e-01	2.895707e-01	2.726821e-01	2.082044e-01	3.906269e-02	5.083894e-02	1.122974e+00	1.118675e+00	2.232917e-01	4.647681e+00	2.021159e-07	
5.754770e-01	3.161208e-14	5.557936e-01	5.160461e-01	1.068519e+00	2.636674e-02	8.949861e-02	1.255843e-01	1.184312e-01	3.252751e-01	2.502591e-02	1.532741e-01	1.109572e+00	7.750366e-01	2.723299e-02	5.267011e-02	3.868128e+00	6.039770e-01	1.783318e-01	1.059254e+00	1.085378e-01	1.329467e+00	4.301965e-01	1.799626e-01	1.607344e-01	2.896095e-01	2.726871e-01	2.082180e-01	3.906231e-02	5.083565e-02	1.122994e+00	1.118669e+00	2.232116e-01	4.647809e+00	1.777979e-07	
5.754787e-01	2.695789e-14	5.558511e-01	5.160257e-01	1.068460e+00	2.636741e-02	8.951382e-02	1.255806e-01	1.184518e-01	3.252762e-01	2.506241e-02	1.534478e-01	1.109479e+00	7.750250e-01	2.723154e-02	5.265348e-02	3.867905e+00	6.038897e-01	1.783330e-01	1.059154e+00	1.085279e-01	1.329491e+00	4.299703e-01	1.800355e-01	1.607523e-01	2.894476e-01	2.726915e-01	2.082601e-01	3.906131e-02	5.085410e-02	1.123056e+00	1.118650e+00	2.232983e-01	4.647968e+00	1.641886e-07	
5.754765e-01	7.429663e-14	5.557367e-01	5.162353e-01	1.068426e+00	2.636455e-02	8.948803e-02	1.255804e-01	1.184385e-01	3.252757e-01	2.503068e-02	1.532321e-01	1.109708e+00	7.750392e-01	2.723258e-02	5.266223e-02	3.868139e+00	6.040058e-01	1.783390e-01	1.059255e+00	1.085313e-01	1.329391e+00	4.304294e-01	1.799739e-01	1.607492e-01	2.896167e-01	2.727045e-01	2.081211e-01	3.906363e-02	5.083593e-02	1.122922e+00	1.118700e+00	2.231826e-01	4.648295e+00	2.725741e-07	
5.754772e-01	2.743437e-14	5.558928e-01	5.162094e-01	1.068416e+00	2.636733e-02	8.951419e-02	1.255771e-01	1.184867e-01	3.252761e-01	2.507214e-02	1.534939e-01	1.109670e+00	7.750155e-01	2.723008e-02	5.262366e-02	3.868023e+00	6.039504e-01	1.783543e-01	1.059343e+00	1.085277e-01	1.329497e+00	4.298356e-01	1.800295e-01	1.607610e-01	2.893920e-01	2.726625e-01	2.082530e-01	3.905926e-02	5.085374e-02	1.123099e+00	1.118612e+00	2.232760e-01	4.648093e+00	1.656332e-07	
5.754772e-01	5.777809e-14	5.557523e-01	5.162060e-01	1.068476e+00	2.636659e-02	8.949663e-02	1.255807e-01	1.184627e-01	3.252751e-01	2.503131e-02	1.532412e-01	1.109617e+00	7.750417e-01	2.723025e-02	5.266320e-02	3.868092e+00	6.039674e-01	1.783357e-01	1.059231e+00	1.085347e-01	1.329416e+00	4.302908e-01	1.799749e-01	1.607385e-01	2.896008e-01	2.727223e-01	2.081656e-01	3.906185e-02	5.083320e-02	1.122956e+00	1.118694e+00	2.231694e-01	4.648290e+00	2.403707e-07	
5.754777e-01	3.219364e-14	5.559166e-01	5.164870e-01	1.068487e+00	2.636561e-02	8.950369e-02	1.255796e-01	1.184327e-01	3.252772e-01	2.504530e-02	1.534054e-01	1.109882e+00	7.750146e-01	2.724444e-02	5.266178e-02	3.867802e+00	6.040782e-01	1.783247e-01	1.059030e+00	1.085186e-01	1.329321e+00	4.302815e-01	1.799970e-01	1.607317e-01	2.894033e-01	2.726760e-01	2.082544e-01	3.906545e-02	5.084309e-02	1.123147e+00	1.118565e+00	2.232201e-01	4.648068e+00	1.794259e-07	
5.754763e-01	7.704025e-14	5.559228e-01	5.158812e-01	1.068449e+00	2.636568e-02	8.951016e-02	1.255813e-01	1.184314e-01	3.252764e-01	2.504987e-02	1.534356e-01	1.109535e+00	7.750250e-01	2.723243e-02	5.264509e-02	3.867804e+00	6.038701e-01	1.783296e-01	1.059176e+00	1.085199e-01	1.329298e+00	4.299064e-01	1.800353e-01	1.607732e-01	2.894692e-01	2.726672e-01	2.082793e-01	3.906327e-02	5.083853e-02	1.123008e+00	1.118647e+00	2.233260e-01	4.647756e+00	2.775612e-07	
5.754760e-01	9.642590e-14	5.557495e-01	5.161739e-01	1.068419e+00	2.636381e-02	8.950152e-02	1.255788e-01	1.184827e-01	3.252758e-01	2.504551e-02	1.533349e-01	1.109677e+00	7.750399e-01	2.722681e-02	5.264284e-02	3.868165e+00	6.039972e-01	1.783268e-01	1.059168e+00	1.085272e-01	1.329355e+00	4.300839e-01	1.799590e-01	1.607601e-01	2.894662e-01	2.727106e-01	2.081953e-01	3.906219e-02	5.084520e-02	1.122856e+00	1.118737e+00	2.231897e-01	4.648248e+00	3.105252e-07	
5.754766e-01	1.089271e-13	5.558122e-01	5.161229e-01	1.068512e+00	2.636659e-02	8.950160e-02	1.255787e-01	1.184523e-01	3.252750e-01	2.503321e-02	1.532725e-01	1.109685e+00	7.750367e-01	2.723299e-02	5.265734e-02	3.868181e+00	6.040128e-01	1.783414e-01	1.059315e+00	1.085362e-01	1.329401e+00	4.301384e-01	1.799847e-01	1.607616e-01	2.896502e-01	2.726847e-01	2.081883e-01	3.906235e-02	5.082012e-02	1.122936e+00	1.118677e+00	2.232317e-01	4.648110e+00	3.300411e-07	
5.754771e-01	7.527144e-14	5.558920e-01	5.162692e-01	1.068399e+00	2.636777e-02	8.949829e-02	1.255803e-01	1.184415e-01	3.252764e-01	2.505350e-02	1.533956e-01	1.109736e+00	7.750216e-01	2.723451e-02	5.265736e-02	3.867918e+00	6.040684e-01	1.783444e-01	1.059190e+00	1.085187e-01	1.329330e+00	4.300275e-01	1.800001e-01	1.607486e-01	2.894087e-01	2.726480e-01	2.082322e-01	3.906101e-02	5.085398e-02	1.122996e+00	1.118630e+00	2.232823e-01	4.648028e+00	2.743564e-07	
5.754763e-01	1.255417e-13	5.557765e-01	5.161666e-01	1.068483e+00	2.636953e-02	8.949587e-02	1.255836e-01	1.184823e-01	3.252740e-01	2.501991e-02	1.532013e-01	1.109605e+00	7.750454e-01	2.722755e-02	5.265595e-02	3.868361e+00	6.040507e-01	1.783485e-01	1.059373e+00	1.085436e-01	1.329536e+00	4.300157e-01	1.799761e-01	1.607676e-01	2.896698e-01	2.726846e-01	2.081713e-01	3.905798e-02	5.084651e-02	1.122947e+00	1.118679e+00	2.231431e-01	4.648241e+00	3.543187e-07	
5.754766e-01	2.626804e-13	5.558129e-01	5.162125e-01	1.068465e+00	2.636469e-02	8.949748e-02	1.255812e-01	1.184627e-01	3.252755e-01	2.503199e-02	1.533593e-01	1.109862e+00	7.750292e-01	2.723493e-02	5.264713e-02	3.868089e+00	6.039556e-01	1.783342e-01	1.059253e+00	1.085301e-01	1.329351e+00	4.301934e-01	1.799658e-01	1.607320e-01	2.895180e-01	2.726800e-01	2.082176e-01	3.906281e-02	5.084252e-02	1.123025e+00	1.118647e+00	2.232190e-01	4.647909e+00	5.125235e-07	
5.754767e-01	1.968174e-13	5.558259e-01	5.161707e-01	1.068568e+00	2.637014e-02	8.950438e-02	1.255839e-01	1.184375e-01	3.252754e-01	2.504290e-02	1.533527e-01	1.109827e+00	7.750233e-01	2.724177e-02	5.266923e-02	3.868094e+00	6.039918e-01	1.783344e-01	1.059226e+00	1.085423e-01	1.329636e+00	4.301036e-01	1.799979e-01	1.607359e-01	2.895269e-01	2.726806e-01	2.082855e-01	3.906295e-02	5.084379e-02	1.123098e+00	1.118590e+00	2.232123e-01	4.647810e+00	4.436411e-07	
5.754756e-01	4.330508e-13	5.558203e-01	5.160649e-01	1.068485e+00	2.636641e-02	8.950883e-02	1.255807e-01	1.184406e-01	3.252763e-01	2.505227e-02	1.533306e-01	1.109589e+00	7.750293e-01	2.723408e-02	5.266187e-02	3.867922e+00	6.039620e-01	1.783284e-01	1.059136e+00	1.085314e-01	1.329480e+00	4.301358e-01	1.800092e-01	1.607343e-01	2.895058e-01	2.726994e-01	2.082873e-01	3.906426e-02	5.083798e-02	1.123011e+00	1.118660e+00	2.232534e-01	4.647849e+00	6.580659e-07	
5.754763e-01	3.183087e-13	5.557809e-01	5.161501e-01	1.068476e+00	2.636310e-02	8.949821e-02	1.255750e-01	1.184628e-01	3.252766e-01	2.505060e-02	1.532894e-01	1.109764e+00	7.750535e-01	2.723194e-02	5.265806e-02	3.868156e+00	6.039853e-01	1.783158e-01	1.059158e+00	1.085252e-01	1.329244e+00	4.301905e-01	1.799517e-01	1.607808e-01	2.895039e-01	2.727143e-01	2.081611e-01	3.906849e-02	5.082535e-02	1.122791e+00	1.118714e+00	2.232244e-01	4.648427e+00	5.641885e-07	
