f	phi	x(1)	x(2)	x(3)	x(4)	x(5)	x(6)	x(7)	x(8)	x(9)	x(10)	x(11)	x(12)	x(13)	x(14)	x(15)	x(16)	x(17)	x(18)	x(19)	x(20)	x(21)	x(22)	x(23)	x(24)	x(25)	x(26)	x(27)	x(28)	x(29)	x(30)	x(31)	x(32)	g(1)	
5.754759e-01	0.000000e+00	5.561795e-01	5.155689e-01	1.069061e+00	2.637613e-02	8.941003e-02	1.255861e-01	1.185956e-01	3.252745e-01	2.512339e-02	1.531261e-01	1.105322e+00	7.749180e-01	2.723745e-02	5.253921e-02	3.872258e+00	6.049950e-01	1.780008e-01	1.059625e+00	1.085126e-01	1.327314e+00	4.308185e-01	1.797993e-01	1.609709e-01	2.886211e-01	2.728990e-01	2.080598e-01	3.907933e-02	5.082214e-02	1.126053e+00	1.117108e+00	2.227197e-01	4.650700e+00	-6.426162e-09	
5.754759e-01	0.000000e+00	5.562988e-01	5.155233e-01	1.068990e+00	2.637976e-02	8.942278e-02	1.255839e-01	1.185867e-01	3.252756e-01	2.511974e-02	1.531689e-01	1.105522e+00	7.749324e-01	2.723334e-02	5.254278e-02	3.872773e+00	6.049547e-01	1.780099e-01	1.059758e+00	1.085018e-01	1.327075e+00	4.308228e-01	1.798392e-01	1.609519e-01	2.885448e-01	2.728186e-01	2.080607e-01	3.908148e-02	5.081905e-02	1.125953e+00	1.117095e+00	2.227544e-01	4.650532e+00	-1.198744e-08	
5.754760e-01	0.000000e+00	5.560644e-01	5.154586e-01	1.068844e+00	2.638226e-02	8.940330e-02	1.255877e-01	1.185720e-01	3.252740e-01	2.512174e-02	1.531366e-01	1.105544e+00	7.749223e-01	2.723961e-02	5.256112e-02	3.872808e+00	6.050588e-01	1.779791e-01	1.059619e+00	1.085125e-01	1.327126e+00	4.307913e-01	1.798514e-01	1.609553e-01	2.885470e-01	2.728722e-01	2.080936e-01	3.907349e-02	5.080576e-02	1.125905e+00	1.117183e+00	2.226993e-01	4.650623e+00	-1.964292e-08	
5.754760e-01	0.000000e+00	5.562938e-01	5.152579e-01	1.068975e+00	2.638345e-02	8.937509e-02	1.255903e-01	1.185859e-01	3.252746e-01	2.511408e-02	1.532209e-01	1.105643e+00	7.749288e-01	2.723420e-02	5.255597e-02	3.872698e+00	6.049710e-01	1.779639e-01	1.059442e+00	1.085107e-01	1.327289e+00	4.307873e-01	1.798177e-01	1.609760e-01	2.885205e-01	2.729170e-01	2.081328e-01	3.908021e-02	5.082508e-02	1.126007e+00	1.117153e+00	2.226980e-01	4.650106e+00	-2.230424e-08	
5.754760e-01	0.000000e+00	5.564610e-01	5.154336e-01	1.068963e+00	2.638388e-02	8.936588e-02	1.255792e-01	1.185910e-01	3.252748e-01	2.510635e-02	1.532293e-01	1.105718e+00	7.749392e-01	2.723029e-02	5.254772e-02	3.872653e+00	6.047910e-01	1.780251e-01	1.059823e+00	1.084941e-01	1.327028e+00	4.307661e-01	1.798052e-01	1.609261e-01	2.884829e-01	2.728146e-01	2.080779e-01	3.908074e-02	5.082340e-02	1.125999e+00	1.117065e+00	2.227615e-01	4.650375e+00	-2.255673e-08	
5.754760e-01	0.000000e+00	5.564331e-01	5.156053e-01	1.068884e+00	2.638153e-02	8.935082e-02	1.255815e-01	1.185951e-01	3.252745e-01	2.510326e-02	1.532035e-01	1.105700e+00	7.749386e-01	2.722987e-02	5.254293e-02	3.872727e+00	6.048188e-01	1.780182e-01	1.059682e+00	1.084964e-01	1.327188e+00	4.307915e-01	1.798112e-01	1.609488e-01	2.884878e-01	2.728743e-01	2.080649e-01	3.907312e-02	5.081587e-02	1.126073e+00	1.117076e+00	2.227321e-01	4.650062e+00	-2.236549e-08	
5.754760e-01	0.000000e+00	5.559655e-01	5.152866e-01	1.068894e+00	2.637706e-02	8.939086e-02	1.255914e-01	1.185708e-01	3.252724e-01	2.512753e-02	1.531294e-01	1.105387e+00	7.749175e-01	2.723237e-02	5.254389e-02	3.872582e+00	6.050504e-01	1.779583e-01	1.059397e+00	1.085206e-01	1.327327e+00	4.308383e-01	1.798546e-01	1.609802e-01	2.886485e-01	2.729768e-01	2.080928e-01	3.907444e-02	5.081439e-02	1.126011e+00	1.117145e+00	2.226364e-01	4.650494e+00	-2.129994e-08	
5.754760e-01	0.000000e+00	5.560557e-01	5.156226e-01	1.068877e+00	2.638124e-02	8.938172e-02	1.255851e-01	1.185790e-01	3.252736e-01	2.511236e-02	1.532267e-01	1.105689e+00	7.749355e-01	2.723079e-02	5.254397e-02	3.872726e+00	6.049099e-01	1.780078e-01	1.059566e+00	1.084951e-01	1.327068e+00	4.307791e-01	1.798652e-01	1.609637e-01	2.885505e-01	2.729427e-01	2.080631e-01	3.907544e-02	5.082111e-02	1.126060e+00	1.117048e+00	2.227315e-01	4.650125e+00	-2.762635e-08	
5.754760e-01	0.000000e+00	5.559728e-01	5.155410e-01	1.069060e+00	2.638071e-02	8.935952e-02	1.255690e-01	1.186025e-01	3.252729e-01	2.511825e-02	1.532379e-01	1.105428e+00	7.749213e-01	2.722762e-02	5.253013e-02	3.871946e+00	6.046054e-01	1.780400e-01	1.060062e+00	1.085011e-01	1.326793e+00	4.307616e-01	1.798397e-01	1.609279e-01	2.886197e-01	2.727143e-01	2.080159e-01	3.907180e-02	5.081481e-02	1.126183e+00	1.116880e+00	2.228251e-01	4.650842e+00	-2.820155e-08	
5.754761e-01	0.000000e+00	5.562295e-01	5.152990e-01	1.069054e+00	2.637622e-02	8.935283e-02	1.255884e-01	1.185995e-01	3.252750e-01	2.512630e-02	1.532512e-01	1.105452e+00	7.749318e-01	2.722864e-02	5.253420e-02	3.871838e+00	6.048135e-01	1.779515e-01	1.059524e+00	1.085316e-01	1.327417e+00	4.307739e-01	1.797796e-01	1.609753e-01	2.886159e-01	2.729073e-01	2.080534e-01	3.908080e-02	5.081959e-02	1.125957e+00	1.117131e+00	2.227389e-01	4.650696e+00	-2.628602e-08	
5.754761e-01	0.000000e+00	5.561161e-01	5.155982e-01	1.069054e+00	2.637791e-02	8.941187e-02	1.255810e-01	1.185788e-01	3.252761e-01	2.512568e-02	1.532112e-01	1.105425e+00	7.749305e-01	2.723680e-02	5.254314e-02	3.872504e+00	6.049716e-01	1.779982e-01	1.059751e+00	1.085102e-01	1.327094e+00	4.307971e-01	1.798077e-01	1.609762e-01	2.885899e-01	2.729035e-01	2.079854e-01	3.908323e-02	5.082529e-02	1.125988e+00	1.117058e+00	2.227812e-01	4.650740e+00	-5.748292e-09	
5.754761e-01	0.000000e+00	5.564153e-01	5.152622e-01	1.069128e+00	2.638341e-02	8.940993e-02	1.255836e-01	1.185899e-01	3.252756e-01	2.511286e-02	1.531768e-01	1.105485e+00	7.749350e-01	2.722823e-02	5.254495e-02	3.872356e+00	6.048142e-01	1.780176e-01	1.059834e+00	1.084919e-01	1.326897e+00	4.308120e-01	1.797972e-01	1.609457e-01	2.885567e-01	2.727914e-01	2.080183e-01	3.908785e-02	5.082689e-02	1.126065e+00	1.117047e+00	2.227905e-01	4.650215e+00	-3.236849e-08	
5.754761e-01	0.000000e+00	5.563866e-01	5.154844e-01	1.069114e+00	2.637997e-02	8.934911e-02	1.255725e-01	1.186015e-01	3.252743e-01	2.511705e-02	1.532765e-01	1.105496e+00	7.749408e-01	2.722219e-02	5.252022e-02	3.872037e+00	6.045437e-01	1.780369e-01	1.059986e+00	1.084964e-01	1.326918e+00	4.307557e-01	1.798267e-01	1.609506e-01	2.885940e-01	2.727921e-01	2.079716e-01	3.908098e-02	5.082958e-02	1.126097e+00	1.116968e+00	2.228571e-01	4.650449e+00	-3.190542e-08	
5.754761e-01	0.000000e+00	5.563128e-01	5.154347e-01	1.069065e+00	2.638092e-02	8.938339e-02	1.255766e-01	1.185873e-01	3.252756e-01	2.512456e-02	1.532747e-01	1.105580e+00	7.749407e-01	2.722793e-02	5.254502e-02	3.872110e+00	6.047662e-01	1.779903e-01	1.059832e+00	1.085092e-01	1.326990e+00	4.307848e-01	1.797973e-01	1.609597e-01	2.885594e-01	2.728963e-01	2.079988e-01	3.908001e-02	5.081891e-02	1.125875e+00	1.117069e+00	2.227937e-01	4.650738e+00	-6.000564e-09	
5.754761e-01	0.000000e+00	5.560952e-01	5.155564e-01	1.068874e+00	2.637946e-02	8.937067e-02	1.255827e-01	1.185870e-01	3.252743e-01	2.511830e-02	1.532185e-01	1.105539e+00	7.749326e-01	2.722950e-02	5.254684e-02	3.872594e+00	6.048254e-01	1.779893e-01	1.059632e+00	1.085102e-01	1.327148e+00	4.307747e-01	1.798456e-01	1.609632e-01	2.885661e-01	2.728938e-01	2.080239e-01	3.907125e-02	5.081924e-02	1.126103e+00	1.117022e+00	2.227668e-01	4.650010e+00	-4.041475e-08	
5.754761e-01	0.000000e+00	5.561526e-01	5.155041e-01	1.068974e+00	2.638125e-02	8.935334e-02	1.255821e-01	1.185913e-01	3.252739e-01	2.511756e-02	1.532446e-01	1.105559e+00	7.749401e-01	2.722801e-02	5.253829e-02	3.872247e+00	6.047865e-01	1.780154e-01	1.059798e+00	1.085053e-01	1.327008e+00	4.307618e-01	1.797944e-01	1.609272e-01	2.886126e-01	2.729118e-01	2.080106e-01	3.907560e-02	5.081805e-02	1.125970e+00	1.117072e+00	2.227757e-01	4.650648e+00	-5.141761e-09	
5.754761e-01	0.000000e+00	5.562506e-01	5.154886e-01	1.068899e+00	2.638103e-02	8.937805e-02	1.255843e-01	1.185936e-01	3.252757e-01	2.511181e-02	1.531791e-01	1.105615e+00	7.749366e-01	2.723322e-02	5.253997e-02	3.872947e+00	6.049496e-01	1.779896e-01	1.059623e+00	1.085115e-01	1.327260e+00	4.308096e-01	1.798343e-01	1.609649e-01	2.885096e-01	2.728614e-01	2.080463e-01	3.907591e-02	5.082671e-02	1.126162e+00	1.117000e+00	2.227231e-01	4.650291e+00	-3.837932e-08	
5.754761e-01	0.000000e+00	5.562058e-01	5.155030e-01	1.068922e+00	2.637478e-02	8.932525e-02	1.255810e-01	1.185971e-01	3.252745e-01	2.512251e-02	1.532061e-01	1.105574e+00	7.749437e-01	2.722139e-02	5.252402e-02	3.872152e+00	6.047474e-01	1.780161e-01	1.059679e+00	1.085211e-01	1.327529e+00	4.307646e-01	1.798145e-01	1.609601e-01	2.886025e-01	2.729484e-01	2.080032e-01	3.906957e-02	5.081499e-02	1.125937e+00	1.117048e+00	2.227726e-01	4.650722e+00	-1.562407e-10	
5.754761e-01	0.000000e+00	5.562977e-01	5.155872e-01	1.068870e+00	2.638032e-02	8.935963e-02	1.255812e-01	1.185804e-01	3.252750e-01	2.511223e-02	1.532239e-01	1.105670e+00	7.749479e-01	2.722962e-02	5.254832e-02	3.872776e+00	6.049752e-01	1.780048e-01	1.059625e+00	1.085090e-01	1.327306e+00	4.307844e-01	1.797848e-01	1.609611e-01	2.885644e-01	2.729383e-01	2.080394e-01	3.907390e-02	5.081106e-02	1.125937e+00	1.117091e+00	2.227598e-01	4.650400e+00	-4.458705e-08	
5.754761e-01	0.000000e+00	5.562330e-01	5.153665e-01	1.069055e+00	2.638453e-02	8.937503e-02	1.255819e-01	1.185810e-01	3.252754e-01	2.510993e-02	1.532880e-01	1.105743e+00	7.749422e-01	2.722907e-02	5.254913e-02	3.871988e+00	6.047068e-01	1.780382e-01	1.059960e+00	1.084914e-01	1.326804e+00	4.307559e-01	1.797923e-01	1.609209e-01	2.885670e-01	2.729013e-01	2.079974e-01	3.908225e-02	5.081625e-02	1.125864e+00	1.117113e+00	2.227501e-01	4.650600e+00	-8.024477e-09	
5.754761e-01	0.000000e+00	5.564984e-01	5.157858e-01	1.068937e+00	2.637974e-02	8.936030e-02	1.255757e-01	1.185973e-01	3.252761e-01	2.511014e-02	1.531993e-01	1.105663e+00	7.749487e-01	2.722847e-02	5.254175e-02	3.872560e+00	6.048363e-01	1.780333e-01	1.059872e+00	1.084954e-01	1.327059e+00	4.307684e-01	1.797812e-01	1.609345e-01	2.885079e-01	2.728894e-01	2.080434e-01	3.907775e-02	5.081684e-02	1.125852e+00	1.117096e+00	2.227379e-01	4.650930e+00	-7.658584e-09	
5.754761e-01	0.000000e+00	5.561862e-01	5.154032e-01	1.068948e+00	2.638247e-02	8.937470e-02	1.255872e-01	1.185797e-01	3.252742e-01	2.511280e-02	1.532000e-01	1.105554e+00	7.749273e-01	2.723754e-02	5.255135e-02	3.872549e+00	6.048320e-01	1.780190e-01	1.059876e+00	1.084983e-01	1.326877e+00	4.307674e-01	1.798153e-01	1.609293e-01	2.885444e-01	2.728278e-01	2.080624e-01	3.908133e-02	5.082027e-02	1.126075e+00	1.117087e+00	2.227230e-01	4.650370e+00	-2.594831e-09	
5.754761e-01	0.000000e+00	5.560523e-01	5.155514e-01	1.068711e+00	2.638399e-02	8.939922e-02	1.256041e-01	1.185641e-01	3.252744e-01	2.509896e-02	1.531442e-01	1.105853e+00	7.749264e-01	2.724071e-02	5.256668e-02	3.873736e+00	6.052750e-01	1.779812e-01	1.059268e+00	1.085013e-01	1.327355e+00	4.307956e-01	1.798735e-01	1.609713e-01	2.884816e-01	2.730564e-01	2.081414e-01	3.906777e-02	5.080719e-02	1.126077e+00	1.117189e+00	2.225225e-01	4.649328e+00	-4.442836e-09	
5.754761e-01	0.000000e+00	5.563141e-01	5.155348e-01	1.068929e+00	2.638065e-02	8.936591e-02	1.255827e-01	1.185932e-01	3.252745e-01	2.510862e-02	1.532082e-01	1.105662e+00	7.749318e-01	2.723230e-02	5.255384e-02	3.872543e+00	6.047813e-01	1.779990e-01	1.059788e+00	1.084983e-01	1.326899e+00	4.307585e-01	1.798064e-01	1.609408e-01	2.885017e-01	2.728502e-01	2.080741e-01	3.907745e-02	5.081582e-02	1.126004e+00	1.117052e+00	2.227450e-01	4.650266e+00	-5.518581e-09	
5.754761e-01	0.000000e+00	5.563171e-01	5.154894e-01	1.069017e+00	2.637873e-02	8.934064e-02	1.255794e-01	1.185980e-01	3.252745e-01	2.511281e-02	1.532084e-01	1.105508e+00	7.749411e-01	2.722652e-02	5.253637e-02	3.872191e+00	6.047411e-01	1.780113e-01	1.059671e+00	1.085120e-01	1.327321e+00	4.307423e-01	1.797926e-01	1.609561e-01	2.886344e-01	2.728938e-01	2.080009e-01	3.907597e-02	5.081780e-02	1.126030e+00	1.117042e+00	2.227707e-01	4.650527e+00	-1.186138e-08	
5.754761e-01	0.000000e+00	5.561157e-01	5.156104e-01	1.068831e+00	2.638060e-02	8.937024e-02	1.255860e-01	1.185758e-01	3.252744e-01	2.511461e-02	1.531622e-01	1.105596e+00	7.749377e-01	2.723671e-02	5.255556e-02	3.873122e+00	6.050683e-01	1.779924e-01	1.059568e+00	1.085089e-01	1.327202e+00	4.307825e-01	1.798151e-01	1.609497e-01	2.885453e-01	2.729228e-01	2.080488e-01	3.907281e-02	5.080305e-02	1.125940e+00	1.117154e+00	2.226449e-01	4.650463e+00	-7.381534e-09	
5.754761e-01	0.000000e+00	5.562628e-01	5.155535e-01	1.068815e+00	2.638230e-02	8.938497e-02	1.255894e-01	1.185803e-01	3.252743e-01	2.511023e-02	1.531648e-01	1.105727e+00	7.749331e-01	2.723972e-02	5.256639e-02	3.873203e+00	6.051003e-01	1.779807e-01	1.059569e+00	1.085008e-01	1.327014e+00	4.307600e-01	1.797885e-01	1.609293e-01	2.885014e-01	2.729058e-01	2.081252e-01	3.907352e-02	5.080980e-02	1.125967e+00	1.117134e+00	2.226419e-01	4.650133e+00	-7.079347e-09	
5.754761e-01	0.000000e+00	5.561562e-01	5.158004e-01	1.068650e+00	2.638067e-02	8.934514e-02	1.255895e-01	1.185704e-01	3.252741e-01	2.510515e-02	1.531576e-01	1.105803e+00	7.749358e-01	2.723893e-02	5.256328e-02	3.873135e+00	6.051808e-01	1.779789e-01	1.059402e+00	1.085108e-01	1.327345e+00	4.308004e-01	1.798222e-01	1.609451e-01	2.885126e-01	2.729760e-01	2.081121e-01	3.906942e-02	5.079952e-02	1.125961e+00	1.117178e+00	2.225761e-01	4.650380e+00	-8.051591e-09	
5.754761e-01	0.000000e+00	5.561644e-01	5.157318e-01	1.068981e+00	2.638239e-02	8.938816e-02	1.255731e-01	1.185885e-01	3.252758e-01	2.510615e-02	1.532644e-01	1.105652e+00	7.749419e-01	2.723443e-02	5.255140e-02	3.872426e+00	6.046908e-01	1.780421e-01	1.059928e+00	1.084862e-01	1.326726e+00	4.307526e-01	1.798682e-01	1.609141e-01	2.885377e-01	2.727553e-01	2.079928e-01	3.908425e-02	5.082566e-02	1.126045e+00	1.116972e+00	2.227875e-01	4.650605e+00	-4.757777e-08	
5.754761e-01	0.000000e+00	5.562939e-01	5.155716e-01	1.069108e+00	2.638080e-02	8.940044e-02	1.255785e-01	1.185844e-01	3.252763e-01	2.512226e-02	1.531636e-01	1.105462e+00	7.749342e-01	2.723408e-02	5.254763e-02	3.872462e+00	6.047358e-01	1.780407e-01	1.059996e+00	1.084939e-01	1.326860e+00	4.308059e-01	1.798457e-01	1.609488e-01	2.885725e-01	2.728649e-01	2.079844e-01	3.908670e-02	5.083345e-02	1.126043e+00	1.117005e+00	2.228273e-01	4.650533e+00	-7.885901e-09	
5.754761e-01	0.000000e+00	5.562052e-01	5.153329e-01	1.068995e+00	2.638007e-02	8.934733e-02	1.255805e-01	1.185944e-01	3.252750e-01	2.511995e-02	1.532833e-01	1.105573e+00	7.749364e-01	2.722549e-02	5.253807e-02	3.872194e+00	6.048840e-01	1.779845e-01	1.059628e+00	1.085228e-01	1.327358e+00	4.307598e-01	1.797756e-01	1.609337e-01	2.885879e-01	2.728639e-01	2.080665e-01	3.907427e-02	5.081420e-02	1.125856e+00	1.117122e+00	2.227643e-01	4.650885e+00	-1.469246e-09	
5.754761e-01	0.000000e+00	5.563619e-01	5.155240e-01	1.069081e+00	2.638130e-02	8.933989e-02	1.255774e-01	1.186056e-01	3.252751e-01	2.511408e-02	1.532695e-01	1.105558e+00	7.749495e-01	2.722241e-02	5.252973e-02	3.871650e+00	6.045262e-01	1.780293e-01	1.059919e+00	1.084975e-01	1.326903e+00	4.307559e-01	1.798019e-01	1.609305e-01	2.886081e-01	2.727812e-01	2.079493e-01	3.908114e-02	5.083104e-02	1.126070e+00	1.116989e+00	2.228134e-01	4.650527e+00	-1.048367e-08	
5.754761e-01	0.000000e+00	5.561818e-01	5.155192e-01	1.068860e+00	2.637758e-02	8.935867e-02	1.255847e-01	1.185944e-01	3.252745e-01	2.511488e-02	1.531564e-01	1.105577e+00	7.749348e-01	2.723241e-02	5.253815e-02	3.872821e+00	6.049872e-01	1.779780e-01	1.059522e+00	1.085210e-01	1.327433e+00	4.307670e-01	1.798235e-01	1.609626e-01	2.885336e-01	2.729135e-01	2.081110e-01	3.907412e-02	5.081831e-02	1.126101e+00	1.117096e+00	2.227024e-01	4.650261e+00	-2.641855e-09	
5.754761e-01	0.000000e+00	5.563049e-01	5.153430e-01	1.068976e+00	2.638194e-02	8.934784e-02	1.255878e-01	1.185774e-01	3.252747e-01	2.511798e-02	1.532025e-01	1.105659e+00	7.749377e-01	2.722995e-02	5.254534e-02	3.872482e+00	6.048703e-01	1.779886e-01	1.059621e+00	1.085115e-01	1.327229e+00	4.307660e-01	1.798201e-01	1.609510e-01	2.885742e-01	2.729168e-01	2.080865e-01	3.908127e-02	5.082655e-02	1.125997e+00	1.117117e+00	2.227591e-01	4.650225e+00	-4.834992e-08	
5.754761e-01	0.000000e+00	5.561321e-01	5.156402e-01	1.069036e+00	2.637847e-02	8.940421e-02	1.255798e-01	1.186043e-01	3.252745e-01	2.511676e-02	1.532349e-01	1.105453e+00	7.749268e-01	2.722392e-02	5.252131e-02	3.872245e+00	6.047005e-01	1.780341e-01	1.059898e+00	1.084935e-01	1.326915e+00	4.307760e-01	1.798396e-01	1.609845e-01	2.885713e-01	2.728374e-01	2.079779e-01	3.907166e-02	5.082201e-02	1.126064e+00	1.116986e+00	2.227638e-01	4.650493e+00	-6.597704e-09	
5.754761e-01	0.000000e+00	5.563018e-01	5.157168e-01	1.069116e+00	2.638088e-02	8.937631e-02	1.255704e-01	1.185946e-01	3.252761e-01	2.511775e-02	1.532295e-01	1.105635e+00	7.749466e-01	2.723082e-02	5.253863e-02	3.872244e+00	6.046808e-01	1.780499e-01	1.059991e+00	1.084897e-01	1.326849e+00	4.307872e-01	1.798095e-01	1.609199e-01	2.885374e-01	2.728004e-01	2.079926e-01	3.908385e-02	5.082389e-02	1.125902e+00	1.117027e+00	2.228138e-01	4.651032e+00	-2.140664e-08	
5.754761e-01	0.000000e+00	5.563459e-01	5.155125e-01	1.068948e+00	2.637952e-02	8.941981e-02	1.255868e-01	1.185890e-01	3.252748e-01	2.512016e-02	1.531075e-01	1.105468e+00	7.749217e-01	2.724083e-02	5.255834e-02	3.872617e+00	6.050210e-01	1.779749e-01	1.059593e+00	1.085022e-01	1.327054e+00	4.308137e-01	1.798118e-01	1.609563e-01	2.885028e-01	2.727787e-01	2.081152e-01	3.908434e-02	5.081884e-02	1.126002e+00	1.117119e+00	2.226627e-01	4.650743e+00	-1.345782e-08	
5.754761e-01	0.000000e+00	5.562795e-01	5.155121e-01	1.068903e+00	2.638150e-02	8.939643e-02	1.256016e-01	1.185951e-01	3.252750e-01	2.510112e-02	1.531629e-01	1.105638e+00	7.749275e-01	2.723202e-02	5.253794e-02	3.872633e+00	6.048738e-01	1.780199e-01	1.059640e+00	1.085008e-01	1.327274e+00	4.308135e-01	1.798304e-01	1.609694e-01	2.885462e-01	2.729545e-01	2.080585e-01	3.907552e-02	5.082748e-02	1.126177e+00	1.117106e+00	2.226848e-01	4.649670e+00	-1.132272e-08	
5.754761e-01	0.000000e+00	5.560229e-01	5.151904e-01	1.068881e+00	2.637997e-02	8.937071e-02	1.255893e-01	1.185842e-01	3.252736e-01	2.511246e-02	1.531866e-01	1.105607e+00	7.749180e-01	2.723699e-02	5.256259e-02	3.872814e+00	6.050101e-01	1.779597e-01	1.059470e+00	1.085212e-01	1.327278e+00	4.307529e-01	1.798329e-01	1.609440e-01	2.885616e-01	2.729199e-01	2.081368e-01	3.907213e-02	5.080350e-02	1.125969e+00	1.117182e+00	2.226586e-01	4.650058e+00	-6.191813e-09	
5.754761e-01	0.000000e+00	5.564657e-01	5.153638e-01	1.069107e+00	2.638336e-02	8.935461e-02	1.255811e-01	1.185901e-01	3.252765e-01	2.511089e-02	1.532285e-01	1.105565e+00	7.749494e-01	2.722625e-02	5.254467e-02	3.872675e+00	6.048377e-01	1.780230e-01	1.059850e+00	1.084976e-01	1.327025e+00	4.307827e-01	1.797745e-01	1.609582e-01	2.885657e-01	2.729260e-01	2.079790e-01	3.908457e-02	5.083117e-02	1.125981e+00	1.117058e+00	2.228173e-01	4.650262e+00	-1.085339e-08	
5.754762e-01	0.000000e+00	5.562741e-01	5.155038e-01	1.068937e+00	2.638077e-02	8.935968e-02	1.255843e-01	1.185957e-01	3.252751e-01	2.510978e-02	1.532357e-01	1.105665e+00	7.749425e-01	2.723121e-02	5.253932e-02	3.872322e+00	6.049226e-01	1.779986e-01	1.059634e+00	1.085095e-01	1.327216e+00	4.307585e-01	1.797927e-01	1.609426e-01	2.885687e-01	2.728157e-01	2.080256e-01	3.907224e-02	5.081206e-02	1.126019e+00	1.117058e+00	2.227264e-01	4.650476e+00	-1.686797e-08	
5.754762e-01	0.000000e+00	5.562076e-01	5.158823e-01	1.068578e+00	2.638163e-02	8.935625e-02	1.255817e-01	1.185669e-01	3.252738e-01	2.510410e-02	1.531473e-01	1.105786e+00	7.749396e-01	2.723352e-02	5.256101e-02	3.873712e+00	6.050799e-01	1.780049e-01	1.059634e+00	1.084999e-01	1.327124e+00	4.308053e-01	1.798995e-01	1.609556e-01	2.884729e-01	2.729249e-01	2.080504e-01	3.906126e-02	5.079702e-02	1.125998e+00	1.117044e+00	2.226277e-01	4.650161e+00	-6.791876e-09	
5.754762e-01	0.000000e+00	5.561660e-01	5.150700e-01	1.069001e+00	2.637879e-02	8.936888e-02	1.255959e-01	1.185811e-01	3.252759e-01	2.512815e-02	1.532163e-01	1.105518e+00	7.749327e-01	2.723808e-02	5.255624e-02	3.872740e+00	6.051422e-01	1.779360e-01	1.059409e+00	1.085356e-01	1.327528e+00	4.307487e-01	1.797647e-01	1.610035e-01	2.885796e-01	2.730193e-01	2.080722e-01	3.907884e-02	5.081555e-02	1.125815e+00	1.117272e+00	2.226965e-01	4.650399e+00	-7.726500e-09	
5.754762e-01	0.000000e+00	5.561478e-01	5.157698e-01	1.068838e+00	2.638456e-02	8.941233e-02	1.255831e-01	1.185711e-01	3.252735e-01	2.510624e-02	1.531527e-01	1.105657e+00	7.749269e-01	2.723914e-02	5.256795e-02	3.873452e+00	6.050797e-01	1.780099e-01	1.059653e+00	1.084871e-01	1.326871e+00	4.307917e-01	1.798065e-01	1.609319e-01	2.885112e-01	2.729275e-01	2.080735e-01	3.907689e-02	5.080665e-02	1.126005e+00	1.117127e+00	2.226544e-01	4.650127e+00	-1.963991e-08	
5.754762e-01	0.000000e+00	5.561289e-01	5.157539e-01	1.068767e+00	2.637440e-02	8.936930e-02	1.255879e-01	1.185960e-01	3.252724e-01	2.511078e-02	1.531542e-01	1.105450e+00	7.749199e-01	2.723361e-02	5.253773e-02	3.872923e+00	6.051271e-01	1.779625e-01	1.059382e+00	1.085227e-01	1.327498e+00	4.307545e-01	1.798326e-01	1.609832e-01	2.885773e-01	2.728457e-01	2.080775e-01	3.906422e-02	5.080835e-02	1.126113e+00	1.117089e+00	2.226117e-01	4.650209e+00	-1.215918e-08	
5.754762e-01	0.000000e+00	5.561078e-01	5.156986e-01	1.069050e+00	2.637725e-02	8.937098e-02	1.255865e-01	1.185944e-01	3.252745e-01	2.511828e-02	1.531565e-01	1.105461e+00	7.749294e-01	2.723418e-02	5.253770e-02	3.872298e+00	6.048457e-01	1.779966e-01	1.059617e+00	1.085085e-01	1.327191e+00	4.307886e-01	1.798112e-01	1.609850e-01	2.886129e-01	2.729367e-01	2.080180e-01	3.907856e-02	5.081863e-02	1.126110e+00	1.117073e+00	2.226718e-01	4.650401e+00	-3.006314e-09	
5.754762e-01	0.000000e+00	5.562691e-01	5.156127e-01	1.068964e+00	2.637927e-02	8.940409e-02	1.255842e-01	1.185901e-01	3.252751e-01	2.512079e-02	1.531858e-01	1.105502e+00	7.749326e-01	2.723505e-02	5.254658e-02	3.872594e+00	6.049031e-01	1.780144e-01	1.059795e+00	1.084996e-01	1.327031e+00	4.308000e-01	1.798322e-01	1.609598e-01	2.885396e-01	2.729148e-01	2.080324e-01	3.907892e-02	5.081893e-02	1.125937e+00	1.117109e+00	2.227207e-01	4.650672e+00	-1.127470e-08	
5.754762e-01	0.000000e+00	5.564869e-01	5.152435e-01	1.069195e+00	2.637872e-02	8.935333e-02	1.255797e-01	1.186065e-01	3.252770e-01	2.512144e-02	1.533165e-01	1.105548e+00	7.749518e-01	2.722042e-02	5.251608e-02	3.872184e+00	6.046025e-01	1.780307e-01	1.059920e+00	1.085075e-01	1.327224e+00	4.307704e-01	1.797649e-01	1.609714e-01	2.885605e-01	2.729242e-01	2.079879e-01	3.908160e-02	5.083129e-02	1.126004e+00	1.116996e+00	2.228549e-01	4.650456e+00	-7.568231e-09	
5.754762e-01	0.000000e+00	5.562288e-01	5.155464e-01	1.068851e+00	2.638086e-02	8.936586e-02	1.255846e-01	1.185823e-01	3.252750e-01	2.510634e-02	1.531510e-01	1.105672e+00	7.749337e-01	2.723053e-02	5.255321e-02	3.873117e+00	6.048809e-01	1.780182e-01	1.059715e+00	1.085011e-01	1.327126e+00	4.307658e-01	1.798368e-01	1.609324e-01	2.885579e-01	2.728855e-01	2.080620e-01	3.907070e-02	5.080848e-02	1.126003e+00	1.117059e+00	2.226902e-01	4.650088e+00	-4.925265e-08	
5.754762e-01	0.000000e+00	5.563524e-01	5.152667e-01	1.069010e+00	2.638179e-02	8.937968e-02	1.255880e-01	1.185786e-01	3.252756e-01	2.511780e-02	1.532043e-01	1.105681e+00	7.749392e-01	2.723828e-02	5.256286e-02	3.872722e+00	6.050567e-01	1.779505e-01	1.059411e+00	1.085178e-01	1.327305e+00	4.307936e-01	1.797872e-01	1.609326e-01	2.885317e-01	2.729066e-01	2.081286e-01	3.908313e-02	5.081581e-02	1.125875e+00	1.117160e+00	2.226569e-01	4.650605e+00	-7.606114e-09	
5.754762e-01	0.000000e+00	5.560133e-01	5.154507e-01	1.069007e+00	2.638072e-02	8.940824e-02	1.255888e-01	1.185846e-01	3.252748e-01	2.512190e-02	1.531976e-01	1.105558e+00	7.749226e-01	2.723333e-02	5.254410e-02	3.872513e+00	6.048130e-01	1.780282e-01	1.059878e+00	1.084998e-01	1.326958e+00	4.307991e-01	1.797962e-01	1.609672e-01	2.885714e-01	2.730143e-01	2.080329e-01	3.907569e-02	5.081687e-02	1.125974e+00	1.117107e+00	2.227646e-01	4.650362e+00	-1.115735e-08	
5.754762e-01	0.000000e+00	5.563557e-01	5.156168e-01	1.068882e+00	2.637970e-02	8.932574e-02	1.255687e-01	1.185872e-01	3.252738e-01	2.511213e-02	1.532061e-01	1.105619e+00	7.749420e-01	2.722743e-02	5.254138e-02	3.872568e+00	6.048374e-01	1.780241e-01	1.059896e+00	1.085051e-01	1.327079e+00	4.307703e-01	1.798130e-01	1.609282e-01	2.885318e-01	2.727886e-01	2.080291e-01	3.907152e-02	5.081425e-02	1.125962e+00	1.116991e+00	2.227664e-01	4.650980e+00	-1.205328e-08	
5.754762e-01	0.000000e+00	5.561346e-01	5.157649e-01	1.068875e+00	2.638103e-02	8.935253e-02	1.255817e-01	1.185757e-01	3.252754e-01	2.510516e-02	1.532105e-01	1.105751e+00	7.749388e-01	2.723455e-02	5.255222e-02	3.872931e+00	6.048735e-01	1.780496e-01	1.059797e+00	1.084909e-01	1.327040e+00	4.307607e-01	1.798233e-01	1.609394e-01	2.885495e-01	2.729631e-01	2.080215e-01	3.907564e-02	5.081714e-02	1.126015e+00	1.117063e+00	2.227164e-01	4.650210e+00	-1.714030e-08	
5.754762e-01	0.000000e+00	5.560218e-01	5.153285e-01	1.069115e+00	2.638234e-02	8.939755e-02	1.255778e-01	1.185727e-01	3.252744e-01	2.512948e-02	1.532238e-01	1.105488e+00	7.749193e-01	2.723833e-02	5.255133e-02	3.872178e+00	6.048902e-01	1.779979e-01	1.059868e+00	1.085123e-01	1.326913e+00	4.307775e-01	1.798173e-01	1.609321e-01	2.886300e-01	2.728595e-01	2.080469e-01	3.908692e-02	5.081824e-02	1.125900e+00	1.117108e+00	2.227979e-01	4.651161e+00	-1.234130e-08	
5.754762e-01	0.000000e+00	5.560248e-01	5.155176e-01	1.068875e+00	2.638744e-02	8.938468e-02	1.255854e-01	1.185644e-01	3.252751e-01	2.511065e-02	1.531847e-01	1.105839e+00	7.749324e-01	2.724175e-02	5.258090e-02	3.873199e+00	6.049577e-01	1.779935e-01	1.059712e+00	1.085003e-01	1.326879e+00	4.307627e-01	1.798641e-01	1.609358e-01	2.884979e-01	2.730035e-01	2.080714e-01	3.907992e-02	5.081607e-02	1.125968e+00	1.117113e+00	2.226982e-01	4.650082e+00	-4.686921e-08	
5.754762e-01	0.000000e+00	5.562428e-01	5.155649e-01	1.068928e+00	2.638343e-02	8.941114e-02	1.255872e-01	1.185729e-01	3.252765e-01	2.511559e-02	1.531140e-01	1.105446e+00	7.749407e-01	2.723706e-02	5.255157e-02	3.873205e+00	6.050344e-01	1.780104e-01	1.059692e+00	1.084917e-01	1.326946e+00	4.308361e-01	1.798651e-01	1.609779e-01	2.885321e-01	2.729016e-01	2.079675e-01	3.908417e-02	5.083093e-02	1.126151e+00	1.117065e+00	2.227729e-01	4.650014e+00	-1.371246e-08	
5.754762e-01	0.000000e+00	5.563896e-01	5.153331e-01	1.068958e+00	2.638316e-02	8.933159e-02	1.255903e-01	1.185933e-01	3.252746e-01	2.511094e-02	1.532255e-01	1.105664e+00	7.749385e-01	2.722594e-02	5.254463e-02	3.872528e+00	6.047975e-01	1.780119e-01	1.059748e+00	1.085112e-01	1.327327e+00	4.307680e-01	1.797871e-01	1.609502e-01	2.885374e-01	2.729501e-01	2.080691e-01	3.907610e-02	5.081761e-02	1.125968e+00	1.117130e+00	2.228075e-01	4.650103e+00	-1.446104e-08	
5.754762e-01	0.000000e+00	5.563230e-01	5.153692e-01	1.068938e+00	2.638205e-02	8.935077e-02	1.255859e-01	1.185894e-01	3.252750e-01	2.511489e-02	1.532034e-01	1.105657e+00	7.749404e-01	2.723336e-02	5.255348e-02	3.872784e+00	6.049502e-01	1.779849e-01	1.059674e+00	1.085146e-01	1.327218e+00	4.307702e-01	1.797901e-01	1.609424e-01	2.885366e-01	2.728734e-01	2.080952e-01	3.907483e-02	5.081065e-02	1.125901e+00	1.117133e+00	2.226977e-01	4.650560e+00	-1.536762e-08	
5.754762e-01	0.000000e+00	5.561393e-01	5.154024e-01	1.068881e+00	2.638110e-02	8.939014e-02	1.255921e-01	1.185676e-01	3.252749e-01	2.512174e-02	1.531380e-01	1.105642e+00	7.749327e-01	2.724291e-02	5.257507e-02	3.873036e+00	6.051770e-01	1.779286e-01	1.059303e+00	1.085192e-01	1.327243e+00	4.308163e-01	1.798263e-01	1.609639e-01	2.885330e-01	2.729369e-01	2.081454e-01	3.907923e-02	5.081032e-02	1.125857e+00	1.117211e+00	2.226362e-01	4.650468e+00	-4.962173e-08	
5.754762e-01	0.000000e+00	5.564007e-01	5.153941e-01	1.069028e+00	2.638157e-02	8.941582e-02	1.255983e-01	1.185704e-01	3.252764e-01	2.511348e-02	1.531318e-01	1.105512e+00	7.749354e-01	2.723882e-02	5.255859e-02	3.873251e+00	6.050404e-01	1.780000e-01	1.059611e+00	1.084922e-01	1.327049e+00	4.308235e-01	1.798414e-01	1.609754e-01	2.885251e-01	2.729682e-01	2.080326e-01	3.908626e-02	5.082337e-02	1.126025e+00	1.117170e+00	2.226595e-01	4.649648e+00	-7.044591e-09	
5.754762e-01	0.000000e+00	5.563050e-01	5.151075e-01	1.068958e+00	2.638315e-02	8.935461e-02	1.255889e-01	1.185770e-01	3.252751e-01	2.512574e-02	1.531877e-01	1.105610e+00	7.749349e-01	2.723332e-02	5.255832e-02	3.872438e+00	6.048425e-01	1.779781e-01	1.059688e+00	1.085160e-01	1.327141e+00	4.307950e-01	1.798146e-01	1.609414e-01	2.885806e-01	2.728983e-01	2.080761e-01	3.908388e-02	5.081763e-02	1.125898e+00	1.117145e+00	2.227508e-01	4.650668e+00	-1.430865e-08	
5.754762e-01	0.000000e+00	5.560637e-01	5.155153e-01	1.069042e+00	2.637883e-02	8.937431e-02	1.255748e-01	1.185865e-01	3.252746e-01	2.512597e-02	1.532076e-01	1.105553e+00	7.749263e-01	2.723445e-02	5.254464e-02	3.872046e+00	6.048416e-01	1.780155e-01	1.059907e+00	1.085157e-01	1.327083e+00	4.307930e-01	1.798138e-01	1.609278e-01	2.886132e-01	2.728425e-01	2.080364e-01	3.907536e-02	5.081373e-02	1.125912e+00	1.117040e+00	2.227801e-01	4.651191e+00	-1.718407e-08	
5.754762e-01	0.000000e+00	5.559849e-01	5.154104e-01	1.068690e+00	2.638481e-02	8.939559e-02	1.256020e-01	1.185534e-01	3.252737e-01	2.511260e-02	1.531664e-01	1.105770e+00	7.749193e-01	2.724307e-02	5.258282e-02	3.873279e+00	6.053507e-01	1.779532e-01	1.059371e+00	1.085132e-01	1.327208e+00	4.307973e-01	1.797942e-01	1.609434e-01	2.885134e-01	2.730125e-01	2.081511e-01	3.907078e-02	5.079827e-02	1.125885e+00	1.117272e+00	2.225684e-01	4.649989e+00	-2.508720e-09	
5.754762e-01	0.000000e+00	5.560585e-01	5.152722e-01	1.068829e+00	2.638739e-02	8.939590e-02	1.255985e-01	1.185618e-01	3.252750e-01	2.511130e-02	1.531900e-01	1.105657e+00	7.749254e-01	2.723945e-02	5.257933e-02	3.873021e+00	6.050635e-01	1.779848e-01	1.059629e+00	1.085064e-01	1.327000e+00	4.307514e-01	1.798415e-01	1.609263e-01	2.885797e-01	2.729228e-01	2.080688e-01	3.907908e-02	5.081795e-02	1.125967e+00	1.117204e+00	2.226756e-01	4.649800e+00	-1.097901e-08	
5.754762e-01	0.000000e+00	5.561955e-01	5.154823e-01	1.068983e+00	2.638276e-02	8.939540e-02	1.255899e-01	1.185859e-01	3.252758e-01	2.511222e-02	1.532371e-01	1.105668e+00	7.749356e-01	2.723579e-02	5.255064e-02	3.872765e+00	6.049543e-01	1.780154e-01	1.059704e+00	1.084944e-01	1.327010e+00	4.307612e-01	1.798071e-01	1.609627e-01	2.885139e-01	2.728822e-01	2.080462e-01	3.908010e-02	5.082035e-02	1.125997e+00	1.117099e+00	2.227061e-01	4.650231e+00	-1.850384e-08	
5.754762e-01	0.000000e+00	5.559785e-01	5.154531e-01	1.068883e+00	2.638116e-02	8.936739e-02	1.255844e-01	1.185718e-01	3.252736e-01	2.511813e-02	1.532307e-01	1.105619e+00	7.749272e-01	2.723211e-02	5.255736e-02	3.872598e+00	6.049484e-01	1.779984e-01	1.059674e+00	1.085112e-01	1.327106e+00	4.308031e-01	1.798084e-01	1.609201e-01	2.885824e-01	2.729312e-01	2.080892e-01	3.907183e-02	5.081052e-02	1.125891e+00	1.117118e+00	2.227240e-01	4.650587e+00	-1.860064e-08	
5.754762e-01	0.000000e+00	5.562590e-01	5.153802e-01	1.069188e+00	2.638128e-02	8.936719e-02	1.255840e-01	1.185935e-01	3.252756e-01	2.511393e-02	1.532668e-01	1.105540e+00	7.749402e-01	2.722790e-02	5.254042e-02	3.872096e+00	6.047022e-01	1.780195e-01	1.059762e+00	1.084951e-01	1.326964e+00	4.307747e-01	1.797997e-01	1.609485e-01	2.885943e-01	2.728636e-01	2.079838e-01	3.908884e-02	5.083309e-02	1.126074e+00	1.117035e+00	2.227993e-01	4.650107e+00	-1.973227e-08	
5.754762e-01	0.000000e+00	5.563435e-01	5.154638e-01	1.068858e+00	2.638156e-02	8.939608e-02	1.255890e-01	1.185805e-01	3.252755e-01	2.510819e-02	1.531281e-01	1.105719e+00	7.749365e-01	2.723277e-02	5.255280e-02	3.873089e+00	6.049336e-01	1.780053e-01	1.059661e+00	1.084977e-01	1.327112e+00	4.308126e-01	1.798257e-01	1.609596e-01	2.885102e-01	2.729645e-01	2.080799e-01	3.907314e-02	5.081178e-02	1.125964e+00	1.117137e+00	2.226726e-01	4.650025e+00	-5.364062e-08	
5.754762e-01	0.000000e+00	5.562737e-01	5.155546e-01	1.068916e+00	2.637984e-02	8.938983e-02	1.255822e-01	1.185773e-01	3.252762e-01	2.511314e-02	1.531356e-01	1.105578e+00	7.749375e-01	2.723637e-02	5.255325e-02	3.873071e+00	6.050027e-01	1.780189e-01	1.059699e+00	1.084990e-01	1.327156e+00	4.308075e-01	1.798332e-01	1.609478e-01	2.885152e-01	2.728943e-01	2.080538e-01	3.907925e-02	5.081947e-02	1.125994e+00	1.117081e+00	2.226925e-01	4.650489e+00	-1.507431e-08	
5.754762e-01	0.000000e+00	5.557713e-01	5.158065e-01	1.068691e+00	2.638314e-02	8.941602e-02	1.255969e-01	1.185700e-01	3.252734e-01	2.511373e-02	1.531365e-01	1.105548e+00	7.749175e-01	2.724413e-02	5.256798e-02	3.873482e+00	6.051783e-01	1.780015e-01	1.059624e+00	1.085075e-01	1.327075e+00	4.307782e-01	1.798474e-01	1.609521e-01	2.885665e-01	2.729447e-01	2.080484e-01	3.906367e-02	5.080083e-02	1.126177e+00	1.117065e+00	2.226511e-01	4.649802e+00	-1.794960e-08	
5.754762e-01	0.000000e+00	5.561991e-01	5.153508e-01	1.069002e+00	2.638193e-02	8.935638e-02	1.255804e-01	1.185838e-01	3.252743e-01	2.512171e-02	1.532074e-01	1.105617e+00	7.749343e-01	2.723148e-02	5.254728e-02	3.872086e+00	6.047919e-01	1.780049e-01	1.059818e+00	1.085077e-01	1.327025e+00	4.307802e-01	1.797878e-01	1.609313e-01	2.885648e-01	2.728984e-01	2.080669e-01	3.908148e-02	5.081853e-02	1.125920e+00	1.117111e+00	2.227596e-01	4.650935e+00	-2.304943e-08	
5.754762e-01	0.000000e+00	5.559995e-01	5.153007e-01	1.068960e+00	2.638134e-02	8.938273e-02	1.255848e-01	1.185789e-01	3.252732e-01	2.512515e-02	1.531811e-01	1.105577e+00	7.749175e-01	2.723520e-02	5.256068e-02	3.872139e+00	6.049270e-01	1.779707e-01	1.059638e+00	1.085235e-01	1.327173e+00	4.307806e-01	1.798065e-01	1.609259e-01	2.885967e-01	2.728579e-01	2.081353e-01	3.907922e-02	5.081360e-02	1.125910e+00	1.117138e+00	2.227480e-01	4.650830e+00	-1.890063e-08	
5.754762e-01	0.000000e+00	5.561327e-01	5.156318e-01	1.068908e+00	2.638305e-02	8.940685e-02	1.255890e-01	1.185805e-01	3.252743e-01	2.511089e-02	1.531666e-01	1.105555e+00	7.749250e-01	2.723929e-02	5.255645e-02	3.872790e+00	6.049721e-01	1.780067e-01	1.059769e+00	1.084945e-01	1.326851e+00	4.307952e-01	1.798400e-01	1.609468e-01	2.885076e-01	2.728477e-01	2.080220e-01	3.907868e-02	5.082132e-02	1.126108e+00	1.117075e+00	2.227258e-01	4.650115e+00	-2.081101e-08	
5.754762e-01	0.000000e+00	5.565310e-01	5.151571e-01	1.068912e+00	2.637895e-02	8.932143e-02	1.255967e-01	1.185839e-01	3.252753e-01	2.511324e-02	1.531200e-01	1.105647e+00	7.749443e-01	2.723468e-02	5.254682e-02	3.872989e+00	6.051290e-01	1.779515e-01	1.059382e+00	1.085347e-01	1.327750e+00	4.307764e-01	1.797713e-01	1.609564e-01	2.885390e-01	2.729316e-01	2.081470e-01	3.907777e-02	5.081820e-02	1.126017e+00	1.117187e+00	2.227088e-01	4.650003e+00	-5.629456e-08	
5.754762e-01	0.000000e+00	5.559596e-01	5.153243e-01	1.069052e+00	2.637812e-02	8.934009e-02	1.255816e-01	1.186019e-01	3.252739e-01	2.512669e-02	1.532575e-01	1.105453e+00	7.749343e-01	2.723034e-02	5.253143e-02	3.871749e+00	6.048402e-01	1.779685e-01	1.059599e+00	1.085320e-01	1.327356e+00	4.307657e-01	1.797995e-01	1.609673e-01	2.886375e-01	2.728644e-01	2.080136e-01	3.907280e-02	5.081406e-02	1.126027e+00	1.117062e+00	2.227551e-01	4.650946e+00	-5.907066e-08	
5.754762e-01	0.000000e+00	5.561624e-01	5.156328e-01	1.068825e+00	2.638298e-02	8.938478e-02	1.255836e-01	1.185710e-01	3.252755e-01	2.511000e-02	1.531914e-01	1.105744e+00	7.749347e-01	2.723674e-02	5.255878e-02	3.873025e+00	6.049749e-01	1.780124e-01	1.059707e+00	1.085002e-01	1.327029e+00	4.307462e-01	1.798391e-01	1.609202e-01	2.885200e-01	2.728564e-01	2.080667e-01	3.907746e-02	5.081484e-02	1.126030e+00	1.117074e+00	2.227041e-01	4.650196e+00	-2.734370e-08	
5.754754e-01	8.343220e-15	5.558954e-01	5.155626e-01	1.068849e+00	2.638714e-02	8.939277e-02	1.255922e-01	1.185611e-01	3.252750e-01	2.510911e-02	1.532158e-01	1.105735e+00	7.749359e-01	2.723949e-02	5.256048e-02	3.872977e+00	6.050717e-01	1.780157e-01	1.059700e+00	1.084975e-01	1.326943e+00	4.307916e-01	1.798312e-01	1.609469e-01	2.885389e-01	2.729910e-01	2.080438e-01	3.908380e-02	5.082524e-02	1.126101e+00	1.117122e+00	2.227373e-01	4.649964e+00	9.134123e-08	
5.754762e-01	0.000000e+00	5.561349e-01	5.154924e-01	1.068996e+00	2.638138e-02	8.937947e-02	1.255824e-01	1.185708e-01	3.252745e-01	2.511215e-02	1.532075e-01	1.105659e+00	7.749279e-01	2.723680e-02	5.255700e-02	3.872424e+00	6.049114e-01	1.780152e-01	1.059753e+00	1.084971e-01	1.326946e+00	4.307922e-01	1.798164e-01	1.609254e-01	2.885616e-01	2.728720e-01	2.080492e-01	3.908220e-02	5.081560e-02	1.125949e+00	1.117094e+00	2.227109e-01	4.650592e+00	-5.937523e-08	
5.754762e-01	0.000000e+00	5.562800e-01	5.156987e-01	1.068941e+00	2.638288e-02	8.934905e-02	1.255750e-01	1.185838e-01	3.252746e-01	2.510589e-02	1.532367e-01	1.105735e+00	7.749431e-01	2.723448e-02	5.255089e-02	3.872729e+00	6.047411e-01	1.780518e-01	1.060044e+00	1.084938e-01	1.326851e+00	4.307603e-01	1.798238e-01	1.609085e-01	2.885330e-01	2.727688e-01	2.079946e-01	3.907800e-02	5.080985e-02	1.125952e+00	1.117013e+00	2.227501e-01	4.650790e+00	-1.736941e-08	
5.754762e-01	0.000000e+00	5.562308e-01	5.154898e-01	1.068981e+00	2.638107e-02	8.939925e-02	1.255918e-01	1.185958e-01	3.252738e-01	2.511130e-02	1.531732e-01	1.105599e+00	7.749237e-01	2.723442e-02	5.254914e-02	3.872478e+00	6.049401e-01	1.780079e-01	1.059648e+00	1.085011e-01	1.327173e+00	4.307909e-01	1.797490e-01	1.609496e-01	2.885415e-01	2.729241e-01	2.080985e-01	3.907663e-02	5.081140e-02	1.126001e+00	1.117126e+00	2.226980e-01	4.650380e+00	-3.112986e-08	
5.754762e-01	0.000000e+00	5.563180e-01	5.151826e-01	1.068940e+00	2.638187e-02	8.930615e-02	1.255894e-01	1.185869e-01	3.252745e-01	2.511300e-02	1.532736e-01	1.105700e+00	7.749417e-01	2.723098e-02	5.255279e-02	3.872050e+00	6.048851e-01	1.779747e-01	1.059598e+00	1.085204e-01	1.327302e+00	4.307542e-01	1.797374e-01	1.609289e-01	2.885586e-01	2.728968e-01	2.081046e-01	3.907884e-02	5.081675e-02	1.125930e+00	1.117170e+00	2.226972e-01	4.650539e+00	-4.835219e-09	
5.754762e-01	0.000000e+00	5.562805e-01	5.154377e-01	1.068906e+00	2.638310e-02	8.938218e-02	1.255904e-01	1.185622e-01	3.252751e-01	2.511276e-02	1.531756e-01	1.105742e+00	7.749317e-01	2.724283e-02	5.256666e-02	3.872830e+00	6.051109e-01	1.779513e-01	1.059400e+00	1.085020e-01	1.327009e+00	4.308115e-01	1.798471e-01	1.609403e-01	2.885200e-01	2.729005e-01	2.080915e-01	3.908804e-02	5.082133e-02	1.125900e+00	1.117208e+00	2.225972e-01	4.650555e+00	-2.503254e-08	
5.754762e-01	0.000000e+00	5.563835e-01	5.155389e-01	1.069083e+00	2.638101e-02	8.939553e-02	1.255839e-01	1.185977e-01	3.252761e-01	2.511017e-02	1.532306e-01	1.105632e+00	7.749410e-01	2.722610e-02	5.253811e-02	3.872665e+00	6.047825e-01	1.780288e-01	1.059775e+00	1.084862e-01	1.326971e+00	4.308026e-01	1.798031e-01	1.609656e-01	2.884994e-01	2.728660e-01	2.080137e-01	3.908224e-02	5.082807e-02	1.126018e+00	1.117054e+00	2.227345e-01	4.650027e+00	-5.976023e-08	
5.754762e-01	0.000000e+00	5.559940e-01	5.153646e-01	1.069054e+00	2.637894e-02	8.941256e-02	1.255877e-01	1.185892e-01	3.252754e-01	2.512950e-02	1.531999e-01	1.105507e+00	7.749249e-01	2.724015e-02	5.255310e-02	3.871982e+00	6.049367e-01	1.779676e-01	1.059578e+00	1.085176e-01	1.327125e+00	4.307703e-01	1.797780e-01	1.609491e-01	2.885848e-01	2.729092e-01	2.080795e-01	3.908259e-02	5.081590e-02	1.125876e+00	1.117183e+00	2.226866e-01	4.651030e+00	-5.579615e-08	
5.754762e-01	0.000000e+00	5.563071e-01	5.156372e-01	1.069005e+00	2.638482e-02	8.938247e-02	1.255817e-01	1.185767e-01	3.252753e-01	2.511010e-02	1.532091e-01	1.105634e+00	7.749401e-01	2.722884e-02	5.254648e-02	3.872758e+00	6.048717e-01	1.780441e-01	1.059862e+00	1.084923e-01	1.327022e+00	4.307952e-01	1.798256e-01	1.609236e-01	2.885299e-01	2.728645e-01	2.080276e-01	3.908763e-02	5.082390e-02	1.126007e+00	1.117082e+00	2.228002e-01	4.650351e+00	-2.042352e-08	
5.754762e-01	0.000000e+00	5.563224e-01	5.153094e-01	1.068838e+00	2.637768e-02	8.932630e-02	1.255920e-01	1.185905e-01	3.252739e-01	2.511816e-02	1.532345e-01	1.105586e+00	7.749366e-01	2.723136e-02	5.255097e-02	3.872684e+00	6.051006e-01	1.779278e-01	1.059325e+00	1.085322e-01	1.327538e+00	4.307533e-01	1.797653e-01	1.609717e-01	2.885433e-01	2.729709e-01	2.081199e-01	3.906964e-02	5.080157e-02	1.125921e+00	1.117195e+00	2.226093e-01	4.650297e+00	-2.202319e-08	
5.754763e-01	0.000000e+00	5.564636e-01	5.155888e-01	1.068899e+00	2.637922e-02	8.933949e-02	1.255769e-01	1.185835e-01	3.252759e-01	2.511171e-02	1.531727e-01	1.105664e+00	7.749503e-01	2.723168e-02	5.254834e-02	3.872987e+00	6.049773e-01	1.779813e-01	1.059602e+00	1.085031e-01	1.327094e+00	4.307648e-01	1.798303e-01	1.609481e-01	2.884890e-01	2.728041e-01	2.080627e-01	3.907955e-02	5.081785e-02	1.125987e+00	1.117053e+00	2.226749e-01	4.650495e+00	-2.704355e-08	
5.754763e-01	0.000000e+00	5.568157e-01	5.153553e-01	1.069126e+00	2.637935e-02	8.932444e-02	1.255763e-01	1.186109e-01	3.252758e-01	2.511312e-02	1.532460e-01	1.105634e+00	7.749546e-01	2.721923e-02	5.252033e-02	3.872029e+00	6.045965e-01	1.780323e-01	1.059845e+00	1.084974e-01	1.327231e+00	4.307989e-01	1.797618e-01	1.609495e-01	2.885415e-01	2.727784e-01	2.080154e-01	3.908324e-02	5.083280e-02	1.125982e+00	1.116989e+00	2.228177e-01	4.650766e+00	-6.272029e-08	
5.754763e-01	0.000000e+00	5.561334e-01	5.159042e-01	1.068792e+00	2.637540e-02	8.937668e-02	1.255802e-01	1.185890e-01	3.252755e-01	2.511323e-02	1.531185e-01	1.105493e+00	7.749337e-01	2.723064e-02	5.253972e-02	3.872980e+00	6.049578e-01	1.780057e-01	1.059674e+00	1.085064e-01	1.327181e+00	4.307991e-01	1.798934e-01	1.609678e-01	2.885366e-01	2.729136e-01	2.079964e-01	3.907113e-02	5.081184e-02	1.126077e+00	1.117019e+00	2.226568e-01	4.650462e+00	-6.166755e-08	
5.754763e-01	0.000000e+00	5.561642e-01	5.156467e-01	1.068796e+00	2.638642e-02	8.945428e-02	1.256040e-01	1.185592e-01	3.252747e-01	2.509744e-02	1.530441e-01	1.105650e+00	7.749162e-01	2.725071e-02	5.258675e-02	3.873495e+00	6.053019e-01	1.780213e-01	1.059637e+00	1.084814e-01	1.326890e+00	4.308087e-01	1.798260e-01	1.609410e-01	2.884822e-01	2.729658e-01	2.081095e-01	3.908268e-02	5.081028e-02	1.126012e+00	1.117284e+00	2.225791e-01	4.649697e+00	-2.354740e-08	
5.754763e-01	0.000000e+00	5.562041e-01	5.155938e-01	1.068888e+00	2.637984e-02	8.938643e-02	1.255875e-01	1.185898e-01	3.252759e-01	2.510560e-02	1.532573e-01	1.105630e+00	7.749380e-01	2.723387e-02	5.253352e-02	3.873188e+00	6.049642e-01	1.780232e-01	1.059772e+00	1.084992e-01	1.327127e+00	4.307777e-01	1.798337e-01	1.609862e-01	2.885037e-01	2.729390e-01	2.079840e-01	3.906925e-02	5.081675e-02	1.126194e+00	1.116975e+00	2.226951e-01	4.649862e+00	-1.395732e-08	
5.754763e-01	0.000000e+00	5.562849e-01	5.152580e-01	1.069105e+00	2.638314e-02	8.937415e-02	1.255849e-01	1.185803e-01	3.252766e-01	2.511939e-02	1.532507e-01	1.105603e+00	7.749402e-01	2.723418e-02	5.255629e-02	3.872682e+00	6.048800e-01	1.779893e-01	1.059799e+00	1.085062e-01	1.326953e+00	4.307622e-01	1.797710e-01	1.609564e-01	2.885333e-01	2.729220e-01	2.080086e-01	3.908582e-02	5.081956e-02	1.125861e+00	1.117157e+00	2.227703e-01	4.650386e+00	-6.029474e-08	
5.754763e-01	0.000000e+00	5.561813e-01	5.157530e-01	1.068838e+00	2.637876e-02	8.936818e-02	1.255788e-01	1.185958e-01	3.252733e-01	2.511491e-02	1.531543e-01	1.105529e+00	7.749268e-01	2.723563e-02	5.255287e-02	3.872677e+00	6.049369e-01	1.780056e-01	1.059758e+00	1.085094e-01	1.327134e+00	4.307442e-01	1.798346e-01	1.609328e-01	2.885344e-01	2.728111e-01	2.080816e-01	3.906950e-02	5.081619e-02	1.126084e+00	1.117018e+00	2.226977e-01	4.650534e+00	-6.374274e-08	
5.754758e-01	5.370410e-15	5.565600e-01	5.153266e-01	1.069074e+00	2.637880e-02	8.933186e-02	1.255724e-01	1.185980e-01	3.252767e-01	2.512408e-02	1.532605e-01	1.105549e+00	7.749516e-01	2.722324e-02	5.254031e-02	3.871742e+00	6.047155e-01	1.779911e-01	1.059798e+00	1.085182e-01	1.327216e+00	4.307347e-01	1.797350e-01	1.609427e-01	2.885926e-01	2.728871e-01	2.080317e-01	3.908387e-02	5.082303e-02	1.125779e+00	1.117109e+00	2.228433e-01	4.651185e+00	7.328308e-08	
5.754763e-01	0.000000e+00	5.560450e-01	5.156853e-01	1.068940e+00	2.637990e-02	8.940731e-02	1.255852e-01	1.185869e-01	3.252746e-01	2.511173e-02	1.531902e-01	1.105600e+00	7.749277e-01	2.723186e-02	5.254319e-02	3.872282e+00	6.047679e-01	1.780332e-01	1.059864e+00	1.084962e-01	1.326908e+00	4.307814e-01	1.798048e-01	1.609340e-01	2.885996e-01	2.728883e-01	2.079965e-01	3.907389e-02	5.081110e-02	1.125971e+00	1.117064e+00	2.226955e-01	4.650644e+00	-2.742101e-08	
5.754763e-01	0.000000e+00	5.561998e-01	5.153942e-01	1.069091e+00	2.637883e-02	8.936421e-02	1.255791e-01	1.186009e-01	3.252741e-01	2.512168e-02	1.532518e-01	1.105450e+00	7.749308e-01	2.722386e-02	5.253427e-02	3.871799e+00	6.046689e-01	1.779921e-01	1.059858e+00	1.085116e-01	1.326960e+00	4.307649e-01	1.798073e-01	1.609583e-01	2.885978e-01	2.727852e-01	2.080076e-01	3.907651e-02	5.082999e-02	1.126036e+00	1.116971e+00	2.227985e-01	4.650651e+00	-2.395910e-08	
5.754763e-01	0.000000e+00	5.564734e-01	5.153280e-01	1.068967e+00	2.638458e-02	8.939627e-02	1.255954e-01	1.185843e-01	3.252758e-01	2.511111e-02	1.531493e-01	1.105710e+00	7.749399e-01	2.723572e-02	5.255512e-02	3.872895e+00	6.049875e-01	1.779817e-01	1.059528e+00	1.085019e-01	1.327183e+00	4.307931e-01	1.797960e-01	1.609613e-01	2.885001e-01	2.728921e-01	2.081066e-01	3.908553e-02	5.082165e-02	1.125946e+00	1.117223e+00	2.226937e-01	4.650082e+00	-8.331717e-09	
5.754763e-01	0.000000e+00	5.562059e-01	5.155126e-01	1.068745e+00	2.637984e-02	8.933446e-02	1.255835e-01	1.185811e-01	3.252737e-01	2.510951e-02	1.532042e-01	1.105712e+00	7.749338e-01	2.723482e-02	5.256471e-02	3.872960e+00	6.049660e-01	1.779850e-01	1.059578e+00	1.085172e-01	1.327323e+00	4.307526e-01	1.798045e-01	1.609305e-01	2.885395e-01	2.729103e-01	2.080853e-01	3.906646e-02	5.079902e-02	1.125889e+00	1.117151e+00	2.226492e-01	4.650385e+00	-1.121957e-08	
5.754763e-01	0.000000e+00	5.561650e-01	5.159638e-01	1.068844e+00	2.638198e-02	8.937651e-02	1.255700e-01	1.185910e-01	3.252756e-01	2.510578e-02	1.532130e-01	1.105782e+00	7.749481e-01	2.722949e-02	5.255175e-02	3.872899e+00	6.048022e-01	1.780539e-01	1.059949e+00	1.084852e-01	1.326806e+00	4.307639e-01	1.798193e-01	1.609160e-01	2.884977e-01	2.729085e-01	2.079914e-01	3.907262e-02	5.081104e-02	1.125921e+00	1.117008e+00	2.227346e-01	4.650713e+00	-6.374794e-08	
5.754763e-01	0.000000e+00	5.557791e-01	5.152794e-01	1.069002e+00	2.638130e-02	8.938869e-02	1.255891e-01	1.185818e-01	3.252738e-01	2.512609e-02	1.531931e-01	1.105602e+00	7.749189e-01	2.723708e-02	5.255567e-02	3.872433e+00	6.048176e-01	1.779878e-01	1.059672e+00	1.085138e-01	1.327043e+00	4.307844e-01	1.798299e-01	1.609539e-01	2.885903e-01	2.730036e-01	2.080767e-01	3.907669e-02	5.081273e-02	1.125949e+00	1.117181e+00	2.227193e-01	4.650320e+00	-2.812532e-08	
5.754763e-01	0.000000e+00	5.564148e-01	5.153821e-01	1.069041e+00	2.638044e-02	8.935560e-02	1.255769e-01	1.185978e-01	3.252761e-01	2.510912e-02	1.532590e-01	1.105724e+00	7.749421e-01	2.722863e-02	5.254841e-02	3.872256e+00	6.046705e-01	1.780253e-01	1.059909e+00	1.084987e-01	1.326968e+00	4.307649e-01	1.797802e-01	1.608941e-01	2.884873e-01	2.728154e-01	2.080661e-01	3.908352e-02	5.081755e-02	1.125842e+00	1.117074e+00	2.227569e-01	4.650867e+00	-6.590472e-08	
5.754763e-01	0.000000e+00	5.562618e-01	5.154536e-01	1.068987e+00	2.637670e-02	8.937436e-02	1.255896e-01	1.185812e-01	3.252764e-01	2.511862e-02	1.531728e-01	1.105533e+00	7.749404e-01	2.722907e-02	5.254078e-02	3.872654e+00	6.048491e-01	1.780028e-01	1.059663e+00	1.085100e-01	1.327263e+00	4.308239e-01	1.798432e-01	1.609771e-01	2.886016e-01	2.729591e-01	2.080051e-01	3.907757e-02	5.082235e-02	1.125978e+00	1.117065e+00	2.227066e-01	4.650281e+00	-6.006855e-08	
5.754763e-01	0.000000e+00	5.559978e-01	5.155010e-01	1.068996e+00	2.638525e-02	8.938561e-02	1.255898e-01	1.185704e-01	3.252751e-01	2.511469e-02	1.532138e-01	1.105702e+00	7.749364e-01	2.723542e-02	5.256907e-02	3.872695e+00	6.049847e-01	1.780080e-01	1.059714e+00	1.085009e-01	1.326968e+00	4.308117e-01	1.798223e-01	1.609489e-01	2.885857e-01	2.729845e-01	2.080259e-01	3.908114e-02	5.081643e-02	1.125929e+00	1.117106e+00	2.227455e-01	4.650235e+00	-6.317600e-08	
5.754763e-01	0.000000e+00	5.561648e-01	5.156220e-01	1.068925e+00	2.638182e-02	8.940389e-02	1.255828e-01	1.185852e-01	3.252748e-01	2.511273e-02	1.531630e-01	1.105581e+00	7.749328e-01	2.723277e-02	5.254910e-02	3.872659e+00	6.047993e-01	1.780366e-01	1.059856e+00	1.084906e-01	1.326929e+00	4.308007e-01	1.798683e-01	1.609555e-01	2.885284e-01	2.728724e-01	2.080202e-01	3.907858e-02	5.082338e-02	1.126038e+00	1.117072e+00	2.227561e-01	4.650278e+00	-2.633978e-08	
5.754763e-01	0.000000e+00	5.562001e-01	5.153274e-01	1.068865e+00	2.638285e-02	8.941284e-02	1.255909e-01	1.185698e-01	3.252748e-01	2.511035e-02	1.531626e-01	1.105569e+00	7.749273e-01	2.723894e-02	5.257479e-02	3.873162e+00	6.050948e-01	1.779815e-01	1.059594e+00	1.085032e-01	1.327020e+00	4.307964e-01	1.798180e-01	1.609299e-01	2.885254e-01	2.728124e-01	2.080931e-01	3.907897e-02	5.080900e-02	1.125934e+00	1.117169e+00	2.226360e-01	4.650124e+00	-2.947647e-08	
5.754759e-01	5.657335e-17	5.561986e-01	5.156412e-01	1.068877e+00	2.638442e-02	8.941428e-02	1.255949e-01	1.185811e-01	3.252750e-01	2.510711e-02	1.531097e-01	1.105565e+00	7.749265e-01	2.723745e-02	5.256004e-02	3.873042e+00	6.050246e-01	1.780001e-01	1.059621e+00	1.084914e-01	1.326942e+00	4.308170e-01	1.798243e-01	1.609529e-01	2.885324e-01	2.728651e-01	2.080471e-01	3.907944e-02	5.082096e-02	1.126186e+00	1.117087e+00	2.226751e-01	4.649671e+00	7.521526e-09	
5.754763e-01	0.000000e+00	5.563746e-01	5.156617e-01	1.068895e+00	2.638078e-02	8.939881e-02	1.255877e-01	1.185990e-01	3.252748e-01	2.510203e-02	1.531602e-01	1.105485e+00	7.749284e-01	2.722862e-02	5.253313e-02	3.872810e+00	6.048225e-01	1.780426e-01	1.059838e+00	1.084846e-01	1.326978e+00	4.308075e-01	1.798404e-01	1.609655e-01	2.885268e-01	2.727471e-01	2.079984e-01	3.907621e-02	5.082673e-02	1.126242e+00	1.116990e+00	2.227285e-01	4.649882e+00	-3.493891e-08	
5.754763e-01	0.000000e+00	5.561442e-01	5.152084e-01	1.069127e+00	2.638027e-02	8.942173e-02	1.255802e-01	1.185907e-01	3.252745e-01	2.512336e-02	1.532356e-01	1.105466e+00	7.749181e-01	2.723880e-02	5.254860e-02	3.871651e+00	6.047514e-01	1.780031e-01	1.059875e+00	1.085047e-01	1.326866e+00	4.307793e-01	1.797578e-01	1.609342e-01	2.886016e-01	2.727530e-01	2.080566e-01	3.908141e-02	5.081224e-02	1.125915e+00	1.117106e+00	2.227576e-01	4.651150e+00	-3.576868e-08	
5.754763e-01	0.000000e+00	5.561188e-01	5.154529e-01	1.068914e+00	2.638447e-02	8.940337e-02	1.255848e-01	1.185709e-01	3.252748e-01	2.511284e-02	1.531702e-01	1.105692e+00	7.749283e-01	2.723659e-02	5.255512e-02	3.872677e+00	6.049157e-01	1.780123e-01	1.059739e+00	1.084990e-01	1.326964e+00	4.308142e-01	1.798527e-01	1.609182e-01	2.885315e-01	2.728141e-01	2.081035e-01	3.907959e-02	5.081803e-02	1.126087e+00	1.117056e+00	2.227393e-01	4.650300e+00	-3.519674e-08	
5.754763e-01	0.000000e+00	5.562994e-01	5.157644e-01	1.068797e+00	2.638430e-02	8.938867e-02	1.255861e-01	1.185629e-01	3.252755e-01	2.510535e-02	1.530975e-01	1.105770e+00	7.749360e-01	2.723858e-02	5.256022e-02	3.873462e+00	6.050007e-01	1.780346e-01	1.059763e+00	1.084828e-01	1.326883e+00	4.308192e-01	1.799165e-01	1.609225e-01	2.884890e-01	2.728664e-01	2.080763e-01	3.908212e-02	5.082608e-02	1.126069e+00	1.117055e+00	2.227360e-01	4.650071e+00	-2.582457e-08	
5.754763e-01	0.000000e+00	5.562827e-01	5.153996e-01	1.069000e+00	2.637972e-02	8.936855e-02	1.255790e-01	1.185784e-01	3.252766e-01	2.512016e-02	1.531868e-01	1.105628e+00	7.749432e-01	2.722816e-02	5.253305e-02	3.872618e+00	6.047629e-01	1.780190e-01	1.059821e+00	1.085030e-01	1.327063e+00	4.308053e-01	1.798296e-01	1.609224e-01	2.885342e-01	2.728908e-01	2.080721e-01	3.908656e-02	5.082379e-02	1.125979e+00	1.117062e+00	2.228248e-01	4.650658e+00	-3.923489e-08	
5.754763e-01	0.000000e+00	5.562678e-01	5.153259e-01	1.069016e+00	2.637746e-02	8.936483e-02	1.255823e-01	1.186083e-01	3.252745e-01	2.512102e-02	1.532724e-01	1.105575e+00	7.749377e-01	2.722304e-02	5.252844e-02	3.872328e+00	6.047950e-01	1.779912e-01	1.059694e+00	1.085217e-01	1.327413e+00	4.307963e-01	1.797520e-01	1.609872e-01	2.885678e-01	2.729667e-01	2.080684e-01	3.907152e-02	5.081651e-02	1.125961e+00	1.117067e+00	2.227830e-01	4.650508e+00	-3.293410e-08	
5.754763e-01	0.000000e+00	5.562958e-01	5.153033e-01	1.068986e+00	2.637924e-02	8.935224e-02	1.255772e-01	1.185935e-01	3.252756e-01	2.511841e-02	1.532486e-01	1.105598e+00	7.749426e-01	2.722772e-02	5.254474e-02	3.872204e+00	6.048135e-01	1.779768e-01	1.059651e+00	1.085163e-01	1.327192e+00	4.307593e-01	1.797501e-01	1.609499e-01	2.885750e-01	2.728467e-01	2.080641e-01	3.907857e-02	5.080975e-02	1.125812e+00	1.117139e+00	2.227549e-01	4.651033e+00	-2.436362e-08	
5.754763e-01	0.000000e+00	5.561471e-01	5.156156e-01	1.069008e+00	2.637648e-02	8.936188e-02	1.255795e-01	1.185933e-01	3.252751e-01	2.512193e-02	1.532015e-01	1.105467e+00	7.749370e-01	2.722594e-02	5.252325e-02	3.872186e+00	6.047694e-01	1.780186e-01	1.059729e+00	1.085140e-01	1.327330e+00	4.307796e-01	1.798566e-01	1.609673e-01	2.885867e-01	2.728618e-01	2.079687e-01	3.907313e-02	5.082138e-02	1.126102e+00	1.116974e+00	2.227898e-01	4.650558e+00	-1.593382e-08	
5.754763e-01	0.000000e+00	5.562021e-01	5.152467e-01	1.069000e+00	2.637873e-02	8.935200e-02	1.255845e-01	1.185760e-01	3.252740e-01	2.512360e-02	1.532023e-01	1.105493e+00	7.749285e-01	2.723381e-02	5.255238e-02	3.872136e+00	6.049057e-01	1.779736e-01	1.059598e+00	1.085233e-01	1.327268e+00	4.307805e-01	1.798358e-01	1.609227e-01	2.886320e-01	2.728500e-01	2.080650e-01	3.907821e-02	5.081585e-02	1.125937e+00	1.117124e+00	2.226840e-01	4.650705e+00	-3.710085e-08	
5.754763e-01	0.000000e+00	5.561334e-01	5.151876e-01	1.068958e+00	2.637926e-02	8.934391e-02	1.255851e-01	1.185855e-01	3.252741e-01	2.512325e-02	1.531946e-01	1.105662e+00	7.749259e-01	2.723764e-02	5.256278e-02	3.872379e+00	6.050498e-01	1.779342e-01	1.059399e+00	1.085316e-01	1.327393e+00	4.307648e-01	1.797662e-01	1.609448e-01	2.885384e-01	2.729579e-01	2.081638e-01	3.907189e-02	5.080052e-02	1.125789e+00	1.117223e+00	2.226678e-01	4.650848e+00	-3.244761e-08	
5.754763e-01	0.000000e+00	5.562757e-01	5.154871e-01	1.068841e+00	2.638259e-02	8.937730e-02	1.255891e-01	1.185753e-01	3.252758e-01	2.510752e-02	1.531896e-01	1.105764e+00	7.749322e-01	2.723821e-02	5.256673e-02	3.872918e+00	6.049322e-01	1.780181e-01	1.059845e+00	1.085003e-01	1.326994e+00	4.307736e-01	1.798223e-01	1.609324e-01	2.885129e-01	2.729262e-01	2.080703e-01	3.907823e-02	5.081418e-02	1.125965e+00	1.117128e+00	2.227229e-01	4.650047e+00	-3.593444e-08	
5.754763e-01	0.000000e+00	5.560685e-01	5.154094e-01	1.069107e+00	2.638032e-02	8.933503e-02	1.255814e-01	1.185929e-01	3.252738e-01	2.512435e-02	1.532805e-01	1.105559e+00	7.749339e-01	2.722765e-02	5.254379e-02	3.871532e+00	6.046227e-01	1.780011e-01	1.059782e+00	1.085113e-01	1.327033e+00	4.307726e-01	1.797689e-01	1.609378e-01	2.886322e-01	2.729550e-01	2.080409e-01	3.908088e-02	5.081686e-02	1.125881e+00	1.117104e+00	2.227841e-01	4.651023e+00	-3.085842e-08	
5.754763e-01	0.000000e+00	5.561922e-01	5.154051e-01	1.069035e+00	2.638364e-02	8.940332e-02	1.255829e-01	1.185831e-01	3.252757e-01	2.511977e-02	1.532295e-01	1.105575e+00	7.749300e-01	2.723310e-02	5.255652e-02	3.872467e+00	6.048208e-01	1.780149e-01	1.059794e+00	1.085007e-01	1.327028e+00	4.307625e-01	1.798440e-01	1.609686e-01	2.885728e-01	2.728747e-01	2.080396e-01	3.908390e-02	5.083022e-02	1.125880e+00	1.117128e+00	2.228029e-01	4.650602e+00	-2.513370e-08	
5.754763e-01	0.000000e+00	5.561297e-01	5.154512e-01	1.068968e+00	2.638123e-02	8.939539e-02	1.255893e-01	1.185902e-01	3.252745e-01	2.511854e-02	1.532458e-01	1.105609e+00	7.749250e-01	2.723293e-02	5.255218e-02	3.872292e+00	6.049255e-01	1.779797e-01	1.059556e+00	1.085104e-01	1.327195e+00	4.307773e-01	1.798156e-01	1.609831e-01	2.885654e-01	2.729004e-01	2.080673e-01	3.907461e-02	5.081352e-02	1.125895e+00	1.117163e+00	2.226551e-01	4.650557e+00	-3.688094e-08	
5.754763e-01	0.000000e+00	5.561397e-01	5.156699e-01	1.069056e+00	2.637911e-02	8.936626e-02	1.255693e-01	1.185787e-01	3.252745e-01	2.511879e-02	1.531896e-01	1.105503e+00	7.749323e-01	2.723052e-02	5.253825e-02	3.872351e+00	6.047313e-01	1.780547e-01	1.060074e+00	1.084926e-01	1.326765e+00	4.307795e-01	1.798696e-01	1.609121e-01	2.886030e-01	2.727501e-01	2.079656e-01	3.908212e-02	5.082458e-02	1.126012e+00	1.116935e+00	2.228096e-01	4.651017e+00	-3.217374e-08	
5.754763e-01	0.000000e+00	5.560714e-01	5.155149e-01	1.068933e+00	2.638002e-02	8.935092e-02	1.255824e-01	1.185917e-01	3.252735e-01	2.511841e-02	1.532732e-01	1.105595e+00	7.749341e-01	2.722619e-02	5.253359e-02	3.872246e+00	6.048866e-01	1.780059e-01	1.059757e+00	1.085116e-01	1.327142e+00	4.307692e-01	1.797940e-01	1.609595e-01	2.885732e-01	2.729021e-01	2.080259e-01	3.906864e-02	5.081590e-02	1.125980e+00	1.117041e+00	2.227473e-01	4.650707e+00	-3.812391e-08	
5.754764e-01	0.000000e+00	5.563248e-01	5.152357e-01	1.069000e+00	2.637729e-02	8.930947e-02	1.255812e-01	1.185995e-01	3.252746e-01	2.511831e-02	1.532813e-01	1.105624e+00	7.749372e-01	2.722716e-02	5.253656e-02	3.872057e+00	6.048391e-01	1.779619e-01	1.059597e+00	1.085272e-01	1.327353e+00	4.307548e-01	1.797781e-01	1.609317e-01	2.885200e-01	2.728346e-01	2.081213e-01	3.907387e-02	5.081279e-02	1.125964e+00	1.117060e+00	2.227348e-01	4.650719e+00	-4.010697e-08	
5.754764e-01	0.000000e+00	5.563714e-01	5.157159e-01	1.068923e+00	2.637875e-02	8.935128e-02	1.255741e-01	1.185995e-01	3.252754e-01	2.510804e-02	1.532424e-01	1.105644e+00	7.749401e-01	2.722942e-02	5.254411e-02	3.872545e+00	6.048179e-01	1.780129e-01	1.059809e+00	1.084985e-01	1.326992e+00	4.307862e-01	1.797969e-01	1.609278e-01	2.884849e-01	2.728045e-01	2.080447e-01	3.907295e-02	5.080953e-02	1.125995e+00	1.116991e+00	2.227203e-01	4.650690e+00	-3.890052e-08	
5.754764e-01	0.000000e+00	5.562578e-01	5.154973e-01	1.068838e+00	2.638400e-02	8.935116e-02	1.255870e-01	1.185759e-01	3.252759e-01	2.510536e-02	1.532335e-01	1.105866e+00	7.749416e-01	2.723543e-02	5.256114e-02	3.872877e+00	6.048970e-01	1.780270e-01	1.059803e+00	1.084962e-01	1.327038e+00	4.307631e-01	1.798159e-01	1.609322e-01	2.884886e-01	2.729088e-01	2.080468e-01	3.907341e-02	5.081574e-02	1.125962e+00	1.117092e+00	2.227138e-01	4.650106e+00	-3.778140e-08	
5.754764e-01	0.000000e+00	5.564269e-01	5.156161e-01	1.069044e+00	2.637869e-02	8.935273e-02	1.255689e-01	1.186036e-01	3.252752e-01	2.511500e-02	1.532761e-01	1.105537e+00	7.749463e-01	2.722172e-02	5.252175e-02	3.872144e+00	6.047460e-01	1.780462e-01	1.059928e+00	1.084989e-01	1.327119e+00	4.307804e-01	1.797944e-01	1.609460e-01	2.885497e-01	2.727655e-01	2.080042e-01	3.908080e-02	5.082753e-02	1.125998e+00	1.116977e+00	2.228170e-01	4.651066e+00	-1.906477e-08	
5.754764e-01	0.000000e+00	5.561371e-01	5.153664e-01	1.068829e+00	2.638306e-02	8.935882e-02	1.255900e-01	1.185770e-01	3.252738e-01	2.511365e-02	1.532584e-01	1.105756e+00	7.749302e-01	2.723961e-02	5.257502e-02	3.872867e+00	6.050722e-01	1.779568e-01	1.059596e+00	1.085113e-01	1.326961e+00	4.307612e-01	1.798140e-01	1.609404e-01	2.885107e-01	2.729187e-01	2.081391e-01	3.906889e-02	5.079956e-02	1.125832e+00	1.117155e+00	2.226164e-01	4.650472e+00	-3.362492e-08	
5.754764e-01	0.000000e+00	5.560930e-01	5.156373e-01	1.068789e+00	2.637727e-02	8.937373e-02	1.255958e-01	1.185879e-01	3.252723e-01	2.511044e-02	1.531325e-01	1.105475e+00	7.749288e-01	2.722954e-02	5.253535e-02	3.873004e+00	6.051154e-01	1.779546e-01	1.059240e+00	1.085136e-01	1.327442e+00	4.308175e-01	1.798413e-01	1.610170e-01	2.885776e-01	2.729946e-01	2.080736e-01	3.906546e-02	5.081631e-02	1.126226e+00	1.117090e+00	2.225804e-01	4.649694e+00	-2.820624e-08	
5.754764e-01	0.000000e+00	5.562194e-01	5.150401e-01	1.068972e+00	2.638481e-02	8.936778e-02	1.255920e-01	1.185662e-01	3.252751e-01	2.512008e-02	1.532244e-01	1.105738e+00	7.749345e-01	2.723710e-02	5.257604e-02	3.872765e+00	6.050687e-01	1.779358e-01	1.059480e+00	1.085221e-01	1.327163e+00	4.307782e-01	1.798096e-01	1.609262e-01	2.885287e-01	2.729341e-01	2.081470e-01	3.907867e-02	5.080991e-02	1.125792e+00	1.117204e+00	2.226807e-01	4.650343e+00	-4.362474e-08	
5.754764e-01	0.000000e+00	5.561344e-01	5.154160e-01	1.069032e+00	2.637842e-02	8.939465e-02	1.255868e-01	1.185923e-01	3.252741e-01	2.512131e-02	1.531839e-01	1.105407e+00	7.749275e-01	2.723033e-02	5.252864e-02	3.872658e+00	6.049645e-01	1.779837e-01	1.059517e+00	1.085148e-01	1.327349e+00	4.308011e-01	1.798353e-01	1.609878e-01	2.886017e-01	2.728078e-01	2.080401e-01	3.907555e-02	5.082002e-02	1.126094e+00	1.117071e+00	2.227300e-01	4.650338e+00	-7.740414e-08	
5.754764e-01	0.000000e+00	5.560135e-01	5.152737e-01	1.068973e+00	2.638242e-02	8.936196e-02	1.255919e-01	1.185898e-01	3.252747e-01	2.512081e-02	1.531567e-01	1.105543e+00	7.749269e-01	2.723007e-02	5.255148e-02	3.872255e+00	6.048598e-01	1.779941e-01	1.059638e+00	1.085227e-01	1.327361e+00	4.307857e-01	1.798301e-01	1.609539e-01	2.886264e-01	2.728909e-01	2.080468e-01	3.907490e-02	5.082413e-02	1.126045e+00	1.117113e+00	2.227398e-01	4.650257e+00	-3.831080e-08	
5.754760e-01	1.009110e-16	5.562204e-01	5.154067e-01	1.069026e+00	2.638383e-02	8.935164e-02	1.255834e-01	1.185854e-01	3.252751e-01	2.510966e-02	1.532924e-01	1.105618e+00	7.749424e-01	2.722591e-02	5.253871e-02	3.872421e+00	6.048002e-01	1.780214e-01	1.059877e+00	1.085000e-01	1.326937e+00	4.308043e-01	1.798067e-01	1.609358e-01	2.885425e-01	2.728376e-01	2.080022e-01	3.907979e-02	5.081985e-02	1.126079e+00	1.116998e+00	2.228073e-01	4.650225e+00	1.004545e-08	
5.754764e-01	0.000000e+00	5.563393e-01	5.155836e-01	1.068901e+00	2.638449e-02	8.937731e-02	1.255846e-01	1.185884e-01	3.252750e-01	2.510158e-02	1.531669e-01	1.105797e+00	7.749331e-01	2.723532e-02	5.255973e-02	3.873000e+00	6.048691e-01	1.780295e-01	1.059825e+00	1.084914e-01	1.326977e+00	4.307941e-01	1.798295e-01	1.609275e-01	2.884682e-01	2.728590e-01	2.081103e-01	3.907747e-02	5.081539e-02	1.126063e+00	1.117053e+00	2.227425e-01	4.650042e+00	-7.432936e-08	
5.754761e-01	2.688753e-20	5.562426e-01	5.159056e-01	1.068910e+00	2.638099e-02	8.935621e-02	1.255726e-01	1.185875e-01	3.252745e-01	2.510721e-02	1.532145e-01	1.105592e+00	7.749421e-01	2.722843e-02	5.254173e-02	3.872597e+00	6.046978e-01	1.780552e-01	1.059939e+00	1.084903e-01	1.326921e+00	4.307681e-01	1.798674e-01	1.609331e-01	2.885773e-01	2.728404e-01	2.079572e-01	3.907645e-02	5.082377e-02	1.126058e+00	1.116962e+00	2.227514e-01	4.650643e+00	1.639742e-10	
5.754764e-01	0.000000e+00	5.561514e-01	5.157404e-01	1.069005e+00	2.637827e-02	8.938787e-02	1.255711e-01	1.185852e-01	3.252746e-01	2.512726e-02	1.531975e-01	1.105408e+00	7.749391e-01	2.722367e-02	5.252434e-02	3.872242e+00	6.047037e-01	1.780216e-01	1.059969e+00	1.084995e-01	1.326803e+00	4.308332e-01	1.798372e-01	1.609690e-01	2.886129e-01	2.728922e-01	2.079192e-01	3.907844e-02	5.082885e-02	1.125971e+00	1.116990e+00	2.228571e-01	4.651061e+00	-4.016970e-08	
5.754764e-01	0.000000e+00	5.561456e-01	5.157057e-01	1.068940e+00	2.638167e-02	8.936913e-02	1.255785e-01	1.185826e-01	3.252739e-01	2.511214e-02	1.532392e-01	1.105492e+00	7.749290e-01	2.723054e-02	5.253841e-02	3.872471e+00	6.047482e-01	1.780519e-01	1.059945e+00	1.084906e-01	1.326887e+00	4.307870e-01	1.798452e-01	1.609417e-01	2.885898e-01	2.727665e-01	2.079403e-01	3.907543e-02	5.081958e-02	1.126132e+00	1.116972e+00	2.227530e-01	4.650506e+00	-4.440987e-08	
5.754764e-01	0.000000e+00	5.567227e-01	5.153312e-01	1.069012e+00	2.638388e-02	8.933428e-02	1.255820e-01	1.185761e-01	3.252780e-01	2.510454e-02	1.532305e-01	1.105794e+00	7.749612e-01	2.722767e-02	5.255953e-02	3.872496e+00	6.048154e-01	1.780388e-01	1.059875e+00	1.084893e-01	1.327064e+00	4.307991e-01	1.798162e-01	1.609401e-01	2.884756e-01	2.729090e-01	2.080068e-01	3.908972e-02	5.083678e-02	1.125865e+00	1.117116e+00	2.227869e-01	4.650263e+00	-3.927311e-08	
5.754764e-01	0.000000e+00	5.562637e-01	5.155292e-01	1.069107e+00	2.637635e-02	8.939308e-02	1.255787e-01	1.185958e-01	3.252753e-01	2.512164e-02	1.532103e-01	1.105390e+00	7.749337e-01	2.722610e-02	5.252312e-02	3.872103e+00	6.047260e-01	1.780092e-01	1.059781e+00	1.085078e-01	1.327156e+00	4.308240e-01	1.798297e-01	1.609793e-01	2.885915e-01	2.728504e-01	2.079700e-01	3.907938e-02	5.082759e-02	1.126091e+00	1.116973e+00	2.228031e-01	4.650624e+00	-3.757836e-08	
5.754760e-01	5.248019e-15	5.561763e-01	5.155711e-01	1.068858e+00	2.638564e-02	8.937404e-02	1.255847e-01	1.185725e-01	3.252751e-01	2.510911e-02	1.532011e-01	1.105748e+00	7.749318e-01	2.723716e-02	5.256518e-02	3.872599e+00	6.049112e-01	1.780260e-01	1.059829e+00	1.084903e-01	1.326834e+00	4.307744e-01	1.798127e-01	1.609098e-01	2.885329e-01	2.728511e-01	2.080680e-01	3.907828e-02	5.081325e-02	1.125939e+00	1.117103e+00	2.227354e-01	4.650546e+00	7.244321e-08	
5.754764e-01	0.000000e+00	5.560843e-01	5.153999e-01	1.068913e+00	2.638331e-02	8.936301e-02	1.255878e-01	1.185810e-01	3.252748e-01	2.511442e-02	1.532668e-01	1.105618e+00	7.749367e-01	2.722957e-02	5.255280e-02	3.872216e+00	6.048427e-01	1.780020e-01	1.059673e+00	1.085101e-01	1.327166e+00	4.307734e-01	1.798359e-01	1.609617e-01	2.885922e-01	2.729348e-01	2.080110e-01	3.907558e-02	5.081801e-02	1.125981e+00	1.117105e+00	2.227579e-01	4.650347e+00	-1.022798e-08	
5.754764e-01	0.000000e+00	5.563221e-01	5.156837e-01	1.068904e+00	2.638039e-02	8.936766e-02	1.255772e-01	1.185842e-01	3.252751e-01	2.511145e-02	1.532075e-01	1.105696e+00	7.749365e-01	2.722914e-02	5.254684e-02	3.872469e+00	6.048765e-01	1.780035e-01	1.059719e+00	1.084979e-01	1.327010e+00	4.307758e-01	1.798209e-01	1.609512e-01	2.885309e-01	2.728569e-01	2.080329e-01	3.907741e-02	5.081884e-02	1.125891e+00	1.117104e+00	2.227075e-01	4.650706e+00	-4.586386e-08	
5.754764e-01	0.000000e+00	5.563176e-01	5.157883e-01	1.068798e+00	2.637963e-02	8.937800e-02	1.255845e-01	1.185770e-01	3.252746e-01	2.510592e-02	1.530806e-01	1.105586e+00	7.749355e-01	2.723805e-02	5.255836e-02	3.873079e+00	6.051418e-01	1.780116e-01	1.059562e+00	1.084941e-01	1.327148e+00	4.307849e-01	1.798140e-01	1.609424e-01	2.885257e-01	2.728921e-01	2.080717e-01	3.907535e-02	5.081377e-02	1.126028e+00	1.117140e+00	2.226647e-01	4.650255e+00	-4.150023e-08	
5.754764e-01	0.000000e+00	5.560555e-01	5.156471e-01	1.068896e+00	2.637831e-02	8.936077e-02	1.255779e-01	1.185891e-01	3.252744e-01	2.511451e-02	1.532239e-01	1.105724e+00	7.749372e-01	2.722875e-02	5.254301e-02	3.872426e+00	6.047643e-01	1.780183e-01	1.059753e+00	1.085021e-01	1.327017e+00	4.307739e-01	1.798105e-01	1.609212e-01	2.885553e-01	2.728960e-01	2.080360e-01	3.906679e-02	5.080088e-02	1.125863e+00	1.117055e+00	2.226816e-01	4.650856e+00	-4.506292e-08	
5.754764e-01	0.000000e+00	5.561026e-01	5.153806e-01	1.068823e+00	2.638083e-02	8.935419e-02	1.255893e-01	1.185743e-01	3.252738e-01	2.511373e-02	1.532381e-01	1.105814e+00	7.749301e-01	2.724012e-02	5.256531e-02	3.872454e+00	6.051294e-01	1.779381e-01	1.059224e+00	1.085210e-01	1.327405e+00	4.307577e-01	1.798186e-01	1.609490e-01	2.885245e-01	2.729387e-01	2.081537e-01	3.907371e-02	5.080514e-02	1.125881e+00	1.117224e+00	2.225595e-01	4.650578e+00	-4.714141e-08	
5.754764e-01	0.000000e+00	5.564256e-01	5.154169e-01	1.068834e+00	2.638002e-02	8.934965e-02	1.255787e-01	1.185869e-01	3.252743e-01	2.511073e-02	1.531681e-01	1.105690e+00	7.749368e-01	2.723388e-02	5.254574e-02	3.873034e+00	6.050211e-01	1.780044e-01	1.059559e+00	1.085158e-01	1.327524e+00	4.307723e-01	1.798400e-01	1.609226e-01	2.885372e-01	2.727974e-01	2.081328e-01	3.907245e-02	5.081234e-02	1.125994e+00	1.117098e+00	2.226717e-01	4.650626e+00	-4.376658e-08	
5.754764e-01	0.000000e+00	5.562514e-01	5.155296e-01	1.068720e+00	2.638396e-02	8.937039e-02	1.255934e-01	1.185675e-01	3.252754e-01	2.510391e-02	1.531389e-01	1.105756e+00	7.749396e-01	2.723861e-02	5.256702e-02	3.873507e+00	6.050897e-01	1.779926e-01	1.059532e+00	1.085021e-01	1.327177e+00	4.308126e-01	1.798519e-01	1.609344e-01	2.885102e-01	2.729050e-01	2.081014e-01	3.907444e-02	5.080804e-02	1.125975e+00	1.117167e+00	2.226392e-01	4.650066e+00	-4.785900e-08	
5.754764e-01	0.000000e+00	5.562615e-01	5.154491e-01	1.068879e+00	2.638183e-02	8.938162e-02	1.255906e-01	1.185871e-01	3.252756e-01	2.510656e-02	1.531998e-01	1.105657e+00	7.749342e-01	2.723702e-02	5.256142e-02	3.873026e+00	6.050515e-01	1.779754e-01	1.059533e+00	1.085015e-01	1.327042e+00	4.307422e-01	1.797792e-01	1.609489e-01	2.884949e-01	2.729036e-01	2.080964e-01	3.907732e-02	5.081423e-02	1.126023e+00	1.117152e+00	2.226594e-01	4.649888e+00	-2.537762e-08	
5.754764e-01	0.000000e+00	5.558949e-01	5.154269e-01	1.068852e+00	2.637897e-02	8.934103e-02	1.255904e-01	1.185843e-01	3.252727e-01	2.511811e-02	1.532541e-01	1.105615e+00	7.749216e-01	2.723457e-02	5.255592e-02	3.872165e+00	6.049598e-01	1.779391e-01	1.059436e+00	1.085256e-01	1.327158e+00	4.307690e-01	1.797419e-01	1.609407e-01	2.886118e-01	2.729644e-01	2.081129e-01	3.906827e-02	5.078897e-02	1.125878e+00	1.117193e+00	2.225964e-01	4.650812e+00	-4.648806e-08	
5.754764e-01	0.000000e+00	5.563739e-01	5.158450e-01	1.068731e+00	2.637984e-02	8.937573e-02	1.255894e-01	1.185887e-01	3.252746e-01	2.509791e-02	1.531593e-01	1.105728e+00	7.749386e-01	2.723306e-02	5.255248e-02	3.873403e+00	6.050029e-01	1.780210e-01	1.059592e+00	1.084893e-01	1.327154e+00	4.307783e-01	1.798155e-01	1.609542e-01	2.884812e-01	2.729172e-01	2.080645e-01	3.906925e-02	5.080989e-02	1.126114e+00	1.117064e+00	2.226039e-01	4.649715e+00	-4.793616e-08	
5.754764e-01	0.000000e+00	5.563814e-01	5.153367e-01	1.069044e+00	2.637497e-02	8.934219e-02	1.255769e-01	1.186042e-01	3.252753e-01	2.513386e-02	1.532244e-01	1.105470e+00	7.749445e-01	2.722780e-02	5.252848e-02	3.871976e+00	6.048612e-01	1.779779e-01	1.059640e+00	1.085268e-01	1.327444e+00	4.307863e-01	1.797377e-01	1.609694e-01	2.885708e-01	2.729034e-01	2.080567e-01	3.907853e-02	5.081973e-02	1.125831e+00	1.117126e+00	2.228114e-01	4.651360e+00	-2.305324e-08	
5.754764e-01	0.000000e+00	5.558715e-01	5.155779e-01	1.068730e+00	2.637929e-02	8.936724e-02	1.255880e-01	1.185753e-01	3.252726e-01	2.511997e-02	1.531775e-01	1.105563e+00	7.749227e-01	2.723897e-02	5.255377e-02	3.872963e+00	6.051194e-01	1.779585e-01	1.059411e+00	1.085216e-01	1.327324e+00	4.308120e-01	1.798405e-01	1.609754e-01	2.885594e-01	2.729206e-01	2.080964e-01	3.906773e-02	5.080788e-02	1.126098e+00	1.117106e+00	2.226514e-01	4.650387e+00	-3.700555e-08	
5.754764e-01	0.000000e+00	5.561883e-01	5.155426e-01	1.069096e+00	2.637892e-02	8.937307e-02	1.255828e-01	1.186061e-01	3.252748e-01	2.512062e-02	1.532726e-01	1.105513e+00	7.749362e-01	2.722483e-02	5.253014e-02	3.871527e+00	6.046922e-01	1.780029e-01	1.059757e+00	1.085022e-01	1.327001e+00	4.307747e-01	1.797627e-01	1.609781e-01	2.885887e-01	2.729188e-01	2.080015e-01	3.907837e-02	5.082566e-02	1.126007e+00	1.117038e+00	2.228131e-01	4.650689e+00	-3.673000e-08	
5.754764e-01	0.000000e+00	5.563302e-01	5.155085e-01	1.068875e+00	2.638568e-02	8.939759e-02	1.255860e-01	1.185675e-01	3.252758e-01	2.511089e-02	1.531438e-01	1.105736e+00	7.749423e-01	2.723276e-02	5.255244e-02	3.873157e+00	6.049218e-01	1.780203e-01	1.059700e+00	1.084971e-01	1.327148e+00	4.308455e-01	1.798704e-01	1.609427e-01	2.885050e-01	2.728949e-01	2.080751e-01	3.907916e-02	5.082538e-02	1.126072e+00	1.117058e+00	2.227526e-01	4.650113e+00	-4.055662e-08	
5.754761e-01	2.363760e-18	5.559490e-01	5.156180e-01	1.068902e+00	2.638172e-02	8.936630e-02	1.255829e-01	1.185888e-01	3.252739e-01	2.511105e-02	1.532456e-01	1.105605e+00	7.749278e-01	2.723608e-02	5.253984e-02	3.872650e+00	6.048906e-01	1.780105e-01	1.059751e+00	1.085112e-01	1.327127e+00	4.307639e-01	1.798470e-01	1.609336e-01	2.885449e-01	2.728694e-01	2.080549e-01	3.907013e-02	5.081493e-02	1.126185e+00	1.116982e+00	2.227384e-01	4.650373e+00	1.537452e-09	
5.754764e-01	0.000000e+00	5.562615e-01	5.156429e-01	1.068932e+00	2.638198e-02	8.937014e-02	1.255817e-01	1.185877e-01	3.252737e-01	2.511183e-02	1.531731e-01	1.105588e+00	7.749301e-01	2.723143e-02	5.254488e-02	3.872624e+00	6.048678e-01	1.780035e-01	1.059757e+00	1.084980e-01	1.326920e+00	4.307543e-01	1.798439e-01	1.609296e-01	2.885173e-01	2.727989e-01	2.080554e-01	3.907787e-02	5.082554e-02	1.126111e+00	1.117013e+00	2.227563e-01	4.650295e+00	-5.023854e-08	
5.754764e-01	0.000000e+00	5.563041e-01	5.157575e-01	1.068937e+00	2.638362e-02	8.939654e-02	1.255831e-01	1.185819e-01	3.252744e-01	2.510401e-02	1.531644e-01	1.105597e+00	7.749343e-01	2.723269e-02	5.254529e-02	3.873053e+00	6.048545e-01	1.780458e-01	1.059862e+00	1.084785e-01	1.326784e+00	4.307930e-01	1.798518e-01	1.609487e-01	2.885188e-01	2.728390e-01	2.080198e-01	3.907885e-02	5.081805e-02	1.126137e+00	1.117016e+00	2.227328e-01	4.650058e+00	-4.956358e-08	
5.754760e-01	3.040042e-16	5.560968e-01	5.153160e-01	1.068963e+00	2.638677e-02	8.939872e-02	1.255953e-01	1.185828e-01	3.252764e-01	2.510524e-02	1.532678e-01	1.105813e+00	7.749445e-01	2.723379e-02	5.255808e-02	3.872731e+00	6.048577e-01	1.780234e-01	1.059758e+00	1.084984e-01	1.327040e+00	4.307702e-01	1.797944e-01	1.609532e-01	2.885206e-01	2.729738e-01	2.080185e-01	3.907615e-02	5.081965e-02	1.125985e+00	1.117137e+00	2.227409e-01	4.649710e+00	1.743572e-08	
5.754764e-01	0.000000e+00	5.560962e-01	5.152258e-01	1.068820e+00	2.638274e-02	8.935037e-02	1.255990e-01	1.185702e-01	3.252744e-01	2.511518e-02	1.532086e-01	1.105785e+00	7.749370e-01	2.723824e-02	5.257111e-02	3.873127e+00	6.051741e-01	1.779301e-01	1.059187e+00	1.085233e-01	1.327450e+00	4.307727e-01	1.797798e-01	1.609660e-01	2.885308e-01	2.731322e-01	2.081522e-01	3.907210e-02	5.079894e-02	1.125837e+00	1.117304e+00	2.225754e-01	4.650021e+00	-4.851332e-08	
5.754764e-01	0.000000e+00	5.563040e-01	5.154065e-01	1.068945e+00	2.637957e-02	8.937551e-02	1.255910e-01	1.185760e-01	3.252759e-01	2.512006e-02	1.531835e-01	1.105576e+00	7.749445e-01	2.723744e-02	5.255597e-02	3.872574e+00	6.050820e-01	1.779593e-01	1.059480e+00	1.085154e-01	1.327225e+00	4.307783e-01	1.797995e-01	1.609582e-01	2.885713e-01	2.728978e-01	2.080290e-01	3.907945e-02	5.081365e-02	1.125880e+00	1.117162e+00	2.226628e-01	4.650621e+00	-8.598252e-08	
5.754764e-01	0.000000e+00	5.560514e-01	5.157865e-01	1.068786e+00	2.638271e-02	8.941062e-02	1.255961e-01	1.185797e-01	3.252752e-01	2.510160e-02	1.531946e-01	1.105717e+00	7.749307e-01	2.723691e-02	5.256015e-02	3.873348e+00	6.050823e-01	1.780121e-01	1.059635e+00	1.084899e-01	1.326968e+00	4.307879e-01	1.798067e-01	1.609723e-01	2.885002e-01	2.730367e-01	2.080757e-01	3.907068e-02	5.080737e-02	1.126087e+00	1.117123e+00	2.226284e-01	4.649576e+00	-5.270726e-08	
5.754764e-01	0.000000e+00	5.560668e-01	5.154457e-01	1.068820e+00	2.638004e-02	8.936893e-02	1.255808e-01	1.185949e-01	3.252731e-01	2.511865e-02	1.531869e-01	1.105577e+00	7.749287e-01	2.723399e-02	5.255723e-02	3.872760e+00	6.050203e-01	1.779762e-01	1.059580e+00	1.085238e-01	1.327348e+00	4.307818e-01	1.797957e-01	1.609463e-01	2.885510e-01	2.728955e-01	2.080919e-01	3.906320e-02	5.080071e-02	1.125975e+00	1.117067e+00	2.226859e-01	4.650702e+00	-5.207886e-08	
5.754760e-01	3.501455e-16	5.561091e-01	5.153665e-01	1.069056e+00	2.638146e-02	8.939801e-02	1.255732e-01	1.185921e-01	3.252740e-01	2.512807e-02	1.532289e-01	1.105534e+00	7.749262e-01	2.722935e-02	5.255250e-02	3.871938e+00	6.046889e-01	1.780134e-01	1.059931e+00	1.085089e-01	1.326935e+00	4.308153e-01	1.797835e-01	1.609369e-01	2.886176e-01	2.728786e-01	2.080293e-01	3.907497e-02	5.080590e-02	1.125804e+00	1.117078e+00	2.228223e-01	4.651173e+00	1.871217e-08	
5.754765e-01	0.000000e+00	5.562564e-01	5.153256e-01	1.069046e+00	2.637624e-02	8.936501e-02	1.255828e-01	1.185871e-01	3.252756e-01	2.513357e-02	1.531986e-01	1.105486e+00	7.749380e-01	2.722894e-02	5.254180e-02	3.872100e+00	6.049413e-01	1.779563e-01	1.059523e+00	1.085334e-01	1.327474e+00	4.308061e-01	1.797991e-01	1.609740e-01	2.886326e-01	2.729629e-01	2.080502e-01	3.908260e-02	5.081828e-02	1.125787e+00	1.117189e+00	2.227382e-01	4.651093e+00	-5.249673e-08	
5.754765e-01	0.000000e+00	5.558604e-01	5.154383e-01	1.068780e+00	2.638074e-02	8.936453e-02	1.255932e-01	1.185747e-01	3.252731e-01	2.512200e-02	1.531823e-01	1.105573e+00	7.749264e-01	2.723591e-02	5.254847e-02	3.872974e+00	6.052419e-01	1.779339e-01	1.059294e+00	1.085391e-01	1.327554e+00	4.307677e-01	1.797938e-01	1.609736e-01	2.885833e-01	2.730071e-01	2.081239e-01	3.906610e-02	5.080193e-02	1.126061e+00	1.117158e+00	2.226840e-01	4.650276e+00	-1.804805e-08	
5.754765e-01	0.000000e+00	5.561843e-01	5.155580e-01	1.069040e+00	2.638109e-02	8.937850e-02	1.255804e-01	1.185965e-01	3.252745e-01	2.511608e-02	1.532759e-01	1.105520e+00	7.749313e-01	2.722909e-02	5.253892e-02	3.871998e+00	6.047429e-01	1.780014e-01	1.059812e+00	1.085025e-01	1.326897e+00	4.307752e-01	1.798087e-01	1.609606e-01	2.885887e-01	2.728283e-01	2.079875e-01	3.908012e-02	5.082008e-02	1.126099e+00	1.116990e+00	2.227754e-01	4.650541e+00	-5.714330e-08	
5.754765e-01	0.000000e+00	5.561642e-01	5.153682e-01	1.068956e+00	2.638571e-02	8.938641e-02	1.255868e-01	1.185790e-01	3.252759e-01	2.510687e-02	1.532443e-01	1.105742e+00	7.749386e-01	2.723391e-02	5.255653e-02	3.872678e+00	6.049040e-01	1.780043e-01	1.059750e+00	1.084922e-01	1.326807e+00	4.307656e-01	1.797887e-01	1.609368e-01	2.885037e-01	2.729251e-01	2.080378e-01	3.907895e-02	5.081335e-02	1.126003e+00	1.117114e+00	2.226804e-01	4.650155e+00	-9.151956e-08	
5.754765e-01	0.000000e+00	5.560525e-01	5.154263e-01	1.069039e+00	2.638144e-02	8.938243e-02	1.255876e-01	1.185945e-01	3.252743e-01	2.512056e-02	1.532035e-01	1.105608e+00	7.749268e-01	2.723156e-02	5.254749e-02	3.872165e+00	6.048170e-01	1.780188e-01	1.059754e+00	1.085084e-01	1.327153e+00	4.307500e-01	1.797698e-01	1.609375e-01	2.885920e-01	2.729334e-01	2.080647e-01	3.907521e-02	5.081402e-02	1.125931e+00	1.117107e+00	2.227432e-01	4.650663e+00	-5.637500e-08	
5.754765e-01	0.000000e+00	5.562077e-01	5.153196e-01	1.068950e+00	2.638606e-02	8.936304e-02	1.255881e-01	1.185922e-01	3.252741e-01	2.510555e-02	1.532645e-01	1.105758e+00	7.749292e-01	2.723213e-02	5.256123e-02	3.872338e+00	6.047541e-01	1.779979e-01	1.059788e+00	1.084943e-01	1.326757e+00	4.307536e-01	1.797605e-01	1.609224e-01	2.885088e-01	2.728491e-01	2.080796e-01	3.907265e-02	5.080376e-02	1.125883e+00	1.117159e+00	2.227097e-01	4.650323e+00	-3.103948e-08	
5.754760e-01	1.843259e-16	5.561538e-01	5.153817e-01	1.068919e+00	2.638487e-02	8.938805e-02	1.255865e-01	1.185645e-01	3.252747e-01	2.510910e-02	1.532243e-01	1.105768e+00	7.749251e-01	2.724183e-02	5.257374e-02	3.872758e+00	6.049619e-01	1.780178e-01	1.059734e+00	1.084895e-01	1.326875e+00	4.308119e-01	1.798528e-01	1.609388e-01	2.885298e-01	2.729564e-01	2.081102e-01	3.908218e-02	5.082104e-02	1.125915e+00	1.117167e+00	2.226869e-01	4.650278e+00	1.357667e-08	
5.754758e-01	4.112352e-15	5.562168e-01	5.156655e-01	1.068953e+00	2.638452e-02	8.941297e-02	1.255849e-01	1.185798e-01	3.252749e-01	2.510618e-02	1.531282e-01	1.105545e+00	7.749307e-01	2.723642e-02	5.255108e-02	3.872968e+00	6.048992e-01	1.780554e-01	1.059855e+00	1.084855e-01	1.326934e+00	4.307676e-01	1.798403e-01	1.609275e-01	2.885439e-01	2.728151e-01	2.080161e-01	3.908353e-02	5.083068e-02	1.126200e+00	1.117010e+00	2.227952e-01	4.649961e+00	6.412762e-08	
5.754761e-01	1.645641e-19	5.564332e-01	5.154601e-01	1.068786e+00	2.638644e-02	8.938256e-02	1.255906e-01	1.185703e-01	3.252749e-01	2.509567e-02	1.530977e-01	1.105743e+00	7.749323e-01	2.723990e-02	5.256645e-02	3.873807e+00	6.050807e-01	1.780178e-01	1.059595e+00	1.084886e-01	1.327128e+00	4.308082e-01	1.798648e-01	1.609241e-01	2.884332e-01	2.728248e-01	2.081291e-01	3.907917e-02	5.081701e-02	1.126191e+00	1.117106e+00	2.227040e-01	4.649375e+00	4.056650e-10	
5.754765e-01	0.000000e+00	5.561114e-01	5.155306e-01	1.068886e+00	2.637908e-02	8.936038e-02	1.255862e-01	1.185921e-01	3.252730e-01	2.511606e-02	1.531750e-01	1.105554e+00	7.749271e-01	2.723054e-02	5.254179e-02	3.872850e+00	6.049857e-01	1.779737e-01	1.059417e+00	1.085210e-01	1.327483e+00	4.307762e-01	1.798428e-01	1.609573e-01	2.885648e-01	2.728670e-01	2.080824e-01	3.906973e-02	5.081497e-02	1.126104e+00	1.117057e+00	2.226852e-01	4.650216e+00	-9.533023e-08	
5.754760e-01	2.623636e-16	5.562841e-01	5.155030e-01	1.068850e+00	2.638542e-02	8.936657e-02	1.255827e-01	1.185819e-01	3.252748e-01	2.510410e-02	1.532103e-01	1.105715e+00	7.749396e-01	2.723094e-02	5.255976e-02	3.873103e+00	6.049125e-01	1.780277e-01	1.059787e+00	1.084910e-01	1.326959e+00	4.307547e-01	1.798274e-01	1.609177e-01	2.884925e-01	2.728469e-01	2.080646e-01	3.907412e-02	5.082085e-02	1.126085e+00	1.117000e+00	2.227328e-01	4.649976e+00	1.619764e-08	
5.754765e-01	0.000000e+00	5.563007e-01	5.153404e-01	1.069101e+00	2.638277e-02	8.937344e-02	1.255818e-01	1.185774e-01	3.252761e-01	2.511508e-02	1.532175e-01	1.105514e+00	7.749427e-01	2.723158e-02	5.254322e-02	3.872090e+00	6.047202e-01	1.780293e-01	1.059975e+00	1.085001e-01	1.326886e+00	4.307924e-01	1.798522e-01	1.609317e-01	2.885837e-01	2.728301e-01	2.080055e-01	3.908944e-02	5.083741e-02	1.126072e+00	1.117023e+00	2.228297e-01	4.650560e+00	-5.793393e-08	
5.754765e-01	0.000000e+00	5.561558e-01	5.155531e-01	1.068922e+00	2.638013e-02	8.940371e-02	1.255838e-01	1.185908e-01	3.252752e-01	2.511878e-02	1.531570e-01	1.105542e+00	7.749324e-01	2.723635e-02	5.255732e-02	3.872875e+00	6.049453e-01	1.779939e-01	1.059636e+00	1.085025e-01	1.327058e+00	4.307791e-01	1.797988e-01	1.609545e-01	2.885147e-01	2.729327e-01	2.080708e-01	3.907436e-02	5.080670e-02	1.125853e+00	1.117174e+00	2.226778e-01	4.650720e+00	-5.663061e-08	
5.754765e-01	0.000000e+00	5.562837e-01	5.155474e-01	1.068826e+00	2.638249e-02	8.938794e-02	1.255897e-01	1.185636e-01	3.252768e-01	2.510755e-02	1.531751e-01	1.105744e+00	7.749439e-01	2.723493e-02	5.255790e-02	3.873080e+00	6.050386e-01	1.779832e-01	1.059480e+00	1.084977e-01	1.327074e+00	4.307988e-01	1.798472e-01	1.609337e-01	2.884989e-01	2.728467e-01	2.080501e-01	3.908777e-02	5.081710e-02	1.125942e+00	1.117172e+00	2.226471e-01	4.650281e+00	-6.075345e-08	
5.754765e-01	0.000000e+00	5.559492e-01	5.155665e-01	1.068762e+00	2.638058e-02	8.936279e-02	1.255869e-01	1.185696e-01	3.252734e-01	2.511707e-02	1.531840e-01	1.105584e+00	7.749230e-01	2.723838e-02	5.257045e-02	3.873041e+00	6.050581e-01	1.779675e-01	1.059540e+00	1.085210e-01	1.327205e+00	4.307724e-01	1.798296e-01	1.609370e-01	2.885902e-01	2.729487e-01	2.080949e-01	3.906917e-02	5.079820e-02	1.125906e+00	1.117168e+00	2.226312e-01	4.650509e+00	-2.011044e-08	
5.754765e-01	0.000000e+00	5.559330e-01	5.152861e-01	1.068923e+00	2.638166e-02	8.941271e-02	1.255881e-01	1.185732e-01	3.252743e-01	2.512524e-02	1.531628e-01	1.105535e+00	7.749172e-01	2.724042e-02	5.256904e-02	3.872303e+00	6.049729e-01	1.779885e-01	1.059706e+00	1.085123e-01	1.327014e+00	4.308049e-01	1.798465e-01	1.609484e-01	2.886066e-01	2.728806e-01	2.080619e-01	3.907622e-02	5.081290e-02	1.125852e+00	1.117181e+00	2.226474e-01	4.650918e+00	-5.531087e-08	
5.754765e-01	0.000000e+00	5.562628e-01	5.156033e-01	1.068900e+00	2.638057e-02	8.939359e-02	1.255857e-01	1.185791e-01	3.252744e-01	2.511167e-02	1.531757e-01	1.105577e+00	7.749285e-01	2.723177e-02	5.254113e-02	3.872875e+00	6.050417e-01	1.779860e-01	1.059506e+00	1.085047e-01	1.327218e+00	4.307727e-01	1.798081e-01	1.609600e-01	2.885467e-01	2.728997e-01	2.080747e-01	3.907989e-02	5.082418e-02	1.126115e+00	1.117098e+00	2.226809e-01	4.650144e+00	-9.394938e-08	
5.754765e-01	0.000000e+00	5.561733e-01	5.155806e-01	1.068887e+00	2.638120e-02	8.936461e-02	1.255815e-01	1.185781e-01	3.252750e-01	2.511681e-02	1.531296e-01	1.105661e+00	7.749367e-01	2.723558e-02	5.255182e-02	3.872952e+00	6.049119e-01	1.780152e-01	1.059703e+00	1.085036e-01	1.327156e+00	4.307816e-01	1.798398e-01	1.609504e-01	2.885154e-01	2.729111e-01	2.080813e-01	3.907638e-02	5.081518e-02	1.125976e+00	1.117094e+00	2.227180e-01	4.650650e+00	-3.728374e-08	
5.754765e-01	0.000000e+00	5.561019e-01	5.153718e-01	1.068845e+00	2.637885e-02	8.935753e-02	1.255890e-01	1.185809e-01	3.252753e-01	2.512325e-02	1.532449e-01	1.105594e+00	7.749444e-01	2.723470e-02	5.255643e-02	3.872818e+00	6.051147e-01	1.779262e-01	1.059335e+00	1.085321e-01	1.327398e+00	4.307536e-01	1.797856e-01	1.609866e-01	2.885730e-01	2.729716e-01	2.080650e-01	3.907074e-02	5.080641e-02	1.125924e+00	1.117134e+00	2.226512e-01	4.650468e+00	-4.142093e-08	
5.754760e-01	1.638188e-17	5.563030e-01	5.154705e-01	1.069128e+00	2.637588e-02	8.936397e-02	1.255762e-01	1.186002e-01	3.252764e-01	2.512369e-02	1.532935e-01	1.105601e+00	7.749414e-01	2.722875e-02	5.253185e-02	3.871778e+00	6.047564e-01	1.780207e-01	1.059826e+00	1.085176e-01	1.327341e+00	4.307570e-01	1.797422e-01	1.609467e-01	2.885764e-01	2.729574e-01	2.080295e-01	3.908044e-02	5.081452e-02	1.125797e+00	1.117108e+00	2.227889e-01	4.651209e+00	4.047453e-09	
5.754765e-01	0.000000e+00	5.560669e-01	5.155579e-01	1.068733e+00	2.638350e-02	8.939614e-02	1.255985e-01	1.185599e-01	3.252748e-01	2.510734e-02	1.531487e-01	1.105651e+00	7.749271e-01	2.724080e-02	5.256705e-02	3.873479e+00	6.051924e-01	1.779655e-01	1.059411e+00	1.085034e-01	1.327091e+00	4.307897e-01	1.798750e-01	1.609749e-01	2.885295e-01	2.729864e-01	2.080884e-01	3.907292e-02	5.081158e-02	1.126095e+00	1.117145e+00	2.226029e-01	4.649706e+00	-6.227489e-08	
5.754765e-01	0.000000e+00	5.558590e-01	5.155808e-01	1.068879e+00	2.637769e-02	8.937374e-02	1.255834e-01	1.185862e-01	3.252739e-01	2.512976e-02	1.532262e-01	1.105448e+00	7.749243e-01	2.723402e-02	5.254340e-02	3.872128e+00	6.048598e-01	1.779733e-01	1.059686e+00	1.085242e-01	1.327104e+00	4.307595e-01	1.798368e-01	1.609580e-01	2.886184e-01	2.729065e-01	2.080131e-01	3.907213e-02	5.080694e-02	1.125991e+00	1.117095e+00	2.227517e-01	4.650818e+00	-4.123387e-08	
5.754760e-01	8.919125e-17	5.560307e-01	5.154697e-01	1.068796e+00	2.638379e-02	8.941295e-02	1.255932e-01	1.185680e-01	3.252741e-01	2.511241e-02	1.531075e-01	1.105587e+00	7.749173e-01	2.724041e-02	5.257396e-02	3.872950e+00	6.050640e-01	1.779861e-01	1.059602e+00	1.084999e-01	1.326966e+00	4.308070e-01	1.798428e-01	1.609519e-01	2.885434e-01	2.728977e-01	2.080791e-01	3.907522e-02	5.080491e-02	1.125906e+00	1.117244e+00	2.226143e-01	4.650240e+00	9.444112e-09	
5.754765e-01	0.000000e+00	5.561585e-01	5.155809e-01	1.068950e+00	2.637593e-02	8.934048e-02	1.255842e-01	1.186040e-01	3.252742e-01	2.511458e-02	1.532653e-01	1.105535e+00	7.749350e-01	2.722548e-02	5.252465e-02	3.872081e+00	6.048014e-01	1.779839e-01	1.059583e+00	1.085183e-01	1.327305e+00	4.307485e-01	1.797802e-01	1.609556e-01	2.885890e-01	2.728861e-01	2.080336e-01	3.907270e-02	5.081573e-02	1.126065e+00	1.117066e+00	2.227061e-01	4.650484e+00	-6.599058e-08	
5.754766e-01	0.000000e+00	5.565835e-01	5.153395e-01	1.068958e+00	2.637952e-02	8.934360e-02	1.255906e-01	1.185933e-01	3.252767e-01	2.510552e-02	1.531720e-01	1.105571e+00	7.749506e-01	2.723050e-02	5.254154e-02	3.873105e+00	6.049872e-01	1.779860e-01	1.059520e+00	1.085086e-01	1.327394e+00	4.307919e-01	1.797834e-01	1.609852e-01	2.885371e-01	2.729026e-01	2.080380e-01	3.907947e-02	5.082665e-02	1.126178e+00	1.117053e+00	2.226938e-01	4.649707e+00	-6.750389e-08	
5.754766e-01	0.000000e+00	5.562587e-01	5.151162e-01	1.069058e+00	2.638163e-02	8.939436e-02	1.255947e-01	1.185842e-01	3.252750e-01	2.512204e-02	1.532058e-01	1.105557e+00	7.749246e-01	2.723808e-02	5.256385e-02	3.872349e+00	6.049478e-01	1.779510e-01	1.059514e+00	1.085137e-01	1.327102e+00	4.307759e-01	1.797446e-01	1.609474e-01	2.885783e-01	2.728582e-01	2.081169e-01	3.908556e-02	5.081341e-02	1.125857e+00	1.117252e+00	2.226983e-01	4.650373e+00	-6.209045e-08	
5.754760e-01	5.178925e-16	5.561745e-01	5.157479e-01	1.068931e+00	2.638380e-02	8.941247e-02	1.255844e-01	1.185838e-01	3.252750e-01	2.510427e-02	1.532003e-01	1.105525e+00	7.749386e-01	2.723082e-02	5.253847e-02	3.873150e+00	6.049538e-01	1.780516e-01	1.059871e+00	1.084790e-01	1.326826e+00	4.308158e-01	1.798561e-01	1.609741e-01	2.885229e-01	2.728573e-01	2.079363e-01	3.907695e-02	5.083355e-02	1.126242e+00	1.116934e+00	2.227273e-01	4.649916e+00	2.275725e-08	
5.754766e-01	0.000000e+00	5.563366e-01	5.154089e-01	1.069004e+00	2.638202e-02	8.938730e-02	1.255862e-01	1.185976e-01	3.252750e-01	2.510993e-02	1.532209e-01	1.105585e+00	7.749379e-01	2.723090e-02	5.254821e-02	3.872136e+00	6.048430e-01	1.779924e-01	1.059628e+00	1.084939e-01	1.326931e+00	4.307759e-01	1.797847e-01	1.609464e-01	2.885290e-01	2.728592e-01	2.080866e-01	3.908045e-02	5.081807e-02	1.125979e+00	1.117152e+00	2.226887e-01	4.650405e+00	-6.857115e-08	
5.754760e-01	1.177274e-16	5.564904e-01	5.156652e-01	1.068984e+00	2.637997e-02	8.934807e-02	1.255807e-01	1.185971e-01	3.252745e-01	2.510478e-02	1.532357e-01	1.105572e+00	7.749405e-01	2.722636e-02	5.252935e-02	3.872533e+00	6.047355e-01	1.780255e-01	1.059807e+00	1.084871e-01	1.326920e+00	4.307849e-01	1.798318e-01	1.609426e-01	2.885180e-01	2.727780e-01	2.079999e-01	3.908100e-02	5.082243e-02	1.126125e+00	1.116985e+00	2.227238e-01	4.650291e+00	1.085023e-08	
5.754767e-01	0.000000e+00	5.561103e-01	5.155253e-01	1.068841e+00	2.638412e-02	8.935758e-02	1.255851e-01	1.185721e-01	3.252731e-01	2.510630e-02	1.532539e-01	1.105821e+00	7.749304e-01	2.722772e-02	5.255863e-02	3.872581e+00	6.048359e-01	1.780130e-01	1.059711e+00	1.084951e-01	1.326925e+00	4.307647e-01	1.798183e-01	1.609252e-01	2.885805e-01	2.729390e-01	2.080627e-01	3.906802e-02	5.080581e-02	1.125886e+00	1.117122e+00	2.226523e-01	4.650228e+00	-1.177544e-07	
5.754760e-01	2.614243e-19	5.563105e-01	5.155340e-01	1.068800e+00	2.638217e-02	8.939129e-02	1.255886e-01	1.185727e-01	3.252746e-01	2.510591e-02	1.531757e-01	1.105741e+00	7.749328e-01	2.724290e-02	5.257317e-02	3.873414e+00	6.051960e-01	1.779885e-01	1.059590e+00	1.085027e-01	1.327127e+00	4.307857e-01	1.798206e-01	1.609524e-01	2.884876e-01	2.729010e-01	2.081228e-01	3.907573e-02	5.081004e-02	1.125901e+00	1.117168e+00	2.226240e-01	4.650257e+00	5.112967e-10	
5.754761e-01	8.178625e-18	5.559245e-01	5.151510e-01	1.069044e+00	2.638054e-02	8.937509e-02	1.255857e-01	1.185792e-01	3.252745e-01	2.513475e-02	1.532388e-01	1.105562e+00	7.749286e-01	2.723624e-02	5.256023e-02	3.871598e+00	6.048862e-01	1.779589e-01	1.059700e+00	1.085280e-01	1.327085e+00	4.307931e-01	1.797329e-01	1.609564e-01	2.886480e-01	2.730029e-01	2.080515e-01	3.907919e-02	5.080799e-02	1.125698e+00	1.117242e+00	2.227711e-01	4.651287e+00	2.859830e-09	
5.754759e-01	1.989498e-15	5.563180e-01	5.154712e-01	1.068890e+00	2.638182e-02	8.937956e-02	1.255918e-01	1.185932e-01	3.252747e-01	2.510541e-02	1.531414e-01	1.105680e+00	7.749330e-01	2.723691e-02	5.255481e-02	3.873042e+00	6.050240e-01	1.780031e-01	1.059632e+00	1.085017e-01	1.327192e+00	4.307884e-01	1.797753e-01	1.609376e-01	2.884903e-01	2.728863e-01	2.081453e-01	3.907856e-02	5.081164e-02	1.125947e+00	1.117163e+00	2.226996e-01	4.650375e+00	4.460378e-08	
5.754760e-01	6.772066e-16	5.563324e-01	5.150763e-01	1.068985e+00	2.638281e-02	8.938991e-02	1.255827e-01	1.185799e-01	3.252757e-01	2.512165e-02	1.531376e-01	1.105579e+00	7.749360e-01	2.724108e-02	5.256856e-02	3.872570e+00	6.050270e-01	1.779797e-01	1.059714e+00	1.085178e-01	1.327162e+00	4.308085e-01	1.798179e-01	1.609219e-01	2.885641e-01	2.728093e-01	2.080809e-01	3.908424e-02	5.081403e-02	1.125796e+00	1.117222e+00	2.226996e-01	4.650968e+00	2.602319e-08	
5.754760e-01	1.219167e-15	5.564397e-01	5.156106e-01	1.068909e+00	2.637789e-02	8.939854e-02	1.255841e-01	1.185943e-01	3.252756e-01	2.511039e-02	1.531309e-01	1.105497e+00	7.749374e-01	2.723368e-02	5.254493e-02	3.873414e+00	6.050401e-01	1.780036e-01	1.059617e+00	1.085007e-01	1.327269e+00	4.308283e-01	1.798159e-01	1.609780e-01	2.885071e-01	2.728590e-01	2.080468e-01	3.907473e-02	5.082403e-02	1.126076e+00	1.117055e+00	2.226931e-01	4.650036e+00	3.491656e-08	
5.754759e-01	2.611198e-15	5.564044e-01	5.155976e-01	1.068953e+00	2.638091e-02	8.939099e-02	1.255921e-01	1.185853e-01	3.252759e-01	2.510668e-02	1.531950e-01	1.105595e+00	7.749359e-01	2.723553e-02	5.254288e-02	3.872784e+00	6.050055e-01	1.779989e-01	1.059565e+00	1.084991e-01	1.327206e+00	4.308015e-01	1.798147e-01	1.609638e-01	2.885107e-01	2.729038e-01	2.080430e-01	3.908599e-02	5.082949e-02	1.126093e+00	1.117093e+00	2.226856e-01	4.650217e+00	5.109988e-08	
5.754760e-01	4.580678e-16	5.562993e-01	5.158370e-01	1.069056e+00	2.637869e-02	8.936784e-02	1.255741e-01	1.186158e-01	3.252758e-01	2.510641e-02	1.532551e-01	1.105627e+00	7.749466e-01	2.722430e-02	5.252574e-02	3.872705e+00	6.045850e-01	1.780607e-01	1.060025e+00	1.084860e-01	1.326882e+00	4.307480e-01	1.798411e-01	1.609555e-01	2.884948e-01	2.727622e-01	2.079612e-01	3.907512e-02	5.082256e-02	1.126144e+00	1.116851e+00	2.228306e-01	4.650171e+00	2.140252e-08	
5.754761e-01	3.945758e-16	5.558925e-01	5.154291e-01	1.068822e+00	2.638365e-02	8.938568e-02	1.255826e-01	1.185719e-01	3.252737e-01	2.512185e-02	1.532517e-01	1.105693e+00	7.749231e-01	2.724237e-02	5.257745e-02	3.872490e+00	6.050738e-01	1.779522e-01	1.059525e+00	1.085137e-01	1.326969e+00	4.307877e-01	1.797903e-01	1.609332e-01	2.885388e-01	2.729607e-01	2.081285e-01	3.907342e-02	5.079758e-02	1.125784e+00	1.117232e+00	2.226336e-01	4.650976e+00	1.986393e-08	
