f	phi	x(1)	x(2)	x(3)	x(4)	x(5)	x(6)	x(7)	x(8)	x(9)	x(10)	x(11)	x(12)	x(13)	x(14)	x(15)	x(16)	x(17)	x(18)	x(19)	x(20)	x(21)	x(22)	x(23)	x(24)	x(25)	x(26)	x(27)	x(28)	x(29)	x(30)	x(31)	x(32)	g(1)	
5.754781e-01	0.000000e+00	5.564720e-01	5.176013e-01	1.070023e+00	2.640824e-02	8.962058e-02	1.255395e-01	1.183422e-01	3.252825e-01	2.501486e-02	1.532453e-01	1.109474e+00	7.748689e-01	2.729413e-02	5.263155e-02	3.880699e+00	6.084565e-01	1.778418e-01	1.058520e+00	1.084516e-01	1.325611e+00	4.296543e-01	1.799180e-01	1.610775e-01	2.902810e-01	2.738513e-01	2.082145e-01	3.912347e-02	5.090766e-02	1.123074e+00	1.118311e+00	2.228577e-01	4.648468e+00	-1.376001e-08	
5.754783e-01	0.000000e+00	5.571431e-01	5.173443e-01	1.069347e+00	2.639721e-02	8.963301e-02	1.255380e-01	1.183488e-01	3.252833e-01	2.502448e-02	1.531534e-01	1.109883e+00	7.748796e-01	2.727930e-02	5.262834e-02	3.880473e+00	6.083384e-01	1.778433e-01	1.058744e+00	1.084603e-01	1.325872e+00	4.297584e-01	1.799128e-01	1.610918e-01	2.903328e-01	2.738873e-01	2.083629e-01	3.910965e-02	5.090253e-02	1.123012e+00	1.118333e+00	2.225869e-01	4.648282e+00	-3.853298e-08	
5.754783e-01	0.000000e+00	5.564696e-01	5.173578e-01	1.069936e+00	2.640932e-02	8.958850e-02	1.255336e-01	1.183542e-01	3.252828e-01	2.501786e-02	1.532514e-01	1.109681e+00	7.748657e-01	2.729117e-02	5.264074e-02	3.880877e+00	6.086158e-01	1.778651e-01	1.058515e+00	1.084632e-01	1.325984e+00	4.297980e-01	1.798797e-01	1.610769e-01	2.903361e-01	2.739453e-01	2.082034e-01	3.913159e-02	5.090216e-02	1.122762e+00	1.118525e+00	2.231426e-01	4.648787e+00	-3.134950e-08	
5.754783e-01	0.000000e+00	5.568926e-01	5.175068e-01	1.069537e+00	2.639881e-02	8.961981e-02	1.255383e-01	1.183648e-01	3.252828e-01	2.502661e-02	1.532188e-01	1.109700e+00	7.748983e-01	2.727721e-02	5.263791e-02	3.880407e+00	6.084013e-01	1.778186e-01	1.058551e+00	1.084523e-01	1.325599e+00	4.296878e-01	1.799007e-01	1.610787e-01	2.902929e-01	2.738891e-01	2.083017e-01	3.911824e-02	5.089995e-02	1.122838e+00	1.118420e+00	2.229214e-01	4.647894e+00	-5.517852e-08	
5.754784e-01	0.000000e+00	5.569033e-01	5.174302e-01	1.069844e+00	2.640099e-02	8.958682e-02	1.255396e-01	1.183817e-01	3.252828e-01	2.502551e-02	1.534027e-01	1.109623e+00	7.748845e-01	2.728549e-02	5.263807e-02	3.880398e+00	6.083561e-01	1.777890e-01	1.058441e+00	1.084555e-01	1.325592e+00	4.297351e-01	1.799022e-01	1.610736e-01	2.902659e-01	2.739537e-01	2.083662e-01	3.911610e-02	5.089464e-02	1.122713e+00	1.118466e+00	2.228884e-01	4.648365e+00	-6.345165e-08	
5.754784e-01	0.000000e+00	5.568792e-01	5.173681e-01	1.069670e+00	2.640302e-02	8.956931e-02	1.255475e-01	1.183415e-01	3.252834e-01	2.502021e-02	1.531880e-01	1.109572e+00	7.748810e-01	2.729047e-02	5.264256e-02	3.880718e+00	6.084400e-01	1.778358e-01	1.058434e+00	1.084561e-01	1.325862e+00	4.298126e-01	1.798880e-01	1.610774e-01	2.903105e-01	2.738811e-01	2.082576e-01	3.912244e-02	5.089131e-02	1.123046e+00	1.118421e+00	2.227740e-01	4.648168e+00	-3.646255e-08	
5.754785e-01	0.000000e+00	5.567911e-01	5.173095e-01	1.069985e+00	2.640569e-02	8.958853e-02	1.255406e-01	1.184039e-01	3.252828e-01	2.502579e-02	1.533538e-01	1.109715e+00	7.748720e-01	2.728718e-02	5.263532e-02	3.880362e+00	6.083550e-01	1.778024e-01	1.058411e+00	1.084536e-01	1.325676e+00	4.298112e-01	1.799164e-01	1.610878e-01	2.902383e-01	2.739891e-01	2.083119e-01	3.912644e-02	5.089325e-02	1.122844e+00	1.118375e+00	2.229484e-01	4.648738e+00	-1.465357e-08	
5.754785e-01	0.000000e+00	5.568656e-01	5.173536e-01	1.069792e+00	2.640921e-02	8.958259e-02	1.255557e-01	1.184023e-01	3.252825e-01	2.502727e-02	1.532531e-01	1.109592e+00	7.748698e-01	2.728199e-02	5.263341e-02	3.880333e+00	6.084052e-01	1.777982e-01	1.058300e+00	1.084438e-01	1.325547e+00	4.297980e-01	1.799535e-01	1.610763e-01	2.902908e-01	2.740433e-01	2.082357e-01	3.912463e-02	5.089755e-02	1.123086e+00	1.118393e+00	2.227641e-01	4.648118e+00	-6.500746e-08	
5.754785e-01	0.000000e+00	5.567377e-01	5.174182e-01	1.070209e+00	2.640820e-02	8.956475e-02	1.255514e-01	1.184040e-01	3.252819e-01	2.503165e-02	1.533954e-01	1.109540e+00	7.748508e-01	2.729178e-02	5.262773e-02	3.880255e+00	6.083491e-01	1.778153e-01	1.058299e+00	1.084404e-01	1.325563e+00	4.297403e-01	1.799324e-01	1.610751e-01	2.902324e-01	2.740555e-01	2.083250e-01	3.913311e-02	5.089665e-02	1.122989e+00	1.118402e+00	2.228866e-01	4.648464e+00	-8.073906e-08	
5.754785e-01	0.000000e+00	5.570353e-01	5.176293e-01	1.069415e+00	2.639422e-02	8.963609e-02	1.255292e-01	1.183587e-01	3.252828e-01	2.502798e-02	1.532496e-01	1.109981e+00	7.748770e-01	2.728227e-02	5.262730e-02	3.880501e+00	6.083152e-01	1.778334e-01	1.058679e+00	1.084502e-01	1.325631e+00	4.298338e-01	1.799403e-01	1.610935e-01	2.902900e-01	2.739076e-01	2.084833e-01	3.911762e-02	5.090855e-02	1.122940e+00	1.118306e+00	2.229505e-01	4.648180e+00	-4.201085e-09	
5.754785e-01	0.000000e+00	5.569560e-01	5.174749e-01	1.069602e+00	2.640191e-02	8.960800e-02	1.255389e-01	1.183703e-01	3.252834e-01	2.503107e-02	1.532591e-01	1.109779e+00	7.748763e-01	2.728381e-02	5.263688e-02	3.880574e+00	6.083514e-01	1.778328e-01	1.058720e+00	1.084554e-01	1.325687e+00	4.298788e-01	1.798858e-01	1.610838e-01	2.903568e-01	2.739885e-01	2.083794e-01	3.911398e-02	5.090392e-02	1.122849e+00	1.118384e+00	2.229489e-01	4.648457e+00	-4.867910e-08	
5.754786e-01	0.000000e+00	5.567413e-01	5.174916e-01	1.069700e+00	2.640407e-02	8.962329e-02	1.255330e-01	1.183449e-01	3.252824e-01	2.502751e-02	1.531727e-01	1.109851e+00	7.748771e-01	2.728195e-02	5.264228e-02	3.880509e+00	6.084371e-01	1.778518e-01	1.058642e+00	1.084483e-01	1.325674e+00	4.297882e-01	1.799340e-01	1.610867e-01	2.902354e-01	2.739549e-01	2.082300e-01	3.912496e-02	5.090545e-02	1.122939e+00	1.118312e+00	2.230139e-01	4.648126e+00	-1.345999e-08	
5.754782e-01	0.000000e+00	5.567105e-01	5.174603e-01	1.070337e+00	2.641011e-02	8.955195e-02	1.255487e-01	1.183915e-01	3.252819e-01	2.502845e-02	1.533041e-01	1.109484e+00	7.748350e-01	2.730708e-02	5.262770e-02	3.880503e+00	6.084387e-01	1.778474e-01	1.058412e+00	1.084357e-01	1.325556e+00	4.298006e-01	1.798989e-01	1.610713e-01	2.902356e-01	2.740632e-01	2.082278e-01	3.913487e-02	5.090252e-02	1.122979e+00	1.118443e+00	2.230147e-01	4.648909e+00	-2.197971e-08	
5.754786e-01	0.000000e+00	5.566450e-01	5.174898e-01	1.069686e+00	2.640282e-02	8.959675e-02	1.255382e-01	1.183252e-01	3.252835e-01	2.502467e-02	1.530600e-01	1.109655e+00	7.748718e-01	2.729094e-02	5.264040e-02	3.880859e+00	6.085202e-01	1.778823e-01	1.058849e+00	1.084556e-01	1.325747e+00	4.298487e-01	1.798456e-01	1.610918e-01	2.903437e-01	2.738549e-01	2.082651e-01	3.912371e-02	5.090580e-02	1.122972e+00	1.118379e+00	2.229773e-01	4.648582e+00	-9.017189e-08	
5.754786e-01	0.000000e+00	5.571545e-01	5.174406e-01	1.069791e+00	2.639656e-02	8.958325e-02	1.255459e-01	1.183842e-01	3.252822e-01	2.503088e-02	1.533449e-01	1.109675e+00	7.748437e-01	2.728503e-02	5.261056e-02	3.880380e+00	6.082350e-01	1.778111e-01	1.058670e+00	1.084518e-01	1.325586e+00	4.297493e-01	1.798992e-01	1.610843e-01	2.903525e-01	2.740050e-01	2.085730e-01	3.911935e-02	5.090903e-02	1.122986e+00	1.118435e+00	2.226311e-01	4.648321e+00	-8.957568e-08	
5.754787e-01	0.000000e+00	5.565817e-01	5.176601e-01	1.069772e+00	2.640315e-02	8.962109e-02	1.255273e-01	1.183607e-01	3.252821e-01	2.502249e-02	1.534166e-01	1.109662e+00	7.748828e-01	2.728210e-02	5.263413e-02	3.880295e+00	6.084062e-01	1.778320e-01	1.058421e+00	1.084435e-01	1.325492e+00	4.297366e-01	1.799677e-01	1.610620e-01	2.902510e-01	2.739508e-01	2.083379e-01	3.912386e-02	5.090596e-02	1.122765e+00	1.118333e+00	2.231780e-01	4.648776e+00	-9.203910e-08	
5.754787e-01	0.000000e+00	5.570402e-01	5.174186e-01	1.069715e+00	2.639935e-02	8.962627e-02	1.255485e-01	1.183776e-01	3.252821e-01	2.502363e-02	1.532072e-01	1.109667e+00	7.748709e-01	2.728783e-02	5.261906e-02	3.880418e+00	6.083568e-01	1.777922e-01	1.058488e+00	1.084504e-01	1.325569e+00	4.297823e-01	1.799094e-01	1.611089e-01	2.903070e-01	2.739931e-01	2.083583e-01	3.912421e-02	5.090435e-02	1.123158e+00	1.118333e+00	2.226950e-01	4.648109e+00	-1.314015e-08	
5.754787e-01	0.000000e+00	5.567216e-01	5.175985e-01	1.069916e+00	2.640417e-02	8.960515e-02	1.255390e-01	1.183653e-01	3.252825e-01	2.501698e-02	1.533082e-01	1.109620e+00	7.748976e-01	2.728821e-02	5.263501e-02	3.880228e+00	6.083911e-01	1.777893e-01	1.058293e+00	1.084465e-01	1.325484e+00	4.296137e-01	1.799499e-01	1.610722e-01	2.902097e-01	2.738902e-01	2.082241e-01	3.912425e-02	5.089981e-02	1.122881e+00	1.118421e+00	2.229920e-01	4.647948e+00	-6.875284e-08	
5.754787e-01	0.000000e+00	5.564856e-01	5.174882e-01	1.070050e+00	2.641274e-02	8.962587e-02	1.255460e-01	1.183593e-01	3.252826e-01	2.502035e-02	1.532994e-01	1.109472e+00	7.748782e-01	2.729067e-02	5.264401e-02	3.880428e+00	6.085310e-01	1.778242e-01	1.058384e+00	1.084423e-01	1.325468e+00	4.296667e-01	1.799285e-01	1.610690e-01	2.902007e-01	2.739429e-01	2.081078e-01	3.912275e-02	5.089812e-02	1.122970e+00	1.118353e+00	2.229983e-01	4.648191e+00	-1.051080e-07	
5.754787e-01	0.000000e+00	5.569121e-01	5.174500e-01	1.069682e+00	2.640665e-02	8.962010e-02	1.255445e-01	1.183791e-01	3.252826e-01	2.502147e-02	1.533660e-01	1.109529e+00	7.749003e-01	2.727560e-02	5.264628e-02	3.880397e+00	6.083199e-01	1.777774e-01	1.058224e+00	1.084522e-01	1.325640e+00	4.298078e-01	1.799517e-01	1.610731e-01	2.902719e-01	2.739653e-01	2.083180e-01	3.911692e-02	5.089193e-02	1.122855e+00	1.118347e+00	2.229119e-01	4.648360e+00	-1.270937e-08	
5.754787e-01	0.000000e+00	5.566775e-01	5.174414e-01	1.069816e+00	2.640981e-02	8.958917e-02	1.255476e-01	1.183656e-01	3.252828e-01	2.502512e-02	1.532618e-01	1.109606e+00	7.748813e-01	2.728849e-02	5.264787e-02	3.880555e+00	6.084904e-01	1.778553e-01	1.058365e+00	1.084478e-01	1.325817e+00	4.297363e-01	1.798923e-01	1.610663e-01	2.902591e-01	2.739754e-01	2.081327e-01	3.912498e-02	5.089738e-02	1.122828e+00	1.118430e+00	2.230734e-01	4.648572e+00	-1.056658e-07	
5.754787e-01	0.000000e+00	5.566627e-01	5.173153e-01	1.069749e+00	2.640512e-02	8.958149e-02	1.255411e-01	1.183300e-01	3.252828e-01	2.502460e-02	1.532166e-01	1.109590e+00	7.748715e-01	2.728909e-02	5.264600e-02	3.880596e+00	6.085636e-01	1.778785e-01	1.058544e+00	1.084500e-01	1.325821e+00	4.297618e-01	1.798885e-01	1.610529e-01	2.903204e-01	2.739528e-01	2.082176e-01	3.912323e-02	5.090218e-02	1.122759e+00	1.118490e+00	2.230776e-01	4.648593e+00	-1.117059e-07	
5.754788e-01	0.000000e+00	5.569954e-01	5.174781e-01	1.069765e+00	2.639876e-02	8.961040e-02	1.255387e-01	1.183607e-01	3.252826e-01	2.502023e-02	1.532174e-01	1.109720e+00	7.748774e-01	2.728845e-02	5.263372e-02	3.880406e+00	6.083755e-01	1.778014e-01	1.058481e+00	1.084537e-01	1.325636e+00	4.297296e-01	1.799266e-01	1.610936e-01	2.903110e-01	2.739073e-01	2.083838e-01	3.911994e-02	5.090258e-02	1.123093e+00	1.118299e+00	2.227614e-01	4.647921e+00	-1.043230e-07	
5.754788e-01	0.000000e+00	5.564870e-01	5.173883e-01	1.070164e+00	2.641297e-02	8.956337e-02	1.255476e-01	1.183733e-01	3.252825e-01	2.503560e-02	1.533400e-01	1.109551e+00	7.748422e-01	2.729695e-02	5.263729e-02	3.880718e+00	6.084858e-01	1.778827e-01	1.058571e+00	1.084395e-01	1.325580e+00	4.298981e-01	1.798895e-01	1.610543e-01	2.903227e-01	2.740077e-01	2.082720e-01	3.913238e-02	5.090627e-02	1.122736e+00	1.118512e+00	2.232086e-01	4.649170e+00	-1.190801e-07	
5.754788e-01	0.000000e+00	5.570973e-01	5.175462e-01	1.069412e+00	2.639970e-02	8.961635e-02	1.255412e-01	1.183858e-01	3.252827e-01	2.502572e-02	1.532368e-01	1.109875e+00	7.748571e-01	2.728239e-02	5.261513e-02	3.880440e+00	6.083314e-01	1.778045e-01	1.058661e+00	1.084421e-01	1.325383e+00	4.298000e-01	1.799462e-01	1.611046e-01	2.902863e-01	2.740224e-01	2.084894e-01	3.911827e-02	5.090215e-02	1.123228e+00	1.118262e+00	2.226843e-01	4.648316e+00	-7.648807e-08	
5.754788e-01	0.000000e+00	5.571888e-01	5.174533e-01	1.069208e+00	2.639587e-02	8.963502e-02	1.255323e-01	1.183373e-01	3.252835e-01	2.502926e-02	1.530283e-01	1.109991e+00	7.748856e-01	2.727801e-02	5.263761e-02	3.880897e+00	6.083805e-01	1.778901e-01	1.059026e+00	1.084608e-01	1.325975e+00	4.299138e-01	1.798785e-01	1.611173e-01	2.903798e-01	2.739351e-01	2.084339e-01	3.911432e-02	5.090155e-02	1.123091e+00	1.118235e+00	2.227938e-01	4.648270e+00	-1.121679e-07	
5.754789e-01	0.000000e+00	5.564873e-01	5.175745e-01	1.070225e+00	2.641498e-02	8.962221e-02	1.255396e-01	1.183455e-01	3.252822e-01	2.502181e-02	1.533393e-01	1.109515e+00	7.748714e-01	2.728982e-02	5.263374e-02	3.880436e+00	6.084661e-01	1.778609e-01	1.058449e+00	1.084370e-01	1.325544e+00	4.297057e-01	1.799554e-01	1.610761e-01	2.901949e-01	2.739054e-01	2.081147e-01	3.913046e-02	5.090515e-02	1.122944e+00	1.118340e+00	2.231471e-01	4.648400e+00	-1.259536e-07	
5.754789e-01	0.000000e+00	5.565884e-01	5.175932e-01	1.069778e+00	2.640197e-02	8.961407e-02	1.255316e-01	1.183725e-01	3.252825e-01	2.502710e-02	1.534140e-01	1.109673e+00	7.748694e-01	2.728771e-02	5.262471e-02	3.880332e+00	6.083510e-01	1.778413e-01	1.058597e+00	1.084425e-01	1.325405e+00	4.296921e-01	1.799304e-01	1.610858e-01	2.902799e-01	2.739868e-01	2.083425e-01	3.912284e-02	5.090498e-02	1.123062e+00	1.118209e+00	2.229715e-01	4.648681e+00	-6.726106e-08	
5.754789e-01	0.000000e+00	5.567568e-01	5.174117e-01	1.069906e+00	2.640710e-02	8.957050e-02	1.255473e-01	1.184124e-01	3.252820e-01	2.503001e-02	1.534179e-01	1.109632e+00	7.748575e-01	2.728812e-02	5.263737e-02	3.880343e+00	6.083642e-01	1.777922e-01	1.058319e+00	1.084491e-01	1.325589e+00	4.297810e-01	1.799216e-01	1.610584e-01	2.902478e-01	2.740643e-01	2.083294e-01	3.912541e-02	5.089601e-02	1.122752e+00	1.118558e+00	2.229399e-01	4.648607e+00	-4.077832e-08	
5.754789e-01	0.000000e+00	5.567215e-01	5.172784e-01	1.070145e+00	2.641285e-02	8.955903e-02	1.255600e-01	1.184107e-01	3.252825e-01	2.503055e-02	1.534885e-01	1.109544e+00	7.748473e-01	2.728857e-02	5.262676e-02	3.880148e+00	6.083348e-01	1.777969e-01	1.058227e+00	1.084428e-01	1.325562e+00	4.297615e-01	1.799495e-01	1.610611e-01	2.902218e-01	2.740628e-01	2.082204e-01	3.912802e-02	5.090363e-02	1.122904e+00	1.118503e+00	2.228099e-01	4.648495e+00	-5.702595e-08	
5.754789e-01	0.000000e+00	5.565044e-01	5.173898e-01	1.069984e+00	2.641244e-02	8.961049e-02	1.255452e-01	1.183496e-01	3.252828e-01	2.501451e-02	1.532037e-01	1.109451e+00	7.748777e-01	2.729176e-02	5.264330e-02	3.880644e+00	6.085251e-01	1.778299e-01	1.058265e+00	1.084525e-01	1.325769e+00	4.297568e-01	1.799232e-01	1.610605e-01	2.902605e-01	2.739101e-01	2.081476e-01	3.913019e-02	5.089985e-02	1.122881e+00	1.118442e+00	2.230667e-01	4.648847e+00	-1.404112e-07	
5.754789e-01	0.000000e+00	5.569748e-01	5.174855e-01	1.069409e+00	2.639744e-02	8.962203e-02	1.255395e-01	1.183507e-01	3.252826e-01	2.502835e-02	1.531430e-01	1.109807e+00	7.748985e-01	2.728213e-02	5.262920e-02	3.880533e+00	6.083813e-01	1.778305e-01	1.058626e+00	1.084458e-01	1.325544e+00	4.298178e-01	1.799239e-01	1.610988e-01	2.902524e-01	2.739413e-01	2.083092e-01	3.912226e-02	5.089925e-02	1.123026e+00	1.118361e+00	2.229465e-01	4.647919e+00	-1.298225e-07	
5.754789e-01	0.000000e+00	5.564376e-01	5.173749e-01	1.070084e+00	2.641240e-02	8.958434e-02	1.255562e-01	1.184050e-01	3.252825e-01	2.501855e-02	1.534759e-01	1.109362e+00	7.748774e-01	2.728928e-02	5.264429e-02	3.880648e+00	6.084064e-01	1.778051e-01	1.058187e+00	1.084510e-01	1.325629e+00	4.297584e-01	1.799192e-01	1.610479e-01	2.902428e-01	2.739716e-01	2.082021e-01	3.912720e-02	5.089652e-02	1.122716e+00	1.118529e+00	2.230036e-01	4.648804e+00	-1.250331e-07	
5.754790e-01	0.000000e+00	5.568224e-01	5.176344e-01	1.069682e+00	2.639957e-02	8.960811e-02	1.255279e-01	1.183273e-01	3.252823e-01	2.501993e-02	1.531516e-01	1.109833e+00	7.748457e-01	2.729962e-02	5.263083e-02	3.880867e+00	6.084313e-01	1.778818e-01	1.058742e+00	1.084515e-01	1.325816e+00	4.298201e-01	1.798949e-01	1.611082e-01	2.903598e-01	2.739197e-01	2.084270e-01	3.912111e-02	5.090307e-02	1.123190e+00	1.118175e+00	2.228985e-01	4.648930e+00	-1.255563e-07	
5.754790e-01	0.000000e+00	5.563516e-01	5.174140e-01	1.070139e+00	2.641162e-02	8.961236e-02	1.255391e-01	1.183917e-01	3.252823e-01	2.501370e-02	1.534238e-01	1.109411e+00	7.748875e-01	2.728988e-02	5.263563e-02	3.880472e+00	6.085072e-01	1.777916e-01	1.058157e+00	1.084536e-01	1.325585e+00	4.297273e-01	1.799500e-01	1.610618e-01	2.902231e-01	2.739578e-01	2.081034e-01	3.913376e-02	5.089836e-02	1.122867e+00	1.118413e+00	2.231131e-01	4.648774e+00	-1.487218e-07	
5.754790e-01	0.000000e+00	5.569662e-01	5.172109e-01	1.069799e+00	2.640946e-02	8.957011e-02	1.255588e-01	1.183872e-01	3.252826e-01	2.503351e-02	1.532264e-01	1.109574e+00	7.748682e-01	2.728983e-02	5.264146e-02	3.880396e+00	6.083943e-01	1.778357e-01	1.058388e+00	1.084454e-01	1.325731e+00	4.298305e-01	1.798899e-01	1.610684e-01	2.903176e-01	2.740235e-01	2.082303e-01	3.912126e-02	5.089215e-02	1.122925e+00	1.118538e+00	2.227939e-01	4.648412e+00	-1.589648e-07	
5.754791e-01	0.000000e+00	5.568841e-01	5.173098e-01	1.069893e+00	2.640986e-02	8.957604e-02	1.255556e-01	1.184007e-01	3.252824e-01	2.503356e-02	1.535201e-01	1.109556e+00	7.748550e-01	2.728729e-02	5.262631e-02	3.880202e+00	6.083909e-01	1.777685e-01	1.058299e+00	1.084472e-01	1.325483e+00	4.297895e-01	1.799541e-01	1.610633e-01	2.902063e-01	2.740854e-01	2.083226e-01	3.912324e-02	5.089183e-02	1.122823e+00	1.118542e+00	2.228330e-01	4.648659e+00	-1.514434e-07	
5.754779e-01	2.547524e-17	5.569581e-01	5.174668e-01	1.069733e+00	2.640278e-02	8.959981e-02	1.255396e-01	1.183382e-01	3.252828e-01	2.502382e-02	1.531999e-01	1.109737e+00	7.748729e-01	2.728654e-02	5.263522e-02	3.880532e+00	6.084016e-01	1.778334e-01	1.058571e+00	1.084531e-01	1.325734e+00	4.298305e-01	1.799141e-01	1.610909e-01	2.903351e-01	2.739791e-01	2.083999e-01	3.912391e-02	5.089646e-02	1.123047e+00	1.118313e+00	2.227739e-01	4.648392e+00	5.047301e-09	
5.754791e-01	0.000000e+00	5.566654e-01	5.173876e-01	1.069849e+00	2.640272e-02	8.960912e-02	1.255350e-01	1.183739e-01	3.252828e-01	2.502626e-02	1.532857e-01	1.109698e+00	7.748911e-01	2.728312e-02	5.263020e-02	3.880319e+00	6.083749e-01	1.778060e-01	1.058485e+00	1.084520e-01	1.325523e+00	4.297583e-01	1.799301e-01	1.610802e-01	2.902364e-01	2.739434e-01	2.082846e-01	3.912265e-02	5.089944e-02	1.122825e+00	1.118415e+00	2.230197e-01	4.648367e+00	-1.205346e-07	
5.754791e-01	0.000000e+00	5.569562e-01	5.172000e-01	1.070085e+00	2.640594e-02	8.957282e-02	1.255445e-01	1.183972e-01	3.252826e-01	2.502997e-02	1.532904e-01	1.109588e+00	7.748542e-01	2.729411e-02	5.262551e-02	3.880586e+00	6.083883e-01	1.778428e-01	1.058506e+00	1.084501e-01	1.325744e+00	4.299063e-01	1.798705e-01	1.610804e-01	2.903834e-01	2.740575e-01	2.083758e-01	3.912701e-02	5.090138e-02	1.122940e+00	1.118458e+00	2.228220e-01	4.648991e+00	-1.086612e-08	
5.754791e-01	0.000000e+00	5.563446e-01	5.172274e-01	1.070049e+00	2.641094e-02	8.958893e-02	1.255403e-01	1.183485e-01	3.252831e-01	2.501720e-02	1.533140e-01	1.109355e+00	7.748845e-01	2.729374e-02	5.265623e-02	3.880631e+00	6.085500e-01	1.778411e-01	1.058239e+00	1.084585e-01	1.325912e+00	4.298379e-01	1.798845e-01	1.610498e-01	2.902579e-01	2.739233e-01	2.081066e-01	3.912380e-02	5.089391e-02	1.122727e+00	1.118453e+00	2.231773e-01	4.649067e+00	-1.731556e-07	
5.754792e-01	0.000000e+00	5.565894e-01	5.173749e-01	1.069884e+00	2.640932e-02	8.960893e-02	1.255488e-01	1.183901e-01	3.252829e-01	2.502351e-02	1.534290e-01	1.109494e+00	7.748777e-01	2.728662e-02	5.264212e-02	3.880253e+00	6.083867e-01	1.777929e-01	1.058234e+00	1.084540e-01	1.325669e+00	4.296871e-01	1.799104e-01	1.610634e-01	2.902257e-01	2.739940e-01	2.081433e-01	3.912511e-02	5.089475e-02	1.122872e+00	1.118456e+00	2.228643e-01	4.648551e+00	-1.635007e-07	
5.754792e-01	0.000000e+00	5.566683e-01	5.175268e-01	1.069508e+00	2.640487e-02	8.964595e-02	1.255245e-01	1.183283e-01	3.252830e-01	2.501555e-02	1.532178e-01	1.109900e+00	7.748914e-01	2.728053e-02	5.263829e-02	3.880587e+00	6.085800e-01	1.778624e-01	1.058586e+00	1.084534e-01	1.325827e+00	4.296952e-01	1.799519e-01	1.611002e-01	2.902285e-01	2.739046e-01	2.082068e-01	3.912530e-02	5.089689e-02	1.123117e+00	1.118139e+00	2.231450e-01	4.648271e+00	-1.720049e-07	
5.754792e-01	0.000000e+00	5.568761e-01	5.174133e-01	1.069878e+00	2.640031e-02	8.957233e-02	1.255431e-01	1.183634e-01	3.252820e-01	2.503047e-02	1.532321e-01	1.109726e+00	7.748438e-01	2.729753e-02	5.262672e-02	3.880787e+00	6.084180e-01	1.778639e-01	1.058668e+00	1.084480e-01	1.325742e+00	4.298885e-01	1.798793e-01	1.610899e-01	2.903232e-01	2.740202e-01	2.083479e-01	3.913006e-02	5.090375e-02	1.123107e+00	1.118324e+00	2.228839e-01	4.648575e+00	-1.548145e-07	
5.754792e-01	0.000000e+00	5.566010e-01	5.173776e-01	1.069876e+00	2.640534e-02	8.959868e-02	1.255337e-01	1.183662e-01	3.252825e-01	2.502028e-02	1.532653e-01	1.109633e+00	7.748694e-01	2.728937e-02	5.262878e-02	3.880345e+00	6.084194e-01	1.778320e-01	1.058485e+00	1.084455e-01	1.325536e+00	4.296895e-01	1.799242e-01	1.610908e-01	2.902671e-01	2.739636e-01	2.082688e-01	3.912666e-02	5.089904e-02	1.123052e+00	1.118385e+00	2.229285e-01	4.648392e+00	-1.504937e-07	
5.754785e-01	1.192266e-16	5.569916e-01	5.173666e-01	1.069731e+00	2.640288e-02	8.958899e-02	1.255451e-01	1.183698e-01	3.252824e-01	2.503620e-02	1.532147e-01	1.109726e+00	7.748377e-01	2.729057e-02	5.262675e-02	3.880487e+00	6.083721e-01	1.778566e-01	1.058632e+00	1.084370e-01	1.325615e+00	4.297663e-01	1.799007e-01	1.610926e-01	2.902655e-01	2.740702e-01	2.083414e-01	3.912504e-02	5.089864e-02	1.123092e+00	1.118378e+00	2.228407e-01	4.648235e+00	1.091909e-08	
5.754792e-01	0.000000e+00	5.564777e-01	5.174033e-01	1.069990e+00	2.640901e-02	8.959373e-02	1.255383e-01	1.183856e-01	3.252827e-01	2.501763e-02	1.534625e-01	1.109527e+00	7.748644e-01	2.728914e-02	5.263728e-02	3.880330e+00	6.084129e-01	1.777881e-01	1.058078e+00	1.084469e-01	1.325607e+00	4.297221e-01	1.799762e-01	1.610542e-01	2.902299e-01	2.739272e-01	2.082362e-01	3.912428e-02	5.089556e-02	1.122975e+00	1.118313e+00	2.229419e-01	4.648742e+00	-1.506852e-07	
5.754793e-01	0.000000e+00	5.567311e-01	5.174312e-01	1.069878e+00	2.640328e-02	8.961862e-02	1.255281e-01	1.183771e-01	3.252825e-01	2.502839e-02	1.533137e-01	1.109735e+00	7.748819e-01	2.728554e-02	5.263560e-02	3.880255e+00	6.083899e-01	1.778350e-01	1.058471e+00	1.084489e-01	1.325656e+00	4.297675e-01	1.799247e-01	1.610787e-01	2.902682e-01	2.739801e-01	2.083107e-01	3.912274e-02	5.089726e-02	1.122887e+00	1.118313e+00	2.230545e-01	4.648649e+00	-1.808778e-07	
5.754793e-01	0.000000e+00	5.564272e-01	5.171269e-01	1.070231e+00	2.641291e-02	8.953746e-02	1.255487e-01	1.183599e-01	3.252828e-01	2.502561e-02	1.532123e-01	1.109400e+00	7.748659e-01	2.729974e-02	5.265247e-02	3.880670e+00	6.086002e-01	1.778590e-01	1.058363e+00	1.084537e-01	1.325889e+00	4.298883e-01	1.798355e-01	1.610476e-01	2.903123e-01	2.740070e-01	2.081525e-01	3.913161e-02	5.089167e-02	1.122627e+00	1.118642e+00	2.232197e-01	4.649167e+00	-3.832716e-08	
5.754773e-01	9.599525e-15	5.569573e-01	5.174940e-01	1.069416e+00	2.639311e-02	8.965013e-02	1.255170e-01	1.183550e-01	3.252829e-01	2.501926e-02	1.532000e-01	1.109934e+00	7.749105e-01	2.727482e-02	5.262930e-02	3.880462e+00	6.082712e-01	1.778177e-01	1.058603e+00	1.084605e-01	1.325732e+00	4.297966e-01	1.799266e-01	1.610947e-01	2.902898e-01	2.738171e-01	2.084642e-01	3.911147e-02	5.090185e-02	1.122961e+00	1.118240e+00	2.228284e-01	4.648089e+00	9.797716e-08	
5.754793e-01	0.000000e+00	5.567460e-01	5.174451e-01	1.069568e+00	2.640351e-02	8.959458e-02	1.255350e-01	1.183221e-01	3.252836e-01	2.502397e-02	1.532050e-01	1.109769e+00	7.748831e-01	2.728552e-02	5.264644e-02	3.880666e+00	6.084983e-01	1.778883e-01	1.058755e+00	1.084610e-01	1.325946e+00	4.298811e-01	1.798807e-01	1.610732e-01	2.903795e-01	2.738828e-01	2.083653e-01	3.912151e-02	5.090354e-02	1.122952e+00	1.118331e+00	2.229684e-01	4.648748e+00	-1.859644e-07	
5.754789e-01	0.000000e+00	5.567761e-01	5.173060e-01	1.069737e+00	2.640352e-02	8.959460e-02	1.255389e-01	1.183208e-01	3.252826e-01	2.502871e-02	1.531167e-01	1.109695e+00	7.748507e-01	2.729371e-02	5.263645e-02	3.880858e+00	6.085472e-01	1.779113e-01	1.058766e+00	1.084488e-01	1.325918e+00	4.299005e-01	1.798713e-01	1.610720e-01	2.903764e-01	2.739771e-01	2.082728e-01	3.912806e-02	5.090604e-02	1.122934e+00	1.118398e+00	2.230851e-01	4.648760e+00	-1.069010e-07	
5.754793e-01	0.000000e+00	5.568918e-01	5.175554e-01	1.069439e+00	2.640377e-02	8.963963e-02	1.255320e-01	1.183232e-01	3.252835e-01	2.501253e-02	1.532195e-01	1.109645e+00	7.749106e-01	2.728285e-02	5.265002e-02	3.880410e+00	6.084481e-01	1.778197e-01	1.058406e+00	1.084603e-01	1.325868e+00	4.297253e-01	1.799244e-01	1.610853e-01	2.902810e-01	2.738332e-01	2.082527e-01	3.911645e-02	5.088958e-02	1.123032e+00	1.118336e+00	2.229471e-01	4.648068e+00	-1.812439e-07	
5.754794e-01	0.000000e+00	5.565784e-01	5.173786e-01	1.069817e+00	2.640835e-02	8.958064e-02	1.255440e-01	1.183502e-01	3.252839e-01	2.502090e-02	1.532300e-01	1.109526e+00	7.748902e-01	2.728834e-02	5.264355e-02	3.880722e+00	6.084931e-01	1.778353e-01	1.058428e+00	1.084598e-01	1.325858e+00	4.298373e-01	1.798784e-01	1.610769e-01	2.903185e-01	2.738886e-01	2.082738e-01	3.912170e-02	5.089462e-02	1.122842e+00	1.118481e+00	2.229118e-01	4.648927e+00	-5.122108e-08	
5.754794e-01	0.000000e+00	5.566029e-01	5.171696e-01	1.069879e+00	2.640951e-02	8.955118e-02	1.255388e-01	1.183185e-01	3.252826e-01	2.502909e-02	1.530469e-01	1.109714e+00	7.748534e-01	2.730047e-02	5.265240e-02	3.881064e+00	6.086212e-01	1.779484e-01	1.058588e+00	1.084459e-01	1.326153e+00	4.299651e-01	1.798484e-01	1.610674e-01	2.903088e-01	2.739893e-01	2.081565e-01	3.913408e-02	5.089651e-02	1.122892e+00	1.118436e+00	2.232213e-01	4.649192e+00	-2.024050e-07	
5.754794e-01	0.000000e+00	5.569741e-01	5.174973e-01	1.069545e+00	2.640412e-02	8.965554e-02	1.255405e-01	1.183676e-01	3.252826e-01	2.502161e-02	1.533701e-01	1.109627e+00	7.748918e-01	2.727861e-02	5.263015e-02	3.880297e+00	6.083051e-01	1.777733e-01	1.058463e+00	1.084544e-01	1.325481e+00	4.297735e-01	1.799502e-01	1.610937e-01	2.903107e-01	2.739658e-01	2.083361e-01	3.911456e-02	5.090004e-02	1.122988e+00	1.118413e+00	2.228236e-01	4.647962e+00	-2.008980e-07	
5.754783e-01	6.251671e-15	5.568949e-01	5.173501e-01	1.070047e+00	2.640288e-02	8.962361e-02	1.255258e-01	1.184312e-01	3.252818e-01	2.503211e-02	1.535054e-01	1.109908e+00	7.748510e-01	2.728661e-02	5.261694e-02	3.880163e+00	6.082224e-01	1.778216e-01	1.058514e+00	1.084458e-01	1.325662e+00	4.298275e-01	1.799420e-01	1.610903e-01	2.902150e-01	2.740010e-01	2.084263e-01	3.912314e-02	5.090286e-02	1.122836e+00	1.118312e+00	2.230117e-01	4.648861e+00	7.906751e-08	
5.754795e-01	0.000000e+00	5.566509e-01	5.173078e-01	1.070013e+00	2.641265e-02	8.955509e-02	1.255542e-01	1.183772e-01	3.252825e-01	2.502032e-02	1.532465e-01	1.109590e+00	7.748431e-01	2.729698e-02	5.263322e-02	3.880509e+00	6.085270e-01	1.778301e-01	1.058328e+00	1.084488e-01	1.325760e+00	4.297649e-01	1.799408e-01	1.610729e-01	2.902429e-01	2.739727e-01	2.081637e-01	3.912665e-02	5.089458e-02	1.123085e+00	1.118426e+00	2.228430e-01	4.648655e+00	-6.903930e-08	
5.754795e-01	0.000000e+00	5.566354e-01	5.176070e-01	1.069812e+00	2.640669e-02	8.964031e-02	1.255395e-01	1.183507e-01	3.252827e-01	2.501768e-02	1.533656e-01	1.109491e+00	7.748885e-01	2.728400e-02	5.263698e-02	3.880448e+00	6.083723e-01	1.778152e-01	1.058440e+00	1.084501e-01	1.325537e+00	4.297613e-01	1.799480e-01	1.610771e-01	2.902741e-01	2.738850e-01	2.083429e-01	3.911629e-02	5.090818e-02	1.122904e+00	1.118362e+00	2.230333e-01	4.648367e+00	-2.094347e-07	
5.754795e-01	0.000000e+00	5.567107e-01	5.173115e-01	1.069920e+00	2.640818e-02	8.953218e-02	1.255548e-01	1.183695e-01	3.252835e-01	2.502729e-02	1.533778e-01	1.109590e+00	7.748574e-01	2.729501e-02	5.264284e-02	3.880488e+00	6.084220e-01	1.778135e-01	1.058335e+00	1.084493e-01	1.325710e+00	4.298060e-01	1.798900e-01	1.610764e-01	2.902647e-01	2.739357e-01	2.083261e-01	3.912196e-02	5.089141e-02	1.122916e+00	1.118482e+00	2.229103e-01	4.648461e+00	-7.938003e-08	
5.754795e-01	0.000000e+00	5.568128e-01	5.175086e-01	1.070025e+00	2.640546e-02	8.960249e-02	1.255385e-01	1.183636e-01	3.252822e-01	2.502562e-02	1.533599e-01	1.109688e+00	7.748481e-01	2.729278e-02	5.262976e-02	3.880410e+00	6.083643e-01	1.778399e-01	1.058509e+00	1.084452e-01	1.325684e+00	4.297873e-01	1.799275e-01	1.610773e-01	2.902895e-01	2.739588e-01	2.083873e-01	3.912165e-02	5.090216e-02	1.122995e+00	1.118291e+00	2.229129e-01	4.648712e+00	-9.252983e-08	
5.754795e-01	0.000000e+00	5.566499e-01	5.173104e-01	1.070137e+00	2.640636e-02	8.957673e-02	1.255414e-01	1.183279e-01	3.252831e-01	2.501750e-02	1.531881e-01	1.109432e+00	7.748823e-01	2.729695e-02	5.264291e-02	3.880669e+00	6.085400e-01	1.778454e-01	1.058402e+00	1.084569e-01	1.325867e+00	4.297734e-01	1.798693e-01	1.610670e-01	2.903467e-01	2.738932e-01	2.081917e-01	3.912881e-02	5.089804e-02	1.122808e+00	1.118491e+00	2.230477e-01	4.648680e+00	-6.735638e-08	
5.754795e-01	0.000000e+00	5.568649e-01	5.172598e-01	1.069936e+00	2.640756e-02	8.957369e-02	1.255595e-01	1.183808e-01	3.252828e-01	2.502706e-02	1.532299e-01	1.109523e+00	7.748817e-01	2.728540e-02	5.263973e-02	3.880646e+00	6.084205e-01	1.778181e-01	1.058328e+00	1.084566e-01	1.325840e+00	4.298316e-01	1.798749e-01	1.610753e-01	2.903264e-01	2.739658e-01	2.082342e-01	3.912522e-02	5.089839e-02	1.122712e+00	1.118601e+00	2.228841e-01	4.648554e+00	-6.284466e-10	
5.754780e-01	3.397521e-17	5.569962e-01	5.175581e-01	1.069341e+00	2.639956e-02	8.963918e-02	1.255410e-01	1.183595e-01	3.252835e-01	2.501970e-02	1.533048e-01	1.109790e+00	7.748848e-01	2.727603e-02	5.262844e-02	3.880526e+00	6.083500e-01	1.778004e-01	1.058652e+00	1.084600e-01	1.325651e+00	4.297913e-01	1.799092e-01	1.611006e-01	2.903214e-01	2.739120e-01	2.083788e-01	3.910801e-02	5.089895e-02	1.122973e+00	1.118324e+00	2.227852e-01	4.648026e+00	5.828826e-09	
5.754796e-01	0.000000e+00	5.570074e-01	5.172560e-01	1.069809e+00	2.640831e-02	8.953265e-02	1.255583e-01	1.183713e-01	3.252829e-01	2.503350e-02	1.531251e-01	1.109587e+00	7.748541e-01	2.729164e-02	5.263854e-02	3.880686e+00	6.084296e-01	1.778705e-01	1.058629e+00	1.084456e-01	1.325825e+00	4.298653e-01	1.798490e-01	1.610815e-01	2.903088e-01	2.740129e-01	2.081954e-01	3.912483e-02	5.089701e-02	1.122974e+00	1.118564e+00	2.227986e-01	4.648399e+00	-2.181831e-07	
5.754774e-01	1.197128e-14	5.566704e-01	5.176584e-01	1.070110e+00	2.641106e-02	8.961546e-02	1.255366e-01	1.183649e-01	3.252816e-01	2.502177e-02	1.533182e-01	1.109549e+00	7.748575e-01	2.728924e-02	5.262584e-02	3.880641e+00	6.083977e-01	1.778447e-01	1.058486e+00	1.084394e-01	1.325556e+00	4.297899e-01	1.799565e-01	1.610789e-01	2.902670e-01	2.739774e-01	2.082413e-01	3.912755e-02	5.090447e-02	1.123008e+00	1.118287e+00	2.230010e-01	4.648593e+00	1.094134e-07	
5.754784e-01	1.997127e-16	5.568749e-01	5.175012e-01	1.069734e+00	2.640399e-02	8.958389e-02	1.255412e-01	1.183551e-01	3.252827e-01	2.502504e-02	1.532544e-01	1.109676e+00	7.748555e-01	2.729494e-02	5.263016e-02	3.880577e+00	6.083641e-01	1.778568e-01	1.058616e+00	1.084458e-01	1.325691e+00	4.298001e-01	1.798925e-01	1.610787e-01	2.902710e-01	2.739780e-01	2.083305e-01	3.912167e-02	5.089842e-02	1.123066e+00	1.118345e+00	2.229203e-01	4.648590e+00	1.413198e-08	
5.754796e-01	0.000000e+00	5.567812e-01	5.170236e-01	1.069800e+00	2.640688e-02	8.955775e-02	1.255509e-01	1.183680e-01	3.252833e-01	2.502401e-02	1.533937e-01	1.109424e+00	7.748688e-01	2.728957e-02	5.265025e-02	3.880393e+00	6.083309e-01	1.778224e-01	1.058067e+00	1.084581e-01	1.326079e+00	4.298722e-01	1.799173e-01	1.610499e-01	2.902918e-01	2.739804e-01	2.083069e-01	3.912075e-02	5.088377e-02	1.122785e+00	1.118533e+00	2.229022e-01	4.649003e+00	-4.086051e-09	
5.754796e-01	0.000000e+00	5.564950e-01	5.174636e-01	1.070117e+00	2.641451e-02	8.960860e-02	1.255364e-01	1.183485e-01	3.252824e-01	2.501849e-02	1.532307e-01	1.109494e+00	7.748937e-01	2.729438e-02	5.265182e-02	3.880610e+00	6.086560e-01	1.778592e-01	1.058365e+00	1.084484e-01	1.325722e+00	4.297648e-01	1.799061e-01	1.610764e-01	2.902245e-01	2.739619e-01	2.080410e-01	3.913138e-02	5.089269e-02	1.122985e+00	1.118303e+00	2.231806e-01	4.648742e+00	-4.208418e-09	
5.754796e-01	0.000000e+00	5.570073e-01	5.177066e-01	1.069495e+00	2.639828e-02	8.962847e-02	1.255416e-01	1.183814e-01	3.252830e-01	2.501771e-02	1.534263e-01	1.109711e+00	7.748848e-01	2.727918e-02	5.261532e-02	3.880313e+00	6.082185e-01	1.777458e-01	1.058437e+00	1.084526e-01	1.325352e+00	4.297231e-01	1.799421e-01	1.611051e-01	2.902587e-01	2.738838e-01	2.084863e-01	3.911249e-02	5.090419e-02	1.123072e+00	1.118373e+00	2.226793e-01	4.647941e+00	-1.798739e-07	
5.754796e-01	0.000000e+00	5.568687e-01	5.172129e-01	1.069563e+00	2.640026e-02	8.957893e-02	1.255412e-01	1.183476e-01	3.252835e-01	2.502475e-02	1.531448e-01	1.109656e+00	7.748856e-01	2.729287e-02	5.264818e-02	3.880573e+00	6.084598e-01	1.778617e-01	1.058499e+00	1.084611e-01	1.325975e+00	4.298876e-01	1.798603e-01	1.610789e-01	2.904109e-01	2.739073e-01	2.082815e-01	3.911815e-02	5.089826e-02	1.122901e+00	1.118420e+00	2.229231e-01	4.648900e+00	-1.212220e-08	
5.754780e-01	7.188034e-15	5.568882e-01	5.171808e-01	1.069983e+00	2.640967e-02	8.955871e-02	1.255462e-01	1.183586e-01	3.252829e-01	2.503151e-02	1.532329e-01	1.109616e+00	7.748472e-01	2.729661e-02	5.263757e-02	3.880754e+00	6.084651e-01	1.778804e-01	1.058660e+00	1.084500e-01	1.325894e+00	4.299815e-01	1.798805e-01	1.610730e-01	2.903446e-01	2.740487e-01	2.082984e-01	3.912820e-02	5.089297e-02	1.122940e+00	1.118416e+00	2.229905e-01	4.648974e+00	8.478228e-08	
5.754796e-01	0.000000e+00	5.570857e-01	5.171043e-01	1.069762e+00	2.640045e-02	8.956175e-02	1.255489e-01	1.183500e-01	3.252829e-01	2.502760e-02	1.531991e-01	1.109598e+00	7.748514e-01	2.729184e-02	5.264455e-02	3.880604e+00	6.083620e-01	1.778520e-01	1.058487e+00	1.084560e-01	1.325972e+00	4.299202e-01	1.798804e-01	1.610649e-01	2.904035e-01	2.739650e-01	2.083833e-01	3.912022e-02	5.090011e-02	1.122770e+00	1.118561e+00	2.227783e-01	4.648808e+00	-1.520185e-09	
5.754796e-01	0.000000e+00	5.563573e-01	5.173159e-01	1.070536e+00	2.641755e-02	8.955656e-02	1.255424e-01	1.184056e-01	3.252816e-01	2.502579e-02	1.534258e-01	1.109526e+00	7.748445e-01	2.729841e-02	5.264151e-02	3.880366e+00	6.085734e-01	1.777912e-01	1.058028e+00	1.084416e-01	1.325560e+00	4.297941e-01	1.799259e-01	1.610592e-01	2.901409e-01	2.741058e-01	2.081226e-01	3.914106e-02	5.088911e-02	1.122810e+00	1.118438e+00	2.231208e-01	4.649297e+00	-9.071034e-08	
5.754797e-01	0.000000e+00	5.567382e-01	5.174795e-01	1.069695e+00	2.640501e-02	8.962238e-02	1.255478e-01	1.183523e-01	3.252826e-01	2.502376e-02	1.533524e-01	1.109515e+00	7.748652e-01	2.728485e-02	5.263639e-02	3.880518e+00	6.083427e-01	1.778503e-01	1.058408e+00	1.084444e-01	1.325744e+00	4.296926e-01	1.799362e-01	1.610497e-01	2.902746e-01	2.739075e-01	2.083046e-01	3.911525e-02	5.090486e-02	1.122833e+00	1.118413e+00	2.229133e-01	4.648648e+00	-9.879533e-08	
5.754797e-01	0.000000e+00	5.566152e-01	5.173978e-01	1.069948e+00	2.640899e-02	8.960835e-02	1.255305e-01	1.183392e-01	3.252830e-01	2.501885e-02	1.531840e-01	1.109640e+00	7.748725e-01	2.729055e-02	5.264258e-02	3.880618e+00	6.084929e-01	1.778731e-01	1.058452e+00	1.084504e-01	1.325844e+00	4.297207e-01	1.798722e-01	1.610874e-01	2.902861e-01	2.739204e-01	2.081797e-01	3.912228e-02	5.089677e-02	1.122954e+00	1.118339e+00	2.230768e-01	4.648697e+00	-1.654810e-08	
5.754774e-01	1.004261e-14	5.568146e-01	5.173394e-01	1.069459e+00	2.640473e-02	8.956918e-02	1.255466e-01	1.183318e-01	3.252833e-01	2.501915e-02	1.531339e-01	1.109661e+00	7.748732e-01	2.728842e-02	5.264686e-02	3.880891e+00	6.085678e-01	1.778539e-01	1.058502e+00	1.084628e-01	1.326067e+00	4.298858e-01	1.799086e-01	1.610732e-01	2.903640e-01	2.738775e-01	2.083304e-01	3.912471e-02	5.089426e-02	1.122933e+00	1.118427e+00	2.229177e-01	4.648745e+00	1.002128e-07	
5.754797e-01	0.000000e+00	5.569133e-01	5.172209e-01	1.069835e+00	2.641059e-02	8.954790e-02	1.255511e-01	1.183145e-01	3.252836e-01	2.502636e-02	1.530129e-01	1.109500e+00	7.748839e-01	2.729149e-02	5.266373e-02	3.880862e+00	6.085917e-01	1.778910e-01	1.058448e+00	1.084588e-01	1.326160e+00	4.298873e-01	1.798468e-01	1.610568e-01	2.903676e-01	2.739300e-01	2.082412e-01	3.912143e-02	5.088306e-02	1.122778e+00	1.118571e+00	2.230345e-01	4.648634e+00	-2.079906e-08	
5.754797e-01	0.000000e+00	5.567341e-01	5.171555e-01	1.069652e+00	2.640438e-02	8.958636e-02	1.255419e-01	1.183556e-01	3.252836e-01	2.502526e-02	1.531757e-01	1.109666e+00	7.749055e-01	2.728222e-02	5.265168e-02	3.880431e+00	6.084846e-01	1.778392e-01	1.058372e+00	1.084585e-01	1.325903e+00	4.297674e-01	1.799033e-01	1.610678e-01	2.902438e-01	2.738949e-01	2.081796e-01	3.911923e-02	5.089269e-02	1.122661e+00	1.118578e+00	2.229960e-01	4.648461e+00	-2.236706e-08	
5.754797e-01	0.000000e+00	5.571801e-01	5.174288e-01	1.069666e+00	2.639818e-02	8.959786e-02	1.255382e-01	1.183878e-01	3.252827e-01	2.503386e-02	1.532640e-01	1.109904e+00	7.748377e-01	2.728939e-02	5.261589e-02	3.880572e+00	6.082782e-01	1.778265e-01	1.058651e+00	1.084435e-01	1.325571e+00	4.298779e-01	1.798817e-01	1.611027e-01	2.902997e-01	2.740332e-01	2.084905e-01	3.912143e-02	5.089925e-02	1.123143e+00	1.118322e+00	2.226927e-01	4.648554e+00	-2.346826e-09	
5.754797e-01	0.000000e+00	5.566353e-01	5.174640e-01	1.070028e+00	2.640950e-02	8.957914e-02	1.255505e-01	1.183796e-01	3.252821e-01	2.502896e-02	1.533260e-01	1.109583e+00	7.748308e-01	2.729629e-02	5.262471e-02	3.880367e+00	6.083976e-01	1.778350e-01	1.058444e+00	1.084301e-01	1.325366e+00	4.296673e-01	1.799462e-01	1.610693e-01	2.901570e-01	2.740678e-01	2.081638e-01	3.913122e-02	5.089740e-02	1.123090e+00	1.118443e+00	2.229207e-01	4.648219e+00	-9.861603e-09	
5.754797e-01	0.000000e+00	5.569122e-01	5.172778e-01	1.069737e+00	2.640320e-02	8.959425e-02	1.255347e-01	1.183860e-01	3.252834e-01	2.503198e-02	1.533424e-01	1.109790e+00	7.748598e-01	2.728282e-02	5.263506e-02	3.880135e+00	6.082929e-01	1.777976e-01	1.058302e+00	1.084465e-01	1.325659e+00	4.297711e-01	1.799372e-01	1.610870e-01	2.901899e-01	2.740749e-01	2.083438e-01	3.912319e-02	5.088084e-02	1.123024e+00	1.118253e+00	2.228812e-01	4.648732e+00	-1.196700e-08	
5.754797e-01	0.000000e+00	5.566640e-01	5.177148e-01	1.070033e+00	2.640537e-02	8.962145e-02	1.255342e-01	1.183625e-01	3.252822e-01	2.501809e-02	1.532974e-01	1.109658e+00	7.748753e-01	2.728853e-02	5.262370e-02	3.880332e+00	6.084248e-01	1.777902e-01	1.058466e+00	1.084457e-01	1.325387e+00	4.296185e-01	1.799435e-01	1.610968e-01	2.902127e-01	2.738649e-01	2.083699e-01	3.912480e-02	5.090268e-02	1.123156e+00	1.118299e+00	2.228997e-01	4.647830e+00	-2.036254e-07	
5.754797e-01	0.000000e+00	5.565391e-01	5.171992e-01	1.070230e+00	2.641535e-02	8.958814e-02	1.255466e-01	1.183882e-01	3.252827e-01	2.502625e-02	1.533465e-01	1.109538e+00	7.748786e-01	2.729021e-02	5.265763e-02	3.880417e+00	6.085175e-01	1.778181e-01	1.058071e+00	1.084513e-01	1.325852e+00	4.298481e-01	1.799123e-01	1.610575e-01	2.902389e-01	2.740100e-01	2.081416e-01	3.912585e-02	5.088833e-02	1.122694e+00	1.118457e+00	2.231393e-01	4.648916e+00	-1.435833e-08	
5.754797e-01	0.000000e+00	5.571255e-01	5.175501e-01	1.069736e+00	2.640216e-02	8.959693e-02	1.255503e-01	1.183951e-01	3.252820e-01	2.503299e-02	1.533342e-01	1.109680e+00	7.748532e-01	2.728607e-02	5.261697e-02	3.880394e+00	6.082071e-01	1.778064e-01	1.058637e+00	1.084356e-01	1.325340e+00	4.297864e-01	1.799350e-01	1.610995e-01	2.902847e-01	2.740259e-01	2.084404e-01	3.912100e-02	5.090866e-02	1.123134e+00	1.118370e+00	2.227177e-01	4.648070e+00	-6.360742e-08	
5.754798e-01	0.000000e+00	5.567174e-01	5.172280e-01	1.070162e+00	2.641170e-02	8.953674e-02	1.255583e-01	1.183778e-01	3.252827e-01	2.502647e-02	1.532342e-01	1.109458e+00	7.748621e-01	2.729980e-02	5.264423e-02	3.880680e+00	6.084723e-01	1.778336e-01	1.058432e+00	1.084545e-01	1.325761e+00	4.299059e-01	1.798882e-01	1.610727e-01	2.903507e-01	2.740260e-01	2.082388e-01	3.913284e-02	5.089906e-02	1.122853e+00	1.118610e+00	2.230057e-01	4.648649e+00	-2.134036e-07	
5.754798e-01	0.000000e+00	5.568317e-01	5.173043e-01	1.069860e+00	2.640251e-02	8.960544e-02	1.255341e-01	1.183674e-01	3.252823e-01	2.502547e-02	1.531684e-01	1.109736e+00	7.748779e-01	2.728778e-02	5.263918e-02	3.880575e+00	6.084706e-01	1.778507e-01	1.058549e+00	1.084510e-01	1.325750e+00	4.297684e-01	1.799125e-01	1.610749e-01	2.902996e-01	2.738987e-01	2.082290e-01	3.912636e-02	5.090017e-02	1.122878e+00	1.118384e+00	2.229785e-01	4.648513e+00	-2.583291e-07	
5.754798e-01	0.000000e+00	5.568141e-01	5.175182e-01	1.069749e+00	2.640566e-02	8.959514e-02	1.255455e-01	1.183395e-01	3.252829e-01	2.502250e-02	1.532381e-01	1.109511e+00	7.748592e-01	2.729055e-02	5.264297e-02	3.880708e+00	6.084092e-01	1.778405e-01	1.058471e+00	1.084474e-01	1.325740e+00	4.298318e-01	1.799105e-01	1.610836e-01	2.902746e-01	2.739462e-01	2.083671e-01	3.912117e-02	5.089416e-02	1.123067e+00	1.118352e+00	2.228940e-01	4.648499e+00	-2.611314e-07	
5.754798e-01	0.000000e+00	5.565225e-01	5.172095e-01	1.070234e+00	2.641924e-02	8.957742e-02	1.255598e-01	1.183711e-01	3.252828e-01	2.502649e-02	1.532177e-01	1.109378e+00	7.748592e-01	2.729422e-02	5.263610e-02	3.880677e+00	6.085323e-01	1.778611e-01	1.058466e+00	1.084464e-01	1.325625e+00	4.298269e-01	1.799028e-01	1.610625e-01	2.903086e-01	2.739981e-01	2.080364e-01	3.913294e-02	5.090797e-02	1.122841e+00	1.118591e+00	2.229797e-01	4.648976e+00	-3.661190e-08	
5.754798e-01	0.000000e+00	5.567715e-01	5.173318e-01	1.070117e+00	2.641020e-02	8.957853e-02	1.255535e-01	1.183843e-01	3.252821e-01	2.503096e-02	1.533588e-01	1.109605e+00	7.748411e-01	2.729774e-02	5.263066e-02	3.880247e+00	6.084205e-01	1.778281e-01	1.058411e+00	1.084443e-01	1.325616e+00	4.297535e-01	1.798967e-01	1.610778e-01	2.902066e-01	2.740562e-01	2.082349e-01	3.912956e-02	5.089696e-02	1.122977e+00	1.118505e+00	2.229340e-01	4.648418e+00	-3.502385e-08	
5.754798e-01	0.000000e+00	5.564879e-01	5.174467e-01	1.070205e+00	2.641237e-02	8.957672e-02	1.255436e-01	1.183658e-01	3.252821e-01	2.502629e-02	1.532542e-01	1.109542e+00	7.748420e-01	2.730233e-02	5.263877e-02	3.880778e+00	6.084867e-01	1.778713e-01	1.058522e+00	1.084375e-01	1.325591e+00	4.297712e-01	1.798890e-01	1.610792e-01	2.902350e-01	2.740304e-01	2.081264e-01	3.913603e-02	5.089778e-02	1.123183e+00	1.118272e+00	2.230403e-01	4.648676e+00	-4.226333e-08	
5.754774e-01	1.080195e-14	5.566340e-01	5.173306e-01	1.069902e+00	2.640228e-02	8.956278e-02	1.255386e-01	1.183583e-01	3.252828e-01	2.502447e-02	1.532490e-01	1.109627e+00	7.748577e-01	2.729642e-02	5.263852e-02	3.880763e+00	6.083962e-01	1.778735e-01	1.058690e+00	1.084571e-01	1.325849e+00	4.298182e-01	1.798993e-01	1.610772e-01	2.903001e-01	2.738691e-01	2.082955e-01	3.912974e-02	5.090617e-02	1.122921e+00	1.118389e+00	2.230416e-01	4.648575e+00	1.039324e-07	
5.754775e-01	3.402846e-15	5.567486e-01	5.174577e-01	1.069758e+00	2.640320e-02	8.960062e-02	1.255362e-01	1.183826e-01	3.252824e-01	2.502219e-02	1.533277e-01	1.109657e+00	7.748723e-01	2.728670e-02	5.263691e-02	3.880401e+00	6.083730e-01	1.778235e-01	1.058388e+00	1.084519e-01	1.325732e+00	4.297663e-01	1.799461e-01	1.610759e-01	2.902654e-01	2.739642e-01	2.082546e-01	3.912698e-02	5.090233e-02	1.122985e+00	1.118317e+00	2.229257e-01	4.648465e+00	5.833392e-08	
5.754780e-01	1.947928e-14	5.566930e-01	5.174260e-01	1.069982e+00	2.640792e-02	8.958550e-02	1.255488e-01	1.183831e-01	3.252825e-01	2.502485e-02	1.533894e-01	1.109539e+00	7.748734e-01	2.728778e-02	5.263243e-02	3.880407e+00	6.083922e-01	1.777908e-01	1.058401e+00	1.084531e-01	1.325593e+00	4.297540e-01	1.799296e-01	1.610759e-01	2.902300e-01	2.739711e-01	2.082740e-01	3.912583e-02	5.090205e-02	1.122888e+00	1.118433e+00	2.228687e-01	4.648429e+00	1.395682e-07	
5.754787e-01	6.982273e-16	5.566401e-01	5.172176e-01	1.069878e+00	2.640681e-02	8.958529e-02	1.255408e-01	1.183357e-01	3.252829e-01	2.502038e-02	1.531356e-01	1.109646e+00	7.748860e-01	2.728751e-02	5.264814e-02	3.880788e+00	6.085330e-01	1.778843e-01	1.058479e+00	1.084577e-01	1.326070e+00	4.298355e-01	1.798942e-01	1.610636e-01	2.902742e-01	2.739282e-01	2.082002e-01	3.912636e-02	5.089214e-02	1.122798e+00	1.118445e+00	2.230539e-01	4.648632e+00	2.642399e-08	
5.754784e-01	5.854004e-15	5.566469e-01	5.172399e-01	1.070029e+00	2.641279e-02	8.959350e-02	1.255451e-01	1.183545e-01	3.252827e-01	2.501675e-02	1.533030e-01	1.109513e+00	7.748696e-01	2.728982e-02	5.264407e-02	3.880646e+00	6.085381e-01	1.778502e-01	1.058312e+00	1.084591e-01	1.325991e+00	4.299025e-01	1.798928e-01	1.610574e-01	2.903733e-01	2.739365e-01	2.082106e-01	3.912327e-02	5.090057e-02	1.122690e+00	1.118506e+00	2.230194e-01	4.649245e+00	7.651146e-08	
5.754799e-01	0.000000e+00	5.569164e-01	5.171880e-01	1.069769e+00	2.640554e-02	8.959634e-02	1.255454e-01	1.183685e-01	3.252828e-01	2.502793e-02	1.532673e-01	1.109566e+00	7.748708e-01	2.728498e-02	5.263955e-02	3.880427e+00	6.084079e-01	1.778425e-01	1.058522e+00	1.084517e-01	1.325790e+00	4.298288e-01	1.799083e-01	1.610694e-01	2.902694e-01	2.740166e-01	2.081549e-01	3.912389e-02	5.089908e-02	1.122877e+00	1.118445e+00	2.229141e-01	4.648604e+00	-4.269431e-08	
5.754799e-01	0.000000e+00	5.568129e-01	5.174645e-01	1.069993e+00	2.640945e-02	8.961923e-02	1.255538e-01	1.183898e-01	3.252818e-01	2.502873e-02	1.533719e-01	1.109565e+00	7.748549e-01	2.728780e-02	5.262573e-02	3.880266e+00	6.082984e-01	1.778056e-01	1.058384e+00	1.084383e-01	1.325384e+00	4.297605e-01	1.799562e-01	1.610577e-01	2.902216e-01	2.740019e-01	2.082646e-01	3.912612e-02	5.090565e-02	1.123028e+00	1.118350e+00	2.228476e-01	4.648521e+00	-3.229031e-08	
5.754799e-01	0.000000e+00	5.564565e-01	5.172526e-01	1.069957e+00	2.641305e-02	8.957238e-02	1.255423e-01	1.183487e-01	3.252825e-01	2.502372e-02	1.531344e-01	1.109537e+00	7.748824e-01	2.729193e-02	5.265928e-02	3.880495e+00	6.086175e-01	1.778756e-01	1.058343e+00	1.084525e-01	1.325901e+00	4.299072e-01	1.798974e-01	1.610540e-01	2.903453e-01	2.739469e-01	2.081453e-01	3.912814e-02	5.089497e-02	1.122789e+00	1.118475e+00	2.232256e-01	4.649067e+00	-4.901706e-08	
5.754799e-01	0.000000e+00	5.566389e-01	5.173516e-01	1.069926e+00	2.640776e-02	8.959452e-02	1.255438e-01	1.183755e-01	3.252825e-01	2.502080e-02	1.532073e-01	1.109579e+00	7.748792e-01	2.728930e-02	5.264201e-02	3.880389e+00	6.084616e-01	1.778197e-01	1.058217e+00	1.084479e-01	1.325651e+00	4.296775e-01	1.799071e-01	1.610712e-01	2.902407e-01	2.739707e-01	2.081612e-01	3.912739e-02	5.089106e-02	1.122882e+00	1.118462e+00	2.230380e-01	4.648479e+00	-5.678898e-08	
5.754799e-01	0.000000e+00	5.565472e-01	5.176722e-01	1.070124e+00	2.641079e-02	8.960018e-02	1.255385e-01	1.183608e-01	3.252820e-01	2.502450e-02	1.533200e-01	1.109638e+00	7.748530e-01	2.729626e-02	5.263329e-02	3.880490e+00	6.084587e-01	1.778371e-01	1.058432e+00	1.084263e-01	1.325288e+00	4.296522e-01	1.799668e-01	1.610897e-01	2.901187e-01	2.739592e-01	2.081574e-01	3.912913e-02	5.089589e-02	1.123101e+00	1.118218e+00	2.230777e-01	4.648458e+00	-2.656302e-07	
5.754799e-01	0.000000e+00	5.571410e-01	5.175011e-01	1.069573e+00	2.640304e-02	8.959850e-02	1.255543e-01	1.183797e-01	3.252827e-01	2.502792e-02	1.533457e-01	1.109667e+00	7.748695e-01	2.728157e-02	5.262811e-02	3.880049e+00	6.082994e-01	1.777712e-01	1.058372e+00	1.084522e-01	1.325582e+00	4.298092e-01	1.799547e-01	1.610809e-01	2.903115e-01	2.740206e-01	2.084902e-01	3.911554e-02	5.089293e-02	1.123134e+00	1.118343e+00	2.226597e-01	4.648236e+00	-2.642747e-07	
5.754799e-01	0.000000e+00	5.568780e-01	5.173214e-01	1.069944e+00	2.640632e-02	8.957723e-02	1.255435e-01	1.183899e-01	3.252827e-01	2.503173e-02	1.533234e-01	1.109668e+00	7.748731e-01	2.728559e-02	5.263887e-02	3.880334e+00	6.083449e-01	1.778398e-01	1.058400e+00	1.084455e-01	1.325688e+00	4.298699e-01	1.799110e-01	1.610490e-01	2.902977e-01	2.739504e-01	2.084271e-01	3.911953e-02	5.090257e-02	1.122785e+00	1.118468e+00	2.228985e-01	4.648849e+00	-2.397025e-07	
5.754771e-01	1.790227e-14	5.570827e-01	5.172639e-01	1.069708e+00	2.639405e-02	8.957074e-02	1.255400e-01	1.183862e-01	3.252828e-01	2.503300e-02	1.533529e-01	1.109757e+00	7.748453e-01	2.728816e-02	5.263138e-02	3.880307e+00	6.082136e-01	1.778313e-01	1.058404e+00	1.084521e-01	1.325926e+00	4.298363e-01	1.798846e-01	1.610693e-01	2.902851e-01	2.739863e-01	2.084940e-01	3.911286e-02	5.089658e-02	1.122789e+00	1.118492e+00	2.228228e-01	4.648143e+00	1.337994e-07	
5.754782e-01	3.472896e-14	5.567260e-01	5.173421e-01	1.069865e+00	2.640534e-02	8.959998e-02	1.255236e-01	1.183137e-01	3.252825e-01	2.502291e-02	1.529905e-01	1.109829e+00	7.748661e-01	2.729445e-02	5.264801e-02	3.880909e+00	6.086062e-01	1.779482e-01	1.058685e+00	1.084477e-01	1.326099e+00	4.298075e-01	1.798930e-01	1.610882e-01	2.902962e-01	2.739261e-01	2.081588e-01	3.912764e-02	5.089168e-02	1.123009e+00	1.118254e+00	2.231736e-01	4.648558e+00	1.863571e-07	
5.754799e-01	0.000000e+00	5.567265e-01	5.174994e-01	1.069988e+00	2.641027e-02	8.959414e-02	1.255603e-01	1.184023e-01	3.252821e-01	2.502196e-02	1.534538e-01	1.109430e+00	7.748659e-01	2.728486e-02	5.262396e-02	3.880394e+00	6.083208e-01	1.777646e-01	1.058262e+00	1.084483e-01	1.325390e+00	4.297665e-01	1.799432e-01	1.610696e-01	2.902638e-01	2.739202e-01	2.082335e-01	3.912112e-02	5.090590e-02	1.122979e+00	1.118402e+00	2.227378e-01	4.648574e+00	-2.647968e-08	
5.754799e-01	0.000000e+00	5.570774e-01	5.175545e-01	1.069996e+00	2.640585e-02	8.957375e-02	1.255509e-01	1.183842e-01	3.252815e-01	2.503075e-02	1.533877e-01	1.109477e+00	7.748308e-01	2.729241e-02	5.261364e-02	3.880408e+00	6.082732e-01	1.778244e-01	1.058490e+00	1.084353e-01	1.325459e+00	4.297559e-01	1.799331e-01	1.610753e-01	2.902575e-01	2.740665e-01	2.083734e-01	3.912422e-02	5.090613e-02	1.123147e+00	1.118376e+00	2.227741e-01	4.648492e+00	-4.760561e-08	
5.754788e-01	1.114026e-14	5.563662e-01	5.172810e-01	1.070218e+00	2.641335e-02	8.958724e-02	1.255517e-01	1.183907e-01	3.252819e-01	2.501619e-02	1.533941e-01	1.109253e+00	7.748819e-01	2.729070e-02	5.264531e-02	3.880362e+00	6.085106e-01	1.777878e-01	1.058122e+00	1.084543e-01	1.325585e+00	4.297367e-01	1.799442e-01	1.610533e-01	2.902772e-01	2.739863e-01	2.081942e-01	3.912536e-02	5.090293e-02	1.122719e+00	1.118551e+00	2.230253e-01	4.648768e+00	1.055474e-07	
5.754788e-01	1.098653e-14	5.568541e-01	5.172081e-01	1.069832e+00	2.640998e-02	8.957215e-02	1.255552e-01	1.183890e-01	3.252833e-01	2.502805e-02	1.532878e-01	1.109450e+00	7.748914e-01	2.728728e-02	5.264805e-02	3.880280e+00	6.084422e-01	1.778064e-01	1.058271e+00	1.084496e-01	1.325609e+00	4.298331e-01	1.798834e-01	1.610632e-01	2.903154e-01	2.740692e-01	2.082208e-01	3.912138e-02	5.089171e-02	1.122902e+00	1.118477e+00	2.228211e-01	4.648640e+00	1.048167e-07	
5.754785e-01	1.866750e-14	5.567122e-01	5.174213e-01	1.070056e+00	2.641095e-02	8.959222e-02	1.255437e-01	1.183662e-01	3.252821e-01	2.502979e-02	1.533614e-01	1.109435e+00	7.748741e-01	2.728911e-02	5.264468e-02	3.880343e+00	6.084132e-01	1.778569e-01	1.058474e+00	1.084415e-01	1.325564e+00	4.297898e-01	1.799053e-01	1.610615e-01	2.902873e-01	2.740423e-01	2.081775e-01	3.912362e-02	5.090145e-02	1.122779e+00	1.118445e+00	2.231025e-01	4.648622e+00	1.366291e-07	
5.754799e-01	0.000000e+00	5.567835e-01	5.173511e-01	1.069899e+00	2.640468e-02	8.956533e-02	1.255450e-01	1.183481e-01	3.252828e-01	2.502343e-02	1.532319e-01	1.109608e+00	7.748592e-01	2.729596e-02	5.263097e-02	3.880752e+00	6.084365e-01	1.778814e-01	1.058744e+00	1.084590e-01	1.325876e+00	4.299284e-01	1.798723e-01	1.610809e-01	2.904016e-01	2.739331e-01	2.083587e-01	3.912422e-02	5.090637e-02	1.122958e+00	1.118444e+00	2.229426e-01	4.648953e+00	-4.600804e-08	
5.754789e-01	8.013010e-17	5.570682e-01	5.172878e-01	1.069434e+00	2.640215e-02	8.956515e-02	1.255592e-01	1.183221e-01	3.252837e-01	2.502934e-02	1.530602e-01	1.109495e+00	7.748872e-01	2.728815e-02	5.265455e-02	3.880701e+00	6.084518e-01	1.778792e-01	1.058620e+00	1.084549e-01	1.325967e+00	4.298708e-01	1.798305e-01	1.610713e-01	2.904180e-01	2.739490e-01	2.083057e-01	3.911897e-02	5.089416e-02	1.122835e+00	1.118595e+00	2.228517e-01	4.648334e+00	8.951542e-09	
5.754799e-01	0.000000e+00	5.565650e-01	5.173122e-01	1.070021e+00	2.640997e-02	8.959641e-02	1.255330e-01	1.183667e-01	3.252822e-01	2.502510e-02	1.532442e-01	1.109676e+00	7.748436e-01	2.729292e-02	5.263070e-02	3.880669e+00	6.085355e-01	1.778713e-01	1.058600e+00	1.084488e-01	1.325727e+00	4.298586e-01	1.798780e-01	1.610745e-01	2.903257e-01	2.740551e-01	2.082826e-01	3.913730e-02	5.090296e-02	1.122949e+00	1.118435e+00	2.230633e-01	4.649247e+00	-1.361006e-07	
5.754800e-01	0.000000e+00	5.569623e-01	5.175513e-01	1.069788e+00	2.640139e-02	8.961966e-02	1.255332e-01	1.183439e-01	3.252822e-01	2.502880e-02	1.532141e-01	1.109830e+00	7.748374e-01	2.729399e-02	5.261999e-02	3.880396e+00	6.083492e-01	1.778603e-01	1.058719e+00	1.084405e-01	1.325563e+00	4.297500e-01	1.799311e-01	1.610908e-01	2.902798e-01	2.739957e-01	2.083965e-01	3.912002e-02	5.090096e-02	1.123213e+00	1.118235e+00	2.228135e-01	4.648464e+00	-4.454573e-08	
5.754790e-01	2.840081e-16	5.569879e-01	5.173329e-01	1.069779e+00	2.640540e-02	8.957778e-02	1.255478e-01	1.184193e-01	3.252820e-01	2.503844e-02	1.532247e-01	1.109879e+00	7.748309e-01	2.728565e-02	5.261497e-02	3.880543e+00	6.083217e-01	1.778278e-01	1.058633e+00	1.084377e-01	1.325460e+00	4.298654e-01	1.799325e-01	1.610992e-01	2.902795e-01	2.740948e-01	2.083907e-01	3.912498e-02	5.090448e-02	1.122963e+00	1.118468e+00	2.228553e-01	4.648560e+00	1.685254e-08	
5.754788e-01	7.101891e-16	5.560916e-01	5.173012e-01	1.070612e+00	2.641832e-02	8.959053e-02	1.255409e-01	1.184101e-01	3.252822e-01	2.501388e-02	1.534409e-01	1.109336e+00	7.748722e-01	2.729860e-02	5.264868e-02	3.880491e+00	6.085596e-01	1.777911e-01	1.058008e+00	1.084508e-01	1.325654e+00	4.296977e-01	1.799202e-01	1.610468e-01	2.901287e-01	2.739933e-01	2.079563e-01	3.913606e-02	5.089032e-02	1.122610e+00	1.118574e+00	2.232073e-01	4.648951e+00	2.664937e-08	
5.754800e-01	0.000000e+00	5.564946e-01	5.173730e-01	1.070288e+00	2.641403e-02	8.957818e-02	1.255491e-01	1.183743e-01	3.252820e-01	2.502004e-02	1.533582e-01	1.109356e+00	7.748569e-01	2.729832e-02	5.264299e-02	3.880400e+00	6.085117e-01	1.778236e-01	1.058184e+00	1.084428e-01	1.325587e+00	4.296808e-01	1.799376e-01	1.610610e-01	2.902442e-01	2.739658e-01	2.081160e-01	3.913591e-02	5.090136e-02	1.122925e+00	1.118476e+00	2.231223e-01	4.648526e+00	-6.314836e-08	
5.754800e-01	0.000000e+00	5.571275e-01	5.173557e-01	1.069564e+00	2.640201e-02	8.958850e-02	1.255506e-01	1.183482e-01	3.252830e-01	2.502576e-02	1.530207e-01	1.109810e+00	7.748838e-01	2.728381e-02	5.263719e-02	3.880636e+00	6.083720e-01	1.778343e-01	1.058528e+00	1.084549e-01	1.325866e+00	4.298588e-01	1.799079e-01	1.610924e-01	2.903133e-01	2.739218e-01	2.082835e-01	3.912487e-02	5.089667e-02	1.123148e+00	1.118374e+00	2.227748e-01	4.647863e+00	-6.202849e-08	
5.754800e-01	0.000000e+00	5.567747e-01	5.170985e-01	1.070020e+00	2.641704e-02	8.953591e-02	1.255643e-01	1.183601e-01	3.252828e-01	2.502727e-02	1.531780e-01	1.109469e+00	7.748637e-01	2.729585e-02	5.265317e-02	3.880710e+00	6.085664e-01	1.778586e-01	1.058281e+00	1.084490e-01	1.325962e+00	4.299074e-01	1.798610e-01	1.610629e-01	2.903135e-01	2.740404e-01	2.081327e-01	3.912861e-02	5.088945e-02	1.122862e+00	1.118572e+00	2.229824e-01	4.648911e+00	-6.079322e-08	
5.754796e-01	3.181418e-17	5.566589e-01	5.174186e-01	1.070108e+00	2.641216e-02	8.957794e-02	1.255410e-01	1.183898e-01	3.252811e-01	2.503282e-02	1.532809e-01	1.109735e+00	7.748253e-01	2.729449e-02	5.262294e-02	3.880642e+00	6.084724e-01	1.778386e-01	1.058542e+00	1.084335e-01	1.325393e+00	4.298831e-01	1.799555e-01	1.610884e-01	2.902273e-01	2.740870e-01	2.082643e-01	3.913718e-02	5.089962e-02	1.123138e+00	1.118313e+00	2.230024e-01	4.648836e+00	5.640406e-09	
5.754800e-01	0.000000e+00	5.569540e-01	5.173369e-01	1.069953e+00	2.640772e-02	8.959394e-02	1.255577e-01	1.183773e-01	3.252825e-01	2.502471e-02	1.533664e-01	1.109495e+00	7.748507e-01	2.728777e-02	5.262484e-02	3.880262e+00	6.084204e-01	1.778015e-01	1.058352e+00	1.084489e-01	1.325633e+00	4.297232e-01	1.799658e-01	1.610755e-01	2.903242e-01	2.740405e-01	2.083604e-01	3.912929e-02	5.090458e-02	1.122976e+00	1.118449e+00	2.228019e-01	4.648615e+00	-5.039367e-08	
5.754800e-01	0.000000e+00	5.565989e-01	5.174335e-01	1.069972e+00	2.640630e-02	8.960853e-02	1.255320e-01	1.183437e-01	3.252827e-01	2.501581e-02	1.533173e-01	1.109575e+00	7.748785e-01	2.729087e-02	5.264287e-02	3.880655e+00	6.084136e-01	1.778576e-01	1.058476e+00	1.084549e-01	1.325823e+00	4.297091e-01	1.799234e-01	1.610778e-01	2.902851e-01	2.738814e-01	2.082617e-01	3.912728e-02	5.089664e-02	1.122839e+00	1.118394e+00	2.231240e-01	4.648691e+00	-6.122704e-08	
5.754795e-01	3.861578e-17	5.564616e-01	5.172975e-01	1.070140e+00	2.641598e-02	8.956344e-02	1.255488e-01	1.183594e-01	3.252826e-01	2.501830e-02	1.532170e-01	1.109513e+00	7.748550e-01	2.729827e-02	5.264939e-02	3.880764e+00	6.086146e-01	1.778604e-01	1.058224e+00	1.084543e-01	1.326034e+00	4.297540e-01	1.799063e-01	1.610703e-01	2.902274e-01	2.739707e-01	2.080789e-01	3.913451e-02	5.088799e-02	1.122897e+00	1.118520e+00	2.230480e-01	4.648874e+00	6.214160e-09	
5.754800e-01	0.000000e+00	5.567990e-01	5.173468e-01	1.069982e+00	2.641093e-02	8.957623e-02	1.255561e-01	1.183960e-01	3.252827e-01	2.502966e-02	1.534326e-01	1.109489e+00	7.748640e-01	2.728541e-02	5.262289e-02	3.880255e+00	6.083707e-01	1.777813e-01	1.058343e+00	1.084482e-01	1.325436e+00	4.298332e-01	1.799463e-01	1.610582e-01	2.902811e-01	2.740774e-01	2.083083e-01	3.912543e-02	5.090210e-02	1.122899e+00	1.118498e+00	2.228648e-01	4.648774e+00	-5.940118e-08	
5.754785e-01	3.728501e-15	5.567775e-01	5.171209e-01	1.069966e+00	2.640956e-02	8.956764e-02	1.255493e-01	1.183720e-01	3.252832e-01	2.502906e-02	1.531738e-01	1.109636e+00	7.748502e-01	2.729442e-02	5.264479e-02	3.880888e+00	6.084894e-01	1.778659e-01	1.058486e+00	1.084498e-01	1.325964e+00	4.298844e-01	1.798774e-01	1.610840e-01	2.902905e-01	2.740597e-01	2.082773e-01	3.912990e-02	5.088831e-02	1.122967e+00	1.118411e+00	2.229516e-01	4.648741e+00	6.106145e-08	
5.754800e-01	0.000000e+00	5.568764e-01	5.171901e-01	1.070128e+00	2.641481e-02	8.955705e-02	1.255545e-01	1.183375e-01	3.252823e-01	2.503324e-02	1.531411e-01	1.109582e+00	7.748433e-01	2.729414e-02	5.263737e-02	3.880736e+00	6.085642e-01	1.779008e-01	1.058654e+00	1.084488e-01	1.325940e+00	4.299110e-01	1.798911e-01	1.610634e-01	2.903773e-01	2.740452e-01	2.081665e-01	3.913099e-02	5.089725e-02	1.123034e+00	1.118418e+00	2.228333e-01	4.648927e+00	-1.740019e-07	
5.754800e-01	0.000000e+00	5.563026e-01	5.172823e-01	1.070321e+00	2.641352e-02	8.958809e-02	1.255326e-01	1.183713e-01	3.252824e-01	2.502769e-02	1.533107e-01	1.109577e+00	7.748452e-01	2.730259e-02	5.263780e-02	3.880552e+00	6.084724e-01	1.778686e-01	1.058362e+00	1.084404e-01	1.325683e+00	4.298737e-01	1.799026e-01	1.610650e-01	2.902157e-01	2.740664e-01	2.081870e-01	3.913258e-02	5.089617e-02	1.122915e+00	1.118366e+00	2.232581e-01	4.649384e+00	-1.949111e-08	
5.754789e-01	1.079566e-14	5.573228e-01	5.173542e-01	1.069585e+00	2.639773e-02	8.958015e-02	1.255505e-01	1.183578e-01	3.252824e-01	2.503234e-02	1.531555e-01	1.109791e+00	7.748379e-01	2.729033e-02	5.262052e-02	3.880632e+00	6.083138e-01	1.778682e-01	1.058819e+00	1.084461e-01	1.325735e+00	4.298059e-01	1.799016e-01	1.611002e-01	2.904120e-01	2.739561e-01	2.084511e-01	3.912193e-02	5.091325e-02	1.123194e+00	1.118346e+00	2.225578e-01	4.648237e+00	1.039021e-07	
5.754790e-01	2.390206e-15	5.566997e-01	5.173179e-01	1.070196e+00	2.640653e-02	8.956449e-02	1.255389e-01	1.183639e-01	3.252825e-01	2.502559e-02	1.534072e-01	1.109511e+00	7.748564e-01	2.729610e-02	5.263616e-02	3.880442e+00	6.084075e-01	1.778623e-01	1.058512e+00	1.084516e-01	1.325821e+00	4.298865e-01	1.799039e-01	1.610438e-01	2.903441e-01	2.739920e-01	2.082885e-01	3.912794e-02	5.090482e-02	1.122823e+00	1.118458e+00	2.230573e-01	4.648756e+00	4.888973e-08	
5.754800e-01	0.000000e+00	5.569393e-01	5.173959e-01	1.069738e+00	2.640802e-02	8.962835e-02	1.255430e-01	1.183717e-01	3.252828e-01	2.502099e-02	1.532513e-01	1.109711e+00	7.748777e-01	2.728214e-02	5.263291e-02	3.880425e+00	6.084729e-01	1.778072e-01	1.058430e+00	1.084472e-01	1.325576e+00	4.296869e-01	1.799572e-01	1.610889e-01	2.902532e-01	2.739936e-01	2.082103e-01	3.912744e-02	5.089287e-02	1.123050e+00	1.118366e+00	2.228791e-01	4.648133e+00	-6.226876e-08	
5.754800e-01	0.000000e+00	5.566075e-01	5.173171e-01	1.070088e+00	2.641227e-02	8.955360e-02	1.255537e-01	1.183527e-01	3.252827e-01	2.502623e-02	1.532562e-01	1.109455e+00	7.748636e-01	2.729667e-02	5.265543e-02	3.880667e+00	6.085624e-01	1.778606e-01	1.058327e+00	1.084555e-01	1.325982e+00	4.298515e-01	1.798884e-01	1.610626e-01	2.902830e-01	2.739568e-01	2.081165e-01	3.912850e-02	5.089396e-02	1.122869e+00	1.118458e+00	2.230787e-01	4.648748e+00	-7.212228e-08	
5.754781e-01	1.336532e-14	5.566995e-01	5.173874e-01	1.069844e+00	2.640368e-02	8.960978e-02	1.255370e-01	1.183512e-01	3.252824e-01	2.502436e-02	1.533607e-01	1.109682e+00	7.748695e-01	2.728774e-02	5.263869e-02	3.880607e+00	6.084600e-01	1.778441e-01	1.058511e+00	1.084574e-01	1.325813e+00	4.298770e-01	1.798970e-01	1.610648e-01	2.903122e-01	2.739481e-01	2.083446e-01	3.912158e-02	5.090358e-02	1.122780e+00	1.118374e+00	2.230345e-01	4.648771e+00	1.156085e-07	
5.754801e-01	0.000000e+00	5.570764e-01	5.174108e-01	1.069769e+00	2.640514e-02	8.957392e-02	1.255582e-01	1.183763e-01	3.252828e-01	2.503396e-02	1.532124e-01	1.109640e+00	7.748542e-01	2.729198e-02	5.263021e-02	3.880365e+00	6.083895e-01	1.778378e-01	1.058527e+00	1.084410e-01	1.325533e+00	4.298282e-01	1.798859e-01	1.610754e-01	2.903127e-01	2.740411e-01	2.084205e-01	3.912175e-02	5.089251e-02	1.123111e+00	1.118446e+00	2.227812e-01	4.648274e+00	-7.351895e-08	
5.754793e-01	3.887675e-15	5.572421e-01	5.174565e-01	1.069591e+00	2.640285e-02	8.959231e-02	1.255544e-01	1.183863e-01	3.252828e-01	2.503182e-02	1.533925e-01	1.109760e+00	7.748460e-01	2.728528e-02	5.261330e-02	3.880590e+00	6.082631e-01	1.778233e-01	1.058721e+00	1.084440e-01	1.325506e+00	4.298979e-01	1.799512e-01	1.611048e-01	2.903251e-01	2.740301e-01	2.085113e-01	3.912040e-02	5.090418e-02	1.123258e+00	1.118202e+00	2.225891e-01	4.648704e+00	6.235122e-08	
5.754789e-01	6.804158e-15	5.566223e-01	5.173906e-01	1.070219e+00	2.641217e-02	8.957433e-02	1.255502e-01	1.184100e-01	3.252823e-01	2.501891e-02	1.533453e-01	1.109579e+00	7.748655e-01	2.729133e-02	5.262960e-02	3.880515e+00	6.084647e-01	1.777740e-01	1.058052e+00	1.084492e-01	1.325611e+00	4.297429e-01	1.799644e-01	1.610750e-01	2.902126e-01	2.739868e-01	2.082737e-01	3.913567e-02	5.088858e-02	1.123059e+00	1.118368e+00	2.228944e-01	4.648518e+00	8.248732e-08	
5.754796e-01	1.103204e-16	5.568735e-01	5.174996e-01	1.069305e+00	2.639802e-02	8.966390e-02	1.255331e-01	1.183221e-01	3.252831e-01	2.501855e-02	1.531172e-01	1.109679e+00	7.749078e-01	2.727836e-02	5.263968e-02	3.880379e+00	6.084840e-01	1.778351e-01	1.058707e+00	1.084611e-01	1.325680e+00	4.296640e-01	1.799297e-01	1.610916e-01	2.903717e-01	2.739334e-01	2.082663e-01	3.911737e-02	5.090442e-02	1.123101e+00	1.118309e+00	2.228495e-01	4.647828e+00	1.050335e-08	
5.754780e-01	1.342733e-14	5.567926e-01	5.173983e-01	1.069997e+00	2.641018e-02	8.958306e-02	1.255512e-01	1.183802e-01	3.252826e-01	2.502540e-02	1.532127e-01	1.109595e+00	7.748808e-01	2.728746e-02	5.263864e-02	3.880323e+00	6.084469e-01	1.777936e-01	1.058132e+00	1.084425e-01	1.325687e+00	4.297977e-01	1.799433e-01	1.610733e-01	2.901572e-01	2.740422e-01	2.081562e-01	3.912746e-02	5.088719e-02	1.122921e+00	1.118392e+00	2.229639e-01	4.648375e+00	1.158763e-07	
5.754796e-01	4.375934e-19	5.567524e-01	5.172599e-01	1.070106e+00	2.640524e-02	8.955192e-02	1.255488e-01	1.184078e-01	3.252824e-01	2.503103e-02	1.534105e-01	1.109578e+00	7.748638e-01	2.728903e-02	5.263216e-02	3.880102e+00	6.083365e-01	1.777754e-01	1.058244e+00	1.084458e-01	1.325437e+00	4.297716e-01	1.799147e-01	1.610642e-01	2.902389e-01	2.740011e-01	2.084054e-01	3.912168e-02	5.089561e-02	1.122713e+00	1.118584e+00	2.228507e-01	4.648640e+00	6.615084e-10	
5.754791e-01	4.303521e-15	5.563277e-01	5.172127e-01	1.070223e+00	2.641175e-02	8.958025e-02	1.255353e-01	1.183550e-01	3.252829e-01	2.501913e-02	1.533247e-01	1.109537e+00	7.748624e-01	2.729961e-02	5.264556e-02	3.880547e+00	6.085057e-01	1.778623e-01	1.058382e+00	1.084553e-01	1.325832e+00	4.298186e-01	1.798988e-01	1.610622e-01	2.902523e-01	2.739192e-01	2.081987e-01	3.913335e-02	5.089680e-02	1.122775e+00	1.118449e+00	2.232739e-01	4.649180e+00	6.560123e-08	
5.754781e-01	3.642328e-14	5.566830e-01	5.172125e-01	1.069971e+00	2.640931e-02	8.957374e-02	1.255453e-01	1.183342e-01	3.252830e-01	2.502210e-02	1.531774e-01	1.109468e+00	7.748642e-01	2.729468e-02	5.264928e-02	3.880694e+00	6.085043e-01	1.778859e-01	1.058448e+00	1.084555e-01	1.326080e+00	4.299129e-01	1.798873e-01	1.610643e-01	2.903252e-01	2.739510e-01	2.082028e-01	3.912792e-02	5.089509e-02	1.122808e+00	1.118501e+00	2.230677e-01	4.648904e+00	1.908488e-07	
5.754801e-01	0.000000e+00	5.566339e-01	5.172579e-01	1.069968e+00	2.640988e-02	8.956020e-02	1.255555e-01	1.183384e-01	3.252832e-01	2.502173e-02	1.530963e-01	1.109477e+00	7.748665e-01	2.729874e-02	5.265901e-02	3.880867e+00	6.086052e-01	1.778733e-01	1.058368e+00	1.084535e-01	1.325998e+00	4.298009e-01	1.798839e-01	1.610751e-01	2.903405e-01	2.739243e-01	2.081188e-01	3.913007e-02	5.089205e-02	1.122978e+00	1.118415e+00	2.230176e-01	4.648582e+00	-7.706714e-08	
5.754801e-01	0.000000e+00	5.561389e-01	5.170399e-01	1.070531e+00	2.642489e-02	8.951695e-02	1.255572e-01	1.183571e-01	3.252829e-01	2.501972e-02	1.532633e-01	1.109247e+00	7.748505e-01	2.730650e-02	5.266550e-02	3.881038e+00	6.087497e-01	1.778848e-01	1.058141e+00	1.084488e-01	1.326014e+00	4.297998e-01	1.798632e-01	1.610465e-01	2.902270e-01	2.739712e-01	2.080109e-01	3.914183e-02	5.088984e-02	1.122726e+00	1.118601e+00	2.232369e-01	4.649511e+00	-7.953179e-08	
5.754801e-01	0.000000e+00	5.568872e-01	5.173834e-01	1.069896e+00	2.640048e-02	8.959738e-02	1.255396e-01	1.183814e-01	3.252823e-01	2.502186e-02	1.533899e-01	1.109661e+00	7.748659e-01	2.728747e-02	5.262933e-02	3.880138e+00	6.082981e-01	1.777852e-01	1.058487e+00	1.084592e-01	1.325621e+00	4.297413e-01	1.799494e-01	1.610870e-01	2.902949e-01	2.739248e-01	2.084175e-01	3.912121e-02	5.090214e-02	1.122838e+00	1.118458e+00	2.228817e-01	4.648457e+00	-6.975595e-08	
5.754801e-01	0.000000e+00	5.564899e-01	5.173218e-01	1.070346e+00	2.641279e-02	8.957565e-02	1.255443e-01	1.183750e-01	3.252821e-01	2.502166e-02	1.533050e-01	1.109451e+00	7.748512e-01	2.729681e-02	5.263760e-02	3.880736e+00	6.084757e-01	1.778578e-01	1.058409e+00	1.084455e-01	1.325688e+00	4.298589e-01	1.799035e-01	1.610609e-01	2.902992e-01	2.739694e-01	2.082602e-01	3.913347e-02	5.089967e-02	1.122765e+00	1.118501e+00	2.230757e-01	4.649340e+00	-2.684500e-07	
5.754802e-01	0.000000e+00	5.568999e-01	5.175834e-01	1.069569e+00	2.640091e-02	8.963283e-02	1.255343e-01	1.183228e-01	3.252828e-01	2.502550e-02	1.532018e-01	1.109714e+00	7.748907e-01	2.728700e-02	5.263996e-02	3.880657e+00	6.084464e-01	1.778786e-01	1.058834e+00	1.084467e-01	1.325606e+00	4.297957e-01	1.799006e-01	1.610943e-01	2.903428e-01	2.739021e-01	2.083762e-01	3.912123e-02	5.090959e-02	1.123060e+00	1.118313e+00	2.229074e-01	4.648251e+00	-2.950210e-07	
5.754802e-01	0.000000e+00	5.565474e-01	5.173735e-01	1.069931e+00	2.640354e-02	8.959664e-02	1.255298e-01	1.183471e-01	3.252825e-01	2.502306e-02	1.532570e-01	1.109604e+00	7.748853e-01	2.729152e-02	5.264418e-02	3.880433e+00	6.085000e-01	1.778627e-01	1.058435e+00	1.084514e-01	1.325788e+00	4.296855e-01	1.798755e-01	1.610709e-01	2.902704e-01	2.739402e-01	2.081556e-01	3.912895e-02	5.089366e-02	1.122691e+00	1.118530e+00	2.232194e-01	4.648636e+00	-7.304524e-08	
5.754802e-01	0.000000e+00	5.565071e-01	5.172855e-01	1.070051e+00	2.641070e-02	8.960514e-02	1.255456e-01	1.183748e-01	3.252826e-01	2.501999e-02	1.533193e-01	1.109429e+00	7.748954e-01	2.728665e-02	5.264889e-02	3.880300e+00	6.084295e-01	1.778038e-01	1.058217e+00	1.084555e-01	1.325622e+00	4.298131e-01	1.799232e-01	1.610538e-01	2.902633e-01	2.739732e-01	2.081653e-01	3.911916e-02	5.089470e-02	1.122739e+00	1.118488e+00	2.229881e-01	4.648806e+00	-9.619953e-08	
5.754802e-01	0.000000e+00	5.569739e-01	5.173842e-01	1.069959e+00	2.640809e-02	8.957499e-02	1.255530e-01	1.183721e-01	3.252819e-01	2.503361e-02	1.532305e-01	1.109672e+00	7.748440e-01	2.729369e-02	5.262874e-02	3.880418e+00	6.084331e-01	1.778401e-01	1.058565e+00	1.084429e-01	1.325641e+00	4.298037e-01	1.799059e-01	1.610780e-01	2.902668e-01	2.740519e-01	2.082053e-01	3.912784e-02	5.090029e-02	1.122970e+00	1.118520e+00	2.228990e-01	4.648278e+00	-3.113067e-07	
5.754789e-01	6.922044e-15	5.563892e-01	5.172094e-01	1.070409e+00	2.641902e-02	8.954628e-02	1.255568e-01	1.184056e-01	3.252822e-01	2.503200e-02	1.532817e-01	1.109480e+00	7.748506e-01	2.729713e-02	5.264971e-02	3.880483e+00	6.085330e-01	1.778342e-01	1.058155e+00	1.084433e-01	1.325680e+00	4.298344e-01	1.798987e-01	1.610500e-01	2.902068e-01	2.740758e-01	2.080603e-01	3.913733e-02	5.089168e-02	1.122819e+00	1.118538e+00	2.230854e-01	4.648818e+00	8.319882e-08	
5.754792e-01	4.586594e-15	5.569059e-01	5.176427e-01	1.069654e+00	2.640018e-02	8.964627e-02	1.255369e-01	1.183618e-01	3.252827e-01	2.502157e-02	1.533193e-01	1.109698e+00	7.748777e-01	2.728273e-02	5.261946e-02	3.880423e+00	6.083300e-01	1.778018e-01	1.058668e+00	1.084492e-01	1.325394e+00	4.297158e-01	1.799491e-01	1.611082e-01	2.902729e-01	2.739440e-01	2.084061e-01	3.911647e-02	5.090683e-02	1.123187e+00	1.118173e+00	2.227896e-01	4.648156e+00	6.772440e-08	
5.754802e-01	0.000000e+00	5.566027e-01	5.174824e-01	1.069916e+00	2.640801e-02	8.958359e-02	1.255446e-01	1.183734e-01	3.252829e-01	2.501910e-02	1.533758e-01	1.109401e+00	7.748941e-01	2.728592e-02	5.263592e-02	3.880406e+00	6.084514e-01	1.778003e-01	1.058365e+00	1.084510e-01	1.325426e+00	4.296513e-01	1.799222e-01	1.610745e-01	2.902967e-01	2.739688e-01	2.081846e-01	3.911953e-02	5.090271e-02	1.122844e+00	1.118490e+00	2.229753e-01	4.648380e+00	-9.042229e-08	
5.754803e-01	0.000000e+00	5.569126e-01	5.174710e-01	1.069926e+00	2.640910e-02	8.960275e-02	1.255657e-01	1.183990e-01	3.252820e-01	2.502854e-02	1.533414e-01	1.109470e+00	7.748545e-01	2.728796e-02	5.261408e-02	3.880174e+00	6.082772e-01	1.777779e-01	1.058288e+00	1.084359e-01	1.325273e+00	4.297333e-01	1.799700e-01	1.610785e-01	2.902394e-01	2.740616e-01	2.082595e-01	3.912534e-02	5.090502e-02	1.123178e+00	1.118454e+00	2.226507e-01	4.648093e+00	-9.891436e-08	
5.754803e-01	0.000000e+00	5.564430e-01	5.173011e-01	1.070186e+00	2.641277e-02	8.960347e-02	1.255334e-01	1.183245e-01	3.252828e-01	2.501299e-02	1.532138e-01	1.109411e+00	7.748783e-01	2.729516e-02	5.265347e-02	3.880619e+00	6.085738e-01	1.778412e-01	1.058184e+00	1.084480e-01	1.325825e+00	4.297470e-01	1.799219e-01	1.610778e-01	2.902376e-01	2.739442e-01	2.081450e-01	3.913389e-02	5.088637e-02	1.122926e+00	1.118338e+00	2.231729e-01	4.649005e+00	-3.263653e-07	
5.754803e-01	0.000000e+00	5.569721e-01	5.173573e-01	1.069900e+00	2.640758e-02	8.956495e-02	1.255498e-01	1.184167e-01	3.252824e-01	2.502909e-02	1.533168e-01	1.109732e+00	7.748288e-01	2.729274e-02	5.262326e-02	3.880494e+00	6.083350e-01	1.777886e-01	1.058435e+00	1.084458e-01	1.325582e+00	4.298787e-01	1.799244e-01	1.610986e-01	2.902263e-01	2.740860e-01	2.083387e-01	3.912783e-02	5.089140e-02	1.123179e+00	1.118388e+00	2.226868e-01	4.648692e+00	-2.551935e-07	
5.754803e-01	0.000000e+00	5.567945e-01	5.173583e-01	1.069743e+00	2.640197e-02	8.959496e-02	1.255376e-01	1.183639e-01	3.252828e-01	2.502397e-02	1.532000e-01	1.109677e+00	7.748799e-01	2.728734e-02	5.264322e-02	3.880638e+00	6.084391e-01	1.778355e-01	1.058501e+00	1.084567e-01	1.325742e+00	4.298266e-01	1.798961e-01	1.610796e-01	2.903347e-01	2.739663e-01	2.082103e-01	3.912683e-02	5.089774e-02	1.122902e+00	1.118406e+00	2.229725e-01	4.648559e+00	-1.080825e-07	
5.754782e-01	2.603832e-15	5.568633e-01	5.175693e-01	1.069725e+00	2.639839e-02	8.962059e-02	1.255292e-01	1.183710e-01	3.252823e-01	2.502671e-02	1.532772e-01	1.109784e+00	7.748748e-01	2.728649e-02	5.263325e-02	3.880591e+00	6.083659e-01	1.778299e-01	1.058572e+00	1.084526e-01	1.325671e+00	4.297542e-01	1.798840e-01	1.610893e-01	2.903031e-01	2.739550e-01	2.083930e-01	3.912214e-02	5.089948e-02	1.122857e+00	1.118337e+00	2.229241e-01	4.648623e+00	5.102775e-08	
5.754803e-01	0.000000e+00	5.565389e-01	5.172988e-01	1.069737e+00	2.640436e-02	8.960158e-02	1.255386e-01	1.183614e-01	3.252832e-01	2.501994e-02	1.531564e-01	1.109571e+00	7.748986e-01	2.728201e-02	5.265436e-02	3.880544e+00	6.085021e-01	1.778197e-01	1.058296e+00	1.084561e-01	1.325760e+00	4.297612e-01	1.799097e-01	1.610710e-01	2.902781e-01	2.739823e-01	2.081857e-01	3.912583e-02	5.088792e-02	1.122797e+00	1.118465e+00	2.231195e-01	4.648347e+00	-1.847603e-07	
5.754803e-01	0.000000e+00	5.566584e-01	5.172434e-01	1.070169e+00	2.640951e-02	8.955335e-02	1.255562e-01	1.184007e-01	3.252821e-01	2.502486e-02	1.533556e-01	1.109436e+00	7.748686e-01	2.729107e-02	5.263884e-02	3.880377e+00	6.084110e-01	1.777832e-01	1.058088e+00	1.084493e-01	1.325645e+00	4.297198e-01	1.799426e-01	1.610608e-01	2.902044e-01	2.739865e-01	2.081444e-01	3.912961e-02	5.089342e-02	1.122797e+00	1.118518e+00	2.229538e-01	4.648630e+00	-1.112489e-07	
5.754779e-01	5.955958e-14	5.565360e-01	5.172733e-01	1.070247e+00	2.641171e-02	8.955258e-02	1.255458e-01	1.183885e-01	3.252826e-01	2.502317e-02	1.532565e-01	1.109471e+00	7.748737e-01	2.730126e-02	5.263999e-02	3.880434e+00	6.084830e-01	1.778301e-01	1.058347e+00	1.084475e-01	1.325560e+00	4.297531e-01	1.798832e-01	1.610594e-01	2.902344e-01	2.739084e-01	2.081184e-01	3.913425e-02	5.090225e-02	1.122761e+00	1.118580e+00	2.230018e-01	4.648993e+00	2.440483e-07	
5.754804e-01	0.000000e+00	5.569395e-01	5.174393e-01	1.069842e+00	2.640391e-02	8.957630e-02	1.255415e-01	1.183640e-01	3.252822e-01	2.503621e-02	1.532353e-01	1.109765e+00	7.748458e-01	2.729206e-02	5.262791e-02	3.880511e+00	6.084234e-01	1.778768e-01	1.058639e+00	1.084394e-01	1.325584e+00	4.298307e-01	1.798922e-01	1.610813e-01	2.902945e-01	2.740309e-01	2.083757e-01	3.912906e-02	5.089877e-02	1.123080e+00	1.118404e+00	2.228060e-01	4.648675e+00	-1.044309e-07	
5.754804e-01	0.000000e+00	5.564034e-01	5.173983e-01	1.069963e+00	2.640814e-02	8.957771e-02	1.255414e-01	1.183557e-01	3.252828e-01	2.501677e-02	1.533183e-01	1.109423e+00	7.748916e-01	2.729287e-02	5.265308e-02	3.880580e+00	6.085092e-01	1.778458e-01	1.058283e+00	1.084597e-01	1.325876e+00	4.297547e-01	1.799033e-01	1.610497e-01	2.902775e-01	2.739094e-01	2.081004e-01	3.912507e-02	5.089643e-02	1.122699e+00	1.118572e+00	2.231608e-01	4.648687e+00	-1.266545e-07	
5.754805e-01	0.000000e+00	5.566335e-01	5.175257e-01	1.069680e+00	2.640910e-02	8.963413e-02	1.255454e-01	1.183892e-01	3.252829e-01	2.501128e-02	1.533080e-01	1.109621e+00	7.749053e-01	2.727655e-02	5.263203e-02	3.880392e+00	6.084402e-01	1.777564e-01	1.058238e+00	1.084589e-01	1.325488e+00	4.296671e-01	1.799729e-01	1.610909e-01	2.902492e-01	2.739005e-01	2.082980e-01	3.912138e-02	5.089528e-02	1.123120e+00	1.118350e+00	2.227959e-01	4.648089e+00	-1.291940e-07	
5.754793e-01	1.353522e-15	5.567781e-01	5.174340e-01	1.069746e+00	2.640925e-02	8.962098e-02	1.255464e-01	1.183934e-01	3.252833e-01	2.502534e-02	1.533192e-01	1.109625e+00	7.749022e-01	2.727852e-02	5.263747e-02	3.880189e+00	6.084391e-01	1.777642e-01	1.058192e+00	1.084481e-01	1.325386e+00	4.297007e-01	1.799542e-01	1.610779e-01	2.902178e-01	2.739865e-01	2.081833e-01	3.911935e-02	5.089267e-02	1.122921e+00	1.118399e+00	2.229411e-01	4.648089e+00	3.679024e-08	
5.754794e-01	7.908246e-16	5.569481e-01	5.175449e-01	1.069520e+00	2.639974e-02	8.964284e-02	1.255328e-01	1.183427e-01	3.252831e-01	2.502092e-02	1.532324e-01	1.109816e+00	7.748911e-01	2.728007e-02	5.263144e-02	3.880494e+00	6.084417e-01	1.778367e-01	1.058682e+00	1.084509e-01	1.325603e+00	4.296903e-01	1.799344e-01	1.611028e-01	2.902806e-01	2.738963e-01	2.083206e-01	3.911989e-02	5.090085e-02	1.123128e+00	1.118187e+00	2.229087e-01	4.647962e+00	2.812160e-08	
5.754782e-01	3.457624e-14	5.564789e-01	5.172834e-01	1.070296e+00	2.641594e-02	8.958097e-02	1.255463e-01	1.183874e-01	3.252822e-01	2.502659e-02	1.534354e-01	1.109386e+00	7.748611e-01	2.729259e-02	5.263963e-02	3.880342e+00	6.084418e-01	1.778033e-01	1.058170e+00	1.084440e-01	1.325563e+00	4.297964e-01	1.799108e-01	1.610467e-01	2.902011e-01	2.740627e-01	2.081408e-01	3.912902e-02	5.089868e-02	1.122644e+00	1.118601e+00	2.230682e-01	4.648981e+00	1.859469e-07	
5.754793e-01	9.399428e-16	5.565611e-01	5.173337e-01	1.070156e+00	2.641506e-02	8.959375e-02	1.255476e-01	1.183947e-01	3.252827e-01	2.502764e-02	1.532601e-01	1.109570e+00	7.748684e-01	2.729508e-02	5.263896e-02	3.880562e+00	6.084402e-01	1.778416e-01	1.058343e+00	1.084396e-01	1.325563e+00	4.298904e-01	1.799444e-01	1.610757e-01	2.902307e-01	2.739702e-01	2.081399e-01	3.913277e-02	5.089733e-02	1.122945e+00	1.118404e+00	2.230681e-01	4.648940e+00	3.065849e-08	
5.754785e-01	6.483839e-15	5.567305e-01	5.175906e-01	1.069867e+00	2.640694e-02	8.963079e-02	1.255373e-01	1.183965e-01	3.252823e-01	2.501267e-02	1.534449e-01	1.109552e+00	7.749132e-01	2.727845e-02	5.262961e-02	3.880334e+00	6.083887e-01	1.777368e-01	1.058250e+00	1.084578e-01	1.325379e+00	4.297183e-01	1.799557e-01	1.610879e-01	2.902623e-01	2.739315e-01	2.082710e-01	3.912068e-02	5.089598e-02	1.122870e+00	1.118344e+00	2.228862e-01	4.648461e+00	8.052229e-08	
5.754787e-01	1.446626e-15	5.567010e-01	5.173541e-01	1.070072e+00	2.641094e-02	8.957967e-02	1.255408e-01	1.183671e-01	3.252823e-01	2.502537e-02	1.532069e-01	1.109686e+00	7.748760e-01	2.728785e-02	5.264001e-02	3.880642e+00	6.085200e-01	1.778484e-01	1.058489e+00	1.084531e-01	1.325769e+00	4.298595e-01	1.798894e-01	1.610712e-01	2.903217e-01	2.738969e-01	2.082888e-01	3.912640e-02	5.089892e-02	1.122843e+00	1.118444e+00	2.230533e-01	4.648549e+00	3.803454e-08	
5.754796e-01	1.224791e-17	5.570900e-01	5.177352e-01	1.069385e+00	2.639719e-02	8.966358e-02	1.255291e-01	1.183521e-01	3.252824e-01	2.501982e-02	1.531849e-01	1.109950e+00	7.748773e-01	2.727677e-02	5.261281e-02	3.880646e+00	6.083438e-01	1.778247e-01	1.058797e+00	1.084476e-01	1.325468e+00	4.297976e-01	1.799542e-01	1.611386e-01	2.903486e-01	2.739359e-01	2.084905e-01	3.911707e-02	5.090871e-02	1.123313e+00	1.118073e+00	2.227763e-01	4.648197e+00	3.499701e-09	
5.754779e-01	5.886420e-14	5.569640e-01	5.172327e-01	1.069684e+00	2.640639e-02	8.956425e-02	1.255536e-01	1.183657e-01	3.252830e-01	2.503370e-02	1.531494e-01	1.109581e+00	7.748650e-01	2.728933e-02	5.264217e-02	3.880697e+00	6.083991e-01	1.778742e-01	1.058570e+00	1.084422e-01	1.325746e+00	4.299009e-01	1.798966e-01	1.610828e-01	2.903597e-01	2.740495e-01	2.083186e-01	3.912254e-02	5.089876e-02	1.122975e+00	1.118398e+00	2.228790e-01	4.648687e+00	2.426194e-07	
5.754794e-01	2.448694e-15	5.569430e-01	5.176238e-01	1.069784e+00	2.640181e-02	8.962843e-02	1.255409e-01	1.183903e-01	3.252818e-01	2.502730e-02	1.532856e-01	1.109644e+00	7.748666e-01	2.728481e-02	5.261388e-02	3.880213e+00	6.082789e-01	1.777916e-01	1.058552e+00	1.084346e-01	1.325147e+00	4.297174e-01	1.799577e-01	1.610945e-01	2.902418e-01	2.739936e-01	2.083695e-01	3.912086e-02	5.091055e-02	1.123130e+00	1.118382e+00	2.227498e-01	4.647929e+00	4.948428e-08	
5.754791e-01	4.331612e-15	5.566648e-01	5.173715e-01	1.070113e+00	2.640913e-02	8.957008e-02	1.255487e-01	1.183896e-01	3.252825e-01	2.502512e-02	1.533455e-01	1.109478e+00	7.748566e-01	2.729637e-02	5.264884e-02	3.880557e+00	6.084217e-01	1.778053e-01	1.058116e+00	1.084459e-01	1.325746e+00	4.298449e-01	1.798887e-01	1.610632e-01	2.901746e-01	2.740648e-01	2.083030e-01	3.912691e-02	5.088278e-02	1.122791e+00	1.118486e+00	2.230272e-01	4.648917e+00	6.581498e-08	
5.754806e-01	0.000000e+00	5.568685e-01	5.175048e-01	1.069577e+00	2.639984e-02	8.960968e-02	1.255394e-01	1.183574e-01	3.252828e-01	2.502050e-02	1.533186e-01	1.109660e+00	7.748717e-01	2.728486e-02	5.263020e-02	3.880485e+00	6.083664e-01	1.777969e-01	1.058441e+00	1.084518e-01	1.325564e+00	4.297329e-01	1.799080e-01	1.611023e-01	2.902529e-01	2.739661e-01	2.083724e-01	3.911459e-02	5.089249e-02	1.123062e+00	1.118337e+00	2.227636e-01	4.648388e+00	-1.446095e-07	
5.754784e-01	7.395540e-15	5.565051e-01	5.174496e-01	1.070144e+00	2.640998e-02	8.956664e-02	1.255496e-01	1.183839e-01	3.252828e-01	2.502038e-02	1.534272e-01	1.109398e+00	7.748839e-01	2.729144e-02	5.264168e-02	3.880437e+00	6.084248e-01	1.778002e-01	1.058297e+00	1.084508e-01	1.325541e+00	4.297573e-01	1.798950e-01	1.610454e-01	2.902484e-01	2.739474e-01	2.082328e-01	3.912693e-02	5.090537e-02	1.122576e+00	1.118640e+00	2.230980e-01	4.648653e+00	8.599732e-08	
5.754806e-01	0.000000e+00	5.566007e-01	5.173176e-01	1.070126e+00	2.641008e-02	8.955249e-02	1.255444e-01	1.183722e-01	3.252825e-01	2.503052e-02	1.533162e-01	1.109617e+00	7.748560e-01	2.729307e-02	5.264340e-02	3.880427e+00	6.084476e-01	1.778549e-01	1.058311e+00	1.084407e-01	1.325664e+00	4.297879e-01	1.799174e-01	1.610527e-01	2.902137e-01	2.740241e-01	2.082172e-01	3.913091e-02	5.089264e-02	1.122767e+00	1.118492e+00	2.231627e-01	4.648861e+00	-1.552770e-07	
5.754784e-01	1.504619e-14	5.570598e-01	5.173038e-01	1.069777e+00	2.640294e-02	8.960044e-02	1.255470e-01	1.184113e-01	3.252825e-01	2.503227e-02	1.533412e-01	1.109819e+00	7.748596e-01	2.728415e-02	5.262065e-02	3.880076e+00	6.082177e-01	1.778039e-01	1.058374e+00	1.084427e-01	1.325654e+00	4.298607e-01	1.799427e-01	1.610908e-01	2.902535e-01	2.740198e-01	2.083976e-01	3.911514e-02	5.089882e-02	1.122953e+00	1.118400e+00	2.227570e-01	4.648388e+00	1.226629e-07	
5.754790e-01	5.655999e-15	5.569715e-01	5.171358e-01	1.069711e+00	2.640126e-02	8.956920e-02	1.255415e-01	1.183948e-01	3.252826e-01	2.503620e-02	1.533797e-01	1.109827e+00	7.748537e-01	2.728577e-02	5.263341e-02	3.880312e+00	6.083368e-01	1.778246e-01	1.058391e+00	1.084524e-01	1.325822e+00	4.299067e-01	1.799110e-01	1.610707e-01	2.902913e-01	2.740567e-01	2.084479e-01	3.912440e-02	5.089176e-02	1.122816e+00	1.118452e+00	2.228594e-01	4.648972e+00	7.520637e-08	
5.754791e-01	6.245853e-15	5.570363e-01	5.175281e-01	1.069652e+00	2.640130e-02	8.960534e-02	1.255272e-01	1.183145e-01	3.252831e-01	2.502420e-02	1.531555e-01	1.109963e+00	7.748479e-01	2.729373e-02	5.263392e-02	3.880952e+00	6.084198e-01	1.779197e-01	1.058826e+00	1.084531e-01	1.325975e+00	4.298934e-01	1.798548e-01	1.611108e-01	2.903767e-01	2.738981e-01	2.084390e-01	3.912151e-02	5.089890e-02	1.123097e+00	1.118269e+00	2.229460e-01	4.648644e+00	7.903071e-08	
5.754800e-01	4.405474e-15	5.568171e-01	5.174792e-01	1.069970e+00	2.640920e-02	8.959954e-02	1.255523e-01	1.183811e-01	3.252824e-01	2.502978e-02	1.532658e-01	1.109607e+00	7.748705e-01	2.728563e-02	5.263646e-02	3.880418e+00	6.084042e-01	1.778176e-01	1.058373e+00	1.084400e-01	1.325545e+00	4.297574e-01	1.799305e-01	1.610778e-01	2.902181e-01	2.739982e-01	2.082035e-01	3.912418e-02	5.090054e-02	1.123020e+00	1.118336e+00	2.229283e-01	4.648160e+00	6.637374e-08	
5.754784e-01	1.358016e-14	5.568978e-01	5.173339e-01	1.069988e+00	2.640672e-02	8.959420e-02	1.255377e-01	1.183707e-01	3.252821e-01	2.502824e-02	1.532705e-01	1.109807e+00	7.748596e-01	2.729144e-02	5.263201e-02	3.880624e+00	6.084598e-01	1.778399e-01	1.058478e+00	1.084500e-01	1.325857e+00	4.298210e-01	1.799372e-01	1.610935e-01	2.902738e-01	2.740069e-01	2.083182e-01	3.913215e-02	5.089475e-02	1.123015e+00	1.118296e+00	2.229457e-01	4.648599e+00	1.165339e-07	
5.754791e-01	4.659582e-15	5.569264e-01	5.176115e-01	1.069832e+00	2.640584e-02	8.960410e-02	1.255414e-01	1.183839e-01	3.252824e-01	2.503021e-02	1.532728e-01	1.109792e+00	7.748572e-01	2.728663e-02	5.262280e-02	3.880560e+00	6.083276e-01	1.778356e-01	1.058687e+00	1.084396e-01	1.325412e+00	4.297952e-01	1.799133e-01	1.611029e-01	2.902844e-01	2.739516e-01	2.084178e-01	3.911930e-02	5.090312e-02	1.123110e+00	1.118303e+00	2.228119e-01	4.648290e+00	6.826113e-08	
5.754789e-01	7.255205e-15	5.564368e-01	5.172986e-01	1.070096e+00	2.641628e-02	8.957251e-02	1.255459e-01	1.183466e-01	3.252828e-01	2.501990e-02	1.532119e-01	1.109547e+00	7.748560e-01	2.729772e-02	5.264645e-02	3.880786e+00	6.085944e-01	1.778724e-01	1.058358e+00	1.084509e-01	1.325930e+00	4.298799e-01	1.799095e-01	1.610812e-01	2.902835e-01	2.739461e-01	2.081849e-01	3.913349e-02	5.089638e-02	1.123012e+00	1.118393e+00	2.231121e-01	4.648970e+00	8.517749e-08	
5.754790e-01	6.671032e-15	5.566067e-01	5.172952e-01	1.070171e+00	2.641116e-02	8.957307e-02	1.255441e-01	1.183886e-01	3.252819e-01	2.502219e-02	1.535018e-01	1.109542e+00	7.748629e-01	2.728902e-02	5.263963e-02	3.880190e+00	6.084836e-01	1.777817e-01	1.058063e+00	1.084488e-01	1.325648e+00	4.297398e-01	1.799702e-01	1.610602e-01	2.901412e-01	2.740392e-01	2.081955e-01	3.913303e-02	5.088662e-02	1.122798e+00	1.118413e+00	2.230553e-01	4.648798e+00	8.167639e-08	
5.754778e-01	2.076105e-14	5.565922e-01	5.174906e-01	1.069698e+00	2.640505e-02	8.963180e-02	1.255348e-01	1.183177e-01	3.252830e-01	2.501485e-02	1.531177e-01	1.109557e+00	7.748889e-01	2.729410e-02	5.264796e-02	3.880866e+00	6.085691e-01	1.778910e-01	1.058636e+00	1.084579e-01	1.325912e+00	4.297669e-01	1.798645e-01	1.610839e-01	2.903643e-01	2.738823e-01	2.082042e-01	3.912376e-02	5.090337e-02	1.122849e+00	1.118403e+00	2.232439e-01	4.648560e+00	1.440870e-07	
5.754789e-01	9.333983e-15	5.564351e-01	5.171663e-01	1.070212e+00	2.641156e-02	8.956184e-02	1.255533e-01	1.183672e-01	3.252824e-01	2.502339e-02	1.532390e-01	1.109389e+00	7.748440e-01	2.729901e-02	5.264532e-02	3.880982e+00	6.084692e-01	1.778554e-01	1.058286e+00	1.084487e-01	1.325875e+00	4.298800e-01	1.798852e-01	1.610490e-01	2.902777e-01	2.739722e-01	2.080825e-01	3.913670e-02	5.089894e-02	1.122883e+00	1.118456e+00	2.229653e-01	4.649067e+00	9.661254e-08	
5.754786e-01	1.578491e-14	5.565254e-01	5.173641e-01	1.069910e+00	2.640958e-02	8.958988e-02	1.255485e-01	1.183161e-01	3.252832e-01	2.502594e-02	1.531345e-01	1.109407e+00	7.748809e-01	2.729691e-02	5.266015e-02	3.880673e+00	6.085604e-01	1.779168e-01	1.058507e+00	1.084452e-01	1.325862e+00	4.297739e-01	1.798622e-01	1.610538e-01	2.903329e-01	2.739010e-01	2.081010e-01	3.912428e-02	5.089718e-02	1.122761e+00	1.118476e+00	2.232261e-01	4.648639e+00	1.256380e-07	
5.754787e-01	1.507844e-14	5.568603e-01	5.173116e-01	1.069734e+00	2.640920e-02	8.960759e-02	1.255396e-01	1.183624e-01	3.252829e-01	2.502475e-02	1.531917e-01	1.109746e+00	7.748664e-01	2.728722e-02	5.263141e-02	3.880640e+00	6.085011e-01	1.778513e-01	1.058500e+00	1.084518e-01	1.325794e+00	4.298841e-01	1.799292e-01	1.610859e-01	2.903222e-01	2.739907e-01	2.082608e-01	3.912429e-02	5.089811e-02	1.123146e+00	1.118296e+00	2.228861e-01	4.648610e+00	1.227943e-07	
5.754785e-01	2.031603e-14	5.568666e-01	5.173698e-01	1.069706e+00	2.640280e-02	8.957635e-02	1.255509e-01	1.183451e-01	3.252833e-01	2.502048e-02	1.531693e-01	1.109432e+00	7.748846e-01	2.729020e-02	5.265208e-02	3.880679e+00	6.084376e-01	1.778613e-01	1.058413e+00	1.084623e-01	1.326068e+00	4.298062e-01	1.798468e-01	1.610645e-01	2.904085e-01	2.739582e-01	2.082692e-01	3.912007e-02	5.089373e-02	1.122773e+00	1.118516e+00	2.229792e-01	4.648627e+00	1.425343e-07	
5.754787e-01	1.334517e-14	5.565409e-01	5.172745e-01	1.070337e+00	2.641094e-02	8.958807e-02	1.255342e-01	1.183653e-01	3.252819e-01	2.502380e-02	1.532123e-01	1.109692e+00	7.748495e-01	2.729765e-02	5.264549e-02	3.880643e+00	6.085352e-01	1.778706e-01	1.058253e+00	1.084409e-01	1.325869e+00	4.297786e-01	1.799114e-01	1.610722e-01	2.902093e-01	2.740160e-01	2.081232e-01	3.913580e-02	5.089185e-02	1.122803e+00	1.118389e+00	2.232660e-01	4.648689e+00	1.155213e-07	
5.754808e-01	0.000000e+00	5.572343e-01	5.175069e-01	1.069670e+00	2.640688e-02	8.958947e-02	1.255441e-01	1.183392e-01	3.252824e-01	2.503369e-02	1.530685e-01	1.109787e+00	7.748475e-01	2.728823e-02	5.262918e-02	3.880677e+00	6.083984e-01	1.778803e-01	1.058827e+00	1.084424e-01	1.325655e+00	4.299038e-01	1.799191e-01	1.611130e-01	2.903401e-01	2.740001e-01	2.083251e-01	3.912309e-02	5.089779e-02	1.123286e+00	1.118253e+00	2.227328e-01	4.648592e+00	-6.701309e-08	
5.754787e-01	1.380405e-14	5.570027e-01	5.174773e-01	1.069579e+00	2.640437e-02	8.962229e-02	1.255419e-01	1.183576e-01	3.252822e-01	2.502310e-02	1.532282e-01	1.109751e+00	7.748803e-01	2.727767e-02	5.262544e-02	3.880416e+00	6.084534e-01	1.778068e-01	1.058401e+00	1.084454e-01	1.325565e+00	4.297879e-01	1.799757e-01	1.610869e-01	2.902561e-01	2.739781e-01	2.082938e-01	3.912277e-02	5.089468e-02	1.123072e+00	1.118303e+00	2.228968e-01	4.648070e+00	1.174907e-07	
5.754798e-01	8.419939e-15	5.566520e-01	5.172741e-01	1.070177e+00	2.641262e-02	8.959376e-02	1.255352e-01	1.183779e-01	3.252821e-01	2.503072e-02	1.532960e-01	1.109763e+00	7.748256e-01	2.729612e-02	5.263100e-02	3.880486e+00	6.084357e-01	1.778650e-01	1.058383e+00	1.084387e-01	1.325753e+00	4.298193e-01	1.799427e-01	1.610753e-01	2.902297e-01	2.740309e-01	2.082357e-01	3.913124e-02	5.089823e-02	1.123052e+00	1.118323e+00	2.229774e-01	4.649023e+00	9.176023e-08	
5.754787e-01	1.759539e-14	5.572523e-01	5.173217e-01	1.069517e+00	2.640409e-02	8.957004e-02	1.255532e-01	1.183592e-01	3.252833e-01	2.503768e-02	1.531383e-01	1.109848e+00	7.748431e-01	2.728769e-02	5.262544e-02	3.880783e+00	6.083350e-01	1.778887e-01	1.058825e+00	1.084434e-01	1.325790e+00	4.299818e-01	1.798724e-01	1.610880e-01	2.903724e-01	2.740309e-01	2.084067e-01	3.911849e-02	5.090026e-02	1.123068e+00	1.118441e+00	2.227247e-01	4.648469e+00	1.326476e-07	
5.754786e-01	2.083141e-14	5.568437e-01	5.174353e-01	1.069713e+00	2.640496e-02	8.960058e-02	1.255530e-01	1.183753e-01	3.252830e-01	2.501779e-02	1.531916e-01	1.109503e+00	7.748902e-01	2.728319e-02	5.264236e-02	3.880835e+00	6.084000e-01	1.778055e-01	1.058508e+00	1.084608e-01	1.325657e+00	4.297520e-01	1.799168e-01	1.610713e-01	2.903404e-01	2.738948e-01	2.081987e-01	3.912143e-02	5.090688e-02	1.122909e+00	1.118429e+00	2.227807e-01	4.648200e+00	1.443309e-07	
5.754781e-01	2.389723e-14	5.565439e-01	5.171950e-01	1.070249e+00	2.641369e-02	8.955270e-02	1.255539e-01	1.184203e-01	3.252820e-01	2.503251e-02	1.533814e-01	1.109454e+00	7.748455e-01	2.729269e-02	5.263365e-02	3.880347e+00	6.084388e-01	1.778209e-01	1.058211e+00	1.084347e-01	1.325564e+00	4.297884e-01	1.799499e-01	1.610474e-01	2.901506e-01	2.740664e-01	2.080860e-01	3.913574e-02	5.089632e-02	1.122838e+00	1.118543e+00	2.229785e-01	4.648617e+00	1.545873e-07	
5.754799e-01	6.475054e-15	5.567726e-01	5.173367e-01	1.069905e+00	2.640968e-02	8.958404e-02	1.255454e-01	1.183807e-01	3.252830e-01	2.502053e-02	1.533203e-01	1.109700e+00	7.748782e-01	2.729008e-02	5.263845e-02	3.880447e+00	6.084758e-01	1.778065e-01	1.058268e+00	1.084570e-01	1.325851e+00	4.298363e-01	1.799076e-01	1.610773e-01	2.902771e-01	2.739512e-01	2.082864e-01	3.912910e-02	5.089549e-02	1.122892e+00	1.118482e+00	2.230159e-01	4.648659e+00	8.046772e-08	
5.754781e-01	6.575671e-14	5.567359e-01	5.173781e-01	1.069681e+00	2.640400e-02	8.961534e-02	1.255328e-01	1.183464e-01	3.252832e-01	2.501432e-02	1.531830e-01	1.109677e+00	7.748859e-01	2.728633e-02	5.264546e-02	3.880679e+00	6.085132e-01	1.778240e-01	1.058289e+00	1.084552e-01	1.325909e+00	4.297219e-01	1.799166e-01	1.610757e-01	2.902324e-01	2.739379e-01	2.082086e-01	3.912235e-02	5.088574e-02	1.122930e+00	1.118288e+00	2.230353e-01	4.648525e+00	2.564307e-07	
5.754783e-01	3.424445e-14	5.567061e-01	5.173892e-01	1.070038e+00	2.640863e-02	8.955458e-02	1.255491e-01	1.184100e-01	3.252824e-01	2.502823e-02	1.534064e-01	1.109562e+00	7.748432e-01	2.729339e-02	5.263304e-02	3.880448e+00	6.083840e-01	1.777917e-01	1.058340e+00	1.084450e-01	1.325439e+00	4.297500e-01	1.799133e-01	1.610764e-01	2.902283e-01	2.740249e-01	2.083398e-01	3.912596e-02	5.089413e-02	1.122971e+00	1.118450e+00	2.227414e-01	4.648671e+00	1.850526e-07	
5.754789e-01	8.690965e-15	5.567177e-01	5.170853e-01	1.070116e+00	2.641564e-02	8.958055e-02	1.255616e-01	1.184046e-01	3.252832e-01	2.502149e-02	1.533225e-01	1.109412e+00	7.748901e-01	2.728691e-02	5.264514e-02	3.880319e+00	6.084520e-01	1.777682e-01	1.058028e+00	1.084538e-01	1.325669e+00	4.298051e-01	1.799334e-01	1.610644e-01	2.902190e-01	2.739739e-01	2.080733e-01	3.912684e-02	5.088316e-02	1.122813e+00	1.118517e+00	2.228522e-01	4.648646e+00	9.322535e-08	
5.754783e-01	1.062812e-13	5.567342e-01	5.172516e-01	1.070177e+00	2.641051e-02	8.956023e-02	1.255404e-01	1.184085e-01	3.252825e-01	2.502659e-02	1.534031e-01	1.109655e+00	7.748453e-01	2.729047e-02	5.262782e-02	3.880447e+00	6.084881e-01	1.778154e-01	1.058429e+00	1.084515e-01	1.325697e+00	4.298783e-01	1.799220e-01	1.610788e-01	2.902904e-01	2.740597e-01	2.083309e-01	3.912760e-02	5.089918e-02	1.122812e+00	1.118460e+00	2.229689e-01	4.649051e+00	3.260079e-07	
