f	phi	x(1)	x(2)	x(3)	x(4)	x(5)	x(6)	x(7)	x(8)	x(9)	x(10)	x(11)	x(12)	x(13)	x(14)	x(15)	x(16)	x(17)	x(18)	x(19)	x(20)	x(21)	x(22)	x(23)	x(24)	x(25)	x(26)	x(27)	x(28)	x(29)	x(30)	x(31)	x(32)	g(1)	
5.754766e-01	0.000000e+00	5.546027e-01	5.166620e-01	1.068380e+00	2.637835e-02	8.986363e-02	1.255047e-01	1.187840e-01	3.252595e-01	2.513810e-02	1.523377e-01	1.110279e+00	7.749856e-01	2.722693e-02	5.268529e-02	3.869046e+00	6.041958e-01	1.781160e-01	1.058539e+00	1.087819e-01	1.333097e+00	4.292323e-01	1.792787e-01	1.611027e-01	2.899709e-01	2.725252e-01	2.077994e-01	3.910113e-02	5.086362e-02	1.126816e+00	1.116081e+00	2.224530e-01	4.648043e+00	-5.330781e-08	
5.754766e-01	0.000000e+00	5.544195e-01	5.169439e-01	1.068720e+00	2.638651e-02	8.985396e-02	1.255075e-01	1.188542e-01	3.252623e-01	2.514674e-02	1.523375e-01	1.109817e+00	7.750390e-01	2.723048e-02	5.266307e-02	3.869324e+00	6.041641e-01	1.781359e-01	1.059060e+00	1.087855e-01	1.332642e+00	4.291753e-01	1.793681e-01	1.611146e-01	2.900545e-01	2.723770e-01	2.078567e-01	3.909097e-02	5.085552e-02	1.126932e+00	1.116047e+00	2.224831e-01	4.648466e+00	-3.871701e-08	
5.754767e-01	0.000000e+00	5.545366e-01	5.170365e-01	1.068740e+00	2.639822e-02	8.977353e-02	1.255306e-01	1.188239e-01	3.252604e-01	2.514125e-02	1.523945e-01	1.109944e+00	7.750027e-01	2.723629e-02	5.269157e-02	3.868246e+00	6.039704e-01	1.782002e-01	1.059407e+00	1.087600e-01	1.332279e+00	4.292501e-01	1.792061e-01	1.611752e-01	2.903314e-01	2.722621e-01	2.080762e-01	3.910380e-02	5.084618e-02	1.127103e+00	1.116137e+00	2.226133e-01	4.648078e+00	-1.279276e-10	
5.754768e-01	0.000000e+00	5.545118e-01	5.171461e-01	1.068677e+00	2.638335e-02	8.979643e-02	1.255167e-01	1.187964e-01	3.252628e-01	2.515528e-02	1.523446e-01	1.109804e+00	7.750138e-01	2.722804e-02	5.267658e-02	3.869568e+00	6.043311e-01	1.782162e-01	1.059706e+00	1.087625e-01	1.332105e+00	4.291732e-01	1.792776e-01	1.610130e-01	2.900633e-01	2.724086e-01	2.076924e-01	3.912080e-02	5.087582e-02	1.126737e+00	1.116271e+00	2.225370e-01	4.647780e+00	-7.872986e-08	
5.754768e-01	0.000000e+00	5.545392e-01	5.170423e-01	1.068740e+00	2.638925e-02	8.973360e-02	1.255084e-01	1.187978e-01	3.252615e-01	2.512330e-02	1.523798e-01	1.110001e+00	7.749935e-01	2.723557e-02	5.267211e-02	3.868468e+00	6.039770e-01	1.781586e-01	1.058961e+00	1.087640e-01	1.332716e+00	4.291325e-01	1.792795e-01	1.611363e-01	2.898731e-01	2.724227e-01	2.079081e-01	3.908588e-02	5.085887e-02	1.126844e+00	1.116092e+00	2.225310e-01	4.649010e+00	-1.923635e-09	
5.754769e-01	0.000000e+00	5.544778e-01	5.164042e-01	1.068304e+00	2.636932e-02	8.990078e-02	1.254715e-01	1.186937e-01	3.252656e-01	2.512318e-02	1.523344e-01	1.110060e+00	7.749948e-01	2.723945e-02	5.269351e-02	3.869980e+00	6.043649e-01	1.781201e-01	1.058698e+00	1.087817e-01	1.333027e+00	4.291687e-01	1.794107e-01	1.610699e-01	2.897329e-01	2.726414e-01	2.079606e-01	3.908739e-02	5.087072e-02	1.126886e+00	1.115796e+00	2.223506e-01	4.648827e+00	-7.072078e-10	
5.754770e-01	0.000000e+00	5.545225e-01	5.168335e-01	1.068763e+00	2.638772e-02	8.971529e-02	1.255233e-01	1.188161e-01	3.252603e-01	2.513645e-02	1.523583e-01	1.110124e+00	7.750022e-01	2.721742e-02	5.265980e-02	3.868673e+00	6.040855e-01	1.781761e-01	1.059573e+00	1.087696e-01	1.332320e+00	4.291572e-01	1.792738e-01	1.611231e-01	2.901049e-01	2.722244e-01	2.077372e-01	3.911952e-02	5.083262e-02	1.126890e+00	1.116141e+00	2.225881e-01	4.647751e+00	-1.377379e-08	
5.754770e-01	0.000000e+00	5.545115e-01	5.166197e-01	1.068586e+00	2.638801e-02	8.985359e-02	1.255087e-01	1.187711e-01	3.252642e-01	2.514361e-02	1.523481e-01	1.109943e+00	7.749877e-01	2.724623e-02	5.269226e-02	3.869895e+00	6.043021e-01	1.781469e-01	1.058723e+00	1.087889e-01	1.333311e+00	4.291371e-01	1.793198e-01	1.611632e-01	2.899510e-01	2.726062e-01	2.079793e-01	3.906332e-02	5.085973e-02	1.126938e+00	1.116029e+00	2.224668e-01	4.648098e+00	-1.073007e-08	
5.754770e-01	0.000000e+00	5.543855e-01	5.173934e-01	1.068879e+00	2.639988e-02	8.968895e-02	1.255364e-01	1.187829e-01	3.252614e-01	2.513185e-02	1.523723e-01	1.109966e+00	7.749875e-01	2.722589e-02	5.266210e-02	3.868815e+00	6.042499e-01	1.782695e-01	1.060123e+00	1.087662e-01	1.332357e+00	4.290740e-01	1.792954e-01	1.611479e-01	2.901031e-01	2.722103e-01	2.077466e-01	3.911054e-02	5.077555e-02	1.126802e+00	1.116307e+00	2.226033e-01	4.648105e+00	-1.358648e-08	
5.754770e-01	0.000000e+00	5.545267e-01	5.164223e-01	1.068557e+00	2.638069e-02	8.994461e-02	1.255155e-01	1.188071e-01	3.252613e-01	2.511987e-02	1.523732e-01	1.109929e+00	7.749794e-01	2.724055e-02	5.269164e-02	3.868706e+00	6.039652e-01	1.781297e-01	1.058673e+00	1.087551e-01	1.332547e+00	4.292694e-01	1.792347e-01	1.611826e-01	2.901214e-01	2.724294e-01	2.076980e-01	3.910199e-02	5.087262e-02	1.126725e+00	1.116188e+00	2.224527e-01	4.648526e+00	-1.037414e-08	
5.754770e-01	0.000000e+00	5.545954e-01	5.162451e-01	1.068651e+00	2.638816e-02	8.984407e-02	1.255189e-01	1.188515e-01	3.252594e-01	2.512176e-02	1.523996e-01	1.109750e+00	7.749953e-01	2.723019e-02	5.268064e-02	3.868986e+00	6.038467e-01	1.781387e-01	1.059082e+00	1.087757e-01	1.332711e+00	4.291828e-01	1.792402e-01	1.611444e-01	2.900354e-01	2.723187e-01	2.078108e-01	3.907810e-02	5.084811e-02	1.127140e+00	1.115986e+00	2.225939e-01	4.647271e+00	-1.550001e-08	
5.754770e-01	0.000000e+00	5.545330e-01	5.163982e-01	1.068749e+00	2.638829e-02	8.983933e-02	1.255149e-01	1.188054e-01	3.252618e-01	2.513278e-02	1.523660e-01	1.110031e+00	7.750012e-01	2.723713e-02	5.269389e-02	3.868871e+00	6.039922e-01	1.781604e-01	1.059206e+00	1.087732e-01	1.332651e+00	4.292038e-01	1.792688e-01	1.611900e-01	2.901292e-01	2.723674e-01	2.080023e-01	3.910098e-02	5.084741e-02	1.126931e+00	1.116086e+00	2.224737e-01	4.648167e+00	-1.805196e-08	
5.754771e-01	0.000000e+00	5.544601e-01	5.161183e-01	1.068695e+00	2.638342e-02	8.989125e-02	1.254935e-01	1.188033e-01	3.252628e-01	2.512700e-02	1.524101e-01	1.109799e+00	7.750382e-01	2.722658e-02	5.268313e-02	3.868443e+00	6.037797e-01	1.780535e-01	1.058305e+00	1.087790e-01	1.332844e+00	4.291848e-01	1.793468e-01	1.611303e-01	2.898600e-01	2.722336e-01	2.081393e-01	3.905964e-02	5.087503e-02	1.126376e+00	1.116224e+00	2.224646e-01	4.649283e+00	-2.047287e-08	
5.754771e-01	0.000000e+00	5.546355e-01	5.175739e-01	1.068866e+00	2.639390e-02	8.965690e-02	1.255289e-01	1.188004e-01	3.252592e-01	2.514137e-02	1.523382e-01	1.110085e+00	7.750024e-01	2.723072e-02	5.268665e-02	3.868587e+00	6.042717e-01	1.781975e-01	1.059700e+00	1.087606e-01	1.332176e+00	4.291079e-01	1.792849e-01	1.611060e-01	2.900742e-01	2.723501e-01	2.080494e-01	3.909497e-02	5.084717e-02	1.126895e+00	1.116187e+00	2.225631e-01	4.647461e+00	-3.043107e-08	
5.754771e-01	0.000000e+00	5.544480e-01	5.167246e-01	1.068812e+00	2.638459e-02	8.976048e-02	1.255083e-01	1.187785e-01	3.252633e-01	2.513659e-02	1.523742e-01	1.109887e+00	7.749786e-01	2.723938e-02	5.269158e-02	3.868924e+00	6.040213e-01	1.782423e-01	1.059361e+00	1.087440e-01	1.332383e+00	4.293067e-01	1.792294e-01	1.610539e-01	2.899121e-01	2.724502e-01	2.077436e-01	3.910880e-02	5.086963e-02	1.126489e+00	1.116265e+00	2.225208e-01	4.649544e+00	-3.690382e-08	
5.754771e-01	0.000000e+00	5.543670e-01	5.167073e-01	1.068287e+00	2.637348e-02	9.004009e-02	1.254954e-01	1.187965e-01	3.252638e-01	2.514292e-02	1.522956e-01	1.109992e+00	7.750134e-01	2.722815e-02	5.266335e-02	3.869989e+00	6.042062e-01	1.780728e-01	1.058513e+00	1.087820e-01	1.332707e+00	4.291766e-01	1.793920e-01	1.611035e-01	2.899397e-01	2.723387e-01	2.076761e-01	3.910994e-02	5.090806e-02	1.126766e+00	1.116110e+00	2.223088e-01	4.648475e+00	-3.166005e-08	
5.754771e-01	0.000000e+00	5.544995e-01	5.164957e-01	1.068763e+00	2.638219e-02	8.977171e-02	1.254999e-01	1.187704e-01	3.252630e-01	2.513102e-02	1.523372e-01	1.109918e+00	7.749818e-01	2.723574e-02	5.268853e-02	3.869851e+00	6.043778e-01	1.781573e-01	1.059073e+00	1.087812e-01	1.332902e+00	4.291980e-01	1.793495e-01	1.611147e-01	2.899916e-01	2.724928e-01	2.077728e-01	3.907845e-02	5.084124e-02	1.126719e+00	1.116070e+00	2.225389e-01	4.647981e+00	-2.226240e-08	
5.754771e-01	0.000000e+00	5.545766e-01	5.173801e-01	1.068993e+00	2.639126e-02	8.973979e-02	1.255249e-01	1.187571e-01	3.252615e-01	2.513062e-02	1.523083e-01	1.109793e+00	7.749584e-01	2.723628e-02	5.266150e-02	3.870140e+00	6.047356e-01	1.782468e-01	1.059954e+00	1.087561e-01	1.332191e+00	4.290538e-01	1.793450e-01	1.610439e-01	2.899266e-01	2.724827e-01	2.074484e-01	3.910295e-02	5.088456e-02	1.126830e+00	1.116208e+00	2.224038e-01	4.647518e+00	-2.268933e-09	
5.754771e-01	0.000000e+00	5.546849e-01	5.174528e-01	1.068783e+00	2.639457e-02	8.970742e-02	1.255290e-01	1.189297e-01	3.252590e-01	2.513380e-02	1.523906e-01	1.110100e+00	7.750084e-01	2.723096e-02	5.266508e-02	3.868198e+00	6.038819e-01	1.781602e-01	1.059510e+00	1.087433e-01	1.331708e+00	4.291508e-01	1.792488e-01	1.610760e-01	2.900347e-01	2.724807e-01	2.077228e-01	3.911180e-02	5.087471e-02	1.127406e+00	1.115880e+00	2.225589e-01	4.647761e+00	-2.613886e-08	
5.754772e-01	0.000000e+00	5.543930e-01	5.175946e-01	1.068889e+00	2.639676e-02	8.965451e-02	1.255406e-01	1.188350e-01	3.252589e-01	2.514181e-02	1.523425e-01	1.110052e+00	7.749781e-01	2.723380e-02	5.266945e-02	3.868600e+00	6.042415e-01	1.782611e-01	1.060056e+00	1.087657e-01	1.332312e+00	4.291698e-01	1.792729e-01	1.611388e-01	2.901254e-01	2.722830e-01	2.078932e-01	3.909320e-02	5.082500e-02	1.127503e+00	1.116002e+00	2.226802e-01	4.646138e+00	-1.236818e-07	
5.754772e-01	0.000000e+00	5.544405e-01	5.166465e-01	1.068739e+00	2.638733e-02	8.982207e-02	1.255090e-01	1.187916e-01	3.252605e-01	2.513526e-02	1.523502e-01	1.110064e+00	7.749942e-01	2.723279e-02	5.267523e-02	3.869271e+00	6.041764e-01	1.781632e-01	1.058914e+00	1.087796e-01	1.332980e+00	4.290969e-01	1.793270e-01	1.611459e-01	2.899924e-01	2.724793e-01	2.077202e-01	3.910197e-02	5.081434e-02	1.126842e+00	1.116090e+00	2.224233e-01	4.648541e+00	-1.283740e-07	
5.754772e-01	0.000000e+00	5.544728e-01	5.172742e-01	1.068630e+00	2.639117e-02	8.981419e-02	1.255087e-01	1.187829e-01	3.252624e-01	2.513058e-02	1.523360e-01	1.109997e+00	7.749891e-01	2.724108e-02	5.267754e-02	3.869760e+00	6.044854e-01	1.781902e-01	1.059426e+00	1.087811e-01	1.332800e+00	4.290177e-01	1.793478e-01	1.611701e-01	2.900261e-01	2.724905e-01	2.078335e-01	3.909378e-02	5.082124e-02	1.127021e+00	1.115970e+00	2.224243e-01	4.648711e+00	-3.552743e-08	
5.754772e-01	0.000000e+00	5.543889e-01	5.166532e-01	1.068595e+00	2.638054e-02	8.987011e-02	1.254919e-01	1.187649e-01	3.252623e-01	2.512781e-02	1.523257e-01	1.109797e+00	7.749994e-01	2.724043e-02	5.268395e-02	3.869786e+00	6.043717e-01	1.781426e-01	1.058831e+00	1.087909e-01	1.333180e+00	4.291730e-01	1.793413e-01	1.611121e-01	2.898569e-01	2.725259e-01	2.079011e-01	3.907924e-02	5.083671e-02	1.126828e+00	1.116021e+00	2.224365e-01	4.648887e+00	-3.287720e-09	
5.754772e-01	0.000000e+00	5.544306e-01	5.165805e-01	1.068505e+00	2.638084e-02	8.993924e-02	1.255116e-01	1.188093e-01	3.252624e-01	2.513380e-02	1.523645e-01	1.109953e+00	7.750326e-01	2.723177e-02	5.269250e-02	3.868815e+00	6.040576e-01	1.781471e-01	1.058918e+00	1.087719e-01	1.332608e+00	4.293009e-01	1.792755e-01	1.611445e-01	2.901263e-01	2.723066e-01	2.079035e-01	3.911386e-02	5.085186e-02	1.126776e+00	1.116196e+00	2.225453e-01	4.648256e+00	-6.586695e-09	
5.754772e-01	0.000000e+00	5.542713e-01	5.166660e-01	1.068656e+00	2.638847e-02	8.999399e-02	1.255134e-01	1.187122e-01	3.252652e-01	2.512041e-02	1.523525e-01	1.109998e+00	7.750022e-01	2.723776e-02	5.271428e-02	3.869315e+00	6.042007e-01	1.781802e-01	1.058650e+00	1.087636e-01	1.332966e+00	4.292719e-01	1.792821e-01	1.612784e-01	2.902876e-01	2.722510e-01	2.082163e-01	3.910750e-02	5.087164e-02	1.126126e+00	1.116504e+00	2.222982e-01	4.650008e+00	-1.874414e-08	
5.754772e-01	0.000000e+00	5.546058e-01	5.169694e-01	1.068447e+00	2.637168e-02	8.993001e-02	1.254992e-01	1.188219e-01	3.252619e-01	2.512889e-02	1.523146e-01	1.110211e+00	7.749708e-01	2.724001e-02	5.266928e-02	3.869975e+00	6.043774e-01	1.781299e-01	1.058863e+00	1.087661e-01	1.332561e+00	4.292573e-01	1.793330e-01	1.611246e-01	2.900773e-01	2.726780e-01	2.076220e-01	3.913140e-02	5.090131e-02	1.127016e+00	1.115948e+00	2.223521e-01	4.648595e+00	-3.800952e-08	
5.754772e-01	0.000000e+00	5.546054e-01	5.169746e-01	1.068935e+00	2.639405e-02	8.978929e-02	1.255124e-01	1.187681e-01	3.252631e-01	2.511811e-02	1.523834e-01	1.109958e+00	7.749805e-01	2.723686e-02	5.267289e-02	3.869107e+00	6.041715e-01	1.781843e-01	1.059498e+00	1.087849e-01	1.332888e+00	4.289833e-01	1.792609e-01	1.612446e-01	2.901374e-01	2.723475e-01	2.078351e-01	3.908708e-02	5.084059e-02	1.126860e+00	1.116064e+00	2.224546e-01	4.648603e+00	-7.763765e-09	
5.754772e-01	0.000000e+00	5.545947e-01	5.163506e-01	1.068350e+00	2.637852e-02	8.998588e-02	1.254989e-01	1.187265e-01	3.252636e-01	2.511848e-02	1.523514e-01	1.110081e+00	7.749847e-01	2.724113e-02	5.268422e-02	3.869520e+00	6.044105e-01	1.781152e-01	1.058613e+00	1.087661e-01	1.332721e+00	4.291440e-01	1.793723e-01	1.611211e-01	2.899390e-01	2.724967e-01	2.078255e-01	3.912069e-02	5.082164e-02	1.126563e+00	1.116137e+00	2.223059e-01	4.649951e+00	-1.136685e-08	
5.754772e-01	0.000000e+00	5.544403e-01	5.167798e-01	1.068850e+00	2.638558e-02	8.975607e-02	1.254951e-01	1.188002e-01	3.252629e-01	2.512152e-02	1.523774e-01	1.109754e+00	7.750047e-01	2.723051e-02	5.268999e-02	3.869672e+00	6.041868e-01	1.781797e-01	1.059405e+00	1.087821e-01	1.332699e+00	4.291841e-01	1.793202e-01	1.610990e-01	2.900080e-01	2.723691e-01	2.078745e-01	3.907078e-02	5.085715e-02	1.126639e+00	1.116094e+00	2.225010e-01	4.648470e+00	-2.216301e-09	
5.754772e-01	0.000000e+00	5.544646e-01	5.169447e-01	1.069079e+00	2.638629e-02	8.988460e-02	1.255010e-01	1.187296e-01	3.252641e-01	2.512029e-02	1.523199e-01	1.109905e+00	7.749631e-01	2.725251e-02	5.269394e-02	3.869630e+00	6.047068e-01	1.782244e-01	1.059335e+00	1.087688e-01	1.332829e+00	4.290890e-01	1.793942e-01	1.611847e-01	2.901244e-01	2.724173e-01	2.078988e-01	3.909454e-02	5.085444e-02	1.126226e+00	1.116374e+00	2.222238e-01	4.649920e+00	-3.562052e-08	
5.754773e-01	0.000000e+00	5.543929e-01	5.163310e-01	1.068326e+00	2.637035e-02	8.996924e-02	1.254937e-01	1.187237e-01	3.252637e-01	2.512937e-02	1.523034e-01	1.109943e+00	7.749741e-01	2.723725e-02	5.268348e-02	3.870195e+00	6.045145e-01	1.781025e-01	1.058535e+00	1.087779e-01	1.332863e+00	4.293243e-01	1.793305e-01	1.611067e-01	2.899957e-01	2.725679e-01	2.078614e-01	3.911660e-02	5.089098e-02	1.126550e+00	1.116245e+00	2.224610e-01	4.648949e+00	-1.293601e-07	
5.754773e-01	0.000000e+00	5.545078e-01	5.168047e-01	1.068601e+00	2.638993e-02	8.976068e-02	1.254933e-01	1.187952e-01	3.252618e-01	2.513021e-02	1.523750e-01	1.109811e+00	7.750078e-01	2.724122e-02	5.269509e-02	3.869281e+00	6.039965e-01	1.781531e-01	1.058868e+00	1.087949e-01	1.333303e+00	4.290521e-01	1.792977e-01	1.611233e-01	2.899028e-01	2.725546e-01	2.080397e-01	3.904713e-02	5.081825e-02	1.127392e+00	1.115671e+00	2.225648e-01	4.647875e+00	-4.408343e-08	
5.754773e-01	0.000000e+00	5.545627e-01	5.169251e-01	1.068497e+00	2.638241e-02	8.986529e-02	1.255040e-01	1.187940e-01	3.252608e-01	2.513712e-02	1.523285e-01	1.110172e+00	7.750093e-01	2.721913e-02	5.267131e-02	3.868947e+00	6.040913e-01	1.781175e-01	1.058754e+00	1.087627e-01	1.332484e+00	4.292062e-01	1.793255e-01	1.611551e-01	2.901067e-01	2.724289e-01	2.079562e-01	3.911940e-02	5.088712e-02	1.127013e+00	1.116038e+00	2.224630e-01	4.647987e+00	-1.529094e-08	
5.754773e-01	0.000000e+00	5.545835e-01	5.162713e-01	1.068513e+00	2.638876e-02	8.992252e-02	1.255049e-01	1.187276e-01	3.252640e-01	2.511716e-02	1.523769e-01	1.109932e+00	7.749862e-01	2.723810e-02	5.270970e-02	3.869872e+00	6.041056e-01	1.781194e-01	1.058574e+00	1.087744e-01	1.333120e+00	4.291036e-01	1.792700e-01	1.611924e-01	2.898998e-01	2.723380e-01	2.079411e-01	3.909113e-02	5.088004e-02	1.126408e+00	1.116298e+00	2.222817e-01	4.649382e+00	-3.966427e-08	
5.754773e-01	0.000000e+00	5.544581e-01	5.168021e-01	1.068596e+00	2.638063e-02	8.983916e-02	1.254963e-01	1.187249e-01	3.252629e-01	2.512217e-02	1.523486e-01	1.109848e+00	7.749702e-01	2.724331e-02	5.268417e-02	3.869987e+00	6.044619e-01	1.782046e-01	1.059008e+00	1.087869e-01	1.333410e+00	4.290917e-01	1.793790e-01	1.610872e-01	2.897902e-01	2.725236e-01	2.077054e-01	3.906957e-02	5.082226e-02	1.126922e+00	1.115878e+00	2.224241e-01	4.648464e+00	-4.688412e-08	
5.754773e-01	0.000000e+00	5.547343e-01	5.172403e-01	1.068704e+00	2.638735e-02	8.978444e-02	1.255101e-01	1.187715e-01	3.252611e-01	2.512974e-02	1.523130e-01	1.109992e+00	7.749825e-01	2.722643e-02	5.266748e-02	3.869571e+00	6.044562e-01	1.781971e-01	1.059449e+00	1.087650e-01	1.332505e+00	4.290120e-01	1.792906e-01	1.611383e-01	2.901557e-01	2.725221e-01	2.077174e-01	3.911935e-02	5.086145e-02	1.127037e+00	1.115952e+00	2.224560e-01	4.648277e+00	-5.155393e-08	
5.754773e-01	0.000000e+00	5.546283e-01	5.168081e-01	1.068299e+00	2.637479e-02	8.991215e-02	1.254973e-01	1.187608e-01	3.252611e-01	2.513768e-02	1.523246e-01	1.110435e+00	7.749759e-01	2.722131e-02	5.266738e-02	3.869208e+00	6.040603e-01	1.781085e-01	1.058753e+00	1.087722e-01	1.332684e+00	4.291835e-01	1.793203e-01	1.611634e-01	2.901267e-01	2.725026e-01	2.076531e-01	3.913885e-02	5.086545e-02	1.127029e+00	1.115933e+00	2.223714e-01	4.648213e+00	-1.338719e-08	
5.754773e-01	0.000000e+00	5.545068e-01	5.166319e-01	1.068613e+00	2.638641e-02	8.988688e-02	1.255124e-01	1.188236e-01	3.252609e-01	2.513969e-02	1.523746e-01	1.110033e+00	7.750240e-01	2.722066e-02	5.266615e-02	3.868262e+00	6.038541e-01	1.781340e-01	1.058808e+00	1.087789e-01	1.332805e+00	4.291523e-01	1.792313e-01	1.611759e-01	2.901790e-01	2.723580e-01	2.078947e-01	3.910055e-02	5.086316e-02	1.127071e+00	1.116026e+00	2.225783e-01	4.647831e+00	-2.058455e-08	
5.754773e-01	0.000000e+00	5.544089e-01	5.167016e-01	1.068955e+00	2.639808e-02	8.978869e-02	1.255352e-01	1.187936e-01	3.252627e-01	2.513973e-02	1.523643e-01	1.109711e+00	7.750102e-01	2.724099e-02	5.268712e-02	3.868735e+00	6.041660e-01	1.782547e-01	1.059910e+00	1.087621e-01	1.332315e+00	4.291242e-01	1.792962e-01	1.611020e-01	2.900152e-01	2.722434e-01	2.077967e-01	3.908718e-02	5.082369e-02	1.126858e+00	1.116260e+00	2.225168e-01	4.647744e+00	-5.203555e-08	
5.754773e-01	0.000000e+00	5.547128e-01	5.173808e-01	1.068476e+00	2.637894e-02	8.972767e-02	1.254980e-01	1.187977e-01	3.252592e-01	2.512736e-02	1.523216e-01	1.110169e+00	7.749639e-01	2.723004e-02	5.264648e-02	3.869848e+00	6.042103e-01	1.781863e-01	1.059326e+00	1.087703e-01	1.332625e+00	4.291000e-01	1.792816e-01	1.610725e-01	2.900120e-01	2.727318e-01	2.072643e-01	3.911045e-02	5.087799e-02	1.127444e+00	1.115660e+00	2.224671e-01	4.647798e+00	-5.575361e-09	
5.754773e-01	0.000000e+00	5.545966e-01	5.168246e-01	1.068558e+00	2.638301e-02	8.984602e-02	1.254988e-01	1.187581e-01	3.252634e-01	2.512592e-02	1.523291e-01	1.109983e+00	7.749983e-01	2.723077e-02	5.266129e-02	3.870188e+00	6.045592e-01	1.781459e-01	1.059222e+00	1.087763e-01	1.332520e+00	4.290653e-01	1.793752e-01	1.611002e-01	2.900500e-01	2.725034e-01	2.075598e-01	3.910904e-02	5.084869e-02	1.126987e+00	1.115910e+00	2.223686e-01	4.648434e+00	-5.420016e-08	
5.754773e-01	0.000000e+00	5.545114e-01	5.170306e-01	1.068440e+00	2.638763e-02	8.973048e-02	1.255193e-01	1.188051e-01	3.252604e-01	2.513219e-02	1.523628e-01	1.110125e+00	7.749945e-01	2.722899e-02	5.269161e-02	3.868989e+00	6.039728e-01	1.781734e-01	1.058993e+00	1.087677e-01	1.332762e+00	4.292657e-01	1.792669e-01	1.611321e-01	2.900141e-01	2.725269e-01	2.079381e-01	3.909963e-02	5.087014e-02	1.127232e+00	1.115996e+00	2.226101e-01	4.647356e+00	-3.313498e-08	
5.754773e-01	0.000000e+00	5.544597e-01	5.170060e-01	1.068759e+00	2.638871e-02	8.977243e-02	1.255102e-01	1.188017e-01	3.252632e-01	2.513712e-02	1.523523e-01	1.109883e+00	7.749992e-01	2.723358e-02	5.267809e-02	3.870236e+00	6.043076e-01	1.781794e-01	1.059417e+00	1.087680e-01	1.332363e+00	4.291388e-01	1.792854e-01	1.610854e-01	2.900339e-01	2.724511e-01	2.079316e-01	3.909654e-02	5.090958e-02	1.126845e+00	1.116084e+00	2.224527e-01	4.648408e+00	-6.062277e-08	
5.754773e-01	0.000000e+00	5.546139e-01	5.169992e-01	1.068669e+00	2.639362e-02	8.979007e-02	1.255257e-01	1.187849e-01	3.252633e-01	2.513090e-02	1.523473e-01	1.110006e+00	7.749729e-01	2.723873e-02	5.268490e-02	3.869682e+00	6.043912e-01	1.782112e-01	1.059564e+00	1.087616e-01	1.332365e+00	4.291527e-01	1.792727e-01	1.611303e-01	2.901511e-01	2.724772e-01	2.077732e-01	3.911450e-02	5.086677e-02	1.126775e+00	1.116233e+00	2.224594e-01	4.648705e+00	-2.640790e-08	
5.754773e-01	0.000000e+00	5.543502e-01	5.173394e-01	1.069045e+00	2.640260e-02	8.972378e-02	1.255283e-01	1.188018e-01	3.252616e-01	2.513316e-02	1.523731e-01	1.109701e+00	7.750183e-01	2.723710e-02	5.266961e-02	3.868920e+00	6.040961e-01	1.782294e-01	1.059843e+00	1.087700e-01	1.332327e+00	4.289877e-01	1.793185e-01	1.611198e-01	2.900108e-01	2.723000e-01	2.079334e-01	3.907989e-02	5.082158e-02	1.127099e+00	1.116090e+00	2.226112e-01	4.647750e+00	-1.513945e-08	
5.754773e-01	0.000000e+00	5.543863e-01	5.170704e-01	1.068598e+00	2.638477e-02	8.977091e-02	1.254998e-01	1.187003e-01	3.252636e-01	2.513290e-02	1.523060e-01	1.110046e+00	7.749955e-01	2.722183e-02	5.265981e-02	3.869985e+00	6.044559e-01	1.781691e-01	1.059378e+00	1.087929e-01	1.332882e+00	4.289514e-01	1.793647e-01	1.610953e-01	2.899388e-01	2.725029e-01	2.077568e-01	3.910350e-02	5.082824e-02	1.126917e+00	1.115901e+00	2.225934e-01	4.648229e+00	-2.325400e-08	
5.754767e-01	6.051403e-16	5.545503e-01	5.166049e-01	1.068800e+00	2.638322e-02	8.986118e-02	1.254996e-01	1.187941e-01	3.252615e-01	2.512740e-02	1.523617e-01	1.109830e+00	7.749957e-01	2.723016e-02	5.266634e-02	3.869648e+00	6.042356e-01	1.781433e-01	1.058987e+00	1.087768e-01	1.332758e+00	4.291174e-01	1.792942e-01	1.611008e-01	2.899756e-01	2.725032e-01	2.077908e-01	3.908028e-02	5.087680e-02	1.126635e+00	1.116102e+00	2.224748e-01	4.648599e+00	2.459960e-08	
5.754773e-01	0.000000e+00	5.545884e-01	5.171210e-01	1.068556e+00	2.638008e-02	8.984552e-02	1.254958e-01	1.188312e-01	3.252611e-01	2.514212e-02	1.523465e-01	1.110087e+00	7.750025e-01	2.722652e-02	5.267773e-02	3.869013e+00	6.041139e-01	1.781384e-01	1.059224e+00	1.087740e-01	1.332516e+00	4.292287e-01	1.793178e-01	1.610929e-01	2.899599e-01	2.725453e-01	2.077744e-01	3.910245e-02	5.085394e-02	1.127213e+00	1.115813e+00	2.224430e-01	4.647798e+00	-5.213446e-08	
5.754773e-01	0.000000e+00	5.544581e-01	5.164404e-01	1.068776e+00	2.638040e-02	8.987842e-02	1.255128e-01	1.188573e-01	3.252607e-01	2.512705e-02	1.523554e-01	1.110000e+00	7.749964e-01	2.723271e-02	5.268216e-02	3.869528e+00	6.040301e-01	1.781722e-01	1.058945e+00	1.087797e-01	1.332986e+00	4.293054e-01	1.792656e-01	1.611816e-01	2.901642e-01	2.724066e-01	2.079044e-01	3.909540e-02	5.085159e-02	1.126777e+00	1.116112e+00	2.225242e-01	4.648177e+00	-2.402252e-08	
5.754774e-01	0.000000e+00	5.544743e-01	5.169396e-01	1.068744e+00	2.639344e-02	8.971527e-02	1.255399e-01	1.188391e-01	3.252573e-01	2.514907e-02	1.523504e-01	1.110082e+00	7.750173e-01	2.721949e-02	5.268274e-02	3.868251e+00	6.038431e-01	1.782061e-01	1.059457e+00	1.087819e-01	1.332809e+00	4.291377e-01	1.792456e-01	1.611538e-01	2.901410e-01	2.722261e-01	2.081565e-01	3.908664e-02	5.080524e-02	1.127424e+00	1.116039e+00	2.226658e-01	4.645592e+00	-2.386710e-08	
5.754774e-01	0.000000e+00	5.546066e-01	5.166828e-01	1.068501e+00	2.637723e-02	8.979654e-02	1.255081e-01	1.187719e-01	3.252608e-01	2.512405e-02	1.523190e-01	1.110148e+00	7.749759e-01	2.722587e-02	5.266321e-02	3.869935e+00	6.042305e-01	1.781154e-01	1.058768e+00	1.087747e-01	1.332820e+00	4.292319e-01	1.793429e-01	1.610748e-01	2.898553e-01	2.725533e-01	2.076684e-01	3.911697e-02	5.085275e-02	1.126985e+00	1.116054e+00	2.225828e-01	4.647434e+00	-3.531931e-08	
5.754774e-01	0.000000e+00	5.545803e-01	5.170419e-01	1.068754e+00	2.639402e-02	8.982672e-02	1.255030e-01	1.188384e-01	3.252594e-01	2.512987e-02	1.523920e-01	1.110031e+00	7.750111e-01	2.722750e-02	5.266635e-02	3.868808e+00	6.040868e-01	1.781558e-01	1.059247e+00	1.087787e-01	1.332724e+00	4.289287e-01	1.793460e-01	1.611807e-01	2.899839e-01	2.724042e-01	2.081072e-01	3.907646e-02	5.083333e-02	1.127621e+00	1.115599e+00	2.224148e-01	4.647477e+00	-2.716307e-08	
5.754774e-01	0.000000e+00	5.547671e-01	5.167857e-01	1.068634e+00	2.639160e-02	8.971880e-02	1.255124e-01	1.187885e-01	3.252602e-01	2.511587e-02	1.523868e-01	1.110185e+00	7.749884e-01	2.722731e-02	5.268040e-02	3.868565e+00	6.039612e-01	1.781451e-01	1.058920e+00	1.087763e-01	1.332959e+00	4.290060e-01	1.792730e-01	1.611542e-01	2.899927e-01	2.724697e-01	2.079436e-01	3.908024e-02	5.082290e-02	1.126867e+00	1.116040e+00	2.224544e-01	4.648530e+00	-3.256546e-08	
5.754774e-01	0.000000e+00	5.545856e-01	5.168808e-01	1.068813e+00	2.638216e-02	8.978668e-02	1.254979e-01	1.187483e-01	3.252660e-01	2.512805e-02	1.523556e-01	1.109623e+00	7.749883e-01	2.724877e-02	5.267267e-02	3.870419e+00	6.045943e-01	1.782362e-01	1.059932e+00	1.087636e-01	1.332195e+00	4.291830e-01	1.793133e-01	1.610813e-01	2.900745e-01	2.725177e-01	2.076852e-01	3.911012e-02	5.086398e-02	1.126725e+00	1.116122e+00	2.224184e-01	4.649410e+00	-2.353590e-08	
5.754774e-01	0.000000e+00	5.544099e-01	5.164758e-01	1.068921e+00	2.639309e-02	8.982127e-02	1.255198e-01	1.187013e-01	3.252645e-01	2.511807e-02	1.523535e-01	1.109629e+00	7.749772e-01	2.724195e-02	5.267800e-02	3.870051e+00	6.045165e-01	1.782464e-01	1.059426e+00	1.087788e-01	1.333017e+00	4.290403e-01	1.792436e-01	1.611910e-01	2.902231e-01	2.722980e-01	2.077727e-01	3.909056e-02	5.080932e-02	1.126401e+00	1.116408e+00	2.225219e-01	4.649076e+00	-6.664976e-08	
5.754774e-01	0.000000e+00	5.546050e-01	5.167831e-01	1.068758e+00	2.638189e-02	8.972555e-02	1.254905e-01	1.188069e-01	3.252618e-01	2.513587e-02	1.523624e-01	1.110032e+00	7.750224e-01	2.722377e-02	5.265967e-02	3.868994e+00	6.041048e-01	1.781398e-01	1.059045e+00	1.087914e-01	1.332866e+00	4.290415e-01	1.793338e-01	1.610758e-01	2.900049e-01	2.724774e-01	2.079590e-01	3.907616e-02	5.083723e-02	1.126868e+00	1.115896e+00	2.225119e-01	4.648722e+00	-8.991699e-08	
5.754774e-01	0.000000e+00	5.545412e-01	5.169738e-01	1.068722e+00	2.639627e-02	8.972999e-02	1.255287e-01	1.188125e-01	3.252601e-01	2.514531e-02	1.523325e-01	1.110249e+00	7.750134e-01	2.721901e-02	5.265763e-02	3.868975e+00	6.041297e-01	1.781583e-01	1.059423e+00	1.087780e-01	1.332551e+00	4.290480e-01	1.793637e-01	1.611313e-01	2.899588e-01	2.723323e-01	2.080302e-01	3.909721e-02	5.080205e-02	1.127261e+00	1.116031e+00	2.224782e-01	4.646853e+00	-3.500279e-08	
5.754774e-01	0.000000e+00	5.544875e-01	5.172146e-01	1.068382e+00	2.638230e-02	8.975874e-02	1.254959e-01	1.188281e-01	3.252625e-01	2.513134e-02	1.523528e-01	1.109996e+00	7.749889e-01	2.723589e-02	5.267302e-02	3.869589e+00	6.042677e-01	1.781806e-01	1.059119e+00	1.087655e-01	1.332554e+00	4.292350e-01	1.793375e-01	1.610434e-01	2.899186e-01	2.725983e-01	2.076110e-01	3.911529e-02	5.089180e-02	1.127165e+00	1.115882e+00	2.225222e-01	4.649094e+00	-2.958143e-08	
5.754774e-01	0.000000e+00	5.544227e-01	5.168937e-01	1.069030e+00	2.638734e-02	8.978483e-02	1.255014e-01	1.186229e-01	3.252649e-01	2.512017e-02	1.523235e-01	1.109746e+00	7.749517e-01	2.724299e-02	5.267485e-02	3.870164e+00	6.046318e-01	1.782710e-01	1.059569e+00	1.087921e-01	1.333376e+00	4.289209e-01	1.792847e-01	1.611528e-01	2.900904e-01	2.724259e-01	2.075584e-01	3.909089e-02	5.080206e-02	1.126249e+00	1.116272e+00	2.224902e-01	4.649632e+00	-2.294409e-08	
5.754774e-01	0.000000e+00	5.545394e-01	5.174674e-01	1.068873e+00	2.639492e-02	8.969119e-02	1.255115e-01	1.188153e-01	3.252602e-01	2.514197e-02	1.523537e-01	1.110112e+00	7.750201e-01	2.723263e-02	5.267859e-02	3.868894e+00	6.041455e-01	1.782350e-01	1.059719e+00	1.087859e-01	1.332884e+00	4.289494e-01	1.793087e-01	1.611540e-01	2.900005e-01	2.724717e-01	2.081018e-01	3.908491e-02	5.082564e-02	1.127587e+00	1.115714e+00	2.225745e-01	4.646954e+00	-3.185911e-08	
5.754774e-01	0.000000e+00	5.543675e-01	5.164251e-01	1.068802e+00	2.638782e-02	8.991834e-02	1.255175e-01	1.186952e-01	3.252640e-01	2.513283e-02	1.523690e-01	1.109679e+00	7.750050e-01	2.724523e-02	5.270961e-02	3.868940e+00	6.042450e-01	1.782238e-01	1.059463e+00	1.087726e-01	1.332771e+00	4.291372e-01	1.792835e-01	1.611520e-01	2.900078e-01	2.722219e-01	2.080673e-01	3.908478e-02	5.085186e-02	1.126417e+00	1.116386e+00	2.224564e-01	4.648583e+00	-6.994316e-08	
5.754774e-01	0.000000e+00	5.543760e-01	5.165027e-01	1.068828e+00	2.638592e-02	8.991729e-02	1.255043e-01	1.187198e-01	3.252644e-01	2.511636e-02	1.523437e-01	1.109789e+00	7.749918e-01	2.724474e-02	5.270156e-02	3.870124e+00	6.044411e-01	1.782034e-01	1.059279e+00	1.087760e-01	1.332902e+00	4.290650e-01	1.793870e-01	1.611455e-01	2.899238e-01	2.724158e-01	2.079308e-01	3.909438e-02	5.083690e-02	1.126394e+00	1.116256e+00	2.223297e-01	4.649262e+00	-6.983613e-08	
5.754774e-01	0.000000e+00	5.544741e-01	5.167888e-01	1.068751e+00	2.638069e-02	8.980983e-02	1.255145e-01	1.187998e-01	3.252611e-01	2.513057e-02	1.523623e-01	1.109944e+00	7.749881e-01	2.722763e-02	5.267148e-02	3.869150e+00	6.043398e-01	1.781789e-01	1.059285e+00	1.087741e-01	1.332658e+00	4.292343e-01	1.793117e-01	1.610903e-01	2.900164e-01	2.723223e-01	2.077593e-01	3.910631e-02	5.082735e-02	1.126750e+00	1.116121e+00	2.226245e-01	4.648069e+00	-7.271191e-08	
5.754774e-01	0.000000e+00	5.545220e-01	5.176540e-01	1.068719e+00	2.639365e-02	8.975146e-02	1.255160e-01	1.188084e-01	3.252609e-01	2.513919e-02	1.523327e-01	1.109997e+00	7.749898e-01	2.723932e-02	5.267927e-02	3.869186e+00	6.043518e-01	1.782057e-01	1.059666e+00	1.087728e-01	1.332457e+00	4.290385e-01	1.793452e-01	1.611154e-01	2.900146e-01	2.724825e-01	2.078739e-01	3.909572e-02	5.086020e-02	1.127244e+00	1.115919e+00	2.225031e-01	4.647993e+00	-1.655656e-07	
5.754774e-01	0.000000e+00	5.545477e-01	5.163060e-01	1.069108e+00	2.638491e-02	8.987722e-02	1.255102e-01	1.187819e-01	3.252639e-01	2.513272e-02	1.523786e-01	1.109547e+00	7.750128e-01	2.723581e-02	5.269131e-02	3.869530e+00	6.044117e-01	1.782352e-01	1.059867e+00	1.087614e-01	1.332235e+00	4.292208e-01	1.792341e-01	1.611152e-01	2.901047e-01	2.722558e-01	2.081251e-01	3.909393e-02	5.087617e-02	1.126543e+00	1.116321e+00	2.224798e-01	4.648051e+00	-3.899521e-08	
5.754768e-01	5.354576e-20	5.544141e-01	5.175112e-01	1.068683e+00	2.639910e-02	8.969953e-02	1.255404e-01	1.188630e-01	3.252585e-01	2.514770e-02	1.523451e-01	1.110055e+00	7.749863e-01	2.722745e-02	5.266927e-02	3.868821e+00	6.040095e-01	1.782387e-01	1.059530e+00	1.087735e-01	1.332834e+00	4.291417e-01	1.792279e-01	1.611817e-01	2.900837e-01	2.724133e-01	2.079595e-01	3.908572e-02	5.084499e-02	1.127641e+00	1.115971e+00	2.226375e-01	4.646082e+00	2.313996e-10	
5.754774e-01	0.000000e+00	5.545652e-01	5.171443e-01	1.068411e+00	2.637935e-02	8.974372e-02	1.254986e-01	1.188818e-01	3.252600e-01	2.514578e-02	1.523472e-01	1.110099e+00	7.750237e-01	2.722123e-02	5.267157e-02	3.869288e+00	6.040197e-01	1.780969e-01	1.058886e+00	1.087793e-01	1.332627e+00	4.291449e-01	1.793205e-01	1.610996e-01	2.898841e-01	2.725890e-01	2.078595e-01	3.909053e-02	5.088838e-02	1.127699e+00	1.115568e+00	2.225482e-01	4.646652e+00	-3.542734e-08	
5.754775e-01	0.000000e+00	5.544624e-01	5.166100e-01	1.068954e+00	2.638763e-02	8.988137e-02	1.255142e-01	1.187717e-01	3.252622e-01	2.512339e-02	1.523635e-01	1.109845e+00	7.749867e-01	2.723763e-02	5.268076e-02	3.869238e+00	6.042891e-01	1.781819e-01	1.059458e+00	1.087754e-01	1.332540e+00	4.290659e-01	1.793019e-01	1.611453e-01	2.901185e-01	2.723052e-01	2.077971e-01	3.908639e-02	5.085160e-02	1.126533e+00	1.116258e+00	2.224224e-01	4.648338e+00	-3.757494e-08	
5.754775e-01	0.000000e+00	5.547031e-01	5.169856e-01	1.068777e+00	2.639304e-02	8.972563e-02	1.255252e-01	1.188855e-01	3.252595e-01	2.513968e-02	1.524193e-01	1.109882e+00	7.750373e-01	2.721616e-02	5.267541e-02	3.867855e+00	6.037225e-01	1.781400e-01	1.059229e+00	1.087536e-01	1.332048e+00	4.292313e-01	1.791918e-01	1.610969e-01	2.900625e-01	2.722607e-01	2.078684e-01	3.908489e-02	5.090770e-02	1.126984e+00	1.116149e+00	2.225794e-01	4.647341e+00	-8.024615e-08	
5.754775e-01	0.000000e+00	5.544871e-01	5.172187e-01	1.068801e+00	2.638943e-02	8.973345e-02	1.255049e-01	1.187679e-01	3.252635e-01	2.513739e-02	1.523465e-01	1.109830e+00	7.749984e-01	2.723537e-02	5.267447e-02	3.869597e+00	6.043478e-01	1.781948e-01	1.059581e+00	1.087747e-01	1.332484e+00	4.290325e-01	1.793410e-01	1.611356e-01	2.900896e-01	2.723788e-01	2.079417e-01	3.908065e-02	5.086135e-02	1.127131e+00	1.115936e+00	2.224436e-01	4.647788e+00	-7.287575e-08	
5.754775e-01	0.000000e+00	5.546397e-01	5.168867e-01	1.068219e+00	2.637644e-02	8.978006e-02	1.254943e-01	1.187702e-01	3.252618e-01	2.513783e-02	1.523224e-01	1.110339e+00	7.750005e-01	2.722629e-02	5.265517e-02	3.869886e+00	6.044542e-01	1.781096e-01	1.059152e+00	1.087849e-01	1.332480e+00	4.290404e-01	1.793833e-01	1.610257e-01	2.899725e-01	2.726304e-01	2.076397e-01	3.911870e-02	5.084354e-02	1.127382e+00	1.115631e+00	2.224572e-01	4.647963e+00	-7.316439e-08	
5.754775e-01	0.000000e+00	5.544242e-01	5.172080e-01	1.068897e+00	2.639010e-02	8.991810e-02	1.255072e-01	1.186930e-01	3.252632e-01	2.512943e-02	1.523532e-01	1.109917e+00	7.749820e-01	2.724399e-02	5.268220e-02	3.869791e+00	6.045180e-01	1.782324e-01	1.059309e+00	1.087814e-01	1.333094e+00	4.290349e-01	1.793212e-01	1.612549e-01	2.902675e-01	2.723532e-01	2.079310e-01	3.909613e-02	5.078905e-02	1.126561e+00	1.116257e+00	2.223838e-01	4.648971e+00	-3.775920e-08	
5.754766e-01	2.033112e-15	5.544273e-01	5.163320e-01	1.068919e+00	2.639379e-02	8.985057e-02	1.255088e-01	1.187126e-01	3.252626e-01	2.512080e-02	1.523720e-01	1.109659e+00	7.749978e-01	2.723651e-02	5.269260e-02	3.869247e+00	6.040833e-01	1.781872e-01	1.058899e+00	1.087950e-01	1.333545e+00	4.289659e-01	1.792776e-01	1.612068e-01	2.900270e-01	2.722547e-01	2.081588e-01	3.905168e-02	5.080448e-02	1.126541e+00	1.116222e+00	2.224698e-01	4.648587e+00	4.509004e-08	
5.754775e-01	0.000000e+00	5.543149e-01	5.168068e-01	1.068686e+00	2.638813e-02	8.983033e-02	1.255100e-01	1.187166e-01	3.252623e-01	2.512351e-02	1.523515e-01	1.109869e+00	7.749702e-01	2.724667e-02	5.270091e-02	3.869489e+00	6.043823e-01	1.782367e-01	1.059222e+00	1.087930e-01	1.333523e+00	4.291311e-01	1.792765e-01	1.612065e-01	2.900526e-01	2.723517e-01	2.078647e-01	3.907520e-02	5.078601e-02	1.126765e+00	1.116152e+00	2.224671e-01	4.648546e+00	-7.282028e-08	
5.754775e-01	0.000000e+00	5.544041e-01	5.166906e-01	1.068734e+00	2.638902e-02	8.978687e-02	1.255028e-01	1.187764e-01	3.252618e-01	2.512877e-02	1.523506e-01	1.109706e+00	7.750014e-01	2.723945e-02	5.269163e-02	3.869580e+00	6.041587e-01	1.781741e-01	1.059022e+00	1.087921e-01	1.333216e+00	4.291372e-01	1.792796e-01	1.611402e-01	2.899690e-01	2.724044e-01	2.079207e-01	3.906539e-02	5.083017e-02	1.127131e+00	1.115932e+00	2.225672e-01	4.647788e+00	-4.371559e-08	
5.754775e-01	0.000000e+00	5.543299e-01	5.172340e-01	1.068762e+00	2.638645e-02	8.976995e-02	1.254990e-01	1.186580e-01	3.252644e-01	2.511409e-02	1.523010e-01	1.109933e+00	7.749783e-01	2.723436e-02	5.267428e-02	3.870310e+00	6.046542e-01	1.782313e-01	1.059660e+00	1.087955e-01	1.333097e+00	4.289309e-01	1.793651e-01	1.611938e-01	2.901368e-01	2.724566e-01	2.078725e-01	3.909046e-02	5.083856e-02	1.126803e+00	1.115994e+00	2.224305e-01	4.648555e+00	-7.725817e-08	
5.754775e-01	0.000000e+00	5.544347e-01	5.168889e-01	1.068663e+00	2.638913e-02	8.979036e-02	1.255101e-01	1.187787e-01	3.252629e-01	2.512840e-02	1.523690e-01	1.109816e+00	7.749893e-01	2.724258e-02	5.268826e-02	3.869092e+00	6.041613e-01	1.781649e-01	1.058900e+00	1.087807e-01	1.333079e+00	4.291956e-01	1.792944e-01	1.611381e-01	2.899568e-01	2.723957e-01	2.078298e-01	3.907148e-02	5.084969e-02	1.126818e+00	1.116044e+00	2.225586e-01	4.649031e+00	-7.550246e-08	
5.754775e-01	0.000000e+00	5.545541e-01	5.163201e-01	1.068472e+00	2.637754e-02	8.993798e-02	1.254858e-01	1.187613e-01	3.252625e-01	2.513347e-02	1.523685e-01	1.109887e+00	7.750156e-01	2.722853e-02	5.267551e-02	3.869520e+00	6.039741e-01	1.781031e-01	1.058190e+00	1.087850e-01	1.333394e+00	4.291139e-01	1.792787e-01	1.611578e-01	2.898845e-01	2.725835e-01	2.078619e-01	3.908011e-02	5.088848e-02	1.126769e+00	1.116011e+00	2.224560e-01	4.648783e+00	-1.614857e-07	
5.754775e-01	0.000000e+00	5.544235e-01	5.172312e-01	1.068971e+00	2.639252e-02	8.969693e-02	1.255337e-01	1.187563e-01	3.252607e-01	2.512890e-02	1.523662e-01	1.109834e+00	7.749798e-01	2.723311e-02	5.267692e-02	3.869075e+00	6.043205e-01	1.782846e-01	1.059860e+00	1.087698e-01	1.332704e+00	4.291426e-01	1.792322e-01	1.611059e-01	2.901113e-01	2.723352e-01	2.077014e-01	3.909409e-02	5.082436e-02	1.126679e+00	1.116334e+00	2.226985e-01	4.647583e+00	-8.795437e-08	
5.754775e-01	0.000000e+00	5.545148e-01	5.171332e-01	1.068684e+00	2.638563e-02	8.981701e-02	1.255003e-01	1.187587e-01	3.252639e-01	2.513516e-02	1.523542e-01	1.110139e+00	7.750000e-01	2.723246e-02	5.266067e-02	3.869587e+00	6.046118e-01	1.781843e-01	1.059515e+00	1.087773e-01	1.332505e+00	4.289435e-01	1.793396e-01	1.611187e-01	2.900526e-01	2.724254e-01	2.078042e-01	3.910488e-02	5.083574e-02	1.126639e+00	1.116095e+00	2.223291e-01	4.649418e+00	-4.794367e-08	
5.754775e-01	0.000000e+00	5.545333e-01	5.172798e-01	1.068462e+00	2.638429e-02	8.977861e-02	1.255047e-01	1.188426e-01	3.252610e-01	2.514238e-02	1.523444e-01	1.110200e+00	7.750182e-01	2.721847e-02	5.265179e-02	3.869215e+00	6.041576e-01	1.781204e-01	1.059056e+00	1.087656e-01	1.332304e+00	4.290864e-01	1.793336e-01	1.610884e-01	2.899161e-01	2.725669e-01	2.078462e-01	3.911877e-02	5.088182e-02	1.127278e+00	1.115854e+00	2.224740e-01	4.648118e+00	-8.472568e-08	
5.754775e-01	0.000000e+00	5.545520e-01	5.168404e-01	1.068636e+00	2.638012e-02	8.974448e-02	1.255153e-01	1.187816e-01	3.252614e-01	2.513149e-02	1.523582e-01	1.109845e+00	7.749947e-01	2.722045e-02	5.265586e-02	3.869471e+00	6.042360e-01	1.781876e-01	1.059463e+00	1.087669e-01	1.332363e+00	4.292544e-01	1.792506e-01	1.610422e-01	2.900225e-01	2.723951e-01	2.074981e-01	3.910719e-02	5.086665e-02	1.126769e+00	1.116205e+00	2.226579e-01	4.647542e+00	-5.459086e-08	
5.754771e-01	1.076398e-18	5.543855e-01	5.169818e-01	1.068474e+00	2.638747e-02	8.979180e-02	1.255176e-01	1.188694e-01	3.252603e-01	2.513417e-02	1.523588e-01	1.110039e+00	7.749990e-01	2.722708e-02	5.268536e-02	3.869179e+00	6.038534e-01	1.781352e-01	1.058808e+00	1.087572e-01	1.332374e+00	4.293023e-01	1.792256e-01	1.611305e-01	2.901009e-01	2.724159e-01	2.079637e-01	3.909788e-02	5.093812e-02	1.127207e+00	1.115957e+00	2.226722e-01	4.647590e+00	1.037496e-09	
5.754775e-01	0.000000e+00	5.543693e-01	5.166989e-01	1.068412e+00	2.638675e-02	8.983216e-02	1.255128e-01	1.186986e-01	3.252618e-01	2.512682e-02	1.523358e-01	1.109932e+00	7.749881e-01	2.723319e-02	5.267371e-02	3.869948e+00	6.044724e-01	1.782195e-01	1.059559e+00	1.087877e-01	1.332887e+00	4.289728e-01	1.793312e-01	1.611115e-01	2.900283e-01	2.724220e-01	2.076549e-01	3.910573e-02	5.078584e-02	1.127170e+00	1.115907e+00	2.225650e-01	4.647666e+00	-1.670273e-07	
5.754775e-01	0.000000e+00	5.545877e-01	5.167999e-01	1.068659e+00	2.638284e-02	8.977228e-02	1.255008e-01	1.188030e-01	3.252608e-01	2.511711e-02	1.523481e-01	1.110035e+00	7.749794e-01	2.724149e-02	5.268499e-02	3.869285e+00	6.041855e-01	1.781707e-01	1.059209e+00	1.087838e-01	1.333002e+00	4.290047e-01	1.792962e-01	1.611475e-01	2.899402e-01	2.726141e-01	2.078209e-01	3.907293e-02	5.087112e-02	1.127156e+00	1.115723e+00	2.223708e-01	4.648526e+00	-6.373120e-08	
5.754775e-01	0.000000e+00	5.543858e-01	5.170122e-01	1.068953e+00	2.638880e-02	8.972651e-02	1.255223e-01	1.187244e-01	3.252616e-01	2.513973e-02	1.523310e-01	1.109658e+00	7.749711e-01	2.724505e-02	5.268138e-02	3.869274e+00	6.045561e-01	1.782942e-01	1.059816e+00	1.087759e-01	1.332899e+00	4.290894e-01	1.792690e-01	1.610902e-01	2.900631e-01	2.723714e-01	2.075806e-01	3.908721e-02	5.081881e-02	1.126944e+00	1.116176e+00	2.225404e-01	4.647489e+00	-7.905404e-08	
5.754775e-01	0.000000e+00	5.545081e-01	5.170753e-01	1.068681e+00	2.639042e-02	8.973609e-02	1.255154e-01	1.187802e-01	3.252614e-01	2.514611e-02	1.523500e-01	1.109981e+00	7.750206e-01	2.722465e-02	5.267536e-02	3.869121e+00	6.042701e-01	1.782002e-01	1.059779e+00	1.087887e-01	1.332634e+00	4.289783e-01	1.793136e-01	1.611183e-01	2.900487e-01	2.723816e-01	2.079804e-01	3.908641e-02	5.084487e-02	1.127093e+00	1.116001e+00	2.225914e-01	4.647154e+00	-5.548293e-08	
5.754775e-01	0.000000e+00	5.544645e-01	5.166412e-01	1.068709e+00	2.637796e-02	8.985480e-02	1.254899e-01	1.187514e-01	3.252637e-01	2.513001e-02	1.523174e-01	1.109756e+00	7.749919e-01	2.723358e-02	5.266469e-02	3.870375e+00	6.044284e-01	1.781715e-01	1.059030e+00	1.087903e-01	1.333075e+00	4.291198e-01	1.793458e-01	1.611323e-01	2.900921e-01	2.725372e-01	2.076177e-01	3.908990e-02	5.085765e-02	1.126653e+00	1.116055e+00	2.224498e-01	4.648975e+00	-5.173877e-08	
5.754775e-01	0.000000e+00	5.543566e-01	5.169460e-01	1.068429e+00	2.637867e-02	8.975263e-02	1.255033e-01	1.187069e-01	3.252628e-01	2.513775e-02	1.523001e-01	1.110079e+00	7.750014e-01	2.722392e-02	5.264457e-02	3.869528e+00	6.044869e-01	1.781942e-01	1.059633e+00	1.087922e-01	1.332746e+00	4.290550e-01	1.793892e-01	1.610744e-01	2.899887e-01	2.723823e-01	2.076459e-01	3.911873e-02	5.077348e-02	1.127078e+00	1.116004e+00	2.226683e-01	4.647631e+00	-6.781233e-08	
5.754775e-01	0.000000e+00	5.546258e-01	5.176344e-01	1.068547e+00	2.639278e-02	8.958609e-02	1.255204e-01	1.188203e-01	3.252581e-01	2.514979e-02	1.523242e-01	1.110210e+00	7.750211e-01	2.721049e-02	5.264415e-02	3.868594e+00	6.042343e-01	1.781600e-01	1.059650e+00	1.087732e-01	1.332191e+00	4.289772e-01	1.793500e-01	1.610590e-01	2.899775e-01	2.724198e-01	2.080000e-01	3.909164e-02	5.086502e-02	1.127841e+00	1.115688e+00	2.226364e-01	4.645757e+00	-7.971363e-08	
5.754776e-01	0.000000e+00	5.546459e-01	5.172071e-01	1.068352e+00	2.638846e-02	8.977791e-02	1.255157e-01	1.188292e-01	3.252597e-01	2.514115e-02	1.523383e-01	1.110180e+00	7.749938e-01	2.722005e-02	5.263796e-02	3.868970e+00	6.043013e-01	1.781322e-01	1.059274e+00	1.087738e-01	1.332341e+00	4.290338e-01	1.793724e-01	1.610674e-01	2.900191e-01	2.724590e-01	2.075488e-01	3.911795e-02	5.083014e-02	1.127669e+00	1.115708e+00	2.225604e-01	4.647179e+00	-5.495215e-08	
5.754776e-01	0.000000e+00	5.546129e-01	5.165941e-01	1.068440e+00	2.638056e-02	8.982234e-02	1.254951e-01	1.188360e-01	3.252598e-01	2.513231e-02	1.523812e-01	1.110133e+00	7.750069e-01	2.722749e-02	5.267029e-02	3.868640e+00	6.038807e-01	1.780942e-01	1.058700e+00	1.087770e-01	1.332749e+00	4.290544e-01	1.793189e-01	1.611057e-01	2.898955e-01	2.725566e-01	2.078866e-01	3.907569e-02	5.088126e-02	1.127422e+00	1.115674e+00	2.224861e-01	4.647416e+00	-9.053652e-08	
5.754776e-01	0.000000e+00	5.547193e-01	5.171673e-01	1.068689e+00	2.638982e-02	8.972309e-02	1.255117e-01	1.188425e-01	3.252600e-01	2.513769e-02	1.523780e-01	1.110088e+00	7.750092e-01	2.722666e-02	5.267231e-02	3.868509e+00	6.041867e-01	1.781833e-01	1.059561e+00	1.087487e-01	1.331905e+00	4.290651e-01	1.793140e-01	1.610447e-01	2.900138e-01	2.724450e-01	2.077363e-01	3.910980e-02	5.085368e-02	1.127268e+00	1.115879e+00	2.224804e-01	4.647695e+00	-9.651837e-08	
5.754766e-01	5.237390e-15	5.543987e-01	5.163189e-01	1.068811e+00	2.639158e-02	8.992313e-02	1.255061e-01	1.187711e-01	3.252640e-01	2.512110e-02	1.523644e-01	1.109648e+00	7.749910e-01	2.724850e-02	5.268643e-02	3.870354e+00	6.044614e-01	1.781762e-01	1.058910e+00	1.087661e-01	1.332781e+00	4.291402e-01	1.793091e-01	1.611526e-01	2.899840e-01	2.724406e-01	2.079337e-01	3.906840e-02	5.085532e-02	1.126689e+00	1.116150e+00	2.223006e-01	4.649069e+00	7.236981e-08	
5.754776e-01	0.000000e+00	5.545298e-01	5.171446e-01	1.068275e+00	2.638009e-02	8.981619e-02	1.255034e-01	1.187857e-01	3.252622e-01	2.513237e-02	1.523258e-01	1.109904e+00	7.749959e-01	2.723631e-02	5.266736e-02	3.870127e+00	6.042729e-01	1.781260e-01	1.058914e+00	1.087743e-01	1.332642e+00	4.291449e-01	1.792689e-01	1.611135e-01	2.899947e-01	2.725852e-01	2.077720e-01	3.910362e-02	5.089343e-02	1.127239e+00	1.115893e+00	2.225462e-01	4.648228e+00	-8.055990e-08	
5.754776e-01	0.000000e+00	5.544330e-01	5.175165e-01	1.068643e+00	2.639961e-02	8.977888e-02	1.255294e-01	1.188829e-01	3.252610e-01	2.514468e-02	1.523499e-01	1.109940e+00	7.750227e-01	2.722621e-02	5.266701e-02	3.868748e+00	6.040643e-01	1.781403e-01	1.059453e+00	1.087774e-01	1.332316e+00	4.290384e-01	1.792862e-01	1.611944e-01	2.901531e-01	2.722548e-01	2.080551e-01	3.908383e-02	5.087694e-02	1.127484e+00	1.115923e+00	2.225358e-01	4.647140e+00	-8.161530e-08	
5.754776e-01	0.000000e+00	5.545373e-01	5.167335e-01	1.069113e+00	2.639158e-02	8.973772e-02	1.255076e-01	1.187980e-01	3.252625e-01	2.513129e-02	1.523678e-01	1.109859e+00	7.749822e-01	2.723696e-02	5.269262e-02	3.869695e+00	6.042536e-01	1.782266e-01	1.059360e+00	1.087760e-01	1.332999e+00	4.290975e-01	1.792797e-01	1.611998e-01	2.901386e-01	2.724479e-01	2.081989e-01	3.907271e-02	5.086083e-02	1.126888e+00	1.116100e+00	2.224297e-01	4.647872e+00	-4.394058e-08	
5.754776e-01	0.000000e+00	5.545254e-01	5.170919e-01	1.068574e+00	2.638794e-02	8.971508e-02	1.255115e-01	1.188813e-01	3.252587e-01	2.514852e-02	1.523946e-01	1.109829e+00	7.750309e-01	2.722573e-02	5.266072e-02	3.868709e+00	6.038106e-01	1.781126e-01	1.059151e+00	1.087787e-01	1.332403e+00	4.289911e-01	1.793043e-01	1.610077e-01	2.897738e-01	2.724510e-01	2.078590e-01	3.906417e-02	5.086714e-02	1.127697e+00	1.115595e+00	2.226662e-01	4.646566e+00	-7.497710e-08	
5.754776e-01	0.000000e+00	5.546130e-01	5.171292e-01	1.068696e+00	2.639655e-02	8.967919e-02	1.255126e-01	1.188343e-01	3.252592e-01	2.513305e-02	1.523911e-01	1.110211e+00	7.750075e-01	2.721877e-02	5.265830e-02	3.868689e+00	6.040005e-01	1.781808e-01	1.059625e+00	1.087887e-01	1.332714e+00	4.289329e-01	1.793283e-01	1.611293e-01	2.900540e-01	2.723586e-01	2.078623e-01	3.909325e-02	5.078855e-02	1.127379e+00	1.115777e+00	2.225583e-01	4.647697e+00	-9.146636e-08	
5.754776e-01	0.000000e+00	5.545891e-01	5.163711e-01	1.068371e+00	2.638009e-02	8.989094e-02	1.254923e-01	1.187555e-01	3.252624e-01	2.512378e-02	1.523261e-01	1.110040e+00	7.749792e-01	2.724839e-02	5.268698e-02	3.869827e+00	6.042906e-01	1.780737e-01	1.058361e+00	1.087875e-01	1.333120e+00	4.290683e-01	1.793925e-01	1.610980e-01	2.898365e-01	2.726924e-01	2.076667e-01	3.908163e-02	5.084934e-02	1.127041e+00	1.115887e+00	2.222766e-01	4.648677e+00	-5.820393e-08	
5.754776e-01	0.000000e+00	5.545724e-01	5.169405e-01	1.068737e+00	2.638617e-02	8.977283e-02	1.255188e-01	1.188428e-01	3.252598e-01	2.513906e-02	1.523567e-01	1.109850e+00	7.750065e-01	2.723269e-02	5.268806e-02	3.868892e+00	6.040816e-01	1.781707e-01	1.059270e+00	1.087688e-01	1.332470e+00	4.293113e-01	1.792209e-01	1.611641e-01	2.902402e-01	2.724307e-01	2.077684e-01	3.909374e-02	5.088033e-02	1.127106e+00	1.116057e+00	2.225848e-01	4.647307e+00	-6.035175e-08	
5.754776e-01	0.000000e+00	5.545474e-01	5.167456e-01	1.068697e+00	2.637628e-02	8.978805e-02	1.254934e-01	1.187667e-01	3.252615e-01	2.512862e-02	1.523399e-01	1.109979e+00	7.749854e-01	2.723050e-02	5.265821e-02	3.869478e+00	6.044162e-01	1.781918e-01	1.059498e+00	1.087937e-01	1.332962e+00	4.290479e-01	1.793356e-01	1.610911e-01	2.900106e-01	2.725502e-01	2.075330e-01	3.909572e-02	5.081310e-02	1.127150e+00	1.115780e+00	2.225273e-01	4.647735e+00	-9.130716e-08	
5.754776e-01	0.000000e+00	5.542987e-01	5.172005e-01	1.068494e+00	2.638878e-02	8.988095e-02	1.255034e-01	1.187621e-01	3.252638e-01	2.512670e-02	1.523401e-01	1.109780e+00	7.750058e-01	2.723923e-02	5.267834e-02	3.869571e+00	6.039965e-01	1.781537e-01	1.058566e+00	1.087923e-01	1.333432e+00	4.290850e-01	1.793120e-01	1.611954e-01	2.899938e-01	2.724730e-01	2.081057e-01	3.906299e-02	5.085470e-02	1.127224e+00	1.115897e+00	2.225127e-01	4.648307e+00	-5.544989e-08	
5.754776e-01	0.000000e+00	5.545304e-01	5.174088e-01	1.068493e+00	2.638243e-02	8.979118e-02	1.255142e-01	1.188159e-01	3.252609e-01	2.515135e-02	1.523010e-01	1.110119e+00	7.750137e-01	2.721847e-02	5.265644e-02	3.869569e+00	6.043345e-01	1.781287e-01	1.059136e+00	1.087693e-01	1.332343e+00	4.291601e-01	1.793575e-01	1.610341e-01	2.898543e-01	2.724135e-01	2.077508e-01	3.911437e-02	5.089219e-02	1.127209e+00	1.115962e+00	2.225052e-01	4.647084e+00	-6.741862e-08	
5.754776e-01	0.000000e+00	5.546137e-01	5.167667e-01	1.068630e+00	2.638181e-02	8.977969e-02	1.254842e-01	1.187105e-01	3.252618e-01	2.512139e-02	1.523322e-01	1.109956e+00	7.749702e-01	2.724508e-02	5.269394e-02	3.869885e+00	6.044439e-01	1.781833e-01	1.059233e+00	1.087931e-01	1.333206e+00	4.289448e-01	1.793052e-01	1.611542e-01	2.900095e-01	2.726771e-01	2.078466e-01	3.908113e-02	5.085520e-02	1.127390e+00	1.115580e+00	2.224689e-01	4.647981e+00	-1.877764e-07	
5.754770e-01	2.450950e-16	5.546191e-01	5.170407e-01	1.068473e+00	2.639552e-02	8.966813e-02	1.255053e-01	1.188276e-01	3.252616e-01	2.514054e-02	1.523896e-01	1.110103e+00	7.750298e-01	2.721732e-02	5.266159e-02	3.868944e+00	6.039594e-01	1.781047e-01	1.059021e+00	1.087854e-01	1.332806e+00	4.290075e-01	1.793097e-01	1.610877e-01	2.896933e-01	2.724747e-01	2.081847e-01	3.907233e-02	5.084949e-02	1.127310e+00	1.115800e+00	2.225958e-01	4.648114e+00	1.565551e-08	
5.754776e-01	0.000000e+00	5.545383e-01	5.169046e-01	1.068805e+00	2.639341e-02	8.991549e-02	1.255041e-01	1.188073e-01	3.252628e-01	2.513631e-02	1.524023e-01	1.110040e+00	7.750086e-01	2.724541e-02	5.269511e-02	3.868683e+00	6.040045e-01	1.781923e-01	1.059203e+00	1.087588e-01	1.332502e+00	4.291312e-01	1.792493e-01	1.612218e-01	2.901801e-01	2.724889e-01	2.081207e-01	3.910191e-02	5.086361e-02	1.127126e+00	1.115998e+00	2.224125e-01	4.648667e+00	-8.308420e-08	
5.754776e-01	0.000000e+00	5.546216e-01	5.162991e-01	1.068662e+00	2.637611e-02	8.994695e-02	1.254837e-01	1.187391e-01	3.252636e-01	2.511278e-02	1.523285e-01	1.110019e+00	7.749657e-01	2.724329e-02	5.268746e-02	3.870030e+00	6.044621e-01	1.781231e-01	1.058784e+00	1.087881e-01	1.333202e+00	4.290880e-01	1.793873e-01	1.612011e-01	2.900132e-01	2.726704e-01	2.077827e-01	3.908775e-02	5.087090e-02	1.126883e+00	1.115860e+00	2.222803e-01	4.648665e+00	-8.668290e-08	
5.754776e-01	0.000000e+00	5.545523e-01	5.166586e-01	1.068566e+00	2.638288e-02	8.983983e-02	1.254895e-01	1.188411e-01	3.252610e-01	2.513022e-02	1.523688e-01	1.109873e+00	7.750175e-01	2.722734e-02	5.266897e-02	3.869236e+00	6.040351e-01	1.781124e-01	1.058724e+00	1.087834e-01	1.332972e+00	4.290953e-01	1.793305e-01	1.611283e-01	2.899042e-01	2.724915e-01	2.079876e-01	3.906724e-02	5.087615e-02	1.127036e+00	1.115874e+00	2.224598e-01	4.648560e+00	-9.370320e-08	
5.754776e-01	0.000000e+00	5.544340e-01	5.171664e-01	1.068642e+00	2.638617e-02	8.991822e-02	1.255033e-01	1.187504e-01	3.252623e-01	2.513948e-02	1.523310e-01	1.110000e+00	7.749947e-01	2.723192e-02	5.267960e-02	3.869925e+00	6.043403e-01	1.781766e-01	1.059142e+00	1.087838e-01	1.333031e+00	4.291220e-01	1.793221e-01	1.611929e-01	2.900423e-01	2.724463e-01	2.079811e-01	3.909069e-02	5.087118e-02	1.126983e+00	1.116046e+00	2.224518e-01	4.647649e+00	-9.143116e-08	
5.754776e-01	0.000000e+00	5.544106e-01	5.169990e-01	1.068613e+00	2.637780e-02	8.985354e-02	1.254797e-01	1.187750e-01	3.252632e-01	2.512610e-02	1.523204e-01	1.109973e+00	7.749981e-01	2.724317e-02	5.267828e-02	3.870562e+00	6.044456e-01	1.781601e-01	1.058873e+00	1.087957e-01	1.333248e+00	4.290570e-01	1.793810e-01	1.611532e-01	2.900646e-01	2.725532e-01	2.078663e-01	3.908013e-02	5.083382e-02	1.127051e+00	1.115705e+00	2.223041e-01	4.649189e+00	-8.095812e-08	
5.754776e-01	0.000000e+00	5.543611e-01	5.165698e-01	1.068883e+00	2.638306e-02	8.981002e-02	1.255131e-01	1.187606e-01	3.252623e-01	2.514263e-02	1.523445e-01	1.109760e+00	7.750197e-01	2.723681e-02	5.268572e-02	3.868985e+00	6.042148e-01	1.781696e-01	1.058766e+00	1.087766e-01	1.333044e+00	4.291368e-01	1.792878e-01	1.610966e-01	2.898725e-01	2.723329e-01	2.079201e-01	3.907125e-02	5.081677e-02	1.126726e+00	1.116137e+00	2.225085e-01	4.647968e+00	-6.599231e-08	
5.754776e-01	0.000000e+00	5.546865e-01	5.164565e-01	1.068798e+00	2.638851e-02	8.967983e-02	1.255298e-01	1.188075e-01	3.252599e-01	2.514128e-02	1.523869e-01	1.110027e+00	7.749896e-01	2.723140e-02	5.267507e-02	3.868691e+00	6.040069e-01	1.782036e-01	1.059467e+00	1.087705e-01	1.332577e+00	4.291780e-01	1.791992e-01	1.611088e-01	2.901471e-01	2.723446e-01	2.077659e-01	3.908783e-02	5.082666e-02	1.127139e+00	1.116093e+00	2.226111e-01	4.646641e+00	-7.682746e-08	
5.754776e-01	0.000000e+00	5.544805e-01	5.175688e-01	1.068374e+00	2.637972e-02	8.977463e-02	1.255083e-01	1.188347e-01	3.252614e-01	2.513738e-02	1.523290e-01	1.109975e+00	7.750215e-01	2.721215e-02	5.263302e-02	3.869858e+00	6.042541e-01	1.781296e-01	1.059230e+00	1.087630e-01	1.331948e+00	4.291422e-01	1.793176e-01	1.610092e-01	2.900597e-01	2.725016e-01	2.074801e-01	3.911315e-02	5.090803e-02	1.127342e+00	1.115794e+00	2.225677e-01	4.647291e+00	-9.513205e-08	
5.754776e-01	0.000000e+00	5.544902e-01	5.163429e-01	1.068419e+00	2.638105e-02	8.990866e-02	1.255068e-01	1.187577e-01	3.252636e-01	2.512547e-02	1.523351e-01	1.110023e+00	7.749915e-01	2.724305e-02	5.268456e-02	3.870000e+00	6.041699e-01	1.780989e-01	1.058746e+00	1.087830e-01	1.332902e+00	4.291512e-01	1.793154e-01	1.611720e-01	2.899317e-01	2.725236e-01	2.076694e-01	3.910336e-02	5.085952e-02	1.126942e+00	1.116081e+00	2.224292e-01	4.648074e+00	-9.327204e-08	
5.754776e-01	0.000000e+00	5.545329e-01	5.166319e-01	1.068824e+00	2.638217e-02	8.981665e-02	1.255029e-01	1.187558e-01	3.252641e-01	2.511850e-02	1.523538e-01	1.109827e+00	7.749936e-01	2.722438e-02	5.266669e-02	3.869468e+00	6.043065e-01	1.781732e-01	1.059282e+00	1.087854e-01	1.332882e+00	4.291217e-01	1.792676e-01	1.611458e-01	2.900855e-01	2.723909e-01	2.077719e-01	3.909647e-02	5.085274e-02	1.126580e+00	1.116158e+00	2.225797e-01	4.648627e+00	-6.823867e-08	
5.754777e-01	0.000000e+00	5.544986e-01	5.162895e-01	1.068298e+00	2.637717e-02	9.000721e-02	1.254932e-01	1.188070e-01	3.252614e-01	2.512989e-02	1.523481e-01	1.110009e+00	7.750013e-01	2.722806e-02	5.268147e-02	3.869266e+00	6.038599e-01	1.780626e-01	1.057993e+00	1.087820e-01	1.333253e+00	4.292379e-01	1.792786e-01	1.612070e-01	2.900087e-01	2.724165e-01	2.078644e-01	3.909364e-02	5.088433e-02	1.126948e+00	1.115990e+00	2.223987e-01	4.648593e+00	-1.124395e-07	
5.754777e-01	0.000000e+00	5.547755e-01	5.170641e-01	1.068605e+00	2.638255e-02	8.984153e-02	1.255185e-01	1.188071e-01	3.252581e-01	2.514519e-02	1.523181e-01	1.110295e+00	7.749496e-01	2.723036e-02	5.265948e-02	3.868548e+00	6.041506e-01	1.781424e-01	1.059000e+00	1.087811e-01	1.332975e+00	4.291697e-01	1.792715e-01	1.611405e-01	2.900743e-01	2.724454e-01	2.075732e-01	3.911285e-02	5.083262e-02	1.127282e+00	1.115931e+00	2.225164e-01	4.647247e+00	-6.586966e-08	
5.754771e-01	2.607349e-18	5.545790e-01	5.167579e-01	1.068532e+00	2.638038e-02	8.985345e-02	1.255069e-01	1.187851e-01	3.252639e-01	2.512219e-02	1.523525e-01	1.110171e+00	7.749793e-01	2.723143e-02	5.265524e-02	3.869807e+00	6.043920e-01	1.781531e-01	1.058988e+00	1.087654e-01	1.332564e+00	4.292696e-01	1.793312e-01	1.611259e-01	2.900683e-01	2.724542e-01	2.075021e-01	3.912463e-02	5.087890e-02	1.126712e+00	1.116163e+00	2.224070e-01	4.649002e+00	1.614729e-09	
5.754777e-01	0.000000e+00	5.544435e-01	5.167754e-01	1.068641e+00	2.638585e-02	8.973342e-02	1.255148e-01	1.187319e-01	3.252630e-01	2.511964e-02	1.523319e-01	1.109983e+00	7.749830e-01	2.722471e-02	5.266692e-02	3.869753e+00	6.045916e-01	1.782250e-01	1.059675e+00	1.087666e-01	1.332435e+00	4.291276e-01	1.793330e-01	1.610709e-01	2.899807e-01	2.724008e-01	2.075766e-01	3.911473e-02	5.086586e-02	1.126648e+00	1.116215e+00	2.224906e-01	4.648478e+00	-1.300286e-07	
5.754777e-01	0.000000e+00	5.542084e-01	5.177849e-01	1.068622e+00	2.639178e-02	8.980523e-02	1.255105e-01	1.187380e-01	3.252651e-01	2.514215e-02	1.523074e-01	1.109801e+00	7.749942e-01	2.724676e-02	5.268220e-02	3.870075e+00	6.046614e-01	1.782319e-01	1.059759e+00	1.087766e-01	1.332605e+00	4.290741e-01	1.793705e-01	1.611268e-01	2.898808e-01	2.724699e-01	2.079535e-01	3.908135e-02	5.086835e-02	1.127051e+00	1.115997e+00	2.224713e-01	4.648518e+00	-7.367161e-08	
5.754777e-01	0.000000e+00	5.545570e-01	5.169077e-01	1.068429e+00	2.637715e-02	8.995289e-02	1.254964e-01	1.188613e-01	3.252595e-01	2.514267e-02	1.523085e-01	1.110274e+00	7.749964e-01	2.723291e-02	5.267599e-02	3.869514e+00	6.041508e-01	1.781080e-01	1.058808e+00	1.087796e-01	1.332790e+00	4.291402e-01	1.793115e-01	1.611864e-01	2.900812e-01	2.725455e-01	2.078909e-01	3.910998e-02	5.090616e-02	1.127426e+00	1.115701e+00	2.223623e-01	4.647727e+00	-8.952724e-08	
5.754777e-01	0.000000e+00	5.545439e-01	5.169926e-01	1.068404e+00	2.639243e-02	8.968856e-02	1.255065e-01	1.187642e-01	3.252602e-01	2.513945e-02	1.523697e-01	1.110045e+00	7.750099e-01	2.722875e-02	5.265765e-02	3.869274e+00	6.042728e-01	1.781223e-01	1.059135e+00	1.087974e-01	1.332914e+00	4.288179e-01	1.794068e-01	1.610328e-01	2.897190e-01	2.725013e-01	2.076762e-01	3.908158e-02	5.077275e-02	1.127340e+00	1.115790e+00	2.225166e-01	4.647893e+00	-1.905547e-07	
5.754777e-01	0.000000e+00	5.546880e-01	5.174064e-01	1.068485e+00	2.639050e-02	8.975380e-02	1.255166e-01	1.188802e-01	3.252591e-01	2.515246e-02	1.523741e-01	1.110116e+00	7.749965e-01	2.723068e-02	5.266688e-02	3.868573e+00	6.040983e-01	1.781843e-01	1.059472e+00	1.087588e-01	1.332143e+00	4.291463e-01	1.793138e-01	1.610117e-01	2.899625e-01	2.725123e-01	2.076084e-01	3.911509e-02	5.081681e-02	1.127391e+00	1.115827e+00	2.225377e-01	4.648220e+00	-1.310163e-07	
5.754777e-01	0.000000e+00	5.544418e-01	5.167573e-01	1.068806e+00	2.638506e-02	8.975562e-02	1.255001e-01	1.187708e-01	3.252647e-01	2.512704e-02	1.523833e-01	1.109749e+00	7.750015e-01	2.724075e-02	5.268165e-02	3.869575e+00	6.042258e-01	1.782046e-01	1.059672e+00	1.087766e-01	1.332452e+00	4.291115e-01	1.792947e-01	1.611164e-01	2.900848e-01	2.723844e-01	2.079527e-01	3.909633e-02	5.085651e-02	1.126974e+00	1.115893e+00	2.225985e-01	4.648939e+00	-8.618205e-08	
5.754777e-01	0.000000e+00	5.545079e-01	5.162776e-01	1.068807e+00	2.638459e-02	8.988771e-02	1.254917e-01	1.187837e-01	3.252624e-01	2.512319e-02	1.523957e-01	1.109932e+00	7.749892e-01	2.724274e-02	5.270546e-02	3.868687e+00	6.039038e-01	1.781559e-01	1.058682e+00	1.087703e-01	1.333067e+00	4.291940e-01	1.792711e-01	1.612048e-01	2.900088e-01	2.724469e-01	2.080878e-01	3.908570e-02	5.086295e-02	1.126625e+00	1.116074e+00	2.224491e-01	4.649753e+00	-7.724124e-08	
5.754762e-01	2.002717e-14	5.543998e-01	5.171669e-01	1.068626e+00	2.639179e-02	8.968176e-02	1.255173e-01	1.188135e-01	3.252599e-01	2.514244e-02	1.523507e-01	1.110150e+00	7.750091e-01	2.722263e-02	5.267506e-02	3.868383e+00	6.040641e-01	1.782122e-01	1.059785e+00	1.087808e-01	1.332578e+00	4.290759e-01	1.793507e-01	1.610890e-01	2.899370e-01	2.722977e-01	2.079422e-01	3.909395e-02	5.079991e-02	1.127363e+00	1.115904e+00	2.227342e-01	4.646564e+00	1.415174e-07	
5.754777e-01	0.000000e+00	5.545062e-01	5.163327e-01	1.068630e+00	2.638042e-02	8.990012e-02	1.254980e-01	1.187379e-01	3.252647e-01	2.513043e-02	1.523442e-01	1.109919e+00	7.750011e-01	2.723863e-02	5.267404e-02	3.869457e+00	6.043124e-01	1.781867e-01	1.059440e+00	1.087812e-01	1.332701e+00	4.290590e-01	1.792815e-01	1.611185e-01	2.899863e-01	2.724899e-01	2.076683e-01	3.910095e-02	5.085583e-02	1.126834e+00	1.116068e+00	2.223568e-01	4.648555e+00	-1.260597e-07	
5.754777e-01	0.000000e+00	5.543113e-01	5.172870e-01	1.068339e+00	2.638463e-02	8.976781e-02	1.255004e-01	1.188205e-01	3.252623e-01	2.514525e-02	1.523529e-01	1.109805e+00	7.750240e-01	2.722482e-02	5.266528e-02	3.869918e+00	6.040996e-01	1.781721e-01	1.059038e+00	1.087892e-01	1.332969e+00	4.291450e-01	1.792699e-01	1.610766e-01	2.899567e-01	2.725505e-01	2.078617e-01	3.907393e-02	5.085692e-02	1.127392e+00	1.115781e+00	2.226237e-01	4.647664e+00	-6.822382e-08	
5.754777e-01	0.000000e+00	5.544757e-01	5.164955e-01	1.068355e+00	2.637379e-02	8.987545e-02	1.254956e-01	1.187476e-01	3.252642e-01	2.512398e-02	1.523254e-01	1.109993e+00	7.749866e-01	2.723815e-02	5.267383e-02	3.870126e+00	6.042666e-01	1.781334e-01	1.058642e+00	1.087698e-01	1.332779e+00	4.291962e-01	1.793007e-01	1.611063e-01	2.899993e-01	2.725698e-01	2.077949e-01	3.910797e-02	5.089532e-02	1.126951e+00	1.115939e+00	2.225091e-01	4.648732e+00	-8.583234e-08	
5.754777e-01	0.000000e+00	5.544140e-01	5.167374e-01	1.068216e+00	2.637935e-02	8.992663e-02	1.254806e-01	1.187160e-01	3.252633e-01	2.512857e-02	1.523279e-01	1.110168e+00	7.749732e-01	2.724148e-02	5.270071e-02	3.870132e+00	6.044107e-01	1.781236e-01	1.058533e+00	1.087952e-01	1.333488e+00	4.290877e-01	1.793792e-01	1.611852e-01	2.899329e-01	2.727086e-01	2.080190e-01	3.908459e-02	5.087007e-02	1.126881e+00	1.115885e+00	2.223409e-01	4.649344e+00	-6.342708e-08	
5.754777e-01	0.000000e+00	5.544512e-01	5.166186e-01	1.068435e+00	2.638476e-02	8.986308e-02	1.255110e-01	1.187410e-01	3.252620e-01	2.513742e-02	1.523522e-01	1.110030e+00	7.749886e-01	2.723027e-02	5.268637e-02	3.869130e+00	6.041071e-01	1.781859e-01	1.058822e+00	1.087823e-01	1.333274e+00	4.291406e-01	1.792795e-01	1.611616e-01	2.900410e-01	2.723331e-01	2.078355e-01	3.909034e-02	5.081529e-02	1.126665e+00	1.116211e+00	2.224609e-01	4.648647e+00	-8.027785e-08	
5.754777e-01	0.000000e+00	5.544783e-01	5.171390e-01	1.068682e+00	2.638941e-02	8.983197e-02	1.255069e-01	1.188032e-01	3.252633e-01	2.514636e-02	1.523405e-01	1.109964e+00	7.749983e-01	2.723972e-02	5.269460e-02	3.869127e+00	6.042903e-01	1.782070e-01	1.059775e+00	1.087633e-01	1.332176e+00	4.291448e-01	1.793571e-01	1.611231e-01	2.900531e-01	2.724404e-01	2.080194e-01	3.911002e-02	5.089309e-02	1.127082e+00	1.116009e+00	2.224287e-01	4.648387e+00	-7.393165e-08	
5.754777e-01	0.000000e+00	5.542356e-01	5.164228e-01	1.068783e+00	2.638435e-02	8.989694e-02	1.254909e-01	1.187337e-01	3.252657e-01	2.511968e-02	1.523594e-01	1.109696e+00	7.750058e-01	2.724022e-02	5.270174e-02	3.869467e+00	6.038715e-01	1.781536e-01	1.058686e+00	1.087891e-01	1.333333e+00	4.292862e-01	1.792352e-01	1.612296e-01	2.900509e-01	2.723329e-01	2.082443e-01	3.906582e-02	5.087802e-02	1.126447e+00	1.116211e+00	2.225057e-01	4.649719e+00	-1.013371e-07	
5.754777e-01	0.000000e+00	5.544667e-01	5.164366e-01	1.068838e+00	2.638507e-02	8.984479e-02	1.255032e-01	1.187478e-01	3.252638e-01	2.512536e-02	1.523551e-01	1.109866e+00	7.749840e-01	2.723986e-02	5.268764e-02	3.869407e+00	6.044897e-01	1.781903e-01	1.059610e+00	1.087693e-01	1.332367e+00	4.290815e-01	1.792962e-01	1.611197e-01	2.900407e-01	2.724199e-01	2.079493e-01	3.909319e-02	5.087998e-02	1.126826e+00	1.116139e+00	2.224655e-01	4.647888e+00	-6.939410e-08	
5.754777e-01	0.000000e+00	5.542338e-01	5.162498e-01	1.069019e+00	2.639320e-02	8.978016e-02	1.255295e-01	1.187193e-01	3.252648e-01	2.512335e-02	1.523787e-01	1.109468e+00	7.749934e-01	2.723633e-02	5.269932e-02	3.869457e+00	6.042304e-01	1.782797e-01	1.059860e+00	1.087517e-01	1.332240e+00	4.292724e-01	1.792001e-01	1.611052e-01	2.901152e-01	2.721706e-01	2.078554e-01	3.909320e-02	5.086341e-02	1.126347e+00	1.116483e+00	2.226461e-01	4.648405e+00	-8.012439e-08	
5.754777e-01	0.000000e+00	5.545510e-01	5.162898e-01	1.068603e+00	2.638584e-02	8.994218e-02	1.255041e-01	1.187380e-01	3.252636e-01	2.512140e-02	1.523538e-01	1.109931e+00	7.749908e-01	2.724234e-02	5.269606e-02	3.869716e+00	6.044629e-01	1.781744e-01	1.058981e+00	1.087721e-01	1.332799e+00	4.290772e-01	1.793073e-01	1.611826e-01	2.902131e-01	2.723337e-01	2.079371e-01	3.908994e-02	5.082481e-02	1.126590e+00	1.116163e+00	2.222794e-01	4.649189e+00	-7.831562e-08	
5.754778e-01	0.000000e+00	5.543423e-01	5.170739e-01	1.068558e+00	2.637772e-02	8.986753e-02	1.254879e-01	1.187356e-01	3.252619e-01	2.512810e-02	1.522809e-01	1.109940e+00	7.749957e-01	2.723236e-02	5.267888e-02	3.870633e+00	6.046825e-01	1.782041e-01	1.059097e+00	1.087990e-01	1.333493e+00	4.290700e-01	1.793867e-01	1.611717e-01	2.899739e-01	2.724994e-01	2.078518e-01	3.909476e-02	5.083135e-02	1.127027e+00	1.115801e+00	2.224175e-01	4.648507e+00	-8.163571e-08	
5.754778e-01	0.000000e+00	5.543320e-01	5.166542e-01	1.068719e+00	2.639290e-02	8.983607e-02	1.255097e-01	1.187123e-01	3.252637e-01	2.511691e-02	1.523585e-01	1.109794e+00	7.749733e-01	2.724900e-02	5.270980e-02	3.870081e+00	6.043050e-01	1.782362e-01	1.059303e+00	1.087668e-01	1.332873e+00	4.291525e-01	1.792501e-01	1.612007e-01	2.900836e-01	2.724463e-01	2.080131e-01	3.908659e-02	5.084075e-02	1.126723e+00	1.116147e+00	2.223698e-01	4.649308e+00	-2.071244e-07	
5.754778e-01	0.000000e+00	5.545730e-01	5.172542e-01	1.068333e+00	2.638918e-02	8.985622e-02	1.255035e-01	1.188627e-01	3.252610e-01	2.514688e-02	1.523737e-01	1.110087e+00	7.750063e-01	2.723674e-02	5.268453e-02	3.869146e+00	6.040019e-01	1.781088e-01	1.058453e+00	1.087716e-01	1.332841e+00	4.292609e-01	1.793188e-01	1.611055e-01	2.899518e-01	2.726361e-01	2.079575e-01	3.909115e-02	5.087092e-02	1.127291e+00	1.115845e+00	2.225221e-01	4.648760e+00	-8.279601e-08	
5.754778e-01	0.000000e+00	5.546409e-01	5.167180e-01	1.068555e+00	2.639383e-02	8.982482e-02	1.255113e-01	1.187637e-01	3.252617e-01	2.512100e-02	1.523859e-01	1.109901e+00	7.749717e-01	2.725197e-02	5.268863e-02	3.868894e+00	6.041514e-01	1.781422e-01	1.058873e+00	1.087674e-01	1.332773e+00	4.290062e-01	1.793334e-01	1.611113e-01	2.898103e-01	2.724485e-01	2.078122e-01	3.908822e-02	5.081750e-02	1.127047e+00	1.116069e+00	2.223439e-01	4.649084e+00	-2.074197e-07	
5.754778e-01	0.000000e+00	5.544060e-01	5.165392e-01	1.068952e+00	2.639471e-02	8.989577e-02	1.255443e-01	1.187314e-01	3.252618e-01	2.513314e-02	1.523724e-01	1.109789e+00	7.749734e-01	2.723942e-02	5.269071e-02	3.868500e+00	6.042388e-01	1.782455e-01	1.059456e+00	1.087718e-01	1.332931e+00	4.292312e-01	1.792123e-01	1.611596e-01	2.901047e-01	2.721350e-01	2.076373e-01	3.909697e-02	5.079193e-02	1.126190e+00	1.116732e+00	2.225674e-01	4.648174e+00	-1.097128e-07	
5.754778e-01	0.000000e+00	5.543368e-01	5.175545e-01	1.068493e+00	2.638497e-02	8.969489e-02	1.255135e-01	1.187022e-01	3.252646e-01	2.513534e-02	1.523249e-01	1.109882e+00	7.749782e-01	2.723036e-02	5.265885e-02	3.869042e+00	6.044435e-01	1.782378e-01	1.059905e+00	1.087747e-01	1.332402e+00	4.290347e-01	1.793539e-01	1.610228e-01	2.899348e-01	2.723571e-01	2.075997e-01	3.910299e-02	5.082093e-02	1.127112e+00	1.115989e+00	2.226389e-01	4.647838e+00	-8.006899e-08	
5.754778e-01	0.000000e+00	5.544558e-01	5.164423e-01	1.068577e+00	2.637397e-02	8.987381e-02	1.254941e-01	1.187400e-01	3.252641e-01	2.512412e-02	1.522835e-01	1.109944e+00	7.749965e-01	2.722513e-02	5.265336e-02	3.870690e+00	6.046458e-01	1.781350e-01	1.059045e+00	1.087897e-01	1.332872e+00	4.290218e-01	1.793870e-01	1.610274e-01	2.898183e-01	2.725308e-01	2.076428e-01	3.909360e-02	5.088414e-02	1.126895e+00	1.115895e+00	2.224911e-01	4.647662e+00	-8.634609e-08	
5.754778e-01	0.000000e+00	5.546572e-01	5.165081e-01	1.068816e+00	2.638327e-02	8.982152e-02	1.255073e-01	1.187591e-01	3.252626e-01	2.512031e-02	1.523915e-01	1.109904e+00	7.749851e-01	2.723528e-02	5.267697e-02	3.869089e+00	6.040938e-01	1.781899e-01	1.059243e+00	1.087679e-01	1.332603e+00	4.290778e-01	1.792396e-01	1.611685e-01	2.902415e-01	2.723713e-01	2.076514e-01	3.909520e-02	5.082689e-02	1.126499e+00	1.116207e+00	2.224358e-01	4.649012e+00	-1.437926e-07	
5.754778e-01	0.000000e+00	5.543908e-01	5.169397e-01	1.068938e+00	2.639822e-02	8.969830e-02	1.255267e-01	1.187275e-01	3.252621e-01	2.513721e-02	1.523420e-01	1.109708e+00	7.749855e-01	2.723813e-02	5.266637e-02	3.869924e+00	6.044450e-01	1.782396e-01	1.060003e+00	1.087951e-01	1.332917e+00	4.288840e-01	1.793268e-01	1.610763e-01	2.898209e-01	2.724058e-01	2.076784e-01	3.905635e-02	5.081670e-02	1.126889e+00	1.116192e+00	2.225160e-01	4.647113e+00	-8.915798e-08	
5.754778e-01	0.000000e+00	5.545854e-01	5.171186e-01	1.068445e+00	2.639054e-02	8.965125e-02	1.255306e-01	1.187859e-01	3.252596e-01	2.512964e-02	1.523113e-01	1.109809e+00	7.749508e-01	2.723347e-02	5.266720e-02	3.869984e+00	6.043184e-01	1.781998e-01	1.059394e+00	1.087609e-01	1.332419e+00	4.292128e-01	1.792447e-01	1.609969e-01	2.899263e-01	2.725645e-01	2.073396e-01	3.911020e-02	5.087401e-02	1.127244e+00	1.116014e+00	2.226314e-01	4.647736e+00	-2.190326e-07	
5.754770e-01	2.258688e-16	5.544829e-01	5.169632e-01	1.068917e+00	2.639171e-02	8.980769e-02	1.255098e-01	1.187712e-01	3.252631e-01	2.512581e-02	1.523613e-01	1.109883e+00	7.749910e-01	2.724185e-02	5.266891e-02	3.869181e+00	6.044700e-01	1.782225e-01	1.059425e+00	1.087717e-01	1.332762e+00	4.290069e-01	1.793512e-01	1.611765e-01	2.900589e-01	2.724355e-01	2.077520e-01	3.909398e-02	5.080611e-02	1.126885e+00	1.116042e+00	2.223468e-01	4.649085e+00	1.502893e-08	
5.754778e-01	0.000000e+00	5.545792e-01	5.172552e-01	1.068540e+00	2.638758e-02	8.974757e-02	1.255326e-01	1.188078e-01	3.252600e-01	2.514105e-02	1.523316e-01	1.109957e+00	7.749785e-01	2.723148e-02	5.265340e-02	3.869691e+00	6.045310e-01	1.782089e-01	1.059723e+00	1.087541e-01	1.331977e+00	4.291252e-01	1.792916e-01	1.610383e-01	2.900766e-01	2.725018e-01	2.073179e-01	3.913698e-02	5.083769e-02	1.127346e+00	1.116008e+00	2.225483e-01	4.647178e+00	-9.292925e-08	
5.754778e-01	0.000000e+00	5.546190e-01	5.174416e-01	1.068747e+00	2.638631e-02	8.981699e-02	1.255030e-01	1.187451e-01	3.252640e-01	2.512945e-02	1.523282e-01	1.110109e+00	7.749886e-01	2.724353e-02	5.265658e-02	3.870232e+00	6.047493e-01	1.782041e-01	1.059615e+00	1.087699e-01	1.332405e+00	4.289063e-01	1.793641e-01	1.611392e-01	2.901064e-01	2.726534e-01	2.076205e-01	3.912249e-02	5.086575e-02	1.126800e+00	1.116037e+00	2.222967e-01	4.649531e+00	-1.152851e-07	
5.754778e-01	0.000000e+00	5.547559e-01	5.171918e-01	1.068730e+00	2.638841e-02	8.967567e-02	1.255100e-01	1.188633e-01	3.252597e-01	2.513884e-02	1.523855e-01	1.110367e+00	7.750108e-01	2.721470e-02	5.265826e-02	3.868428e+00	6.038376e-01	1.781211e-01	1.059290e+00	1.087694e-01	1.332303e+00	4.290133e-01	1.793014e-01	1.611205e-01	2.900013e-01	2.724635e-01	2.079503e-01	3.910672e-02	5.085378e-02	1.127171e+00	1.115903e+00	2.225434e-01	4.647627e+00	-1.344874e-07	
5.754779e-01	0.000000e+00	5.544860e-01	5.169893e-01	1.068762e+00	2.638752e-02	8.976773e-02	1.255252e-01	1.187622e-01	3.252600e-01	2.513386e-02	1.523319e-01	1.110060e+00	7.749540e-01	2.722905e-02	5.266810e-02	3.869391e+00	6.041978e-01	1.782082e-01	1.059528e+00	1.087918e-01	1.333044e+00	4.292288e-01	1.792804e-01	1.611622e-01	2.901799e-01	2.723296e-01	2.076015e-01	3.910429e-02	5.080718e-02	1.126977e+00	1.116210e+00	2.226814e-01	4.646807e+00	-8.993686e-08	
5.754779e-01	0.000000e+00	5.542585e-01	5.165953e-01	1.068726e+00	2.638041e-02	8.993011e-02	1.254847e-01	1.186754e-01	3.252688e-01	2.510995e-02	1.523302e-01	1.109812e+00	7.749774e-01	2.725123e-02	5.266949e-02	3.871132e+00	6.048348e-01	1.782144e-01	1.059280e+00	1.087797e-01	1.332960e+00	4.289915e-01	1.793880e-01	1.610991e-01	2.898380e-01	2.725051e-01	2.074552e-01	3.909321e-02	5.084595e-02	1.126250e+00	1.116144e+00	2.222868e-01	4.650657e+00	-1.135684e-07	
5.754779e-01	0.000000e+00	5.546581e-01	5.173387e-01	1.068403e+00	2.638309e-02	8.978053e-02	1.255048e-01	1.188604e-01	3.252591e-01	2.514688e-02	1.523579e-01	1.110158e+00	7.750086e-01	2.722352e-02	5.264387e-02	3.868669e+00	6.040251e-01	1.781177e-01	1.059089e+00	1.087677e-01	1.332273e+00	4.290184e-01	1.793379e-01	1.610915e-01	2.900263e-01	2.725704e-01	2.076239e-01	3.911633e-02	5.085184e-02	1.127667e+00	1.115672e+00	2.225247e-01	4.647460e+00	-1.204809e-07	
5.754779e-01	0.000000e+00	5.544827e-01	5.169077e-01	1.069059e+00	2.639151e-02	8.984086e-02	1.255171e-01	1.187709e-01	3.252642e-01	2.512228e-02	1.523557e-01	1.109725e+00	7.750073e-01	2.722730e-02	5.266429e-02	3.869029e+00	6.043573e-01	1.782172e-01	1.059816e+00	1.087678e-01	1.332248e+00	4.291123e-01	1.793126e-01	1.611326e-01	2.901477e-01	2.721923e-01	2.078486e-01	3.910314e-02	5.081820e-02	1.126645e+00	1.116281e+00	2.225515e-01	4.648231e+00	-1.089347e-07	
5.754779e-01	0.000000e+00	5.544384e-01	5.168928e-01	1.068822e+00	2.638322e-02	8.980399e-02	1.254951e-01	1.186821e-01	3.252635e-01	2.511779e-02	1.523233e-01	1.109550e+00	7.749623e-01	2.724362e-02	5.269237e-02	3.870721e+00	6.046683e-01	1.782321e-01	1.059261e+00	1.087952e-01	1.333574e+00	4.290809e-01	1.793445e-01	1.611303e-01	2.898716e-01	2.726188e-01	2.075733e-01	3.906437e-02	5.083992e-02	1.126695e+00	1.116039e+00	2.224281e-01	4.648416e+00	-1.234096e-07	
5.754779e-01	0.000000e+00	5.545424e-01	5.176811e-01	1.068710e+00	2.639364e-02	8.966881e-02	1.255357e-01	1.188044e-01	3.252591e-01	2.514294e-02	1.523266e-01	1.110210e+00	7.749724e-01	2.722115e-02	5.265328e-02	3.868998e+00	6.043991e-01	1.782657e-01	1.060256e+00	1.087513e-01	1.331879e+00	4.291066e-01	1.792718e-01	1.611527e-01	2.903197e-01	2.723271e-01	2.077409e-01	3.914372e-02	5.084246e-02	1.127421e+00	1.116012e+00	2.226273e-01	4.646948e+00	-1.309224e-07	
5.754773e-01	1.789601e-20	5.545020e-01	5.173846e-01	1.068869e+00	2.638689e-02	8.976058e-02	1.254864e-01	1.187192e-01	3.252637e-01	2.513589e-02	1.523322e-01	1.109785e+00	7.749813e-01	2.724506e-02	5.267557e-02	3.870173e+00	6.044944e-01	1.782484e-01	1.059683e+00	1.087850e-01	1.332956e+00	4.289627e-01	1.793528e-01	1.611572e-01	2.900904e-01	2.725988e-01	2.080058e-01	3.907338e-02	5.084652e-02	1.127153e+00	1.115832e+00	2.224452e-01	4.648288e+00	1.337760e-10	
5.754779e-01	0.000000e+00	5.544905e-01	5.172559e-01	1.068753e+00	2.639178e-02	8.974465e-02	1.255166e-01	1.188042e-01	3.252620e-01	2.514598e-02	1.523552e-01	1.109901e+00	7.749988e-01	2.722593e-02	5.265728e-02	3.869270e+00	6.041166e-01	1.782118e-01	1.059582e+00	1.087816e-01	1.332718e+00	4.291029e-01	1.792940e-01	1.611255e-01	2.900893e-01	2.724312e-01	2.076228e-01	3.909923e-02	5.082304e-02	1.127174e+00	1.115998e+00	2.224860e-01	4.647850e+00	-9.925902e-08	
5.754779e-01	0.000000e+00	5.546755e-01	5.165926e-01	1.068789e+00	2.638690e-02	8.977093e-02	1.255076e-01	1.187860e-01	3.252612e-01	2.512580e-02	1.523761e-01	1.110134e+00	7.749960e-01	2.723446e-02	5.268245e-02	3.868911e+00	6.040724e-01	1.781458e-01	1.059038e+00	1.087724e-01	1.332662e+00	4.291563e-01	1.793026e-01	1.611690e-01	2.901506e-01	2.723911e-01	2.079282e-01	3.909948e-02	5.081776e-02	1.126625e+00	1.116165e+00	2.224143e-01	4.649181e+00	-1.455251e-07	
5.754779e-01	0.000000e+00	5.544328e-01	5.165347e-01	1.068478e+00	2.638984e-02	8.984453e-02	1.255291e-01	1.187258e-01	3.252590e-01	2.513729e-02	1.523651e-01	1.110135e+00	7.749939e-01	2.722367e-02	5.267601e-02	3.868235e+00	6.039926e-01	1.781611e-01	1.059166e+00	1.087835e-01	1.332879e+00	4.290596e-01	1.792580e-01	1.611245e-01	2.899786e-01	2.722123e-01	2.077356e-01	3.908996e-02	5.076628e-02	1.127248e+00	1.116050e+00	2.226521e-01	4.646014e+00	-1.015257e-07	
5.754767e-01	5.061133e-16	5.545584e-01	5.165713e-01	1.068429e+00	2.638617e-02	8.983621e-02	1.255222e-01	1.187897e-01	3.252599e-01	2.513954e-02	1.523847e-01	1.110176e+00	7.750105e-01	2.722770e-02	5.269569e-02	3.868135e+00	6.039915e-01	1.781549e-01	1.058872e+00	1.087501e-01	1.332377e+00	4.292638e-01	1.792402e-01	1.610835e-01	2.899661e-01	2.723050e-01	2.079186e-01	3.911523e-02	5.081608e-02	1.126637e+00	1.116369e+00	2.225008e-01	4.648207e+00	2.249696e-08	
5.754779e-01	0.000000e+00	5.547335e-01	5.167113e-01	1.068920e+00	2.639025e-02	8.966513e-02	1.255047e-01	1.188714e-01	3.252579e-01	2.513408e-02	1.524299e-01	1.110273e+00	7.750246e-01	2.722654e-02	5.268752e-02	3.867905e+00	6.037683e-01	1.781559e-01	1.059485e+00	1.087814e-01	1.332601e+00	4.289895e-01	1.792784e-01	1.610804e-01	2.898690e-01	2.723425e-01	2.079147e-01	3.908910e-02	5.080786e-02	1.127279e+00	1.115766e+00	2.226198e-01	4.647275e+00	-1.025390e-07	
5.754779e-01	0.000000e+00	5.545742e-01	5.170852e-01	1.068632e+00	2.638425e-02	8.972497e-02	1.255166e-01	1.187715e-01	3.252633e-01	2.512486e-02	1.523502e-01	1.109852e+00	7.749947e-01	2.723454e-02	5.267591e-02	3.869370e+00	6.041544e-01	1.781620e-01	1.059318e+00	1.087606e-01	1.332208e+00	4.291638e-01	1.792527e-01	1.610427e-01	2.899319e-01	2.724276e-01	2.077350e-01	3.909072e-02	5.091503e-02	1.127008e+00	1.115959e+00	2.225594e-01	4.648031e+00	-1.642351e-07	
5.754779e-01	0.000000e+00	5.545825e-01	5.171649e-01	1.068608e+00	2.639357e-02	8.976487e-02	1.255193e-01	1.188386e-01	3.252599e-01	2.513270e-02	1.523498e-01	1.110199e+00	7.749869e-01	2.722898e-02	5.265848e-02	3.868967e+00	6.040627e-01	1.781735e-01	1.059579e+00	1.087796e-01	1.332536e+00	4.291386e-01	1.792748e-01	1.612077e-01	2.902165e-01	2.724127e-01	2.076957e-01	3.911606e-02	5.082205e-02	1.127530e+00	1.115864e+00	2.225834e-01	4.647412e+00	-9.755547e-08	
5.754766e-01	2.596858e-13	5.544203e-01	5.170415e-01	1.068394e+00	2.637948e-02	8.983659e-02	1.255049e-01	1.188235e-01	3.252615e-01	2.514368e-02	1.523282e-01	1.110012e+00	7.750070e-01	2.721977e-02	5.267670e-02	3.869584e+00	6.040095e-01	1.781400e-01	1.058686e+00	1.087783e-01	1.333017e+00	4.293499e-01	1.793179e-01	1.611259e-01	2.900235e-01	2.724521e-01	2.078886e-01	3.909554e-02	5.086997e-02	1.127012e+00	1.115991e+00	2.225761e-01	4.647692e+00	5.095938e-07	
5.754779e-01	0.000000e+00	5.545031e-01	5.164595e-01	1.068828e+00	2.638955e-02	8.984737e-02	1.254954e-01	1.187223e-01	3.252643e-01	2.511779e-02	1.524080e-01	1.109841e+00	7.749913e-01	2.724932e-02	5.268786e-02	3.869919e+00	6.043999e-01	1.782113e-01	1.059438e+00	1.087859e-01	1.332959e+00	4.289970e-01	1.792232e-01	1.611567e-01	2.901120e-01	2.724807e-01	2.078264e-01	3.908729e-02	5.081096e-02	1.126605e+00	1.116150e+00	2.223645e-01	4.649674e+00	-1.317496e-07	
5.754780e-01	0.000000e+00	5.545681e-01	5.170074e-01	1.068767e+00	2.638420e-02	8.972087e-02	1.255214e-01	1.187551e-01	3.252595e-01	2.513205e-02	1.523280e-01	1.110137e+00	7.749781e-01	2.721724e-02	5.266748e-02	3.869019e+00	6.041878e-01	1.781548e-01	1.059232e+00	1.087955e-01	1.333146e+00	4.290614e-01	1.793564e-01	1.611398e-01	2.899795e-01	2.723345e-01	2.077549e-01	3.909353e-02	5.078696e-02	1.126845e+00	1.116137e+00	2.225904e-01	4.646828e+00	-1.375694e-07	
5.754780e-01	0.000000e+00	5.542304e-01	5.173160e-01	1.069041e+00	2.639662e-02	8.976686e-02	1.255422e-01	1.188078e-01	3.252614e-01	2.513645e-02	1.523541e-01	1.109787e+00	7.750104e-01	2.722728e-02	5.267253e-02	3.868929e+00	6.041335e-01	1.782358e-01	1.059682e+00	1.087818e-01	1.332737e+00	4.292498e-01	1.792531e-01	1.611617e-01	2.901436e-01	2.721641e-01	2.079635e-01	3.908941e-02	5.079494e-02	1.126822e+00	1.116349e+00	2.227330e-01	4.647146e+00	-1.150700e-07	
5.754780e-01	0.000000e+00	5.545020e-01	5.175630e-01	1.068452e+00	2.638934e-02	8.979709e-02	1.255000e-01	1.187474e-01	3.252619e-01	2.512734e-02	1.523314e-01	1.110378e+00	7.749696e-01	2.723671e-02	5.266854e-02	3.869594e+00	6.045431e-01	1.781986e-01	1.059873e+00	1.087906e-01	1.332628e+00	4.289268e-01	1.794053e-01	1.611937e-01	2.902048e-01	2.725677e-01	2.078097e-01	3.911048e-02	5.082126e-02	1.127582e+00	1.115600e+00	2.223746e-01	4.647968e+00	-1.036579e-07	
5.754780e-01	0.000000e+00	5.544422e-01	5.169839e-01	1.068407e+00	2.637658e-02	8.993288e-02	1.254815e-01	1.186990e-01	3.252639e-01	2.513941e-02	1.523080e-01	1.109754e+00	7.750055e-01	2.723811e-02	5.267607e-02	3.869661e+00	6.044104e-01	1.781721e-01	1.058803e+00	1.087755e-01	1.332996e+00	4.290582e-01	1.793319e-01	1.610381e-01	2.898136e-01	2.726325e-01	2.079181e-01	3.909052e-02	5.086453e-02	1.127115e+00	1.115765e+00	2.225143e-01	4.648884e+00	-1.493231e-07	
5.754767e-01	1.469238e-15	5.545603e-01	5.169728e-01	1.068530e+00	2.638177e-02	8.983884e-02	1.255122e-01	1.187283e-01	3.252609e-01	2.512839e-02	1.523230e-01	1.109958e+00	7.749700e-01	2.723463e-02	5.266538e-02	3.869657e+00	6.044281e-01	1.782023e-01	1.059331e+00	1.087774e-01	1.332809e+00	4.291029e-01	1.792550e-01	1.611451e-01	2.902021e-01	2.724926e-01	2.074629e-01	3.911097e-02	5.083215e-02	1.127115e+00	1.115982e+00	2.225264e-01	4.647478e+00	3.833065e-08	
5.754780e-01	0.000000e+00	5.543001e-01	5.174111e-01	1.068761e+00	2.639485e-02	8.979089e-02	1.255330e-01	1.186913e-01	3.252639e-01	2.513362e-02	1.523264e-01	1.109919e+00	7.749843e-01	2.723704e-02	5.267346e-02	3.869338e+00	6.046928e-01	1.782988e-01	1.060227e+00	1.087726e-01	1.332444e+00	4.290776e-01	1.793741e-01	1.611056e-01	2.901577e-01	2.722461e-01	2.075760e-01	3.911875e-02	5.079888e-02	1.126700e+00	1.116359e+00	2.225087e-01	4.648118e+00	-1.425455e-07	
5.754780e-01	0.000000e+00	5.545166e-01	5.169523e-01	1.068266e+00	2.638439e-02	8.968346e-02	1.254990e-01	1.187763e-01	3.252611e-01	2.512849e-02	1.523721e-01	1.110078e+00	7.749977e-01	2.722635e-02	5.267011e-02	3.869273e+00	6.039496e-01	1.781413e-01	1.058999e+00	1.087952e-01	1.333202e+00	4.290677e-01	1.793129e-01	1.610897e-01	2.898192e-01	2.724757e-01	2.078068e-01	3.907820e-02	5.082938e-02	1.127541e+00	1.115593e+00	2.226493e-01	4.647711e+00	-3.028227e-08	
5.754780e-01	0.000000e+00	5.545595e-01	5.163945e-01	1.068721e+00	2.638980e-02	8.987116e-02	1.255027e-01	1.187817e-01	3.252624e-01	2.513229e-02	1.523968e-01	1.110033e+00	7.750180e-01	2.724150e-02	5.270835e-02	3.868471e+00	6.039018e-01	1.781106e-01	1.058660e+00	1.087814e-01	1.332986e+00	4.291468e-01	1.792833e-01	1.612036e-01	2.900340e-01	2.723140e-01	2.082583e-01	3.907953e-02	5.081828e-02	1.126929e+00	1.116026e+00	2.224540e-01	4.648568e+00	-1.515062e-07	
5.754780e-01	0.000000e+00	5.545545e-01	5.170415e-01	1.068964e+00	2.638352e-02	8.978494e-02	1.255215e-01	1.187877e-01	3.252616e-01	2.512479e-02	1.523394e-01	1.110061e+00	7.749870e-01	2.722544e-02	5.265559e-02	3.868785e+00	6.044110e-01	1.782334e-01	1.059987e+00	1.087602e-01	1.332046e+00	4.291936e-01	1.792826e-01	1.611124e-01	2.902258e-01	2.723420e-01	2.075104e-01	3.915163e-02	5.082094e-02	1.126688e+00	1.116279e+00	2.226058e-01	4.648341e+00	-1.255826e-07	
5.754768e-01	4.652274e-16	5.544082e-01	5.164429e-01	1.068385e+00	2.636612e-02	8.990880e-02	1.254830e-01	1.186883e-01	3.252639e-01	2.513074e-02	1.523109e-01	1.109904e+00	7.749905e-01	2.723653e-02	5.269497e-02	3.870112e+00	6.044694e-01	1.781408e-01	1.058670e+00	1.087850e-01	1.333175e+00	4.291913e-01	1.793415e-01	1.611017e-01	2.899238e-01	2.725887e-01	2.078140e-01	3.908624e-02	5.087003e-02	1.126718e+00	1.115911e+00	2.224302e-01	4.648295e+00	2.156913e-08	
5.754780e-01	0.000000e+00	5.546993e-01	5.174059e-01	1.068635e+00	2.639247e-02	8.974497e-02	1.255205e-01	1.188965e-01	3.252590e-01	2.515784e-02	1.523625e-01	1.110273e+00	7.750102e-01	2.722568e-02	5.267589e-02	3.868008e+00	6.039341e-01	1.781890e-01	1.059667e+00	1.087595e-01	1.332074e+00	4.291411e-01	1.792855e-01	1.611251e-01	2.901520e-01	2.724196e-01	2.079010e-01	3.911270e-02	5.084967e-02	1.127716e+00	1.115743e+00	2.225620e-01	4.646740e+00	-1.217629e-07	
5.754781e-01	0.000000e+00	5.545747e-01	5.169596e-01	1.068238e+00	2.637965e-02	8.983206e-02	1.255025e-01	1.188510e-01	3.252592e-01	2.513354e-02	1.523519e-01	1.110094e+00	7.750042e-01	2.722746e-02	5.269460e-02	3.869594e+00	6.038852e-01	1.780927e-01	1.058409e+00	1.087730e-01	1.332826e+00	4.293077e-01	1.792729e-01	1.611750e-01	2.901275e-01	2.725830e-01	2.079299e-01	3.909772e-02	5.089902e-02	1.127578e+00	1.115674e+00	2.226073e-01	4.647017e+00	-1.800673e-07	
5.754781e-01	0.000000e+00	5.544227e-01	5.168932e-01	1.068795e+00	2.638413e-02	8.979138e-02	1.255093e-01	1.186728e-01	3.252626e-01	2.512324e-02	1.523055e-01	1.109912e+00	7.749550e-01	2.724005e-02	5.268619e-02	3.870037e+00	6.047644e-01	1.782488e-01	1.059552e+00	1.087932e-01	1.333344e+00	4.290213e-01	1.793685e-01	1.611107e-01	2.899067e-01	2.724458e-01	2.077062e-01	3.908891e-02	5.080526e-02	1.126798e+00	1.115996e+00	2.224818e-01	4.648202e+00	-1.161157e-07	
5.754769e-01	5.287135e-17	5.545135e-01	5.168238e-01	1.068720e+00	2.639163e-02	8.975953e-02	1.255190e-01	1.187585e-01	3.252622e-01	2.512537e-02	1.523622e-01	1.109940e+00	7.749769e-01	2.722910e-02	5.265572e-02	3.869120e+00	6.042610e-01	1.781960e-01	1.059332e+00	1.087796e-01	1.332925e+00	4.290153e-01	1.793003e-01	1.611514e-01	2.900210e-01	2.723790e-01	2.076670e-01	3.908949e-02	5.081718e-02	1.126785e+00	1.116172e+00	2.225214e-01	4.648446e+00	7.271269e-09	
5.754782e-01	0.000000e+00	5.546613e-01	5.167810e-01	1.068554e+00	2.639047e-02	8.979395e-02	1.255172e-01	1.188486e-01	3.252595e-01	2.513158e-02	1.523530e-01	1.110318e+00	7.749909e-01	2.723406e-02	5.268859e-02	3.868895e+00	6.038154e-01	1.781028e-01	1.058728e+00	1.087861e-01	1.333116e+00	4.291485e-01	1.793182e-01	1.612359e-01	2.900316e-01	2.724521e-01	2.081803e-01	3.908008e-02	5.083231e-02	1.127329e+00	1.115894e+00	2.224633e-01	4.647454e+00	-1.693370e-07	
5.754782e-01	0.000000e+00	5.547493e-01	5.163854e-01	1.068222e+00	2.637227e-02	8.980462e-02	1.254876e-01	1.187300e-01	3.252607e-01	2.511626e-02	1.523569e-01	1.110415e+00	7.749689e-01	2.723456e-02	5.268869e-02	3.869190e+00	6.041840e-01	1.781020e-01	1.058541e+00	1.087797e-01	1.333052e+00	4.291390e-01	1.792601e-01	1.610696e-01	2.898545e-01	2.727230e-01	2.076248e-01	3.911690e-02	5.081724e-02	1.127205e+00	1.115752e+00	2.224382e-01	4.648233e+00	-2.644602e-07	
5.754768e-01	3.653699e-16	5.544542e-01	5.172241e-01	1.068434e+00	2.638764e-02	8.979373e-02	1.255125e-01	1.187897e-01	3.252628e-01	2.513908e-02	1.523363e-01	1.110109e+00	7.750005e-01	2.723124e-02	5.267378e-02	3.869702e+00	6.040738e-01	1.781480e-01	1.059049e+00	1.087782e-01	1.332707e+00	4.290929e-01	1.793033e-01	1.611190e-01	2.900164e-01	2.725200e-01	2.080048e-01	3.910606e-02	5.087552e-02	1.127056e+00	1.115991e+00	2.226269e-01	4.648257e+00	1.911465e-08	
5.754782e-01	0.000000e+00	5.544955e-01	5.170424e-01	1.068862e+00	2.638953e-02	8.982947e-02	1.255124e-01	1.187852e-01	3.252623e-01	2.513652e-02	1.523137e-01	1.110084e+00	7.749830e-01	2.723902e-02	5.267106e-02	3.869214e+00	6.044061e-01	1.781799e-01	1.059550e+00	1.087838e-01	1.332658e+00	4.291302e-01	1.793929e-01	1.611936e-01	2.901501e-01	2.724034e-01	2.079520e-01	3.909453e-02	5.083468e-02	1.126980e+00	1.116114e+00	2.223736e-01	4.648061e+00	-1.371136e-07	
5.754782e-01	0.000000e+00	5.544755e-01	5.164417e-01	1.068648e+00	2.638128e-02	8.990351e-02	1.254960e-01	1.188342e-01	3.252618e-01	2.513604e-02	1.523791e-01	1.109849e+00	7.750115e-01	2.723577e-02	5.270079e-02	3.869165e+00	6.040779e-01	1.781444e-01	1.059037e+00	1.087733e-01	1.332553e+00	4.292562e-01	1.793380e-01	1.611057e-01	2.900580e-01	2.724796e-01	2.080763e-01	3.908677e-02	5.084656e-02	1.126651e+00	1.116091e+00	2.224438e-01	4.649155e+00	-2.651458e-07	
5.754782e-01	0.000000e+00	5.544689e-01	5.168792e-01	1.068350e+00	2.638427e-02	8.983835e-02	1.255075e-01	1.188380e-01	3.252592e-01	2.513608e-02	1.523382e-01	1.110306e+00	7.750035e-01	2.722847e-02	5.267773e-02	3.868830e+00	6.039249e-01	1.781193e-01	1.058785e+00	1.087814e-01	1.332837e+00	4.291091e-01	1.793335e-01	1.611418e-01	2.900170e-01	2.725863e-01	2.078727e-01	3.909896e-02	5.085728e-02	1.127536e+00	1.115721e+00	2.225214e-01	4.647285e+00	-1.422454e-07	
5.754768e-01	6.825036e-16	5.545070e-01	5.166864e-01	1.068472e+00	2.637857e-02	8.986160e-02	1.255043e-01	1.187432e-01	3.252610e-01	2.512769e-02	1.523188e-01	1.110117e+00	7.749902e-01	2.722772e-02	5.266787e-02	3.869316e+00	6.043432e-01	1.781502e-01	1.059118e+00	1.087797e-01	1.332713e+00	4.290212e-01	1.793511e-01	1.610952e-01	2.900137e-01	2.723772e-01	2.075215e-01	3.911236e-02	5.083545e-02	1.126964e+00	1.115948e+00	2.224027e-01	4.647851e+00	2.612477e-08	
5.754782e-01	0.000000e+00	5.545194e-01	5.172474e-01	1.068642e+00	2.638794e-02	8.987255e-02	1.255083e-01	1.188119e-01	3.252624e-01	2.514521e-02	1.523269e-01	1.110046e+00	7.749979e-01	2.723794e-02	5.267881e-02	3.869980e+00	6.044581e-01	1.781565e-01	1.059096e+00	1.087667e-01	1.332498e+00	4.291100e-01	1.793639e-01	1.611793e-01	2.901198e-01	2.725158e-01	2.081053e-01	3.911126e-02	5.088068e-02	1.127205e+00	1.115929e+00	2.223611e-01	4.648367e+00	-1.514032e-07	
5.754782e-01	0.000000e+00	5.546903e-01	5.174236e-01	1.068474e+00	2.639021e-02	8.970514e-02	1.255280e-01	1.188421e-01	3.252580e-01	2.514565e-02	1.523516e-01	1.110157e+00	7.749944e-01	2.722062e-02	5.264571e-02	3.868297e+00	6.039817e-01	1.781457e-01	1.058968e+00	1.087691e-01	1.332616e+00	4.290608e-01	1.793281e-01	1.610810e-01	2.899784e-01	2.724652e-01	2.076351e-01	3.908825e-02	5.083385e-02	1.127755e+00	1.115745e+00	2.226087e-01	4.646204e+00	-1.595064e-07	
5.754783e-01	0.000000e+00	5.543228e-01	5.172174e-01	1.068806e+00	2.639077e-02	8.981433e-02	1.255164e-01	1.187322e-01	3.252642e-01	2.512148e-02	1.523261e-01	1.109880e+00	7.749804e-01	2.724345e-02	5.268885e-02	3.869868e+00	6.044731e-01	1.782263e-01	1.059142e+00	1.087809e-01	1.333221e+00	4.291020e-01	1.793501e-01	1.611730e-01	2.899974e-01	2.724735e-01	2.078500e-01	3.908208e-02	5.085272e-02	1.126645e+00	1.116218e+00	2.223294e-01	4.649046e+00	-1.558462e-07	
5.754783e-01	0.000000e+00	5.543391e-01	5.170046e-01	1.068477e+00	2.638458e-02	8.982694e-02	1.255125e-01	1.187176e-01	3.252626e-01	2.513408e-02	1.523234e-01	1.109926e+00	7.750040e-01	2.722228e-02	5.266785e-02	3.869861e+00	6.042367e-01	1.781686e-01	1.059006e+00	1.087862e-01	1.333006e+00	4.291387e-01	1.792615e-01	1.612034e-01	2.901893e-01	2.723028e-01	2.077636e-01	3.909888e-02	5.086259e-02	1.126962e+00	1.116087e+00	2.224952e-01	4.647759e+00	-1.595618e-07	
5.754765e-01	7.659301e-15	5.544993e-01	5.166752e-01	1.068863e+00	2.639211e-02	8.978756e-02	1.255114e-01	1.187463e-01	3.252623e-01	2.511874e-02	1.523573e-01	1.109834e+00	7.749835e-01	2.723065e-02	5.267669e-02	3.869918e+00	6.043581e-01	1.782113e-01	1.059515e+00	1.087723e-01	1.332650e+00	4.290650e-01	1.792674e-01	1.611369e-01	2.900599e-01	2.723123e-01	2.077393e-01	3.909092e-02	5.085910e-02	1.126544e+00	1.116234e+00	2.224429e-01	4.648634e+00	8.751743e-08	
5.754783e-01	0.000000e+00	5.544349e-01	5.179263e-01	1.068706e+00	2.639212e-02	8.968587e-02	1.255233e-01	1.188130e-01	3.252588e-01	2.513903e-02	1.522996e-01	1.109987e+00	7.749647e-01	2.723733e-02	5.266319e-02	3.869416e+00	6.043607e-01	1.782426e-01	1.059756e+00	1.087722e-01	1.332638e+00	4.291067e-01	1.793118e-01	1.611111e-01	2.900259e-01	2.725090e-01	2.077681e-01	3.910077e-02	5.084479e-02	1.127752e+00	1.115756e+00	2.226265e-01	4.646815e+00	-1.934758e-07	
5.754768e-01	9.828707e-16	5.544211e-01	5.170276e-01	1.068593e+00	2.638279e-02	8.980929e-02	1.255172e-01	1.187513e-01	3.252622e-01	2.514058e-02	1.523060e-01	1.109894e+00	7.749942e-01	2.722761e-02	5.267267e-02	3.869351e+00	6.044627e-01	1.781876e-01	1.059055e+00	1.087859e-01	1.333152e+00	4.290987e-01	1.793502e-01	1.610962e-01	2.899334e-01	2.723943e-01	2.078022e-01	3.908230e-02	5.082387e-02	1.126930e+00	1.116021e+00	2.225121e-01	4.647553e+00	3.135077e-08	
5.754767e-01	4.077780e-15	5.543926e-01	5.165809e-01	1.068798e+00	2.638890e-02	8.973546e-02	1.255260e-01	1.187819e-01	3.252637e-01	2.513360e-02	1.523692e-01	1.109889e+00	7.750004e-01	2.723023e-02	5.267849e-02	3.869577e+00	6.043208e-01	1.782333e-01	1.060040e+00	1.087740e-01	1.332297e+00	4.290956e-01	1.792664e-01	1.611313e-01	2.901415e-01	2.723043e-01	2.077614e-01	3.911056e-02	5.084563e-02	1.126905e+00	1.116149e+00	2.225236e-01	4.647469e+00	6.385750e-08	
5.754784e-01	0.000000e+00	5.545003e-01	5.168046e-01	1.068687e+00	2.637953e-02	8.990529e-02	1.254988e-01	1.187092e-01	3.252648e-01	2.512114e-02	1.523285e-01	1.109704e+00	7.749954e-01	2.724293e-02	5.267312e-02	3.870804e+00	6.047914e-01	1.782020e-01	1.059481e+00	1.087758e-01	1.332631e+00	4.291040e-01	1.793546e-01	1.610909e-01	2.899775e-01	2.725304e-01	2.075105e-01	3.908688e-02	5.086963e-02	1.126600e+00	1.116098e+00	2.222415e-01	4.648879e+00	-1.575433e-07	
5.754765e-01	1.006439e-14	5.545376e-01	5.171515e-01	1.068607e+00	2.638991e-02	8.972899e-02	1.254954e-01	1.187202e-01	3.252650e-01	2.512106e-02	1.523589e-01	1.109977e+00	7.749839e-01	2.724231e-02	5.268149e-02	3.870102e+00	6.043537e-01	1.782173e-01	1.059722e+00	1.087782e-01	1.332676e+00	4.289070e-01	1.793243e-01	1.611405e-01	2.899688e-01	2.725336e-01	2.078324e-01	3.908179e-02	5.087578e-02	1.127288e+00	1.115662e+00	2.225058e-01	4.648186e+00	1.003215e-07	
5.754768e-01	2.040787e-15	5.544330e-01	5.167265e-01	1.068492e+00	2.637621e-02	8.988299e-02	1.255014e-01	1.187829e-01	3.252639e-01	2.513665e-02	1.523466e-01	1.109939e+00	7.750199e-01	2.723035e-02	5.266911e-02	3.869740e+00	6.042999e-01	1.781508e-01	1.058809e+00	1.087649e-01	1.332585e+00	4.293112e-01	1.792588e-01	1.610917e-01	2.900160e-01	2.724904e-01	2.078302e-01	3.910812e-02	5.089493e-02	1.126774e+00	1.116104e+00	2.225556e-01	4.648517e+00	4.517507e-08	
5.754771e-01	7.954570e-16	5.544875e-01	5.169608e-01	1.068802e+00	2.638202e-02	8.992493e-02	1.255062e-01	1.187435e-01	3.252651e-01	2.512487e-02	1.523058e-01	1.109932e+00	7.749836e-01	2.722981e-02	5.267766e-02	3.870198e+00	6.045948e-01	1.781578e-01	1.059188e+00	1.087777e-01	1.332666e+00	4.292140e-01	1.793500e-01	1.611774e-01	2.902036e-01	2.723447e-01	2.076972e-01	3.910509e-02	5.088880e-02	1.126080e+00	1.116453e+00	2.222714e-01	4.649351e+00	2.820385e-08	
