f	phi	x(1)	x(2)	x(3)	x(4)	x(5)	x(6)	x(7)	x(8)	x(9)	x(10)	x(11)	x(12)	x(13)	x(14)	x(15)	x(16)	x(17)	x(18)	x(19)	x(20)	x(21)	x(22)	x(23)	x(24)	x(25)	x(26)	x(27)	x(28)	x(29)	x(30)	x(31)	x(32)	g(1)	
5.754759e-01	0.000000e+00	5.566941e-01	5.157085e-01	1.068995e+00	2.638133e-02	8.945602e-02	1.256122e-01	1.187777e-01	3.252697e-01	2.508690e-02	1.531195e-01	1.105745e+00	7.750598e-01	2.720586e-02	5.256975e-02	3.874087e+00	6.058957e-01	1.779173e-01	1.058380e+00	1.085721e-01	1.329467e+00	4.301402e-01	1.800726e-01	1.612516e-01	2.886984e-01	2.727425e-01	2.082486e-01	3.903835e-02	5.087753e-02	1.124396e+00	1.118190e+00	2.234906e-01	4.647623e+00	-8.596783e-09	
5.754759e-01	0.000000e+00	5.564455e-01	5.156857e-01	1.069180e+00	2.639479e-02	8.935435e-02	1.256356e-01	1.187286e-01	3.252716e-01	2.506995e-02	1.531100e-01	1.106030e+00	7.750492e-01	2.721407e-02	5.257666e-02	3.874410e+00	6.058479e-01	1.778871e-01	1.058215e+00	1.085835e-01	1.329654e+00	4.301622e-01	1.801994e-01	1.613144e-01	2.886436e-01	2.725920e-01	2.082641e-01	3.906487e-02	5.087508e-02	1.124574e+00	1.118261e+00	2.232314e-01	4.647745e+00	-1.725990e-08	
5.754759e-01	0.000000e+00	5.565828e-01	5.155541e-01	1.069236e+00	2.638408e-02	8.940095e-02	1.256167e-01	1.188286e-01	3.252706e-01	2.507717e-02	1.530857e-01	1.105704e+00	7.750640e-01	2.720393e-02	5.256740e-02	3.874559e+00	6.058377e-01	1.778960e-01	1.058254e+00	1.085770e-01	1.329532e+00	4.302213e-01	1.801431e-01	1.612697e-01	2.886850e-01	2.726799e-01	2.083024e-01	3.905072e-02	5.091905e-02	1.124470e+00	1.118200e+00	2.234206e-01	4.647694e+00	-1.452084e-08	
5.754759e-01	0.000000e+00	5.566516e-01	5.155214e-01	1.069188e+00	2.638389e-02	8.937945e-02	1.256185e-01	1.187517e-01	3.252715e-01	2.507739e-02	1.531407e-01	1.105923e+00	7.750375e-01	2.721307e-02	5.257021e-02	3.875021e+00	6.062202e-01	1.779151e-01	1.058696e+00	1.085823e-01	1.329298e+00	4.301858e-01	1.802249e-01	1.611684e-01	2.885113e-01	2.726323e-01	2.084660e-01	3.904449e-02	5.088294e-02	1.124284e+00	1.118297e+00	2.234655e-01	4.647362e+00	-4.149444e-09	
5.754759e-01	0.000000e+00	5.566163e-01	5.156333e-01	1.069022e+00	2.638110e-02	8.940887e-02	1.256330e-01	1.187433e-01	3.252713e-01	2.506855e-02	1.530336e-01	1.105896e+00	7.750505e-01	2.721265e-02	5.257216e-02	3.874593e+00	6.059202e-01	1.778972e-01	1.058203e+00	1.085772e-01	1.329603e+00	4.302138e-01	1.801091e-01	1.612052e-01	2.885823e-01	2.726576e-01	2.083128e-01	3.905377e-02	5.089478e-02	1.124487e+00	1.118294e+00	2.234285e-01	4.646937e+00	-2.402407e-08	
5.754759e-01	0.000000e+00	5.564324e-01	5.159282e-01	1.068923e+00	2.638979e-02	8.947984e-02	1.256258e-01	1.187661e-01	3.252701e-01	2.508874e-02	1.531530e-01	1.105773e+00	7.750626e-01	2.720983e-02	5.257555e-02	3.873201e+00	6.053937e-01	1.778913e-01	1.058305e+00	1.085830e-01	1.329522e+00	4.301275e-01	1.802081e-01	1.613487e-01	2.887569e-01	2.726628e-01	2.080947e-01	3.905330e-02	5.090510e-02	1.124671e+00	1.118131e+00	2.233440e-01	4.647900e+00	-1.214430e-08	
5.754759e-01	0.000000e+00	5.566691e-01	5.158039e-01	1.068720e+00	2.637862e-02	8.953812e-02	1.256226e-01	1.187932e-01	3.252706e-01	2.509203e-02	1.530891e-01	1.105635e+00	7.750792e-01	2.720700e-02	5.256853e-02	3.873317e+00	6.055758e-01	1.778781e-01	1.058109e+00	1.085704e-01	1.329463e+00	4.300781e-01	1.799397e-01	1.613301e-01	2.887366e-01	2.727288e-01	2.080274e-01	3.904545e-02	5.087715e-02	1.124551e+00	1.118143e+00	2.236070e-01	4.647596e+00	-1.455266e-08	
5.754760e-01	0.000000e+00	5.567898e-01	5.156825e-01	1.068711e+00	2.638326e-02	8.943625e-02	1.256265e-01	1.187954e-01	3.252691e-01	2.508534e-02	1.530465e-01	1.105891e+00	7.750643e-01	2.721103e-02	5.257090e-02	3.873261e+00	6.054800e-01	1.778700e-01	1.057943e+00	1.085730e-01	1.329672e+00	4.301439e-01	1.800887e-01	1.613569e-01	2.888201e-01	2.727138e-01	2.081103e-01	3.905340e-02	5.091032e-02	1.124665e+00	1.118186e+00	2.234283e-01	4.647821e+00	-2.817700e-09	
5.754760e-01	0.000000e+00	5.567526e-01	5.156279e-01	1.068929e+00	2.638588e-02	8.944614e-02	1.256300e-01	1.187343e-01	3.252718e-01	2.507877e-02	1.529935e-01	1.105876e+00	7.750471e-01	2.721397e-02	5.256363e-02	3.874718e+00	6.057638e-01	1.779072e-01	1.058318e+00	1.085753e-01	1.329573e+00	4.301770e-01	1.799901e-01	1.612294e-01	2.886022e-01	2.726460e-01	2.083201e-01	3.904723e-02	5.087831e-02	1.124449e+00	1.118328e+00	2.234803e-01	4.647550e+00	-1.418769e-09	
5.754760e-01	0.000000e+00	5.568329e-01	5.155759e-01	1.068952e+00	2.638259e-02	8.943543e-02	1.256183e-01	1.187712e-01	3.252699e-01	2.508202e-02	1.530444e-01	1.105720e+00	7.750666e-01	2.720608e-02	5.256876e-02	3.874404e+00	6.058931e-01	1.778695e-01	1.058074e+00	1.085750e-01	1.329564e+00	4.301786e-01	1.800427e-01	1.612386e-01	2.886437e-01	2.727070e-01	2.082444e-01	3.904842e-02	5.090072e-02	1.124601e+00	1.118146e+00	2.234332e-01	4.647426e+00	-6.768551e-09	
5.754760e-01	0.000000e+00	5.568618e-01	5.159701e-01	1.068475e+00	2.637767e-02	8.956359e-02	1.256139e-01	1.187985e-01	3.252686e-01	2.509274e-02	1.531292e-01	1.105646e+00	7.750773e-01	2.720289e-02	5.256724e-02	3.873315e+00	6.054653e-01	1.778881e-01	1.058256e+00	1.085717e-01	1.329395e+00	4.301769e-01	1.800381e-01	1.612633e-01	2.887734e-01	2.727622e-01	2.079775e-01	3.903986e-02	5.090145e-02	1.124787e+00	1.117991e+00	2.235818e-01	4.647204e+00	-1.015453e-08	
5.754761e-01	0.000000e+00	5.565838e-01	5.156149e-01	1.069270e+00	2.639160e-02	8.931173e-02	1.256324e-01	1.187127e-01	3.252728e-01	2.506717e-02	1.531123e-01	1.106023e+00	7.750314e-01	2.721681e-02	5.257135e-02	3.874457e+00	6.059612e-01	1.778905e-01	1.058458e+00	1.085877e-01	1.329503e+00	4.302350e-01	1.802267e-01	1.612375e-01	2.885830e-01	2.725872e-01	2.085323e-01	3.906462e-02	5.090126e-02	1.124724e+00	1.118196e+00	2.232988e-01	4.647401e+00	-6.217348e-10	
5.754761e-01	0.000000e+00	5.567870e-01	5.157851e-01	1.068825e+00	2.638387e-02	8.946925e-02	1.256268e-01	1.187736e-01	3.252690e-01	2.508644e-02	1.529815e-01	1.105657e+00	7.750590e-01	2.720968e-02	5.256343e-02	3.874265e+00	6.057030e-01	1.778975e-01	1.058111e+00	1.085736e-01	1.329697e+00	4.301616e-01	1.801633e-01	1.613087e-01	2.887766e-01	2.726158e-01	2.081165e-01	3.904444e-02	5.089998e-02	1.124432e+00	1.118286e+00	2.236194e-01	4.647567e+00	-2.623218e-09	
5.754761e-01	0.000000e+00	5.568621e-01	5.157854e-01	1.068662e+00	2.637851e-02	8.947059e-02	1.256183e-01	1.188104e-01	3.252688e-01	2.508807e-02	1.530728e-01	1.105767e+00	7.750594e-01	2.720735e-02	5.255856e-02	3.873597e+00	6.057203e-01	1.779087e-01	1.058324e+00	1.085682e-01	1.329458e+00	4.301853e-01	1.800976e-01	1.612617e-01	2.886901e-01	2.726966e-01	2.081850e-01	3.903890e-02	5.090215e-02	1.124611e+00	1.118147e+00	2.236867e-01	4.647381e+00	-4.411986e-08	
5.754761e-01	0.000000e+00	5.568227e-01	5.156193e-01	1.069156e+00	2.638279e-02	8.943573e-02	1.256171e-01	1.188036e-01	3.252701e-01	2.508475e-02	1.530958e-01	1.105753e+00	7.750563e-01	2.721336e-02	5.256899e-02	3.874796e+00	6.061523e-01	1.778997e-01	1.058513e+00	1.085813e-01	1.329409e+00	4.301467e-01	1.801426e-01	1.612039e-01	2.885675e-01	2.727063e-01	2.082571e-01	3.903998e-02	5.088971e-02	1.124377e+00	1.118213e+00	2.235151e-01	4.647431e+00	-3.065321e-08	
5.754761e-01	0.000000e+00	5.565838e-01	5.156914e-01	1.069042e+00	2.638577e-02	8.940095e-02	1.256266e-01	1.187615e-01	3.252702e-01	2.507539e-02	1.531622e-01	1.105894e+00	7.750409e-01	2.721050e-02	5.256697e-02	3.874719e+00	6.059649e-01	1.779363e-01	1.058569e+00	1.085790e-01	1.329535e+00	4.302039e-01	1.802879e-01	1.612285e-01	2.886184e-01	2.725892e-01	2.083270e-01	3.904368e-02	5.090647e-02	1.124325e+00	1.118305e+00	2.235773e-01	4.647229e+00	-3.692581e-10	
5.754761e-01	0.000000e+00	5.566277e-01	5.155771e-01	1.069064e+00	2.638241e-02	8.937146e-02	1.256295e-01	1.187654e-01	3.252711e-01	2.507332e-02	1.530211e-01	1.105968e+00	7.750433e-01	2.721404e-02	5.256043e-02	3.874639e+00	6.057980e-01	1.778911e-01	1.058273e+00	1.085784e-01	1.329544e+00	4.303050e-01	1.801539e-01	1.611924e-01	2.885009e-01	2.726451e-01	2.084773e-01	3.904759e-02	5.093058e-02	1.124617e+00	1.118228e+00	2.234189e-01	4.647206e+00	-5.050212e-09	
5.754761e-01	0.000000e+00	5.569118e-01	5.156653e-01	1.068895e+00	2.638572e-02	8.942906e-02	1.256258e-01	1.187345e-01	3.252718e-01	2.507783e-02	1.530391e-01	1.105836e+00	7.750500e-01	2.721206e-02	5.256317e-02	3.875429e+00	6.061278e-01	1.779126e-01	1.058394e+00	1.085738e-01	1.329532e+00	4.301477e-01	1.801001e-01	1.611884e-01	2.885764e-01	2.726398e-01	2.084205e-01	3.905079e-02	5.088515e-02	1.124414e+00	1.118294e+00	2.235590e-01	4.647443e+00	-2.213000e-08	
5.754761e-01	0.000000e+00	5.566765e-01	5.156399e-01	1.068953e+00	2.637797e-02	8.946148e-02	1.256175e-01	1.188157e-01	3.252695e-01	2.508066e-02	1.530272e-01	1.105658e+00	7.750574e-01	2.720561e-02	5.256106e-02	3.874309e+00	6.055802e-01	1.778866e-01	1.058093e+00	1.085711e-01	1.329561e+00	4.302352e-01	1.800623e-01	1.612625e-01	2.886902e-01	2.726616e-01	2.081977e-01	3.904448e-02	5.090841e-02	1.124458e+00	1.118227e+00	2.236054e-01	4.647478e+00	-1.609854e-08	
5.754761e-01	0.000000e+00	5.567924e-01	5.158312e-01	1.068827e+00	2.638064e-02	8.945066e-02	1.256238e-01	1.187808e-01	3.252702e-01	2.508538e-02	1.530059e-01	1.105784e+00	7.750659e-01	2.720537e-02	5.256364e-02	3.873314e+00	6.056786e-01	1.779012e-01	1.058039e+00	1.085652e-01	1.329629e+00	4.302298e-01	1.801008e-01	1.612431e-01	2.886537e-01	2.726868e-01	2.082482e-01	3.905287e-02	5.092775e-02	1.124644e+00	1.118212e+00	2.235113e-01	4.647437e+00	-1.011798e-08	
5.754757e-01	1.901744e-17	5.566232e-01	5.156892e-01	1.068765e+00	2.638451e-02	8.945077e-02	1.256306e-01	1.187260e-01	3.252707e-01	2.507897e-02	1.530492e-01	1.105926e+00	7.750565e-01	2.720775e-02	5.256728e-02	3.873772e+00	6.056306e-01	1.779026e-01	1.058205e+00	1.085707e-01	1.329540e+00	4.301592e-01	1.800572e-01	1.612603e-01	2.886538e-01	2.726995e-01	2.082246e-01	3.904992e-02	5.088327e-02	1.124636e+00	1.118184e+00	2.233456e-01	4.647456e+00	4.360899e-09	
5.754761e-01	0.000000e+00	5.565517e-01	5.156642e-01	1.069244e+00	2.638702e-02	8.942081e-02	1.256226e-01	1.187633e-01	3.252720e-01	2.508045e-02	1.531181e-01	1.105858e+00	7.750483e-01	2.721444e-02	5.257683e-02	3.875016e+00	6.060274e-01	1.778867e-01	1.058350e+00	1.085828e-01	1.329440e+00	4.301609e-01	1.801535e-01	1.612252e-01	2.886012e-01	2.726275e-01	2.083589e-01	3.905332e-02	5.089438e-02	1.124286e+00	1.118334e+00	2.235318e-01	4.647410e+00	-4.239108e-08	
5.754759e-01	7.553213e-18	5.566550e-01	5.156125e-01	1.069072e+00	2.638487e-02	8.941904e-02	1.256186e-01	1.187656e-01	3.252698e-01	2.508012e-02	1.530098e-01	1.105800e+00	7.750641e-01	2.720677e-02	5.256191e-02	3.873599e+00	6.055034e-01	1.778634e-01	1.058103e+00	1.085799e-01	1.329570e+00	4.302164e-01	1.800171e-01	1.612965e-01	2.886726e-01	2.726994e-01	2.082658e-01	3.905125e-02	5.089176e-02	1.124684e+00	1.118090e+00	2.234723e-01	4.647917e+00	2.748311e-09	
5.754761e-01	0.000000e+00	5.567542e-01	5.159281e-01	1.068677e+00	2.638046e-02	8.953081e-02	1.256171e-01	1.187992e-01	3.252685e-01	2.509523e-02	1.530738e-01	1.105657e+00	7.750792e-01	2.720537e-02	5.256108e-02	3.873082e+00	6.055400e-01	1.779000e-01	1.058123e+00	1.085632e-01	1.329485e+00	4.301682e-01	1.800698e-01	1.613123e-01	2.887614e-01	2.727277e-01	2.080255e-01	3.904602e-02	5.091006e-02	1.124673e+00	1.118125e+00	2.236429e-01	4.647510e+00	-1.297334e-08	
5.754761e-01	0.000000e+00	5.567177e-01	5.158414e-01	1.068699e+00	2.638488e-02	8.948341e-02	1.256268e-01	1.187314e-01	3.252700e-01	2.508524e-02	1.531350e-01	1.105811e+00	7.750628e-01	2.721045e-02	5.256740e-02	3.873055e+00	6.055390e-01	1.779194e-01	1.058339e+00	1.085690e-01	1.329483e+00	4.301170e-01	1.800717e-01	1.612881e-01	2.887431e-01	2.727104e-01	2.080690e-01	3.905096e-02	5.088541e-02	1.124592e+00	1.118219e+00	2.234605e-01	4.647735e+00	-5.827570e-08	
5.754761e-01	0.000000e+00	5.567427e-01	5.156927e-01	1.068805e+00	2.638119e-02	8.945089e-02	1.256262e-01	1.187666e-01	3.252693e-01	2.508338e-02	1.530209e-01	1.105840e+00	7.750492e-01	2.721057e-02	5.256305e-02	3.874226e+00	6.057309e-01	1.779203e-01	1.058312e+00	1.085664e-01	1.329543e+00	4.301763e-01	1.801057e-01	1.612825e-01	2.886646e-01	2.726392e-01	2.081640e-01	3.904964e-02	5.088737e-02	1.124372e+00	1.118319e+00	2.236626e-01	4.647492e+00	-5.098049e-08	
5.754761e-01	0.000000e+00	5.562311e-01	5.158173e-01	1.068956e+00	2.638871e-02	8.947872e-02	1.256272e-01	1.188481e-01	3.252690e-01	2.509394e-02	1.531118e-01	1.105653e+00	7.750650e-01	2.720656e-02	5.256501e-02	3.873965e+00	6.053275e-01	1.779415e-01	1.058330e+00	1.085687e-01	1.329561e+00	4.302659e-01	1.802517e-01	1.613251e-01	2.887210e-01	2.725667e-01	2.080279e-01	3.905096e-02	5.088082e-02	1.124443e+00	1.118312e+00	2.236729e-01	4.647736e+00	-9.211572e-10	
5.754761e-01	0.000000e+00	5.564827e-01	5.156809e-01	1.069144e+00	2.639113e-02	8.940738e-02	1.256285e-01	1.187493e-01	3.252721e-01	2.507786e-02	1.531188e-01	1.105917e+00	7.750491e-01	2.721222e-02	5.257784e-02	3.875172e+00	6.059810e-01	1.779015e-01	1.058430e+00	1.085846e-01	1.329472e+00	4.301638e-01	1.801697e-01	1.612496e-01	2.886500e-01	2.725573e-01	2.082409e-01	3.905168e-02	5.086945e-02	1.124252e+00	1.118378e+00	2.235151e-01	4.647370e+00	-2.021505e-08	
5.754761e-01	0.000000e+00	5.565999e-01	5.155891e-01	1.069068e+00	2.638680e-02	8.937410e-02	1.256339e-01	1.187382e-01	3.252713e-01	2.507054e-02	1.530480e-01	1.106030e+00	7.750388e-01	2.721214e-02	5.256531e-02	3.874367e+00	6.057884e-01	1.778937e-01	1.058236e+00	1.085768e-01	1.329598e+00	4.301912e-01	1.801559e-01	1.612734e-01	2.886023e-01	2.726110e-01	2.083892e-01	3.905883e-02	5.087214e-02	1.124524e+00	1.118288e+00	2.233730e-01	4.647512e+00	-1.804971e-08	
5.754761e-01	0.000000e+00	5.564286e-01	5.156940e-01	1.069163e+00	2.638385e-02	8.943830e-02	1.256224e-01	1.187517e-01	3.252708e-01	2.508861e-02	1.530167e-01	1.105915e+00	7.750611e-01	2.721279e-02	5.257602e-02	3.874267e+00	6.059047e-01	1.778845e-01	1.058241e+00	1.085772e-01	1.329422e+00	4.301701e-01	1.800457e-01	1.612416e-01	2.885710e-01	2.727431e-01	2.082882e-01	3.905037e-02	5.085653e-02	1.124357e+00	1.118310e+00	2.234207e-01	4.647534e+00	-2.905265e-08	
5.754761e-01	0.000000e+00	5.564576e-01	5.157177e-01	1.068970e+00	2.638401e-02	8.952487e-02	1.256122e-01	1.188135e-01	3.252703e-01	2.509039e-02	1.531879e-01	1.105559e+00	7.750838e-01	2.720643e-02	5.257761e-02	3.874360e+00	6.057071e-01	1.778942e-01	1.058370e+00	1.085818e-01	1.329394e+00	4.301792e-01	1.800538e-01	1.612585e-01	2.886693e-01	2.727784e-01	2.081280e-01	3.904482e-02	5.086945e-02	1.124532e+00	1.118094e+00	2.235384e-01	4.647724e+00	-1.919835e-08	
5.754758e-01	3.188210e-16	5.563796e-01	5.156942e-01	1.069242e+00	2.638364e-02	8.944769e-02	1.256142e-01	1.187774e-01	3.252702e-01	2.507771e-02	1.530711e-01	1.105747e+00	7.750512e-01	2.720785e-02	5.256414e-02	3.874432e+00	6.057212e-01	1.778746e-01	1.058286e+00	1.085875e-01	1.329491e+00	4.302376e-01	1.801293e-01	1.612814e-01	2.886747e-01	2.726402e-01	2.082842e-01	3.904080e-02	5.089560e-02	1.124455e+00	1.118189e+00	2.234331e-01	4.647591e+00	1.785556e-08	
5.754761e-01	0.000000e+00	5.566852e-01	5.159381e-01	1.068572e+00	2.637721e-02	8.948490e-02	1.256267e-01	1.188090e-01	3.252698e-01	2.508506e-02	1.530074e-01	1.105608e+00	7.750721e-01	2.720424e-02	5.256114e-02	3.873562e+00	6.054281e-01	1.778766e-01	1.057901e+00	1.085667e-01	1.329619e+00	4.302282e-01	1.801351e-01	1.613125e-01	2.887389e-01	2.726336e-01	2.081013e-01	3.904930e-02	5.094025e-02	1.124779e+00	1.118125e+00	2.235801e-01	4.647228e+00	-1.254278e-08	
5.754758e-01	5.494613e-16	5.570436e-01	5.157145e-01	1.068635e+00	2.638073e-02	8.949953e-02	1.256182e-01	1.187603e-01	3.252697e-01	2.508655e-02	1.531373e-01	1.105637e+00	7.750668e-01	2.720717e-02	5.256743e-02	3.873770e+00	6.057720e-01	1.778973e-01	1.058201e+00	1.085700e-01	1.329546e+00	4.301761e-01	1.801003e-01	1.612158e-01	2.886791e-01	2.727710e-01	2.081560e-01	3.903815e-02	5.093460e-02	1.124711e+00	1.118068e+00	2.234673e-01	4.647299e+00	2.344059e-08	
5.754761e-01	0.000000e+00	5.568394e-01	5.159032e-01	1.068785e+00	2.637413e-02	8.951760e-02	1.256018e-01	1.187879e-01	3.252683e-01	2.510017e-02	1.530765e-01	1.105674e+00	7.750681e-01	2.720450e-02	5.256655e-02	3.873915e+00	6.062323e-01	1.778997e-01	1.058415e+00	1.085715e-01	1.329275e+00	4.301640e-01	1.801237e-01	1.611874e-01	2.886541e-01	2.727719e-01	2.081556e-01	3.902539e-02	5.090061e-02	1.124217e+00	1.118193e+00	2.238421e-01	4.647310e+00	-1.233673e-09	
5.754761e-01	0.000000e+00	5.564865e-01	5.154675e-01	1.069277e+00	2.638441e-02	8.938392e-02	1.256228e-01	1.187784e-01	3.252712e-01	2.507779e-02	1.530500e-01	1.105890e+00	7.750553e-01	2.721015e-02	5.256370e-02	3.875332e+00	6.061524e-01	1.778780e-01	1.058279e+00	1.085790e-01	1.329373e+00	4.302217e-01	1.801362e-01	1.612000e-01	2.885001e-01	2.726461e-01	2.085082e-01	3.904929e-02	5.090551e-02	1.124378e+00	1.118237e+00	2.234450e-01	4.647606e+00	-1.295338e-08	
5.754762e-01	0.000000e+00	5.565241e-01	5.156641e-01	1.069032e+00	2.638786e-02	8.941344e-02	1.256298e-01	1.187471e-01	3.252706e-01	2.507129e-02	1.531353e-01	1.105914e+00	7.750469e-01	2.720974e-02	5.256925e-02	3.874418e+00	6.058300e-01	1.779036e-01	1.058319e+00	1.085810e-01	1.329601e+00	4.302608e-01	1.802331e-01	1.612517e-01	2.886029e-01	2.726251e-01	2.083546e-01	3.904911e-02	5.091299e-02	1.124563e+00	1.118259e+00	2.234442e-01	4.647056e+00	-3.381011e-08	
5.754762e-01	0.000000e+00	5.565785e-01	5.154239e-01	1.069234e+00	2.639021e-02	8.936457e-02	1.256365e-01	1.187437e-01	3.252723e-01	2.506265e-02	1.531575e-01	1.105872e+00	7.750327e-01	2.721452e-02	5.257104e-02	3.874862e+00	6.058007e-01	1.779296e-01	1.058553e+00	1.085836e-01	1.329665e+00	4.301614e-01	1.801483e-01	1.612739e-01	2.885962e-01	2.726122e-01	2.084389e-01	3.905985e-02	5.089224e-02	1.124518e+00	1.118302e+00	2.232133e-01	4.647724e+00	-5.454452e-08	
5.754762e-01	0.000000e+00	5.566030e-01	5.158828e-01	1.068701e+00	2.638786e-02	8.947371e-02	1.256357e-01	1.187672e-01	3.252706e-01	2.508182e-02	1.531652e-01	1.105891e+00	7.750589e-01	2.721078e-02	5.256631e-02	3.873384e+00	6.054521e-01	1.779510e-01	1.058439e+00	1.085647e-01	1.329534e+00	4.302086e-01	1.802009e-01	1.612841e-01	2.886904e-01	2.726315e-01	2.081348e-01	3.906020e-02	5.090694e-02	1.124750e+00	1.118210e+00	2.234471e-01	4.647393e+00	-2.424998e-08	
5.754762e-01	0.000000e+00	5.566683e-01	5.156750e-01	1.069039e+00	2.638576e-02	8.939494e-02	1.256323e-01	1.187262e-01	3.252713e-01	2.506868e-02	1.530954e-01	1.106025e+00	7.750235e-01	2.721633e-02	5.256462e-02	3.874594e+00	6.058167e-01	1.779143e-01	1.058531e+00	1.085808e-01	1.329476e+00	4.302057e-01	1.802443e-01	1.612270e-01	2.886042e-01	2.726296e-01	2.084601e-01	3.905826e-02	5.088329e-02	1.124551e+00	1.118280e+00	2.233417e-01	4.647390e+00	-2.463905e-08	
5.754762e-01	0.000000e+00	5.566059e-01	5.154634e-01	1.069605e+00	2.639419e-02	8.929939e-02	1.256313e-01	1.186971e-01	3.252729e-01	2.506370e-02	1.531127e-01	1.106095e+00	7.750225e-01	2.721782e-02	5.256433e-02	3.875361e+00	6.063086e-01	1.779339e-01	1.058685e+00	1.085826e-01	1.329513e+00	4.302410e-01	1.801746e-01	1.611772e-01	2.884530e-01	2.726357e-01	2.087352e-01	3.906452e-02	5.088420e-02	1.124424e+00	1.118321e+00	2.233006e-01	4.647780e+00	-5.007373e-08	
5.754762e-01	0.000000e+00	5.566132e-01	5.156045e-01	1.069073e+00	2.638469e-02	8.945112e-02	1.256244e-01	1.187691e-01	3.252712e-01	2.507633e-02	1.531304e-01	1.105778e+00	7.750317e-01	2.721390e-02	5.256359e-02	3.875464e+00	6.059726e-01	1.779531e-01	1.058791e+00	1.085796e-01	1.329448e+00	4.302028e-01	1.801703e-01	1.611927e-01	2.885534e-01	2.725922e-01	2.083304e-01	3.904163e-02	5.088443e-02	1.124192e+00	1.118407e+00	2.236472e-01	4.647318e+00	-2.111725e-08	
5.754762e-01	0.000000e+00	5.569232e-01	5.157989e-01	1.068827e+00	2.637969e-02	8.945036e-02	1.256221e-01	1.187371e-01	3.252694e-01	2.508005e-02	1.530826e-01	1.105788e+00	7.750542e-01	2.720914e-02	5.256294e-02	3.874230e+00	6.061270e-01	1.779387e-01	1.058611e+00	1.085733e-01	1.329441e+00	4.301677e-01	1.800952e-01	1.611737e-01	2.886167e-01	2.727424e-01	2.082379e-01	3.903736e-02	5.088895e-02	1.124467e+00	1.118215e+00	2.235591e-01	4.647081e+00	-6.540510e-08	
5.754762e-01	0.000000e+00	5.565170e-01	5.154572e-01	1.069701e+00	2.639644e-02	8.927322e-02	1.256238e-01	1.187278e-01	3.252714e-01	2.507114e-02	1.530536e-01	1.106027e+00	7.750402e-01	2.721196e-02	5.256840e-02	3.875242e+00	6.062760e-01	1.778879e-01	1.058391e+00	1.085922e-01	1.329595e+00	4.302103e-01	1.803297e-01	1.612357e-01	2.885756e-01	2.726264e-01	2.086279e-01	3.905613e-02	5.088109e-02	1.124365e+00	1.118280e+00	2.231839e-01	4.648053e+00	-1.824401e-08	
5.754757e-01	2.017640e-15	5.564674e-01	5.157527e-01	1.068916e+00	2.638791e-02	8.939696e-02	1.256350e-01	1.187233e-01	3.252709e-01	2.507730e-02	1.531494e-01	1.106013e+00	7.750291e-01	2.721406e-02	5.256909e-02	3.874536e+00	6.058605e-01	1.779269e-01	1.058554e+00	1.085744e-01	1.329397e+00	4.301796e-01	1.801567e-01	1.612608e-01	2.886041e-01	2.725970e-01	2.083394e-01	3.906085e-02	5.086568e-02	1.124427e+00	1.118340e+00	2.236153e-01	4.647297e+00	4.491815e-08	
5.754757e-01	1.350283e-15	5.564658e-01	5.156850e-01	1.069016e+00	2.638906e-02	8.941119e-02	1.256329e-01	1.187408e-01	3.252713e-01	2.507058e-02	1.531294e-01	1.105944e+00	7.750490e-01	2.721326e-02	5.257249e-02	3.874092e+00	6.056680e-01	1.778966e-01	1.058345e+00	1.085823e-01	1.329539e+00	4.301931e-01	1.801722e-01	1.612865e-01	2.886486e-01	2.726348e-01	2.081933e-01	3.906019e-02	5.088410e-02	1.124608e+00	1.118249e+00	2.233075e-01	4.647455e+00	3.674620e-08	
5.754762e-01	0.000000e+00	5.567731e-01	5.157178e-01	1.068933e+00	2.637939e-02	8.940161e-02	1.256211e-01	1.187495e-01	3.252694e-01	2.508030e-02	1.530872e-01	1.105902e+00	7.750433e-01	2.721139e-02	5.255958e-02	3.874193e+00	6.057811e-01	1.779130e-01	1.058493e+00	1.085732e-01	1.329385e+00	4.302578e-01	1.801436e-01	1.611835e-01	2.885517e-01	2.726825e-01	2.083737e-01	3.904374e-02	5.092179e-02	1.124522e+00	1.118200e+00	2.236206e-01	4.647171e+00	-3.637251e-09	
5.754759e-01	1.446792e-16	5.568134e-01	5.158182e-01	1.068591e+00	2.638287e-02	8.941307e-02	1.256319e-01	1.187546e-01	3.252708e-01	2.507681e-02	1.531354e-01	1.105941e+00	7.750541e-01	2.720973e-02	5.256103e-02	3.873443e+00	6.057327e-01	1.779116e-01	1.058316e+00	1.085695e-01	1.329540e+00	4.301911e-01	1.802384e-01	1.612617e-01	2.886216e-01	2.726209e-01	2.083398e-01	3.905188e-02	5.093300e-02	1.124871e+00	1.118090e+00	2.234938e-01	4.647110e+00	1.202827e-08	
5.754762e-01	0.000000e+00	5.567400e-01	5.158436e-01	1.068691e+00	2.638106e-02	8.949741e-02	1.256188e-01	1.188122e-01	3.252690e-01	2.509058e-02	1.531144e-01	1.105624e+00	7.750802e-01	2.720139e-02	5.256914e-02	3.873439e+00	6.054781e-01	1.778896e-01	1.058066e+00	1.085689e-01	1.329554e+00	4.301697e-01	1.801193e-01	1.613028e-01	2.887829e-01	2.727068e-01	2.080385e-01	3.904651e-02	5.091148e-02	1.124607e+00	1.118111e+00	2.235738e-01	4.647601e+00	-2.021200e-08	
5.754762e-01	0.000000e+00	5.564267e-01	5.156324e-01	1.069111e+00	2.638280e-02	8.947194e-02	1.256151e-01	1.187860e-01	3.252705e-01	2.508666e-02	1.531054e-01	1.105775e+00	7.750759e-01	2.720570e-02	5.257559e-02	3.873693e+00	6.056603e-01	1.778411e-01	1.058045e+00	1.085830e-01	1.329371e+00	4.301668e-01	1.800070e-01	1.612807e-01	2.886923e-01	2.727657e-01	2.082226e-01	3.905194e-02	5.089907e-02	1.124693e+00	1.118050e+00	2.232963e-01	4.647625e+00	-1.440057e-08	
5.754762e-01	0.000000e+00	5.567452e-01	5.157707e-01	1.069052e+00	2.638654e-02	8.939477e-02	1.256311e-01	1.187206e-01	3.252716e-01	2.507189e-02	1.531594e-01	1.105859e+00	7.750235e-01	2.721822e-02	5.256192e-02	3.874737e+00	6.060952e-01	1.779409e-01	1.058728e+00	1.085798e-01	1.329482e+00	4.301600e-01	1.802145e-01	1.612268e-01	2.886109e-01	2.725946e-01	2.083972e-01	3.904552e-02	5.090369e-02	1.124510e+00	1.118259e+00	2.235325e-01	4.647176e+00	-1.321248e-08	
5.754762e-01	0.000000e+00	5.566368e-01	5.155476e-01	1.069351e+00	2.638660e-02	8.934059e-02	1.256277e-01	1.187093e-01	3.252723e-01	2.506653e-02	1.531388e-01	1.105991e+00	7.750307e-01	2.721420e-02	5.256665e-02	3.875280e+00	6.062452e-01	1.779295e-01	1.058748e+00	1.085850e-01	1.329392e+00	4.302456e-01	1.801591e-01	1.611310e-01	2.884469e-01	2.726796e-01	2.085512e-01	3.904899e-02	5.086928e-02	1.124451e+00	1.118238e+00	2.233079e-01	4.647228e+00	-4.707322e-09	
5.754762e-01	0.000000e+00	5.567159e-01	5.158189e-01	1.068674e+00	2.638096e-02	8.950901e-02	1.256102e-01	1.187372e-01	3.252695e-01	2.509182e-02	1.531915e-01	1.105865e+00	7.750706e-01	2.720834e-02	5.256881e-02	3.873357e+00	6.058186e-01	1.778922e-01	1.058451e+00	1.085725e-01	1.329180e+00	4.300907e-01	1.799837e-01	1.612503e-01	2.886814e-01	2.727885e-01	2.081159e-01	3.904850e-02	5.089446e-02	1.124601e+00	1.118075e+00	2.236166e-01	4.647617e+00	-1.439158e-08	
5.754762e-01	0.000000e+00	5.565573e-01	5.156765e-01	1.068892e+00	2.638187e-02	8.944015e-02	1.256237e-01	1.187618e-01	3.252703e-01	2.508424e-02	1.531144e-01	1.105706e+00	7.750515e-01	2.720516e-02	5.256867e-02	3.874079e+00	6.057313e-01	1.779167e-01	1.058215e+00	1.085665e-01	1.329566e+00	4.301806e-01	1.800529e-01	1.612796e-01	2.886864e-01	2.726657e-01	2.082955e-01	3.904942e-02	5.087552e-02	1.124430e+00	1.118266e+00	2.234968e-01	4.647758e+00	-4.157091e-08	
5.754762e-01	0.000000e+00	5.565767e-01	5.155294e-01	1.069106e+00	2.638994e-02	8.935999e-02	1.256335e-01	1.187475e-01	3.252712e-01	2.506927e-02	1.530831e-01	1.105917e+00	7.750522e-01	2.721016e-02	5.256731e-02	3.874367e+00	6.056213e-01	1.778698e-01	1.058112e+00	1.085829e-01	1.329638e+00	4.302352e-01	1.802267e-01	1.612651e-01	2.885995e-01	2.726494e-01	2.083953e-01	3.905918e-02	5.092023e-02	1.124852e+00	1.118088e+00	2.230708e-01	4.647683e+00	-6.129895e-08	
5.754763e-01	0.000000e+00	5.568084e-01	5.157241e-01	1.068828e+00	2.638635e-02	8.940207e-02	1.256325e-01	1.187513e-01	3.252694e-01	2.507441e-02	1.530498e-01	1.105902e+00	7.750316e-01	2.720998e-02	5.255188e-02	3.874685e+00	6.057827e-01	1.779467e-01	1.058432e+00	1.085670e-01	1.329638e+00	4.302403e-01	1.802019e-01	1.612329e-01	2.886312e-01	2.725867e-01	2.083209e-01	3.905536e-02	5.090821e-02	1.124530e+00	1.118295e+00	2.236249e-01	4.647484e+00	-3.926351e-08	
5.754763e-01	0.000000e+00	5.568379e-01	5.155365e-01	1.069039e+00	2.638673e-02	8.938390e-02	1.256298e-01	1.187426e-01	3.252709e-01	2.508015e-02	1.530705e-01	1.105977e+00	7.750491e-01	2.720919e-02	5.256892e-02	3.875193e+00	6.062105e-01	1.778937e-01	1.058235e+00	1.085721e-01	1.329527e+00	4.301805e-01	1.801006e-01	1.611929e-01	2.885418e-01	2.726975e-01	2.084578e-01	3.905369e-02	5.088544e-02	1.124414e+00	1.118270e+00	2.234442e-01	4.647386e+00	-6.484191e-08	
5.754763e-01	0.000000e+00	5.566369e-01	5.156230e-01	1.069081e+00	2.638187e-02	8.941323e-02	1.256171e-01	1.188039e-01	3.252696e-01	2.507930e-02	1.530752e-01	1.105732e+00	7.750531e-01	2.720389e-02	5.256425e-02	3.874366e+00	6.057686e-01	1.779058e-01	1.058270e+00	1.085748e-01	1.329587e+00	4.302713e-01	1.801890e-01	1.612432e-01	2.886265e-01	2.726108e-01	2.083708e-01	3.904765e-02	5.090850e-02	1.124488e+00	1.118184e+00	2.235098e-01	4.647673e+00	-2.832427e-08	
5.754763e-01	0.000000e+00	5.566831e-01	5.157715e-01	1.068732e+00	2.638545e-02	8.948578e-02	1.256262e-01	1.187296e-01	3.252704e-01	2.507925e-02	1.531333e-01	1.105876e+00	7.750539e-01	2.721186e-02	5.257279e-02	3.873721e+00	6.057068e-01	1.778964e-01	1.058370e+00	1.085790e-01	1.329449e+00	4.301044e-01	1.801818e-01	1.612832e-01	2.887221e-01	2.727094e-01	2.081991e-01	3.905649e-02	5.088449e-02	1.124642e+00	1.118158e+00	2.234618e-01	4.647527e+00	-3.985987e-08	
5.754763e-01	0.000000e+00	5.566799e-01	5.154526e-01	1.069110e+00	2.638569e-02	8.941767e-02	1.256204e-01	1.187271e-01	3.252724e-01	2.507760e-02	1.531326e-01	1.105943e+00	7.750400e-01	2.721510e-02	5.256965e-02	3.874709e+00	6.058775e-01	1.778952e-01	1.058547e+00	1.085805e-01	1.329330e+00	4.301975e-01	1.800610e-01	1.612102e-01	2.885148e-01	2.727208e-01	2.085044e-01	3.905914e-02	5.090250e-02	1.124630e+00	1.118128e+00	2.233578e-01	4.647783e+00	-3.799662e-08	
5.754763e-01	0.000000e+00	5.569030e-01	5.156933e-01	1.068730e+00	2.638424e-02	8.941476e-02	1.256268e-01	1.187278e-01	3.252708e-01	2.508278e-02	1.531742e-01	1.105970e+00	7.750432e-01	2.721223e-02	5.256443e-02	3.873718e+00	6.060741e-01	1.779217e-01	1.058549e+00	1.085733e-01	1.329453e+00	4.301707e-01	1.802257e-01	1.612340e-01	2.885790e-01	2.726524e-01	2.083370e-01	3.904512e-02	5.092379e-02	1.124608e+00	1.118183e+00	2.235642e-01	4.647213e+00	-2.901777e-08	
5.754763e-01	0.000000e+00	5.569451e-01	5.156922e-01	1.069098e+00	2.638400e-02	8.942927e-02	1.256249e-01	1.187418e-01	3.252707e-01	2.508335e-02	1.529989e-01	1.105806e+00	7.750359e-01	2.721262e-02	5.256151e-02	3.874967e+00	6.060810e-01	1.779078e-01	1.058523e+00	1.085791e-01	1.329508e+00	4.301820e-01	1.801316e-01	1.612068e-01	2.885651e-01	2.726543e-01	2.083190e-01	3.904552e-02	5.088015e-02	1.124263e+00	1.118333e+00	2.236277e-01	4.647476e+00	-4.043730e-08	
5.754758e-01	6.723713e-16	5.569268e-01	5.157342e-01	1.068815e+00	2.638656e-02	8.941393e-02	1.256275e-01	1.187153e-01	3.252695e-01	2.507792e-02	1.531047e-01	1.105838e+00	7.750255e-01	2.721356e-02	5.256262e-02	3.874044e+00	6.057601e-01	1.779354e-01	1.058564e+00	1.085784e-01	1.329639e+00	4.301381e-01	1.801662e-01	1.612707e-01	2.887190e-01	2.725929e-01	2.082666e-01	3.904837e-02	5.087901e-02	1.124432e+00	1.118313e+00	2.236761e-01	4.647549e+00	2.593012e-08	
5.754763e-01	0.000000e+00	5.565283e-01	5.155165e-01	1.069359e+00	2.638704e-02	8.936930e-02	1.256197e-01	1.187629e-01	3.252707e-01	2.507792e-02	1.531041e-01	1.105863e+00	7.750433e-01	2.720885e-02	5.257268e-02	3.875175e+00	6.058976e-01	1.778783e-01	1.058345e+00	1.085863e-01	1.329478e+00	4.302163e-01	1.801701e-01	1.612362e-01	2.885848e-01	2.726886e-01	2.084459e-01	3.905525e-02	5.088107e-02	1.124397e+00	1.118213e+00	2.233542e-01	4.647760e+00	-3.376474e-08	
5.754763e-01	0.000000e+00	5.566929e-01	5.158518e-01	1.068822e+00	2.638415e-02	8.943326e-02	1.256241e-01	1.187541e-01	3.252688e-01	2.507784e-02	1.531425e-01	1.105955e+00	7.750427e-01	2.720882e-02	5.255992e-02	3.873202e+00	6.054389e-01	1.779205e-01	1.058439e+00	1.085741e-01	1.329511e+00	4.302045e-01	1.801449e-01	1.612910e-01	2.887116e-01	2.726161e-01	2.081896e-01	3.905187e-02	5.090765e-02	1.124655e+00	1.118186e+00	2.235830e-01	4.647401e+00	-2.141667e-09	
5.754763e-01	0.000000e+00	5.564975e-01	5.158260e-01	1.068871e+00	2.638261e-02	8.944683e-02	1.256317e-01	1.187068e-01	3.252723e-01	2.507629e-02	1.531829e-01	1.105953e+00	7.750368e-01	2.721166e-02	5.256427e-02	3.873979e+00	6.057920e-01	1.779537e-01	1.058686e+00	1.085687e-01	1.329328e+00	4.301859e-01	1.801301e-01	1.612174e-01	2.885988e-01	2.726338e-01	2.083297e-01	3.905255e-02	5.088826e-02	1.124518e+00	1.118277e+00	2.235066e-01	4.647015e+00	-4.815750e-08	
5.754763e-01	0.000000e+00	5.566574e-01	5.157667e-01	1.068940e+00	2.638183e-02	8.946432e-02	1.256191e-01	1.187736e-01	3.252700e-01	2.508830e-02	1.530567e-01	1.105693e+00	7.750693e-01	2.720456e-02	5.256127e-02	3.873780e+00	6.057269e-01	1.778817e-01	1.058072e+00	1.085690e-01	1.329508e+00	4.301988e-01	1.800521e-01	1.612906e-01	2.886894e-01	2.726887e-01	2.081660e-01	3.905115e-02	5.090186e-02	1.124592e+00	1.118137e+00	2.236145e-01	4.647559e+00	-3.293444e-08	
5.754763e-01	0.000000e+00	5.564569e-01	5.158158e-01	1.068990e+00	2.639209e-02	8.940009e-02	1.256353e-01	1.187425e-01	3.252711e-01	2.508214e-02	1.531604e-01	1.105981e+00	7.750564e-01	2.721343e-02	5.256800e-02	3.873630e+00	6.055571e-01	1.779533e-01	1.058510e+00	1.085725e-01	1.329579e+00	4.301027e-01	1.801470e-01	1.613107e-01	2.887150e-01	2.725689e-01	2.081538e-01	3.905659e-02	5.086754e-02	1.124452e+00	1.118327e+00	2.235118e-01	4.647782e+00	-7.440646e-08	
5.754763e-01	0.000000e+00	5.565171e-01	5.155977e-01	1.069120e+00	2.639031e-02	8.939886e-02	1.256311e-01	1.187103e-01	3.252730e-01	2.506980e-02	1.530865e-01	1.105927e+00	7.750560e-01	2.721220e-02	5.257092e-02	3.874212e+00	6.057706e-01	1.779027e-01	1.058367e+00	1.085823e-01	1.329554e+00	4.301465e-01	1.800728e-01	1.612718e-01	2.886406e-01	2.726352e-01	2.082623e-01	3.905831e-02	5.084637e-02	1.124644e+00	1.118212e+00	2.232190e-01	4.647611e+00	-6.983893e-08	
5.754763e-01	0.000000e+00	5.563316e-01	5.157578e-01	1.069039e+00	2.638504e-02	8.944056e-02	1.256204e-01	1.188404e-01	3.252695e-01	2.508890e-02	1.530609e-01	1.105644e+00	7.750822e-01	2.719953e-02	5.257401e-02	3.873681e+00	6.054129e-01	1.778687e-01	1.057882e+00	1.085752e-01	1.329634e+00	4.302106e-01	1.801680e-01	1.613407e-01	2.887789e-01	2.726102e-01	2.080568e-01	3.905359e-02	5.089327e-02	1.124497e+00	1.118215e+00	2.234778e-01	4.647767e+00	-1.999807e-08	
5.754763e-01	0.000000e+00	5.565119e-01	5.156957e-01	1.069206e+00	2.639090e-02	8.933743e-02	1.256371e-01	1.187150e-01	3.252719e-01	2.506766e-02	1.531208e-01	1.106171e+00	7.750343e-01	2.721434e-02	5.257077e-02	3.874342e+00	6.060868e-01	1.779077e-01	1.058430e+00	1.085818e-01	1.329524e+00	4.301965e-01	1.803741e-01	1.612366e-01	2.885646e-01	2.725475e-01	2.084904e-01	3.905966e-02	5.091383e-02	1.124605e+00	1.118254e+00	2.232118e-01	4.647107e+00	-6.893164e-08	
5.754763e-01	0.000000e+00	5.562894e-01	5.154471e-01	1.069699e+00	2.639576e-02	8.933425e-02	1.256271e-01	1.187255e-01	3.252747e-01	2.507308e-02	1.530527e-01	1.105949e+00	7.750428e-01	2.721974e-02	5.258485e-02	3.876562e+00	6.062741e-01	1.778700e-01	1.058512e+00	1.086000e-01	1.329408e+00	4.301560e-01	1.801250e-01	1.612100e-01	2.884970e-01	2.726073e-01	2.086383e-01	3.906122e-02	5.084373e-02	1.124263e+00	1.118349e+00	2.231759e-01	4.647915e+00	-2.657964e-08	
5.754763e-01	0.000000e+00	5.566455e-01	5.155698e-01	1.069214e+00	2.638481e-02	8.941104e-02	1.256240e-01	1.187575e-01	3.252717e-01	2.507999e-02	1.530865e-01	1.105928e+00	7.750560e-01	2.721195e-02	5.257072e-02	3.874817e+00	6.062159e-01	1.778946e-01	1.058350e+00	1.085799e-01	1.329455e+00	4.301487e-01	1.802423e-01	1.612072e-01	2.885415e-01	2.726751e-01	2.084766e-01	3.904769e-02	5.089871e-02	1.124308e+00	1.118284e+00	2.234236e-01	4.647462e+00	-9.998247e-10	
5.754763e-01	0.000000e+00	5.565816e-01	5.155657e-01	1.068976e+00	2.638329e-02	8.937226e-02	1.256206e-01	1.187673e-01	3.252718e-01	2.507768e-02	1.530645e-01	1.105829e+00	7.750526e-01	2.720895e-02	5.256742e-02	3.874479e+00	6.056956e-01	1.778696e-01	1.058154e+00	1.085807e-01	1.329515e+00	4.302100e-01	1.801934e-01	1.612560e-01	2.886584e-01	2.726314e-01	2.083947e-01	3.905311e-02	5.093009e-02	1.124707e+00	1.118114e+00	2.234118e-01	4.647472e+00	-2.257718e-08	
5.754763e-01	0.000000e+00	5.565040e-01	5.157670e-01	1.068879e+00	2.638473e-02	8.948415e-02	1.256218e-01	1.188007e-01	3.252688e-01	2.508919e-02	1.530488e-01	1.105797e+00	7.750721e-01	2.720491e-02	5.257242e-02	3.873480e+00	6.054854e-01	1.778569e-01	1.057930e+00	1.085756e-01	1.329571e+00	4.301623e-01	1.801118e-01	1.613753e-01	2.887953e-01	2.726344e-01	2.079465e-01	3.904975e-02	5.089310e-02	1.124467e+00	1.118237e+00	2.234620e-01	4.647740e+00	-7.709818e-08	
5.754763e-01	0.000000e+00	5.565899e-01	5.154782e-01	1.069144e+00	2.637982e-02	8.936283e-02	1.256189e-01	1.187796e-01	3.252711e-01	2.507502e-02	1.530169e-01	1.105794e+00	7.750720e-01	2.720258e-02	5.256115e-02	3.874031e+00	6.057407e-01	1.778561e-01	1.057958e+00	1.085738e-01	1.329512e+00	4.302279e-01	1.800051e-01	1.612527e-01	2.886033e-01	2.727149e-01	2.084307e-01	3.905012e-02	5.090885e-02	1.124648e+00	1.118110e+00	2.233054e-01	4.647783e+00	-3.047606e-08	
5.754759e-01	6.437835e-16	5.563053e-01	5.155071e-01	1.069500e+00	2.639069e-02	8.930738e-02	1.256315e-01	1.187485e-01	3.252729e-01	2.507157e-02	1.530829e-01	1.106016e+00	7.750483e-01	2.721413e-02	5.256814e-02	3.874714e+00	6.058716e-01	1.778854e-01	1.058281e+00	1.085836e-01	1.329520e+00	4.302273e-01	1.801766e-01	1.612550e-01	2.885339e-01	2.726344e-01	2.085466e-01	3.906253e-02	5.089652e-02	1.124609e+00	1.118195e+00	2.231543e-01	4.647805e+00	2.537289e-08	
5.754763e-01	0.000000e+00	5.565135e-01	5.156107e-01	1.069147e+00	2.638630e-02	8.944362e-02	1.256190e-01	1.187779e-01	3.252705e-01	2.507798e-02	1.531494e-01	1.105823e+00	7.750573e-01	2.720574e-02	5.257073e-02	3.874727e+00	6.059175e-01	1.778952e-01	1.058417e+00	1.085788e-01	1.329363e+00	4.301797e-01	1.801558e-01	1.612256e-01	2.885953e-01	2.726771e-01	2.082328e-01	3.904722e-02	5.088429e-02	1.124458e+00	1.118181e+00	2.233477e-01	4.647438e+00	-2.156090e-08	
5.754763e-01	0.000000e+00	5.565846e-01	5.156583e-01	1.069091e+00	2.638280e-02	8.951562e-02	1.256052e-01	1.187860e-01	3.252701e-01	2.509072e-02	1.530161e-01	1.105565e+00	7.750899e-01	2.720156e-02	5.257380e-02	3.874523e+00	6.058877e-01	1.778646e-01	1.058130e+00	1.085821e-01	1.329460e+00	4.301296e-01	1.799564e-01	1.612532e-01	2.887087e-01	2.727801e-01	2.080867e-01	3.904125e-02	5.086875e-02	1.124406e+00	1.118115e+00	2.234376e-01	4.647965e+00	-8.226895e-08	
5.754763e-01	0.000000e+00	5.567487e-01	5.154065e-01	1.069238e+00	2.638479e-02	8.934070e-02	1.256307e-01	1.187663e-01	3.252707e-01	2.506598e-02	1.530252e-01	1.105934e+00	7.750394e-01	2.721135e-02	5.256352e-02	3.875536e+00	6.062151e-01	1.778437e-01	1.058016e+00	1.085847e-01	1.329644e+00	4.302132e-01	1.803309e-01	1.612522e-01	2.885834e-01	2.726444e-01	2.085188e-01	3.905904e-02	5.091613e-02	1.124492e+00	1.118265e+00	2.232747e-01	4.647290e+00	-6.833460e-09	
5.754763e-01	0.000000e+00	5.566682e-01	5.156182e-01	1.069004e+00	2.638786e-02	8.939200e-02	1.256244e-01	1.187764e-01	3.252705e-01	2.508386e-02	1.531367e-01	1.105829e+00	7.750522e-01	2.721064e-02	5.256408e-02	3.873985e+00	6.056318e-01	1.779303e-01	1.058315e+00	1.085682e-01	1.329646e+00	4.301937e-01	1.801464e-01	1.613170e-01	2.886992e-01	2.726007e-01	2.083694e-01	3.905541e-02	5.090068e-02	1.124551e+00	1.118219e+00	2.234261e-01	4.648272e+00	-4.317469e-08	
5.754763e-01	0.000000e+00	5.565458e-01	5.159221e-01	1.068818e+00	2.637710e-02	8.951935e-02	1.256134e-01	1.188529e-01	3.252689e-01	2.509649e-02	1.530533e-01	1.105605e+00	7.750879e-01	2.720105e-02	5.256530e-02	3.873526e+00	6.055095e-01	1.778624e-01	1.057942e+00	1.085708e-01	1.329451e+00	4.302328e-01	1.801486e-01	1.613048e-01	2.887381e-01	2.726823e-01	2.080563e-01	3.904167e-02	5.093582e-02	1.124594e+00	1.118095e+00	2.235956e-01	4.647438e+00	-1.889651e-08	
5.754763e-01	0.000000e+00	5.566691e-01	5.157459e-01	1.068915e+00	2.637595e-02	8.943788e-02	1.256106e-01	1.188263e-01	3.252693e-01	2.508425e-02	1.530374e-01	1.105758e+00	7.750815e-01	2.720368e-02	5.256454e-02	3.873964e+00	6.059053e-01	1.778371e-01	1.057853e+00	1.085702e-01	1.329413e+00	4.302582e-01	1.801278e-01	1.612452e-01	2.886159e-01	2.727526e-01	2.083483e-01	3.904169e-02	5.096505e-02	1.124723e+00	1.118018e+00	2.235405e-01	4.647205e+00	-2.842971e-08	
5.754763e-01	0.000000e+00	5.564458e-01	5.156281e-01	1.069073e+00	2.638448e-02	8.949149e-02	1.256081e-01	1.188195e-01	3.252699e-01	2.509199e-02	1.531201e-01	1.105533e+00	7.750843e-01	2.720128e-02	5.257734e-02	3.874244e+00	6.054738e-01	1.778614e-01	1.058042e+00	1.085785e-01	1.329487e+00	4.301837e-01	1.800183e-01	1.613185e-01	2.887480e-01	2.727368e-01	2.080742e-01	3.904711e-02	5.089666e-02	1.124501e+00	1.118108e+00	2.234118e-01	4.648071e+00	-4.100511e-08	
5.754758e-01	2.049127e-15	5.566032e-01	5.156206e-01	1.069192e+00	2.638518e-02	8.934487e-02	1.256130e-01	1.187416e-01	3.252709e-01	2.507364e-02	1.531584e-01	1.105936e+00	7.750495e-01	2.720734e-02	5.256562e-02	3.874419e+00	6.062619e-01	1.779019e-01	1.058564e+00	1.085826e-01	1.329298e+00	4.302564e-01	1.802156e-01	1.611509e-01	2.885058e-01	2.726857e-01	2.085716e-01	3.904080e-02	5.090705e-02	1.124550e+00	1.118135e+00	2.233639e-01	4.647430e+00	4.526728e-08	
5.754763e-01	0.000000e+00	5.568174e-01	5.154574e-01	1.069248e+00	2.639105e-02	8.928986e-02	1.256411e-01	1.186923e-01	3.252731e-01	2.506201e-02	1.530692e-01	1.106100e+00	7.750128e-01	2.722079e-02	5.256595e-02	3.876078e+00	6.064799e-01	1.779170e-01	1.058694e+00	1.085902e-01	1.329564e+00	4.301839e-01	1.802919e-01	1.611679e-01	2.884816e-01	2.725769e-01	2.086215e-01	3.905801e-02	5.089551e-02	1.124358e+00	1.118363e+00	2.234452e-01	4.647220e+00	-2.261212e-08	
5.754763e-01	0.000000e+00	5.568795e-01	5.157152e-01	1.068933e+00	2.637995e-02	8.953253e-02	1.256013e-01	1.188278e-01	3.252681e-01	2.510539e-02	1.529363e-01	1.105454e+00	7.750968e-01	2.719970e-02	5.256899e-02	3.873971e+00	6.056621e-01	1.778776e-01	1.057979e+00	1.085701e-01	1.329623e+00	4.301776e-01	1.799350e-01	1.612894e-01	2.887494e-01	2.727712e-01	2.080514e-01	3.903423e-02	5.089273e-02	1.124282e+00	1.118187e+00	2.236947e-01	4.648297e+00	-8.692801e-08	
5.754763e-01	0.000000e+00	5.567307e-01	5.157976e-01	1.068774e+00	2.638762e-02	8.942019e-02	1.256322e-01	1.187450e-01	3.252709e-01	2.507869e-02	1.531240e-01	1.105941e+00	7.750479e-01	2.721334e-02	5.256370e-02	3.874466e+00	6.058544e-01	1.779406e-01	1.058489e+00	1.085694e-01	1.329474e+00	4.301745e-01	1.802234e-01	1.612078e-01	2.886283e-01	2.726159e-01	2.083192e-01	3.905125e-02	5.090231e-02	1.124624e+00	1.118221e+00	2.235223e-01	4.647268e+00	-1.115699e-08	
5.754763e-01	0.000000e+00	5.565836e-01	5.159267e-01	1.068666e+00	2.638031e-02	8.953975e-02	1.256176e-01	1.187501e-01	3.252698e-01	2.508769e-02	1.531952e-01	1.105757e+00	7.750649e-01	2.720524e-02	5.257011e-02	3.872501e+00	6.054542e-01	1.779138e-01	1.058379e+00	1.085719e-01	1.329420e+00	4.301381e-01	1.801303e-01	1.613046e-01	2.887701e-01	2.726736e-01	2.080613e-01	3.904888e-02	5.088408e-02	1.124632e+00	1.118117e+00	2.236021e-01	4.647443e+00	-5.233762e-08	
5.754763e-01	0.000000e+00	5.565610e-01	5.157617e-01	1.069032e+00	2.638188e-02	8.945420e-02	1.256164e-01	1.187816e-01	3.252696e-01	2.509158e-02	1.530355e-01	1.105777e+00	7.750677e-01	2.720297e-02	5.256620e-02	3.873615e+00	6.056396e-01	1.779103e-01	1.058142e+00	1.085680e-01	1.329571e+00	4.301950e-01	1.800833e-01	1.612858e-01	2.887212e-01	2.726849e-01	2.081065e-01	3.904265e-02	5.089081e-02	1.124397e+00	1.118224e+00	2.235273e-01	4.647646e+00	-3.159694e-08	
5.754764e-01	0.000000e+00	5.565244e-01	5.155680e-01	1.069328e+00	2.639381e-02	8.935145e-02	1.256368e-01	1.187260e-01	3.252732e-01	2.506783e-02	1.531059e-01	1.105933e+00	7.750354e-01	2.721726e-02	5.257587e-02	3.875763e+00	6.061821e-01	1.779105e-01	1.058422e+00	1.085860e-01	1.329617e+00	4.301859e-01	1.802904e-01	1.612133e-01	2.885698e-01	2.725766e-01	2.084793e-01	3.905881e-02	5.088301e-02	1.124334e+00	1.118447e+00	2.233041e-01	4.647238e+00	-3.625400e-08	
5.754764e-01	0.000000e+00	5.567026e-01	5.155687e-01	1.069067e+00	2.637729e-02	8.944188e-02	1.256164e-01	1.188130e-01	3.252703e-01	2.508831e-02	1.529219e-01	1.105657e+00	7.750739e-01	2.720764e-02	5.257646e-02	3.874810e+00	6.060384e-01	1.778439e-01	1.057978e+00	1.085770e-01	1.329471e+00	4.301712e-01	1.799544e-01	1.612389e-01	2.885915e-01	2.727690e-01	2.083145e-01	3.904738e-02	5.088642e-02	1.124441e+00	1.118141e+00	2.234781e-01	4.647829e+00	-3.573355e-11	
5.754759e-01	2.946742e-15	5.566788e-01	5.156449e-01	1.069054e+00	2.638389e-02	8.945191e-02	1.256285e-01	1.187410e-01	3.252710e-01	2.507723e-02	1.530935e-01	1.105791e+00	7.750597e-01	2.721015e-02	5.256848e-02	3.873800e+00	6.056597e-01	1.779218e-01	1.058342e+00	1.085718e-01	1.329579e+00	4.301876e-01	1.799985e-01	1.612529e-01	2.886384e-01	2.726896e-01	2.082330e-01	3.905220e-02	5.087556e-02	1.124471e+00	1.118251e+00	2.234765e-01	4.647575e+00	5.428391e-08	
5.754764e-01	0.000000e+00	5.566613e-01	5.158973e-01	1.068824e+00	2.638384e-02	8.948368e-02	1.256232e-01	1.187540e-01	3.252702e-01	2.508062e-02	1.531988e-01	1.105837e+00	7.750435e-01	2.721421e-02	5.257256e-02	3.874645e+00	6.059347e-01	1.779158e-01	1.058612e+00	1.085796e-01	1.329294e+00	4.301662e-01	1.802440e-01	1.611992e-01	2.886363e-01	2.726756e-01	2.082973e-01	3.904916e-02	5.088596e-02	1.124475e+00	1.118285e+00	2.236358e-01	4.646819e+00	-5.642517e-08	
5.754764e-01	0.000000e+00	5.564838e-01	5.157633e-01	1.069059e+00	2.639103e-02	8.937771e-02	1.256464e-01	1.186963e-01	3.252726e-01	2.506417e-02	1.532119e-01	1.106192e+00	7.750102e-01	2.722343e-02	5.257444e-02	3.874741e+00	6.060843e-01	1.779372e-01	1.058750e+00	1.085795e-01	1.329387e+00	4.301720e-01	1.803388e-01	1.612375e-01	2.885421e-01	2.725168e-01	2.084790e-01	3.906851e-02	5.085952e-02	1.124509e+00	1.118396e+00	2.234666e-01	4.646738e+00	-2.993687e-08	
5.754764e-01	0.000000e+00	5.567264e-01	5.156416e-01	1.069278e+00	2.638678e-02	8.942071e-02	1.256244e-01	1.187590e-01	3.252710e-01	2.507904e-02	1.530588e-01	1.105813e+00	7.750383e-01	2.721328e-02	5.256649e-02	3.875143e+00	6.061179e-01	1.779203e-01	1.058547e+00	1.085820e-01	1.329537e+00	4.302203e-01	1.801850e-01	1.612193e-01	2.885921e-01	2.726233e-01	2.083638e-01	3.905214e-02	5.088599e-02	1.124349e+00	1.118287e+00	2.234524e-01	4.647650e+00	-5.468787e-08	
5.754764e-01	0.000000e+00	5.567566e-01	5.157243e-01	1.068766e+00	2.638154e-02	8.941721e-02	1.256250e-01	1.187661e-01	3.252700e-01	2.507519e-02	1.531103e-01	1.105935e+00	7.750552e-01	2.720815e-02	5.256483e-02	3.873593e+00	6.057348e-01	1.779008e-01	1.058250e+00	1.085690e-01	1.329482e+00	4.302437e-01	1.801532e-01	1.612458e-01	2.886494e-01	2.726587e-01	2.083892e-01	3.905481e-02	5.092979e-02	1.124706e+00	1.118163e+00	2.235633e-01	4.647288e+00	-3.834014e-08	
5.754764e-01	0.000000e+00	5.564344e-01	5.155670e-01	1.069399e+00	2.639629e-02	8.935883e-02	1.256335e-01	1.186434e-01	3.252735e-01	2.506896e-02	1.531391e-01	1.106131e+00	7.750340e-01	2.722170e-02	5.257999e-02	3.875572e+00	6.064231e-01	1.779251e-01	1.058807e+00	1.085939e-01	1.329398e+00	4.300535e-01	1.801997e-01	1.611915e-01	2.885284e-01	2.726219e-01	2.084422e-01	3.905671e-02	5.080745e-02	1.124182e+00	1.118430e+00	2.232648e-01	4.647551e+00	-4.938406e-08	
5.754764e-01	0.000000e+00	5.568944e-01	5.155933e-01	1.068992e+00	2.638492e-02	8.935613e-02	1.256219e-01	1.187203e-01	3.252693e-01	2.507295e-02	1.531383e-01	1.106012e+00	7.750232e-01	2.721162e-02	5.256215e-02	3.875101e+00	6.062390e-01	1.779357e-01	1.058638e+00	1.085761e-01	1.329453e+00	4.301944e-01	1.802451e-01	1.611546e-01	2.885530e-01	2.726484e-01	2.085131e-01	3.904136e-02	5.090085e-02	1.124356e+00	1.118307e+00	2.235361e-01	4.647159e+00	-2.983874e-08	
5.754764e-01	0.000000e+00	5.564403e-01	5.157725e-01	1.069036e+00	2.638810e-02	8.945254e-02	1.256330e-01	1.187809e-01	3.252707e-01	2.507684e-02	1.531062e-01	1.105800e+00	7.750592e-01	2.720807e-02	5.257092e-02	3.874396e+00	6.056546e-01	1.778950e-01	1.058387e+00	1.085827e-01	1.329431e+00	4.302235e-01	1.802552e-01	1.612568e-01	2.886517e-01	2.726342e-01	2.081016e-01	3.905621e-02	5.090563e-02	1.124634e+00	1.118171e+00	2.234018e-01	4.647123e+00	-8.041854e-08	
5.754760e-01	9.173576e-18	5.566114e-01	5.156090e-01	1.069305e+00	2.638630e-02	8.940112e-02	1.256143e-01	1.187508e-01	3.252699e-01	2.508203e-02	1.530319e-01	1.105899e+00	7.750521e-01	2.721051e-02	5.256595e-02	3.874195e+00	6.058666e-01	1.778947e-01	1.058362e+00	1.085828e-01	1.329521e+00	4.301593e-01	1.801265e-01	1.612718e-01	2.886606e-01	2.726999e-01	2.084009e-01	3.904702e-02	5.087487e-02	1.124330e+00	1.118217e+00	2.235275e-01	4.648098e+00	3.028791e-09	
5.754764e-01	0.000000e+00	5.565826e-01	5.158863e-01	1.068870e+00	2.638297e-02	8.953394e-02	1.256192e-01	1.188759e-01	3.252690e-01	2.509976e-02	1.529545e-01	1.105467e+00	7.750967e-01	2.720212e-02	5.256985e-02	3.873406e+00	6.054370e-01	1.778635e-01	1.057857e+00	1.085735e-01	1.329640e+00	4.302478e-01	1.801034e-01	1.613235e-01	2.887661e-01	2.726803e-01	2.080015e-01	3.904483e-02	5.093001e-02	1.124642e+00	1.118082e+00	2.235946e-01	4.648050e+00	-5.056942e-08	
5.754764e-01	0.000000e+00	5.566920e-01	5.158427e-01	1.068794e+00	2.638334e-02	8.948266e-02	1.256361e-01	1.187603e-01	3.252706e-01	2.507899e-02	1.529786e-01	1.105918e+00	7.750493e-01	2.721169e-02	5.256905e-02	3.874476e+00	6.058162e-01	1.778937e-01	1.058148e+00	1.085729e-01	1.329609e+00	4.301661e-01	1.801094e-01	1.612558e-01	2.886478e-01	2.726143e-01	2.082485e-01	3.905566e-02	5.087519e-02	1.124430e+00	1.118360e+00	2.236080e-01	4.647103e+00	-3.933417e-08	
5.754764e-01	0.000000e+00	5.566229e-01	5.155892e-01	1.069158e+00	2.639187e-02	8.933452e-02	1.256301e-01	1.187099e-01	3.252727e-01	2.506822e-02	1.532065e-01	1.106030e+00	7.750214e-01	2.721489e-02	5.256421e-02	3.874983e+00	6.059553e-01	1.779492e-01	1.058764e+00	1.085761e-01	1.329396e+00	4.301777e-01	1.801853e-01	1.612031e-01	2.885419e-01	2.725941e-01	2.085525e-01	3.906343e-02	5.089112e-02	1.124616e+00	1.118230e+00	2.233322e-01	4.647637e+00	-5.483327e-08	
5.754764e-01	0.000000e+00	5.567848e-01	5.157909e-01	1.068835e+00	2.638768e-02	8.942065e-02	1.256313e-01	1.187095e-01	3.252717e-01	2.507075e-02	1.531826e-01	1.105863e+00	7.750320e-01	2.721768e-02	5.256876e-02	3.874308e+00	6.058229e-01	1.779494e-01	1.058780e+00	1.085819e-01	1.329483e+00	4.301524e-01	1.802316e-01	1.612192e-01	2.886566e-01	2.725886e-01	2.083392e-01	3.905361e-02	5.090462e-02	1.124713e+00	1.118180e+00	2.234378e-01	4.647272e+00	-6.092710e-08	
5.754760e-01	3.844626e-17	5.566235e-01	5.157496e-01	1.069024e+00	2.639149e-02	8.944344e-02	1.256249e-01	1.187340e-01	3.252719e-01	2.508016e-02	1.531605e-01	1.105822e+00	7.750564e-01	2.721222e-02	5.257388e-02	3.874207e+00	6.058874e-01	1.778909e-01	1.058515e+00	1.085880e-01	1.329427e+00	4.301424e-01	1.801826e-01	1.612627e-01	2.886164e-01	2.726116e-01	2.082488e-01	3.905311e-02	5.090868e-02	1.124641e+00	1.118117e+00	2.234564e-01	4.647563e+00	6.200504e-09	
5.754764e-01	0.000000e+00	5.567598e-01	5.158583e-01	1.068881e+00	2.639244e-02	8.943554e-02	1.256348e-01	1.186714e-01	3.252713e-01	2.507408e-02	1.532050e-01	1.106014e+00	7.750276e-01	2.721746e-02	5.256878e-02	3.874236e+00	6.059865e-01	1.779691e-01	1.058880e+00	1.085800e-01	1.329502e+00	4.301084e-01	1.802691e-01	1.612325e-01	2.886458e-01	2.726092e-01	2.082154e-01	3.904948e-02	5.086843e-02	1.124425e+00	1.118342e+00	2.235251e-01	4.647178e+00	-5.759158e-08	
5.754764e-01	0.000000e+00	5.566287e-01	5.158751e-01	1.068688e+00	2.638036e-02	8.951028e-02	1.256227e-01	1.188260e-01	3.252688e-01	2.508245e-02	1.530381e-01	1.105608e+00	7.750733e-01	2.720342e-02	5.256533e-02	3.873054e+00	6.051814e-01	1.778753e-01	1.057856e+00	1.085685e-01	1.329705e+00	4.302361e-01	1.801313e-01	1.613540e-01	2.887808e-01	2.726414e-01	2.080328e-01	3.904962e-02	5.094228e-02	1.124791e+00	1.118103e+00	2.235056e-01	4.647591e+00	-5.904352e-08	
5.754764e-01	0.000000e+00	5.566512e-01	5.158726e-01	1.068776e+00	2.638226e-02	8.950713e-02	1.256226e-01	1.187720e-01	3.252687e-01	2.508225e-02	1.530751e-01	1.105780e+00	7.750639e-01	2.720853e-02	5.256265e-02	3.873214e+00	6.054107e-01	1.779085e-01	1.058214e+00	1.085704e-01	1.329528e+00	4.301614e-01	1.800802e-01	1.613049e-01	2.887886e-01	2.726919e-01	2.080917e-01	3.904681e-02	5.089466e-02	1.124666e+00	1.118183e+00	2.235048e-01	4.647440e+00	-6.385474e-08	
5.754761e-01	3.650732e-19	5.564691e-01	5.154910e-01	1.069482e+00	2.639564e-02	8.930920e-02	1.256325e-01	1.187232e-01	3.252715e-01	2.506753e-02	1.531323e-01	1.105920e+00	7.750240e-01	2.721344e-02	5.257397e-02	3.875117e+00	6.062023e-01	1.779214e-01	1.058584e+00	1.085890e-01	1.329634e+00	4.302113e-01	1.803116e-01	1.612935e-01	2.886520e-01	2.725568e-01	2.084762e-01	3.906812e-02	5.087315e-02	1.124438e+00	1.118305e+00	2.232555e-01	4.647889e+00	6.042129e-10	
5.754758e-01	6.430066e-15	5.569150e-01	5.156220e-01	1.068800e+00	2.637780e-02	8.949918e-02	1.256138e-01	1.187940e-01	3.252702e-01	2.508169e-02	1.530352e-01	1.105562e+00	7.750720e-01	2.720550e-02	5.256583e-02	3.874571e+00	6.058400e-01	1.778752e-01	1.058229e+00	1.085773e-01	1.329454e+00	4.302434e-01	1.800229e-01	1.611936e-01	2.886179e-01	2.727543e-01	2.082628e-01	3.903961e-02	5.093752e-02	1.124666e+00	1.118061e+00	2.235087e-01	4.647342e+00	8.018769e-08	
5.754764e-01	0.000000e+00	5.563827e-01	5.156800e-01	1.069256e+00	2.638633e-02	8.938977e-02	1.256329e-01	1.187789e-01	3.252708e-01	2.507838e-02	1.530707e-01	1.105948e+00	7.750484e-01	2.721165e-02	5.256467e-02	3.874218e+00	6.057565e-01	1.779360e-01	1.058386e+00	1.085715e-01	1.329563e+00	4.302119e-01	1.801748e-01	1.612769e-01	2.886268e-01	2.726089e-01	2.082960e-01	3.905456e-02	5.087367e-02	1.124234e+00	1.118443e+00	2.235524e-01	4.647572e+00	-9.366748e-08	
5.754764e-01	0.000000e+00	5.568270e-01	5.156857e-01	1.068623e+00	2.637815e-02	8.946628e-02	1.256312e-01	1.187591e-01	3.252701e-01	2.507551e-02	1.530050e-01	1.105807e+00	7.750574e-01	2.720667e-02	5.256094e-02	3.874324e+00	6.058427e-01	1.778883e-01	1.058052e+00	1.085648e-01	1.329547e+00	4.301760e-01	1.800479e-01	1.612327e-01	2.886423e-01	2.726571e-01	2.081875e-01	3.904851e-02	5.090121e-02	1.124652e+00	1.118194e+00	2.235379e-01	4.646898e+00	-1.563853e-09	
5.754764e-01	0.000000e+00	5.564550e-01	5.155020e-01	1.069236e+00	2.638654e-02	8.934501e-02	1.256335e-01	1.187742e-01	3.252708e-01	2.506527e-02	1.530732e-01	1.105865e+00	7.750434e-01	2.721025e-02	5.256835e-02	3.875059e+00	6.058803e-01	1.778876e-01	1.058272e+00	1.085842e-01	1.329585e+00	4.302744e-01	1.802957e-01	1.612335e-01	2.885634e-01	2.725929e-01	2.084094e-01	3.905772e-02	5.091511e-02	1.124572e+00	1.118237e+00	2.233534e-01	4.647180e+00	-5.494676e-08	
5.754764e-01	0.000000e+00	5.566571e-01	5.157448e-01	1.068860e+00	2.638562e-02	8.947458e-02	1.256300e-01	1.187094e-01	3.252706e-01	2.507245e-02	1.530751e-01	1.105904e+00	7.750475e-01	2.721370e-02	5.257200e-02	3.874264e+00	6.058454e-01	1.779008e-01	1.058425e+00	1.085860e-01	1.329528e+00	4.301250e-01	1.801262e-01	1.612145e-01	2.886326e-01	2.726398e-01	2.082656e-01	3.904293e-02	5.088273e-02	1.124496e+00	1.118248e+00	2.234997e-01	4.647134e+00	-6.253715e-08	
5.754759e-01	1.716251e-16	5.565135e-01	5.159124e-01	1.068787e+00	2.637723e-02	8.950753e-02	1.256172e-01	1.188131e-01	3.252684e-01	2.509902e-02	1.530055e-01	1.105649e+00	7.750835e-01	2.720335e-02	5.256359e-02	3.873042e+00	6.054353e-01	1.778757e-01	1.057917e+00	1.085652e-01	1.329479e+00	4.301893e-01	1.800571e-01	1.613204e-01	2.887571e-01	2.727249e-01	2.080613e-01	3.904471e-02	5.090069e-02	1.124611e+00	1.118134e+00	2.236028e-01	4.647522e+00	1.310058e-08	
5.754764e-01	0.000000e+00	5.568249e-01	5.155465e-01	1.069040e+00	2.638717e-02	8.936959e-02	1.256209e-01	1.187462e-01	3.252713e-01	2.507727e-02	1.531272e-01	1.105890e+00	7.750473e-01	2.720986e-02	5.256333e-02	3.874365e+00	6.059679e-01	1.779170e-01	1.058552e+00	1.085749e-01	1.329437e+00	4.301763e-01	1.801205e-01	1.612546e-01	2.885907e-01	2.726672e-01	2.083976e-01	3.905235e-02	5.090462e-02	1.124574e+00	1.118143e+00	2.234124e-01	4.648018e+00	-6.171469e-08	
5.754764e-01	0.000000e+00	5.565927e-01	5.156910e-01	1.069094e+00	2.638499e-02	8.948035e-02	1.256137e-01	1.187726e-01	3.252711e-01	2.508863e-02	1.531044e-01	1.105717e+00	7.750532e-01	2.721216e-02	5.257312e-02	3.875334e+00	6.061531e-01	1.778942e-01	1.058486e+00	1.085839e-01	1.329341e+00	4.301707e-01	1.801747e-01	1.611987e-01	2.886078e-01	2.726983e-01	2.083615e-01	3.904554e-02	5.087914e-02	1.124364e+00	1.118224e+00	2.236059e-01	4.647452e+00	-2.563699e-08	
5.754764e-01	0.000000e+00	5.566486e-01	5.156192e-01	1.069167e+00	2.638890e-02	8.939943e-02	1.256297e-01	1.187523e-01	3.252703e-01	2.507768e-02	1.530339e-01	1.105896e+00	7.750341e-01	2.721262e-02	5.256458e-02	3.875145e+00	6.059687e-01	1.779192e-01	1.058407e+00	1.085802e-01	1.329663e+00	4.302177e-01	1.801621e-01	1.612424e-01	2.886048e-01	2.725806e-01	2.083140e-01	3.904863e-02	5.087448e-02	1.124267e+00	1.118398e+00	2.235282e-01	4.647589e+00	-9.671697e-08	
5.754760e-01	1.894831e-17	5.567680e-01	5.155534e-01	1.069063e+00	2.638988e-02	8.938518e-02	1.256335e-01	1.186958e-01	3.252732e-01	2.506399e-02	1.531151e-01	1.106062e+00	7.750398e-01	2.721804e-02	5.257132e-02	3.875330e+00	6.063600e-01	1.778969e-01	1.058564e+00	1.085855e-01	1.329390e+00	4.301272e-01	1.802147e-01	1.611581e-01	2.884795e-01	2.726507e-01	2.085280e-01	3.906273e-02	5.089764e-02	1.124596e+00	1.118255e+00	2.232141e-01	4.647218e+00	4.352965e-09	
5.754764e-01	0.000000e+00	5.565418e-01	5.157368e-01	1.069335e+00	2.639644e-02	8.934544e-02	1.256308e-01	1.187405e-01	3.252709e-01	2.507633e-02	1.531406e-01	1.106028e+00	7.750454e-01	2.721029e-02	5.256955e-02	3.874075e+00	6.058868e-01	1.779214e-01	1.058389e+00	1.085784e-01	1.329619e+00	4.302053e-01	1.803171e-01	1.612709e-01	2.886323e-01	2.726072e-01	2.084433e-01	3.905773e-02	5.091751e-02	1.124597e+00	1.118237e+00	2.232105e-01	4.647753e+00	-4.141342e-08	
5.754765e-01	0.000000e+00	5.568648e-01	5.154994e-01	1.069192e+00	2.638533e-02	8.935594e-02	1.256309e-01	1.186897e-01	3.252713e-01	2.506509e-02	1.530618e-01	1.105946e+00	7.750186e-01	2.721628e-02	5.256421e-02	3.875565e+00	6.063335e-01	1.779469e-01	1.058733e+00	1.085798e-01	1.329564e+00	4.301445e-01	1.801090e-01	1.611600e-01	2.885111e-01	2.725942e-01	2.084630e-01	3.904757e-02	5.084113e-02	1.124177e+00	1.118439e+00	2.234910e-01	4.647302e+00	-6.622830e-08	
5.754765e-01	0.000000e+00	5.566951e-01	5.156411e-01	1.069220e+00	2.638661e-02	8.930703e-02	1.256306e-01	1.186953e-01	3.252721e-01	2.506774e-02	1.531104e-01	1.106159e+00	7.750264e-01	2.721698e-02	5.256642e-02	3.874856e+00	6.064322e-01	1.779115e-01	1.058610e+00	1.085824e-01	1.329399e+00	4.301906e-01	1.802849e-01	1.611625e-01	2.884853e-01	2.725969e-01	2.086135e-01	3.905705e-02	5.089524e-02	1.124401e+00	1.118324e+00	2.234070e-01	4.647244e+00	-4.901922e-08	
5.754765e-01	0.000000e+00	5.563599e-01	5.156849e-01	1.069435e+00	2.639273e-02	8.939566e-02	1.256301e-01	1.187459e-01	3.252716e-01	2.507834e-02	1.530979e-01	1.105944e+00	7.750459e-01	2.721499e-02	5.257337e-02	3.874789e+00	6.059297e-01	1.779457e-01	1.058587e+00	1.085801e-01	1.329531e+00	4.301596e-01	1.801468e-01	1.612569e-01	2.886504e-01	2.725966e-01	2.082715e-01	3.905368e-02	5.083308e-02	1.124127e+00	1.118439e+00	2.234724e-01	4.647899e+00	-6.595094e-08	
5.754765e-01	0.000000e+00	5.563757e-01	5.158006e-01	1.068961e+00	2.638924e-02	8.942557e-02	1.256283e-01	1.187355e-01	3.252715e-01	2.508333e-02	1.531882e-01	1.105998e+00	7.750466e-01	2.721242e-02	5.257734e-02	3.873655e+00	6.057376e-01	1.779156e-01	1.058460e+00	1.085747e-01	1.329392e+00	4.300979e-01	1.800774e-01	1.613057e-01	2.886841e-01	2.726230e-01	2.082338e-01	3.906192e-02	5.086730e-02	1.124604e+00	1.118217e+00	2.234360e-01	4.647566e+00	-7.816712e-08	
5.754765e-01	0.000000e+00	5.566298e-01	5.158246e-01	1.068738e+00	2.637291e-02	8.953238e-02	1.256029e-01	1.188389e-01	3.252679e-01	2.509446e-02	1.530706e-01	1.105574e+00	7.750853e-01	2.719389e-02	5.256107e-02	3.872919e+00	6.052280e-01	1.778510e-01	1.057910e+00	1.085667e-01	1.329361e+00	4.302481e-01	1.799370e-01	1.612896e-01	2.887479e-01	2.727957e-01	2.080609e-01	3.903809e-02	5.090218e-02	1.124670e+00	1.117998e+00	2.235683e-01	4.647725e+00	-1.093291e-07	
5.754759e-01	2.489926e-17	5.566282e-01	5.155088e-01	1.069211e+00	2.638313e-02	8.941248e-02	1.256175e-01	1.187923e-01	3.252716e-01	2.508542e-02	1.530365e-01	1.105694e+00	7.750689e-01	2.721013e-02	5.257125e-02	3.875244e+00	6.060665e-01	1.778647e-01	1.058150e+00	1.085780e-01	1.329442e+00	4.301951e-01	1.800064e-01	1.612252e-01	2.885773e-01	2.727341e-01	2.083440e-01	3.904919e-02	5.089808e-02	1.124354e+00	1.118233e+00	2.234708e-01	4.647834e+00	4.989916e-09	
5.754765e-01	0.000000e+00	5.569612e-01	5.156619e-01	1.068699e+00	2.638190e-02	8.946092e-02	1.256209e-01	1.187821e-01	3.252701e-01	2.509117e-02	1.530764e-01	1.105690e+00	7.750695e-01	2.720761e-02	5.256467e-02	3.874331e+00	6.059107e-01	1.778989e-01	1.058234e+00	1.085695e-01	1.329499e+00	4.301172e-01	1.800839e-01	1.612246e-01	2.886603e-01	2.727123e-01	2.082498e-01	3.904349e-02	5.090972e-02	1.124584e+00	1.118138e+00	2.236318e-01	4.647496e+00	-3.628517e-08	
5.754765e-01	0.000000e+00	5.564294e-01	5.158586e-01	1.069056e+00	2.638603e-02	8.954249e-02	1.256086e-01	1.187884e-01	3.252703e-01	2.510041e-02	1.530148e-01	1.105610e+00	7.750863e-01	2.720440e-02	5.257755e-02	3.873620e+00	6.055717e-01	1.778717e-01	1.058065e+00	1.085798e-01	1.329566e+00	4.301717e-01	1.800076e-01	1.613098e-01	2.887149e-01	2.727125e-01	2.080872e-01	3.904517e-02	5.088952e-02	1.124474e+00	1.118148e+00	2.234431e-01	4.648257e+00	-4.322721e-08	
5.754765e-01	0.000000e+00	5.566083e-01	5.158311e-01	1.068905e+00	2.638344e-02	8.945994e-02	1.256236e-01	1.187985e-01	3.252705e-01	2.508852e-02	1.530492e-01	1.105698e+00	7.750599e-01	2.720756e-02	5.256714e-02	3.874195e+00	6.057496e-01	1.779167e-01	1.058321e+00	1.085707e-01	1.329520e+00	4.301701e-01	1.800193e-01	1.613032e-01	2.887201e-01	2.726105e-01	2.080973e-01	3.904974e-02	5.088742e-02	1.124395e+00	1.118301e+00	2.236139e-01	4.647756e+00	-4.359890e-08	
5.754765e-01	0.000000e+00	5.567319e-01	5.158452e-01	1.068839e+00	2.638514e-02	8.945385e-02	1.256305e-01	1.187253e-01	3.252713e-01	2.507452e-02	1.531119e-01	1.105993e+00	7.750429e-01	2.721641e-02	5.257230e-02	3.874189e+00	6.059889e-01	1.778973e-01	1.058413e+00	1.085823e-01	1.329538e+00	4.301337e-01	1.802031e-01	1.612413e-01	2.886056e-01	2.726012e-01	2.083504e-01	3.905346e-02	5.091225e-02	1.124582e+00	1.118250e+00	2.236122e-01	4.646856e+00	-8.025619e-09	
5.754765e-01	0.000000e+00	5.567565e-01	5.156236e-01	1.068972e+00	2.639146e-02	8.935656e-02	1.256383e-01	1.187282e-01	3.252709e-01	2.506696e-02	1.531533e-01	1.105961e+00	7.750290e-01	2.721297e-02	5.256586e-02	3.873879e+00	6.055659e-01	1.779308e-01	1.058573e+00	1.085819e-01	1.329632e+00	4.302624e-01	1.802669e-01	1.612547e-01	2.886652e-01	2.726037e-01	2.082549e-01	3.905727e-02	5.090642e-02	1.124749e+00	1.118222e+00	2.233248e-01	4.647317e+00	-7.209904e-08	
5.754765e-01	0.000000e+00	5.564155e-01	5.159454e-01	1.068865e+00	2.638965e-02	8.953403e-02	1.256189e-01	1.187944e-01	3.252694e-01	2.509447e-02	1.531524e-01	1.105636e+00	7.750764e-01	2.720669e-02	5.257495e-02	3.873107e+00	6.052211e-01	1.778957e-01	1.058225e+00	1.085785e-01	1.329547e+00	4.301868e-01	1.801552e-01	1.613704e-01	2.888136e-01	2.726818e-01	2.079379e-01	3.905261e-02	5.089830e-02	1.124645e+00	1.118144e+00	2.235319e-01	4.647958e+00	-1.004808e-07	
5.754760e-01	5.607003e-18	5.566364e-01	5.157063e-01	1.069231e+00	2.638772e-02	8.940314e-02	1.256214e-01	1.187745e-01	3.252715e-01	2.508378e-02	1.530061e-01	1.105828e+00	7.750436e-01	2.721492e-02	5.256658e-02	3.875175e+00	6.057745e-01	1.779161e-01	1.058439e+00	1.085831e-01	1.329575e+00	4.302365e-01	1.801990e-01	1.612193e-01	2.886345e-01	2.726033e-01	2.084355e-01	3.904748e-02	5.089779e-02	1.124392e+00	1.118284e+00	2.235841e-01	4.647603e+00	2.367911e-09	
5.754765e-01	0.000000e+00	5.567278e-01	5.157185e-01	1.068860e+00	2.637990e-02	8.943669e-02	1.256185e-01	1.188184e-01	3.252701e-01	2.508395e-02	1.530252e-01	1.105745e+00	7.750748e-01	2.720638e-02	5.256117e-02	3.873874e+00	6.056808e-01	1.778739e-01	1.058119e+00	1.085729e-01	1.329427e+00	4.302292e-01	1.801510e-01	1.612505e-01	2.886771e-01	2.726837e-01	2.083042e-01	3.905150e-02	5.094028e-02	1.124793e+00	1.118057e+00	2.234270e-01	4.647632e+00	-3.388124e-08	
5.754765e-01	0.000000e+00	5.565801e-01	5.158769e-01	1.068907e+00	2.638291e-02	8.948929e-02	1.256202e-01	1.187836e-01	3.252687e-01	2.508431e-02	1.531274e-01	1.105747e+00	7.750609e-01	2.721039e-02	5.257413e-02	3.873808e+00	6.056955e-01	1.778925e-01	1.058345e+00	1.085812e-01	1.329486e+00	4.302013e-01	1.802005e-01	1.612795e-01	2.886871e-01	2.726861e-01	2.081850e-01	3.904264e-02	5.091288e-02	1.124580e+00	1.118152e+00	2.235189e-01	4.647310e+00	-7.960321e-08	
5.754758e-01	2.091621e-16	5.567041e-01	5.157061e-01	1.069002e+00	2.638161e-02	8.942563e-02	1.256170e-01	1.187864e-01	3.252699e-01	2.507947e-02	1.530492e-01	1.105740e+00	7.750591e-01	2.720822e-02	5.256671e-02	3.874482e+00	6.057948e-01	1.778858e-01	1.058112e+00	1.085739e-01	1.329547e+00	4.302236e-01	1.800926e-01	1.612281e-01	2.886944e-01	2.727012e-01	2.082985e-01	3.904408e-02	5.091625e-02	1.124564e+00	1.118142e+00	2.234632e-01	4.647535e+00	1.446244e-08	
5.754759e-01	6.265518e-17	5.565127e-01	5.159031e-01	1.068898e+00	2.639233e-02	8.938932e-02	1.256372e-01	1.186555e-01	3.252730e-01	2.506497e-02	1.532689e-01	1.106030e+00	7.750181e-01	2.721561e-02	5.256809e-02	3.873953e+00	6.056969e-01	1.779752e-01	1.058857e+00	1.085808e-01	1.329513e+00	4.301726e-01	1.802503e-01	1.612301e-01	2.886596e-01	2.725519e-01	2.084183e-01	3.905881e-02	5.089007e-02	1.124770e+00	1.118207e+00	2.232986e-01	4.647161e+00	7.915503e-09	
5.754765e-01	0.000000e+00	5.568315e-01	5.157644e-01	1.068735e+00	2.638125e-02	8.944257e-02	1.256300e-01	1.187746e-01	3.252701e-01	2.508410e-02	1.530205e-01	1.105831e+00	7.750714e-01	2.720725e-02	5.256466e-02	3.873542e+00	6.056395e-01	1.778632e-01	1.057806e+00	1.085668e-01	1.329666e+00	4.302041e-01	1.800855e-01	1.613169e-01	2.887528e-01	2.726873e-01	2.081867e-01	3.906020e-02	5.093896e-02	1.124748e+00	1.118157e+00	2.234558e-01	4.647470e+00	-6.339469e-08	
5.754765e-01	0.000000e+00	5.566321e-01	5.157324e-01	1.069078e+00	2.638679e-02	8.944118e-02	1.256149e-01	1.187503e-01	3.252709e-01	2.508686e-02	1.530764e-01	1.105752e+00	7.750704e-01	2.721364e-02	5.257444e-02	3.874239e+00	6.059821e-01	1.778776e-01	1.058247e+00	1.085811e-01	1.329475e+00	4.301082e-01	1.800165e-01	1.612743e-01	2.886660e-01	2.727274e-01	2.082762e-01	3.904829e-02	5.089569e-02	1.124528e+00	1.118149e+00	2.234629e-01	4.648068e+00	-1.097384e-07	
5.754765e-01	0.000000e+00	5.566914e-01	5.155581e-01	1.069158e+00	2.638909e-02	8.938942e-02	1.256258e-01	1.187225e-01	3.252718e-01	2.507816e-02	1.531332e-01	1.105930e+00	7.750444e-01	2.721153e-02	5.257712e-02	3.874851e+00	6.062178e-01	1.779070e-01	1.058485e+00	1.085815e-01	1.329506e+00	4.301239e-01	1.801417e-01	1.612107e-01	2.885505e-01	2.726611e-01	2.084064e-01	3.905429e-02	5.086644e-02	1.124371e+00	1.118264e+00	2.233699e-01	4.647683e+00	-7.410730e-08	
5.754765e-01	0.000000e+00	5.566880e-01	5.156835e-01	1.069142e+00	2.638397e-02	8.945622e-02	1.256278e-01	1.187960e-01	3.252712e-01	2.508032e-02	1.529562e-01	1.105762e+00	7.750509e-01	2.721340e-02	5.256541e-02	3.874754e+00	6.056383e-01	1.778780e-01	1.058033e+00	1.085774e-01	1.329707e+00	4.302102e-01	1.800260e-01	1.613100e-01	2.887136e-01	2.726429e-01	2.083589e-01	3.905573e-02	5.090195e-02	1.124480e+00	1.118288e+00	2.234973e-01	4.647809e+00	-7.420197e-08	
5.754765e-01	0.000000e+00	5.568084e-01	5.156086e-01	1.069030e+00	2.638782e-02	8.933429e-02	1.256387e-01	1.187406e-01	3.252706e-01	2.506153e-02	1.530760e-01	1.106101e+00	7.750328e-01	2.721397e-02	5.255528e-02	3.874303e+00	6.060361e-01	1.779203e-01	1.058364e+00	1.085735e-01	1.329635e+00	4.301886e-01	1.803867e-01	1.612401e-01	2.885692e-01	2.725822e-01	2.084151e-01	3.906002e-02	5.092050e-02	1.124660e+00	1.118269e+00	2.234668e-01	4.646937e+00	-9.401071e-08	
5.754753e-01	1.319358e-14	5.567561e-01	5.157029e-01	1.068989e+00	2.638778e-02	8.938091e-02	1.256303e-01	1.187134e-01	3.252721e-01	2.507495e-02	1.531347e-01	1.105924e+00	7.750304e-01	2.721677e-02	5.257318e-02	3.874392e+00	6.059460e-01	1.779390e-01	1.058598e+00	1.085799e-01	1.329586e+00	4.301077e-01	1.801674e-01	1.612595e-01	2.886858e-01	2.726093e-01	2.083043e-01	3.905174e-02	5.086751e-02	1.124450e+00	1.118296e+00	2.234324e-01	4.647418e+00	1.148633e-07	
5.754765e-01	0.000000e+00	5.567429e-01	5.157191e-01	1.068885e+00	2.638167e-02	8.951326e-02	1.256225e-01	1.188141e-01	3.252702e-01	2.508425e-02	1.530056e-01	1.105662e+00	7.750652e-01	2.720580e-02	5.256110e-02	3.873911e+00	6.054381e-01	1.778884e-01	1.058248e+00	1.085759e-01	1.329505e+00	4.302282e-01	1.800422e-01	1.612527e-01	2.886626e-01	2.726713e-01	2.081713e-01	3.905181e-02	5.089834e-02	1.124604e+00	1.118171e+00	2.235906e-01	4.647690e+00	-7.286336e-08	
5.754765e-01	0.000000e+00	5.566134e-01	5.155754e-01	1.069168e+00	2.638434e-02	8.936727e-02	1.256262e-01	1.187329e-01	3.252721e-01	2.507401e-02	1.531282e-01	1.105981e+00	7.750395e-01	2.721453e-02	5.257259e-02	3.874991e+00	6.062498e-01	1.779094e-01	1.058536e+00	1.085810e-01	1.329420e+00	4.302059e-01	1.802048e-01	1.611714e-01	2.884960e-01	2.726287e-01	2.085669e-01	3.905325e-02	5.088401e-02	1.124332e+00	1.118326e+00	2.236239e-01	4.647107e+00	-4.518094e-08	
5.754765e-01	0.000000e+00	5.567026e-01	5.157733e-01	1.068985e+00	2.638281e-02	8.942108e-02	1.256298e-01	1.187452e-01	3.252707e-01	2.508112e-02	1.530517e-01	1.105965e+00	7.750381e-01	2.721815e-02	5.256922e-02	3.874762e+00	6.061845e-01	1.779106e-01	1.058387e+00	1.085723e-01	1.329452e+00	4.301840e-01	1.802054e-01	1.612175e-01	2.885808e-01	2.726409e-01	2.083862e-01	3.905080e-02	5.090356e-02	1.124423e+00	1.118328e+00	2.236148e-01	4.646942e+00	-7.858522e-08	
5.754766e-01	0.000000e+00	5.567583e-01	5.157585e-01	1.068879e+00	2.638349e-02	8.947545e-02	1.256157e-01	1.187955e-01	3.252696e-01	2.509100e-02	1.530075e-01	1.105638e+00	7.750783e-01	2.720421e-02	5.256449e-02	3.873886e+00	6.054147e-01	1.778735e-01	1.058041e+00	1.085752e-01	1.329578e+00	4.301754e-01	1.800133e-01	1.612960e-01	2.887982e-01	2.727373e-01	2.080799e-01	3.904388e-02	5.091801e-02	1.124640e+00	1.118069e+00	2.234632e-01	4.648047e+00	-5.346563e-08	
5.754766e-01	0.000000e+00	5.563247e-01	5.157776e-01	1.068893e+00	2.638966e-02	8.938408e-02	1.256313e-01	1.187668e-01	3.252714e-01	2.508190e-02	1.531070e-01	1.105844e+00	7.750613e-01	2.720746e-02	5.256669e-02	3.873994e+00	6.055323e-01	1.779152e-01	1.058285e+00	1.085742e-01	1.329568e+00	4.302378e-01	1.801585e-01	1.613015e-01	2.886486e-01	2.725931e-01	2.082430e-01	3.905389e-02	5.089202e-02	1.124666e+00	1.118200e+00	2.234554e-01	4.647800e+00	-1.608478e-08	
5.754760e-01	2.231782e-17	5.564988e-01	5.158068e-01	1.069103e+00	2.638623e-02	8.940254e-02	1.256291e-01	1.187365e-01	3.252713e-01	2.507711e-02	1.531869e-01	1.105954e+00	7.750402e-01	2.721311e-02	5.257102e-02	3.874640e+00	6.060612e-01	1.779530e-01	1.058694e+00	1.085759e-01	1.329400e+00	4.301549e-01	1.802278e-01	1.611981e-01	2.885841e-01	2.726307e-01	2.083392e-01	3.904984e-02	5.086402e-02	1.124256e+00	1.118364e+00	2.235933e-01	4.647140e+00	4.724175e-09	
5.754766e-01	0.000000e+00	5.565650e-01	5.155618e-01	1.068951e+00	2.638481e-02	8.938441e-02	1.256342e-01	1.187069e-01	3.252715e-01	2.507363e-02	1.531169e-01	1.106002e+00	7.750360e-01	2.721261e-02	5.257030e-02	3.874718e+00	6.060350e-01	1.779212e-01	1.058411e+00	1.085747e-01	1.329539e+00	4.300952e-01	1.800664e-01	1.612469e-01	2.886181e-01	2.726210e-01	2.083670e-01	3.905456e-02	5.084805e-02	1.124366e+00	1.118325e+00	2.234869e-01	4.647411e+00	-7.037562e-08	
5.754758e-01	8.412323e-16	5.565555e-01	5.157367e-01	1.068945e+00	2.638088e-02	8.945921e-02	1.256205e-01	1.187887e-01	3.252692e-01	2.509051e-02	1.530464e-01	1.105735e+00	7.750687e-01	2.720417e-02	5.256704e-02	3.874043e+00	6.059023e-01	1.779037e-01	1.058257e+00	1.085698e-01	1.329455e+00	4.301927e-01	1.800694e-01	1.612544e-01	2.886347e-01	2.726972e-01	2.082068e-01	3.904429e-02	5.088344e-02	1.124360e+00	1.118219e+00	2.236195e-01	4.647650e+00	2.900400e-08	
5.754766e-01	0.000000e+00	5.565368e-01	5.154786e-01	1.069394e+00	2.638950e-02	8.931515e-02	1.256278e-01	1.187723e-01	3.252719e-01	2.507199e-02	1.530828e-01	1.105842e+00	7.750539e-01	2.720957e-02	5.256409e-02	3.875173e+00	6.061231e-01	1.778992e-01	1.058273e+00	1.085762e-01	1.329533e+00	4.302424e-01	1.801922e-01	1.612382e-01	2.885408e-01	2.726159e-01	2.085027e-01	3.905548e-02	5.089375e-02	1.124392e+00	1.118294e+00	2.234075e-01	4.647849e+00	-5.208241e-08	
5.754766e-01	0.000000e+00	5.563936e-01	5.157132e-01	1.069234e+00	2.638428e-02	8.944824e-02	1.256178e-01	1.188039e-01	3.252706e-01	2.508994e-02	1.530499e-01	1.105697e+00	7.750692e-01	2.720631e-02	5.257507e-02	3.874222e+00	6.057798e-01	1.778789e-01	1.058209e+00	1.085777e-01	1.329431e+00	4.301671e-01	1.800520e-01	1.612871e-01	2.886570e-01	2.726386e-01	2.081418e-01	3.904839e-02	5.086927e-02	1.124266e+00	1.118258e+00	2.236612e-01	4.647762e+00	-8.325924e-08	
5.754760e-01	4.814904e-17	5.567681e-01	5.156037e-01	1.069119e+00	2.639073e-02	8.932503e-02	1.256388e-01	1.187033e-01	3.252723e-01	2.506038e-02	1.531815e-01	1.106078e+00	7.750121e-01	2.722144e-02	5.256862e-02	3.874905e+00	6.062322e-01	1.779525e-01	1.058728e+00	1.085785e-01	1.329569e+00	4.302086e-01	1.803936e-01	1.612013e-01	2.885137e-01	2.725272e-01	2.085224e-01	3.906116e-02	5.092547e-02	1.124520e+00	1.118355e+00	2.233654e-01	4.647100e+00	6.938951e-09	
5.754766e-01	0.000000e+00	5.564750e-01	5.157525e-01	1.069138e+00	2.638708e-02	8.945593e-02	1.256139e-01	1.187765e-01	3.252708e-01	2.508488e-02	1.531484e-01	1.105765e+00	7.750718e-01	2.720747e-02	5.257542e-02	3.873817e+00	6.057166e-01	1.778824e-01	1.058349e+00	1.085858e-01	1.329412e+00	4.301670e-01	1.802057e-01	1.612935e-01	2.887128e-01	2.726855e-01	2.082077e-01	3.905056e-02	5.089470e-02	1.124616e+00	1.118116e+00	2.233469e-01	4.647652e+00	-6.473519e-08	
5.754761e-01	2.567534e-18	5.564595e-01	5.157012e-01	1.069305e+00	2.639038e-02	8.937955e-02	1.256237e-01	1.187204e-01	3.252713e-01	2.507449e-02	1.531681e-01	1.105988e+00	7.750532e-01	2.721066e-02	5.257647e-02	3.874468e+00	6.063290e-01	1.778773e-01	1.058310e+00	1.085837e-01	1.329425e+00	4.301564e-01	1.802998e-01	1.612638e-01	2.886253e-01	2.725981e-01	2.084174e-01	3.905596e-02	5.091192e-02	1.124327e+00	1.118289e+00	2.233871e-01	4.647487e+00	1.602353e-09	
5.754766e-01	0.000000e+00	5.566666e-01	5.156731e-01	1.068791e+00	2.638588e-02	8.938478e-02	1.256368e-01	1.187556e-01	3.252708e-01	2.506908e-02	1.531099e-01	1.105941e+00	7.750341e-01	2.720992e-02	5.255728e-02	3.874402e+00	6.056755e-01	1.779467e-01	1.058463e+00	1.085673e-01	1.329552e+00	4.302368e-01	1.802043e-01	1.612050e-01	2.885911e-01	2.725830e-01	2.083950e-01	3.905148e-02	5.089163e-02	1.124660e+00	1.118251e+00	2.234489e-01	4.647312e+00	-2.495091e-08	
5.754766e-01	0.000000e+00	5.566626e-01	5.157887e-01	1.069041e+00	2.638064e-02	8.943897e-02	1.256134e-01	1.187674e-01	3.252702e-01	2.508629e-02	1.531514e-01	1.105869e+00	7.750536e-01	2.720930e-02	5.256288e-02	3.874154e+00	6.062210e-01	1.779227e-01	1.058583e+00	1.085713e-01	1.329256e+00	4.301659e-01	1.801559e-01	1.611892e-01	2.885795e-01	2.726968e-01	2.083204e-01	3.903646e-02	5.090104e-02	1.124387e+00	1.118224e+00	2.235487e-01	4.647264e+00	-6.155045e-08	
5.754766e-01	0.000000e+00	5.566908e-01	5.155107e-01	1.069378e+00	2.638547e-02	8.938124e-02	1.256244e-01	1.187368e-01	3.252716e-01	2.507904e-02	1.530384e-01	1.105890e+00	7.750349e-01	2.721679e-02	5.257357e-02	3.875899e+00	6.062310e-01	1.779037e-01	1.058453e+00	1.085853e-01	1.329527e+00	4.301740e-01	1.801220e-01	1.611753e-01	2.885737e-01	2.726507e-01	2.084840e-01	3.904838e-02	5.085329e-02	1.124102e+00	1.118408e+00	2.234464e-01	4.647626e+00	-8.160470e-08	
5.754759e-01	5.382115e-17	5.569289e-01	5.156792e-01	1.068653e+00	2.638265e-02	8.946401e-02	1.256342e-01	1.187447e-01	3.252716e-01	2.507269e-02	1.530499e-01	1.105798e+00	7.750495e-01	2.721357e-02	5.256573e-02	3.874680e+00	6.059106e-01	1.778907e-01	1.058317e+00	1.085768e-01	1.329515e+00	4.301586e-01	1.801378e-01	1.612331e-01	2.886165e-01	2.726430e-01	2.082069e-01	3.904717e-02	5.091046e-02	1.124643e+00	1.118219e+00	2.234449e-01	4.646997e+00	7.336290e-09	
5.754760e-01	1.323268e-17	5.565464e-01	5.158096e-01	1.069180e+00	2.639228e-02	8.940224e-02	1.256334e-01	1.186550e-01	3.252734e-01	2.506416e-02	1.532761e-01	1.106058e+00	7.750171e-01	2.722389e-02	5.257856e-02	3.874439e+00	6.062301e-01	1.779744e-01	1.059066e+00	1.085883e-01	1.329426e+00	4.300864e-01	1.803000e-01	1.612107e-01	2.886172e-01	2.725886e-01	2.083785e-01	3.905821e-02	5.084294e-02	1.124380e+00	1.118384e+00	2.234389e-01	4.647006e+00	3.637675e-09	
5.754766e-01	0.000000e+00	5.568984e-01	5.158330e-01	1.068682e+00	2.638255e-02	8.949065e-02	1.256327e-01	1.187447e-01	3.252707e-01	2.508166e-02	1.530364e-01	1.105846e+00	7.750633e-01	2.721442e-02	5.257051e-02	3.874254e+00	6.059439e-01	1.778953e-01	1.058246e+00	1.085741e-01	1.329541e+00	4.301274e-01	1.801342e-01	1.612372e-01	2.886488e-01	2.726520e-01	2.082201e-01	3.905086e-02	5.090326e-02	1.124617e+00	1.118241e+00	2.235745e-01	4.646868e+00	-7.049566e-08	
5.754759e-01	2.399947e-16	5.564946e-01	5.156086e-01	1.069422e+00	2.638721e-02	8.940165e-02	1.256198e-01	1.187506e-01	3.252717e-01	2.508159e-02	1.530756e-01	1.105866e+00	7.750447e-01	2.721596e-02	5.256908e-02	3.874781e+00	6.060626e-01	1.779335e-01	1.058543e+00	1.085810e-01	1.329543e+00	4.301730e-01	1.801260e-01	1.612283e-01	2.885925e-01	2.726570e-01	2.083077e-01	3.904596e-02	5.084988e-02	1.124128e+00	1.118384e+00	2.235789e-01	4.647779e+00	1.549176e-08	
5.754759e-01	2.936343e-16	5.567469e-01	5.156600e-01	1.068844e+00	2.638682e-02	8.941748e-02	1.256310e-01	1.187754e-01	3.252704e-01	2.508026e-02	1.531384e-01	1.105838e+00	7.750450e-01	2.720958e-02	5.255770e-02	3.873550e+00	6.054104e-01	1.779287e-01	1.058420e+00	1.085701e-01	1.329565e+00	4.301776e-01	1.801089e-01	1.613044e-01	2.886928e-01	2.726496e-01	2.082201e-01	3.905592e-02	5.089398e-02	1.124687e+00	1.118145e+00	2.235050e-01	4.647981e+00	1.713576e-08	
5.754766e-01	0.000000e+00	5.569164e-01	5.156725e-01	1.068782e+00	2.637787e-02	8.947132e-02	1.256225e-01	1.188144e-01	3.252701e-01	2.508854e-02	1.529304e-01	1.105738e+00	7.750700e-01	2.720771e-02	5.256312e-02	3.874090e+00	6.056429e-01	1.778725e-01	1.057984e+00	1.085687e-01	1.329561e+00	4.302746e-01	1.800770e-01	1.612419e-01	2.886608e-01	2.727068e-01	2.081775e-01	3.904799e-02	5.093375e-02	1.124704e+00	1.118125e+00	2.235356e-01	4.647319e+00	-6.902227e-08	
5.754759e-01	1.555852e-16	5.565537e-01	5.155318e-01	1.069111e+00	2.638288e-02	8.941894e-02	1.256163e-01	1.187634e-01	3.252714e-01	2.508331e-02	1.531671e-01	1.105899e+00	7.750527e-01	2.720792e-02	5.257140e-02	3.874377e+00	6.059604e-01	1.778790e-01	1.058355e+00	1.085788e-01	1.329294e+00	4.301700e-01	1.800555e-01	1.612309e-01	2.886231e-01	2.727214e-01	2.082446e-01	3.905291e-02	5.086766e-02	1.124418e+00	1.118232e+00	2.234470e-01	4.647358e+00	1.247338e-08	
5.754761e-01	5.961028e-17	5.565339e-01	5.155898e-01	1.069293e+00	2.639115e-02	8.938122e-02	1.256232e-01	1.187206e-01	3.252714e-01	2.507476e-02	1.531135e-01	1.105926e+00	7.750484e-01	2.720912e-02	5.257092e-02	3.874366e+00	6.060082e-01	1.778979e-01	1.058406e+00	1.085816e-01	1.329479e+00	4.301848e-01	1.801165e-01	1.612546e-01	2.886065e-01	2.726495e-01	2.083638e-01	3.905834e-02	5.088358e-02	1.124504e+00	1.118207e+00	2.232289e-01	4.647987e+00	7.720769e-09	
5.754763e-01	2.781127e-19	5.565357e-01	5.157455e-01	1.068970e+00	2.637433e-02	8.949386e-02	1.256035e-01	1.189153e-01	3.252677e-01	2.509337e-02	1.529875e-01	1.105505e+00	7.751049e-01	2.719535e-02	5.256176e-02	3.872900e+00	6.052803e-01	1.778131e-01	1.057559e+00	1.085704e-01	1.329504e+00	4.303257e-01	1.801429e-01	1.613225e-01	2.887181e-01	2.727477e-01	2.080624e-01	3.904181e-02	5.096741e-02	1.124756e+00	1.117980e+00	2.235515e-01	4.647681e+00	5.273639e-10	
5.754758e-01	3.268959e-16	5.566068e-01	5.156844e-01	1.068684e+00	2.638686e-02	8.944526e-02	1.256286e-01	1.187091e-01	3.252718e-01	2.507506e-02	1.531427e-01	1.105899e+00	7.750667e-01	2.720870e-02	5.257062e-02	3.873014e+00	6.054811e-01	1.778950e-01	1.058210e+00	1.085723e-01	1.329511e+00	4.301129e-01	1.800059e-01	1.613052e-01	2.886750e-01	2.726900e-01	2.081725e-01	3.905717e-02	5.089994e-02	1.124865e+00	1.118082e+00	2.233291e-01	4.647624e+00	1.808026e-08	
5.754759e-01	2.748568e-16	5.564113e-01	5.155151e-01	1.069495e+00	2.639399e-02	8.934050e-02	1.256336e-01	1.187741e-01	3.252728e-01	2.507541e-02	1.530211e-01	1.105956e+00	7.750431e-01	2.721481e-02	5.257189e-02	3.875575e+00	6.059093e-01	1.778950e-01	1.058313e+00	1.085842e-01	1.329602e+00	4.302436e-01	1.802068e-01	1.612702e-01	2.885573e-01	2.725544e-01	2.084457e-01	3.906686e-02	5.087316e-02	1.124443e+00	1.118332e+00	2.232772e-01	4.647727e+00	1.657880e-08	
5.754758e-01	4.891233e-16	5.566085e-01	5.155487e-01	1.068944e+00	2.637802e-02	8.950400e-02	1.256114e-01	1.188362e-01	3.252699e-01	2.508887e-02	1.530171e-01	1.105626e+00	7.750878e-01	2.720241e-02	5.257051e-02	3.873866e+00	6.055397e-01	1.778204e-01	1.057692e+00	1.085721e-01	1.329544e+00	4.302298e-01	1.799823e-01	1.613205e-01	2.886531e-01	2.727325e-01	2.082265e-01	3.905678e-02	5.093035e-02	1.124738e+00	1.118012e+00	2.234129e-01	4.647885e+00	2.211613e-08	
5.754758e-01	4.913980e-16	5.566611e-01	5.158936e-01	1.068949e+00	2.638850e-02	8.945392e-02	1.256340e-01	1.187370e-01	3.252706e-01	2.507776e-02	1.530505e-01	1.105813e+00	7.750572e-01	2.721127e-02	5.256735e-02	3.873779e+00	6.057604e-01	1.779018e-01	1.058240e+00	1.085775e-01	1.329656e+00	4.301802e-01	1.801504e-01	1.612892e-01	2.886704e-01	2.726194e-01	2.081347e-01	3.905683e-02	5.089171e-02	1.124669e+00	1.118209e+00	2.234040e-01	4.647377e+00	2.216750e-08	
5.754762e-01	3.162927e-17	5.566220e-01	5.156883e-01	1.069329e+00	2.638792e-02	8.938143e-02	1.256231e-01	1.187616e-01	3.252704e-01	2.507029e-02	1.530383e-01	1.105943e+00	7.750485e-01	2.721123e-02	5.256261e-02	3.874373e+00	6.059878e-01	1.778821e-01	1.058210e+00	1.085846e-01	1.329627e+00	4.302783e-01	1.802679e-01	1.612252e-01	2.885859e-01	2.726317e-01	2.085378e-01	3.905150e-02	5.092558e-02	1.124616e+00	1.118172e+00	2.233170e-01	4.647613e+00	5.623990e-09	
5.754758e-01	8.626839e-16	5.565790e-01	5.157809e-01	1.068925e+00	2.638171e-02	8.946787e-02	1.256169e-01	1.187841e-01	3.252699e-01	2.509088e-02	1.530790e-01	1.105605e+00	7.750798e-01	2.720383e-02	5.257071e-02	3.873774e+00	6.056556e-01	1.778846e-01	1.058146e+00	1.085765e-01	1.329502e+00	4.301945e-01	1.800882e-01	1.612492e-01	2.886967e-01	2.727453e-01	2.081935e-01	3.904290e-02	5.090159e-02	1.124648e+00	1.118067e+00	2.234377e-01	4.647580e+00	2.937148e-08	
5.754759e-01	5.635784e-16	5.565983e-01	5.156151e-01	1.068982e+00	2.638446e-02	8.940488e-02	1.256251e-01	1.188062e-01	3.252716e-01	2.508728e-02	1.529678e-01	1.105792e+00	7.750717e-01	2.720993e-02	5.256364e-02	3.874248e+00	6.056686e-01	1.778433e-01	1.058004e+00	1.085736e-01	1.329387e+00	4.301985e-01	1.800162e-01	1.613108e-01	2.886232e-01	2.726863e-01	2.082961e-01	3.905971e-02	5.090489e-02	1.124730e+00	1.118098e+00	2.234517e-01	4.648003e+00	2.373981e-08	
5.754766e-01	0.000000e+00	5.565047e-01	5.157571e-01	1.069151e+00	2.639212e-02	8.939538e-02	1.256190e-01	1.187417e-01	3.252708e-01	2.508492e-02	1.530810e-01	1.105861e+00	7.750633e-01	2.721156e-02	5.256575e-02	3.874185e+00	6.058897e-01	1.779221e-01	1.058558e+00	1.085828e-01	1.329456e+00	4.301403e-01	1.801060e-01	1.612517e-01	2.886556e-01	2.726799e-01	2.082699e-01	3.904429e-02	5.085291e-02	1.124491e+00	1.118180e+00	2.234673e-01	4.648211e+00	-1.250437e-07	
5.754764e-01	2.036375e-18	5.566780e-01	5.158168e-01	1.068982e+00	2.638234e-02	8.945717e-02	1.256188e-01	1.187679e-01	3.252682e-01	2.508820e-02	1.530125e-01	1.105945e+00	7.750495e-01	2.721184e-02	5.256418e-02	3.873918e+00	6.058260e-01	1.778850e-01	1.058190e+00	1.085760e-01	1.329534e+00	4.301785e-01	1.801272e-01	1.612688e-01	2.886662e-01	2.727273e-01	2.083308e-01	3.904421e-02	5.090766e-02	1.124439e+00	1.118246e+00	2.235403e-01	4.647677e+00	1.427016e-09	
5.754767e-01	0.000000e+00	5.567613e-01	5.156760e-01	1.069086e+00	2.638831e-02	8.934878e-02	1.256288e-01	1.187240e-01	3.252716e-01	2.507603e-02	1.530967e-01	1.105940e+00	7.750424e-01	2.721327e-02	5.257045e-02	3.874398e+00	6.061629e-01	1.779099e-01	1.058458e+00	1.085769e-01	1.329482e+00	4.301924e-01	1.801729e-01	1.611835e-01	2.885097e-01	2.726387e-01	2.086123e-01	3.905342e-02	5.090298e-02	1.124657e+00	1.118162e+00	2.233991e-01	4.647575e+00	-7.917233e-08	
5.754762e-01	8.191787e-17	5.562017e-01	5.158630e-01	1.069373e+00	2.639367e-02	8.943060e-02	1.256266e-01	1.187970e-01	3.252699e-01	2.508474e-02	1.531527e-01	1.105896e+00	7.750599e-01	2.721196e-02	5.257272e-02	3.874005e+00	6.055894e-01	1.779399e-01	1.058469e+00	1.085786e-01	1.329543e+00	4.301855e-01	1.802835e-01	1.613233e-01	2.887296e-01	2.725931e-01	2.081946e-01	3.905705e-02	5.087724e-02	1.124285e+00	1.118360e+00	2.234947e-01	4.647956e+00	9.050849e-09	
5.754761e-01	1.285564e-16	5.566162e-01	5.156815e-01	1.069065e+00	2.638787e-02	8.942319e-02	1.256287e-01	1.187157e-01	3.252714e-01	2.507559e-02	1.531287e-01	1.105769e+00	7.750320e-01	2.721395e-02	5.256985e-02	3.874544e+00	6.057612e-01	1.779582e-01	1.058802e+00	1.085810e-01	1.329541e+00	4.301821e-01	1.800985e-01	1.612276e-01	2.886093e-01	2.726122e-01	2.083708e-01	3.905528e-02	5.087360e-02	1.124425e+00	1.118284e+00	2.235906e-01	4.647700e+00	1.133827e-08	
5.754758e-01	1.118814e-15	5.565286e-01	5.156075e-01	1.069309e+00	2.638517e-02	8.942856e-02	1.256270e-01	1.187552e-01	3.252715e-01	2.508406e-02	1.530462e-01	1.105783e+00	7.750451e-01	2.721382e-02	5.257417e-02	3.875602e+00	6.062145e-01	1.778992e-01	1.058484e+00	1.085837e-01	1.329429e+00	4.301914e-01	1.800978e-01	1.612046e-01	2.885450e-01	2.726483e-01	2.083304e-01	3.904828e-02	5.086599e-02	1.124130e+00	1.118396e+00	2.235575e-01	4.647291e+00	3.344868e-08	
5.754767e-01	0.000000e+00	5.565789e-01	5.159418e-01	1.068990e+00	2.638631e-02	8.946907e-02	1.256234e-01	1.187479e-01	3.252716e-01	2.507876e-02	1.531466e-01	1.105823e+00	7.750461e-01	2.721504e-02	5.257540e-02	3.873992e+00	6.058946e-01	1.778967e-01	1.058505e+00	1.085850e-01	1.329408e+00	4.301733e-01	1.802018e-01	1.612556e-01	2.886286e-01	2.726677e-01	2.083160e-01	3.905222e-02	5.089341e-02	1.124603e+00	1.118168e+00	2.235450e-01	4.647431e+00	-9.183442e-08	
5.754757e-01	2.863942e-15	5.565774e-01	5.156823e-01	1.069223e+00	2.638500e-02	8.940777e-02	1.256223e-01	1.187721e-01	3.252715e-01	2.508063e-02	1.531727e-01	1.105884e+00	7.750534e-01	2.721196e-02	5.257269e-02	3.874123e+00	6.058574e-01	1.779034e-01	1.058388e+00	1.085793e-01	1.329489e+00	4.301965e-01	1.801818e-01	1.612710e-01	2.886799e-01	2.726329e-01	2.082292e-01	3.905492e-02	5.089113e-02	1.124387e+00	1.118268e+00	2.233788e-01	4.647567e+00	5.351581e-08	
5.754759e-01	1.149045e-15	5.564264e-01	5.156848e-01	1.069285e+00	2.638741e-02	8.943628e-02	1.256165e-01	1.187748e-01	3.252704e-01	2.508995e-02	1.530592e-01	1.105803e+00	7.750588e-01	2.721302e-02	5.257543e-02	3.874304e+00	6.058658e-01	1.778872e-01	1.058281e+00	1.085826e-01	1.329514e+00	4.301434e-01	1.801663e-01	1.613024e-01	2.886614e-01	2.726949e-01	2.082481e-01	3.904717e-02	5.088290e-02	1.124268e+00	1.118282e+00	2.234076e-01	4.648174e+00	3.389757e-08	
5.754763e-01	2.305389e-16	5.567594e-01	5.157619e-01	1.069019e+00	2.638997e-02	8.942502e-02	1.256244e-01	1.187112e-01	3.252705e-01	2.508151e-02	1.531063e-01	1.105837e+00	7.750332e-01	2.721598e-02	5.256885e-02	3.874773e+00	6.059367e-01	1.779365e-01	1.058724e+00	1.085844e-01	1.329500e+00	4.301088e-01	1.801536e-01	1.612394e-01	2.886766e-01	2.726188e-01	2.082604e-01	3.904659e-02	5.085740e-02	1.124389e+00	1.118262e+00	2.234678e-01	4.647883e+00	1.518351e-08	
5.754767e-01	0.000000e+00	5.568395e-01	5.154499e-01	1.069110e+00	2.637736e-02	8.942390e-02	1.256154e-01	1.187548e-01	3.252713e-01	2.508024e-02	1.530667e-01	1.105843e+00	7.750508e-01	2.721181e-02	5.257191e-02	3.875378e+00	6.063418e-01	1.778890e-01	1.058405e+00	1.085766e-01	1.329364e+00	4.301416e-01	1.799645e-01	1.611502e-01	2.884911e-01	2.727693e-01	2.085051e-01	3.903526e-02	5.089618e-02	1.124301e+00	1.118210e+00	2.234935e-01	4.647302e+00	-8.265082e-08	
5.754761e-01	5.141786e-16	5.565176e-01	5.157878e-01	1.068987e+00	2.638739e-02	8.944014e-02	1.256361e-01	1.187649e-01	3.252718e-01	2.508047e-02	1.530720e-01	1.105906e+00	7.750513e-01	2.721462e-02	5.256491e-02	3.873976e+00	6.054544e-01	1.779039e-01	1.058312e+00	1.085743e-01	1.329474e+00	4.301626e-01	1.801116e-01	1.612909e-01	2.886655e-01	2.726345e-01	2.081992e-01	3.906236e-02	5.089954e-02	1.124639e+00	1.118250e+00	2.235239e-01	4.647348e+00	2.267551e-08	
5.754759e-01	7.461243e-16	5.564887e-01	5.157309e-01	1.069295e+00	2.639043e-02	8.939296e-02	1.256218e-01	1.187778e-01	3.252704e-01	2.508437e-02	1.530575e-01	1.105865e+00	7.750538e-01	2.720751e-02	5.256487e-02	3.874408e+00	6.059332e-01	1.779015e-01	1.058216e+00	1.085704e-01	1.329551e+00	4.302171e-01	1.801370e-01	1.612960e-01	2.885934e-01	2.726003e-01	2.084054e-01	3.905338e-02	5.090828e-02	1.124391e+00	1.118265e+00	2.234419e-01	4.648134e+00	2.731528e-08	
5.754762e-01	3.666511e-16	5.566865e-01	5.154962e-01	1.069270e+00	2.639015e-02	8.933435e-02	1.256321e-01	1.187718e-01	3.252706e-01	2.507411e-02	1.530543e-01	1.105833e+00	7.750477e-01	2.720976e-02	5.255991e-02	3.874840e+00	6.060017e-01	1.778995e-01	1.058236e+00	1.085780e-01	1.329668e+00	4.302731e-01	1.802212e-01	1.612290e-01	2.885430e-01	2.726381e-01	2.085748e-01	3.905564e-02	5.092715e-02	1.124613e+00	1.118191e+00	2.233122e-01	4.647970e+00	1.914814e-08	
5.754767e-01	0.000000e+00	5.568061e-01	5.158056e-01	1.068764e+00	2.637599e-02	8.953206e-02	1.256137e-01	1.187910e-01	3.252682e-01	2.509363e-02	1.529646e-01	1.105653e+00	7.750825e-01	2.720400e-02	5.256373e-02	3.873298e+00	6.056716e-01	1.778507e-01	1.057925e+00	1.085699e-01	1.329485e+00	4.301819e-01	1.799359e-01	1.613122e-01	2.887364e-01	2.727770e-01	2.080762e-01	3.903834e-02	5.090879e-02	1.124555e+00	1.118106e+00	2.236063e-01	4.647719e+00	-1.306887e-07	
5.754767e-01	0.000000e+00	5.568574e-01	5.155625e-01	1.068910e+00	2.637640e-02	8.944246e-02	1.256098e-01	1.187767e-01	3.252698e-01	2.508502e-02	1.530578e-01	1.105715e+00	7.750600e-01	2.720107e-02	5.256266e-02	3.874076e+00	6.057936e-01	1.778491e-01	1.058031e+00	1.085747e-01	1.329432e+00	4.302487e-01	1.800027e-01	1.612114e-01	2.886272e-01	2.727959e-01	2.083895e-01	3.904208e-02	5.091444e-02	1.124660e+00	1.118012e+00	2.234673e-01	4.647667e+00	-9.380449e-08	
5.754761e-01	1.099762e-15	5.560982e-01	5.156299e-01	1.069428e+00	2.638838e-02	8.940676e-02	1.256181e-01	1.188146e-01	3.252720e-01	2.508373e-02	1.530821e-01	1.105758e+00	7.750764e-01	2.720831e-02	5.257483e-02	3.874218e+00	6.055869e-01	1.778576e-01	1.058006e+00	1.085830e-01	1.329521e+00	4.302381e-01	1.802144e-01	1.613081e-01	2.885805e-01	2.726612e-01	2.083425e-01	3.905916e-02	5.092685e-02	1.124615e+00	1.118149e+00	2.233024e-01	4.647851e+00	3.316265e-08	
5.754758e-01	1.325663e-15	5.568217e-01	5.157856e-01	1.068731e+00	2.638312e-02	8.952795e-02	1.256231e-01	1.187577e-01	3.252698e-01	2.508761e-02	1.530747e-01	1.105614e+00	7.750803e-01	2.720689e-02	5.256318e-02	3.873765e+00	6.055310e-01	1.779045e-01	1.058175e+00	1.085667e-01	1.329546e+00	4.300821e-01	1.799324e-01	1.613206e-01	2.887672e-01	2.727594e-01	2.080623e-01	3.904980e-02	5.087886e-02	1.124598e+00	1.118129e+00	2.235334e-01	4.647904e+00	3.640966e-08	
5.754757e-01	1.668621e-14	5.566704e-01	5.156536e-01	1.068982e+00	2.638194e-02	8.944102e-02	1.256222e-01	1.187804e-01	3.252704e-01	2.507813e-02	1.530684e-01	1.105858e+00	7.750576e-01	2.720574e-02	5.256294e-02	3.873965e+00	6.056966e-01	1.778941e-01	1.058303e+00	1.085760e-01	1.329485e+00	4.303171e-01	1.801789e-01	1.612015e-01	2.885631e-01	2.726746e-01	2.083520e-01	3.904747e-02	5.092603e-02	1.124631e+00	1.118147e+00	2.233982e-01	4.647349e+00	1.291751e-07	
5.754759e-01	1.745502e-15	5.564773e-01	5.155052e-01	1.069246e+00	2.638568e-02	8.939044e-02	1.256228e-01	1.188487e-01	3.252697e-01	2.508425e-02	1.530228e-01	1.105542e+00	7.750695e-01	2.719697e-02	5.256559e-02	3.874317e+00	6.054633e-01	1.778894e-01	1.057870e+00	1.085679e-01	1.329792e+00	4.302855e-01	1.801348e-01	1.613457e-01	2.887437e-01	2.725744e-01	2.081733e-01	3.905344e-02	5.090089e-02	1.124364e+00	1.118269e+00	2.234280e-01	4.648198e+00	4.177920e-08	
5.754747e-01	4.830025e-14	5.568117e-01	5.154188e-01	1.069238e+00	2.638926e-02	8.928800e-02	1.256342e-01	1.187415e-01	3.252711e-01	2.506970e-02	1.529934e-01	1.105965e+00	7.750293e-01	2.721177e-02	5.255981e-02	3.874745e+00	6.060975e-01	1.779104e-01	1.058186e+00	1.085737e-01	1.329841e+00	4.302260e-01	1.802313e-01	1.612654e-01	2.885903e-01	2.725996e-01	2.086052e-01	3.905783e-02	5.092314e-02	1.124459e+00	1.118309e+00	2.232831e-01	4.647986e+00	2.197732e-07	
5.754760e-01	1.274746e-15	5.567655e-01	5.154730e-01	1.069237e+00	2.639062e-02	8.934391e-02	1.256314e-01	1.187325e-01	3.252726e-01	2.507326e-02	1.530891e-01	1.105994e+00	7.750374e-01	2.721754e-02	5.256911e-02	3.875116e+00	6.060562e-01	1.779092e-01	1.058525e+00	1.085839e-01	1.329534e+00	4.301777e-01	1.801245e-01	1.612166e-01	2.885458e-01	2.726714e-01	2.084776e-01	3.905941e-02	5.089059e-02	1.124486e+00	1.118274e+00	2.233370e-01	4.647771e+00	3.570358e-08	
5.754758e-01	5.235602e-15	5.566921e-01	5.157967e-01	1.068826e+00	2.638302e-02	8.944724e-02	1.256235e-01	1.187225e-01	3.252711e-01	2.508138e-02	1.531816e-01	1.105881e+00	7.750572e-01	2.721122e-02	5.256895e-02	3.873605e+00	6.059288e-01	1.779088e-01	1.058416e+00	1.085739e-01	1.329408e+00	4.301300e-01	1.801356e-01	1.612564e-01	2.886662e-01	2.727269e-01	2.082831e-01	3.904712e-02	5.089338e-02	1.124692e+00	1.118116e+00	2.234064e-01	4.647177e+00	7.235746e-08	
5.754762e-01	1.144640e-15	5.568737e-01	5.156525e-01	1.068899e+00	2.637846e-02	8.946790e-02	1.256188e-01	1.187611e-01	3.252712e-01	2.508046e-02	1.530066e-01	1.105798e+00	7.750611e-01	2.720915e-02	5.256720e-02	3.874424e+00	6.059804e-01	1.778714e-01	1.058100e+00	1.085728e-01	1.329480e+00	4.301462e-01	1.799535e-01	1.612057e-01	2.886263e-01	2.727623e-01	2.084063e-01	3.904947e-02	5.089488e-02	1.124630e+00	1.118129e+00	2.234540e-01	4.647373e+00	3.383252e-08	
