f	phi	x(1)	x(2)	x(3)	x(4)	x(5)	x(6)	x(7)	x(8)	x(9)	x(10)	x(11)	x(12)	x(13)	x(14)	x(15)	x(16)	x(17)	x(18)	x(19)	x(20)	x(21)	x(22)	x(23)	x(24)	x(25)	x(26)	x(27)	x(28)	x(29)	x(30)	x(31)	x(32)	g(1)	
5.754761e-01	0.000000e+00	5.555482e-01	5.171478e-01	1.067745e+00	2.637136e-02	8.927080e-02	1.255671e-01	1.187405e-01	3.252759e-01	2.508886e-02	1.529879e-01	1.105877e+00	7.750850e-01	2.723357e-02	5.264575e-02	3.873059e+00	6.048625e-01	1.779503e-01	1.058752e+00	1.085918e-01	1.329454e+00	4.302785e-01	1.803146e-01	1.613328e-01	2.884620e-01	2.727009e-01	2.082540e-01	3.910493e-02	5.093891e-02	1.128144e+00	1.115735e+00	2.234245e-01	4.646657e+00	-2.912677e-09	
5.754761e-01	0.000000e+00	5.558247e-01	5.176659e-01	1.067579e+00	2.637016e-02	8.929473e-02	1.255668e-01	1.186865e-01	3.252769e-01	2.506375e-02	1.529407e-01	1.106056e+00	7.750760e-01	2.723422e-02	5.264519e-02	3.872892e+00	6.046338e-01	1.778710e-01	1.058294e+00	1.085845e-01	1.329283e+00	4.303425e-01	1.803339e-01	1.613266e-01	2.884654e-01	2.728472e-01	2.083082e-01	3.910131e-02	5.090561e-02	1.128093e+00	1.115806e+00	2.235753e-01	4.646095e+00	-3.607492e-09	
5.754761e-01	0.000000e+00	5.560687e-01	5.168943e-01	1.067334e+00	2.636038e-02	8.928614e-02	1.255622e-01	1.186491e-01	3.252763e-01	2.510811e-02	1.529560e-01	1.105673e+00	7.750916e-01	2.722430e-02	5.264050e-02	3.872492e+00	6.049792e-01	1.779118e-01	1.058222e+00	1.085728e-01	1.329546e+00	4.303702e-01	1.803647e-01	1.613576e-01	2.885392e-01	2.726718e-01	2.084201e-01	3.911208e-02	5.087424e-02	1.128502e+00	1.115529e+00	2.233030e-01	4.646201e+00	-1.332900e-08	
5.754762e-01	0.000000e+00	5.564562e-01	5.164580e-01	1.067177e+00	2.635674e-02	8.928905e-02	1.255699e-01	1.186443e-01	3.252773e-01	2.507114e-02	1.529547e-01	1.105960e+00	7.750965e-01	2.722597e-02	5.263589e-02	3.872104e+00	6.048299e-01	1.778910e-01	1.058541e+00	1.085976e-01	1.329529e+00	4.304273e-01	1.803230e-01	1.612900e-01	2.885932e-01	2.725593e-01	2.085273e-01	3.909628e-02	5.086047e-02	1.128639e+00	1.115486e+00	2.232373e-01	4.645360e+00	-2.795642e-08	
5.754762e-01	0.000000e+00	5.562558e-01	5.174932e-01	1.067337e+00	2.636437e-02	8.932862e-02	1.255637e-01	1.186433e-01	3.252774e-01	2.505762e-02	1.529438e-01	1.106182e+00	7.751013e-01	2.723429e-02	5.263705e-02	3.872169e+00	6.048215e-01	1.778862e-01	1.058366e+00	1.085927e-01	1.329538e+00	4.304285e-01	1.803380e-01	1.613700e-01	2.886378e-01	2.727738e-01	2.084493e-01	3.909718e-02	5.088312e-02	1.128375e+00	1.115697e+00	2.233784e-01	4.645810e+00	-5.144586e-09	
5.754762e-01	0.000000e+00	5.557762e-01	5.169916e-01	1.067675e+00	2.636611e-02	8.928694e-02	1.255714e-01	1.187196e-01	3.252763e-01	2.504929e-02	1.529720e-01	1.105982e+00	7.751088e-01	2.722700e-02	5.263712e-02	3.872376e+00	6.049250e-01	1.779325e-01	1.058563e+00	1.085791e-01	1.329262e+00	4.301908e-01	1.802548e-01	1.613124e-01	2.885355e-01	2.726452e-01	2.084885e-01	3.911112e-02	5.091771e-02	1.128370e+00	1.115649e+00	2.233396e-01	4.645981e+00	-3.630061e-08	
5.754763e-01	0.000000e+00	5.566520e-01	5.167384e-01	1.067418e+00	2.636074e-02	8.924739e-02	1.255663e-01	1.186446e-01	3.252771e-01	2.509387e-02	1.529383e-01	1.105903e+00	7.750847e-01	2.722994e-02	5.264302e-02	3.873030e+00	6.050179e-01	1.778565e-01	1.058329e+00	1.085993e-01	1.329629e+00	4.302235e-01	1.803226e-01	1.613119e-01	2.885578e-01	2.725330e-01	2.083973e-01	3.910759e-02	5.090882e-02	1.128378e+00	1.115553e+00	2.231979e-01	4.645923e+00	-2.143250e-08	
5.754763e-01	0.000000e+00	5.555538e-01	5.165104e-01	1.067637e+00	2.636294e-02	8.930992e-02	1.255737e-01	1.187147e-01	3.252787e-01	2.503871e-02	1.529825e-01	1.105920e+00	7.751280e-01	2.722420e-02	5.262876e-02	3.871735e+00	6.048290e-01	1.779568e-01	1.058647e+00	1.085837e-01	1.329347e+00	4.301203e-01	1.802925e-01	1.613276e-01	2.885680e-01	2.725200e-01	2.087459e-01	3.909993e-02	5.089278e-02	1.128430e+00	1.115694e+00	2.233456e-01	4.645595e+00	-4.615254e-08	
5.754763e-01	0.000000e+00	5.555969e-01	5.170146e-01	1.067816e+00	2.636496e-02	8.928497e-02	1.255629e-01	1.187343e-01	3.252764e-01	2.507675e-02	1.530007e-01	1.105696e+00	7.751057e-01	2.723268e-02	5.263887e-02	3.872564e+00	6.049676e-01	1.779368e-01	1.058545e+00	1.085870e-01	1.329450e+00	4.302093e-01	1.802937e-01	1.613602e-01	2.885328e-01	2.726400e-01	2.083508e-01	3.911546e-02	5.091175e-02	1.128299e+00	1.115678e+00	2.233558e-01	4.646620e+00	-1.344597e-08	
5.754763e-01	0.000000e+00	5.559220e-01	5.173102e-01	1.067795e+00	2.637199e-02	8.924686e-02	1.255704e-01	1.187088e-01	3.252759e-01	2.506413e-02	1.529950e-01	1.106002e+00	7.750981e-01	2.723381e-02	5.264038e-02	3.872719e+00	6.050463e-01	1.778983e-01	1.058391e+00	1.085872e-01	1.329428e+00	4.300192e-01	1.802712e-01	1.613538e-01	2.885404e-01	2.726745e-01	2.084392e-01	3.911096e-02	5.092977e-02	1.128091e+00	1.115820e+00	2.234255e-01	4.646414e+00	-1.550878e-08	
5.754763e-01	0.000000e+00	5.557029e-01	5.169275e-01	1.067846e+00	2.637199e-02	8.925341e-02	1.255702e-01	1.187346e-01	3.252758e-01	2.506234e-02	1.529647e-01	1.105850e+00	7.750950e-01	2.723041e-02	5.264309e-02	3.872732e+00	6.050532e-01	1.779018e-01	1.058392e+00	1.085810e-01	1.329304e+00	4.299996e-01	1.803022e-01	1.613500e-01	2.884881e-01	2.725843e-01	2.083755e-01	3.911606e-02	5.092490e-02	1.128185e+00	1.115741e+00	2.233860e-01	4.646469e+00	-2.157424e-08	
5.754763e-01	0.000000e+00	5.562003e-01	5.170291e-01	1.067619e+00	2.636427e-02	8.926104e-02	1.255699e-01	1.186857e-01	3.252766e-01	2.505905e-02	1.529807e-01	1.105866e+00	7.750912e-01	2.722991e-02	5.263731e-02	3.872742e+00	6.049580e-01	1.778592e-01	1.058262e+00	1.085928e-01	1.329443e+00	4.301600e-01	1.802636e-01	1.613313e-01	2.885546e-01	2.726114e-01	2.085569e-01	3.910418e-02	5.090286e-02	1.128238e+00	1.115684e+00	2.233935e-01	4.646154e+00	-1.266583e-08	
5.754763e-01	0.000000e+00	5.564095e-01	5.172830e-01	1.067475e+00	2.636522e-02	8.925382e-02	1.255628e-01	1.186547e-01	3.252772e-01	2.508062e-02	1.529309e-01	1.106230e+00	7.750884e-01	2.723680e-02	5.264655e-02	3.871920e+00	6.048464e-01	1.778490e-01	1.058118e+00	1.085880e-01	1.329505e+00	4.302011e-01	1.803529e-01	1.613822e-01	2.886398e-01	2.726843e-01	2.083564e-01	3.910566e-02	5.091708e-02	1.128194e+00	1.115729e+00	2.233110e-01	4.646278e+00	-3.913042e-08	
5.754763e-01	0.000000e+00	5.565262e-01	5.166413e-01	1.067141e+00	2.635487e-02	8.929303e-02	1.255665e-01	1.186306e-01	3.252775e-01	2.509931e-02	1.529181e-01	1.106105e+00	7.750953e-01	2.722638e-02	5.263671e-02	3.872181e+00	6.047342e-01	1.778727e-01	1.058222e+00	1.085877e-01	1.329585e+00	4.303350e-01	1.803514e-01	1.613430e-01	2.886566e-01	2.725526e-01	2.085135e-01	3.910467e-02	5.088286e-02	1.128356e+00	1.115636e+00	2.232869e-01	4.645613e+00	-5.607627e-08	
5.754763e-01	0.000000e+00	5.560032e-01	5.165013e-01	1.067501e+00	2.636241e-02	8.923960e-02	1.255711e-01	1.186860e-01	3.252770e-01	2.506953e-02	1.529834e-01	1.105802e+00	7.750907e-01	2.722853e-02	5.263882e-02	3.873042e+00	6.050567e-01	1.778622e-01	1.058371e+00	1.086014e-01	1.329446e+00	4.301048e-01	1.802705e-01	1.613079e-01	2.885473e-01	2.725321e-01	2.084765e-01	3.910043e-02	5.090387e-02	1.128547e+00	1.115523e+00	2.231892e-01	4.645600e+00	-1.339990e-08	
5.754763e-01	0.000000e+00	5.561549e-01	5.170816e-01	1.067467e+00	2.636539e-02	8.929540e-02	1.255694e-01	1.186428e-01	3.252771e-01	2.507005e-02	1.529390e-01	1.105925e+00	7.751185e-01	2.722696e-02	5.264283e-02	3.872146e+00	6.049593e-01	1.778958e-01	1.058387e+00	1.085836e-01	1.329399e+00	4.301786e-01	1.803107e-01	1.613709e-01	2.885770e-01	2.725879e-01	2.086035e-01	3.910038e-02	5.090517e-02	1.128325e+00	1.115716e+00	2.232824e-01	4.645741e+00	-1.860959e-08	
5.754764e-01	0.000000e+00	5.562470e-01	5.172151e-01	1.067254e+00	2.635773e-02	8.932055e-02	1.255667e-01	1.186441e-01	3.252770e-01	2.508681e-02	1.529101e-01	1.105919e+00	7.751064e-01	2.722380e-02	5.263817e-02	3.871811e+00	6.045332e-01	1.779293e-01	1.058464e+00	1.085652e-01	1.329308e+00	4.304392e-01	1.803345e-01	1.613559e-01	2.885516e-01	2.727107e-01	2.085308e-01	3.910710e-02	5.087964e-02	1.128215e+00	1.115744e+00	2.234741e-01	4.646012e+00	-1.937116e-08	
5.754764e-01	0.000000e+00	5.568327e-01	5.172453e-01	1.067150e+00	2.635464e-02	8.930151e-02	1.255698e-01	1.185530e-01	3.252785e-01	2.509708e-02	1.529208e-01	1.106551e+00	7.750905e-01	2.723452e-02	5.263894e-02	3.871624e+00	6.048622e-01	1.778205e-01	1.058087e+00	1.086033e-01	1.329707e+00	4.302325e-01	1.803494e-01	1.613821e-01	2.887327e-01	2.726274e-01	2.086543e-01	3.908848e-02	5.089334e-02	1.128314e+00	1.115627e+00	2.232236e-01	4.644987e+00	-5.088573e-08	
5.754764e-01	0.000000e+00	5.555651e-01	5.170520e-01	1.067890e+00	2.636878e-02	8.929109e-02	1.255625e-01	1.187575e-01	3.252754e-01	2.506436e-02	1.530085e-01	1.105869e+00	7.750976e-01	2.722564e-02	5.263358e-02	3.872288e+00	6.050742e-01	1.779314e-01	1.058483e+00	1.085805e-01	1.329314e+00	4.301767e-01	1.802831e-01	1.613312e-01	2.885719e-01	2.727204e-01	2.083686e-01	3.912276e-02	5.091212e-02	1.128356e+00	1.115571e+00	2.234016e-01	4.646813e+00	-5.714196e-08	
5.754764e-01	0.000000e+00	5.556080e-01	5.173258e-01	1.067799e+00	2.636646e-02	8.925226e-02	1.255699e-01	1.186612e-01	3.252775e-01	2.510045e-02	1.529617e-01	1.105714e+00	7.750874e-01	2.723051e-02	5.265023e-02	3.873091e+00	6.049092e-01	1.778858e-01	1.058384e+00	1.085888e-01	1.329422e+00	4.300389e-01	1.803276e-01	1.613551e-01	2.883219e-01	2.725417e-01	2.083413e-01	3.910469e-02	5.092193e-02	1.128277e+00	1.115662e+00	2.232752e-01	4.645591e+00	-1.407162e-08	
5.754764e-01	0.000000e+00	5.558012e-01	5.164768e-01	1.067558e+00	2.635744e-02	8.929645e-02	1.255673e-01	1.187097e-01	3.252772e-01	2.506127e-02	1.529966e-01	1.105378e+00	7.751195e-01	2.722309e-02	5.263463e-02	3.872683e+00	6.051913e-01	1.779788e-01	1.058928e+00	1.085876e-01	1.329455e+00	4.303064e-01	1.803205e-01	1.613243e-01	2.884646e-01	2.725494e-01	2.085195e-01	3.910918e-02	5.089019e-02	1.128782e+00	1.115437e+00	2.231361e-01	4.645699e+00	-4.991667e-08	
5.754764e-01	0.000000e+00	5.557820e-01	5.168797e-01	1.067528e+00	2.636327e-02	8.928341e-02	1.255724e-01	1.187173e-01	3.252777e-01	2.505653e-02	1.529415e-01	1.106203e+00	7.751125e-01	2.723189e-02	5.263499e-02	3.871872e+00	6.047503e-01	1.779153e-01	1.058423e+00	1.085811e-01	1.329308e+00	4.301172e-01	1.802897e-01	1.613533e-01	2.886213e-01	2.725704e-01	2.085643e-01	3.910796e-02	5.090710e-02	1.128346e+00	1.115712e+00	2.233788e-01	4.645852e+00	-2.208892e-09	
5.754764e-01	0.000000e+00	5.560493e-01	5.174262e-01	1.067408e+00	2.636215e-02	8.927963e-02	1.255671e-01	1.186231e-01	3.252778e-01	2.508516e-02	1.529570e-01	1.105847e+00	7.750965e-01	2.723006e-02	5.264326e-02	3.872874e+00	6.050778e-01	1.778913e-01	1.058368e+00	1.085872e-01	1.329493e+00	4.302370e-01	1.803299e-01	1.613592e-01	2.884949e-01	2.726208e-01	2.084484e-01	3.910681e-02	5.089409e-02	1.128463e+00	1.115553e+00	2.233165e-01	4.645729e+00	-1.480884e-08	
5.754764e-01	0.000000e+00	5.559182e-01	5.167489e-01	1.067252e+00	2.635983e-02	8.935712e-02	1.255722e-01	1.186615e-01	3.252786e-01	2.504456e-02	1.529715e-01	1.105893e+00	7.751263e-01	2.722280e-02	5.262798e-02	3.872564e+00	6.049466e-01	1.779957e-01	1.059130e+00	1.085845e-01	1.329265e+00	4.303879e-01	1.802983e-01	1.612962e-01	2.884943e-01	2.725989e-01	2.085920e-01	3.910236e-02	5.087451e-02	1.128696e+00	1.115560e+00	2.233842e-01	4.644868e+00	-2.420726e-08	
5.754764e-01	0.000000e+00	5.566088e-01	5.164660e-01	1.067351e+00	2.635649e-02	8.929901e-02	1.255666e-01	1.186310e-01	3.252772e-01	2.510129e-02	1.529431e-01	1.106012e+00	7.751132e-01	2.723067e-02	5.263241e-02	3.871097e+00	6.047024e-01	1.779191e-01	1.058526e+00	1.085924e-01	1.329703e+00	4.302947e-01	1.803603e-01	1.613517e-01	2.886839e-01	2.725954e-01	2.084629e-01	3.910778e-02	5.088233e-02	1.128412e+00	1.115705e+00	2.232330e-01	4.645681e+00	-2.860521e-08	
5.754764e-01	0.000000e+00	5.552324e-01	5.169872e-01	1.067855e+00	2.637554e-02	8.929795e-02	1.255688e-01	1.187928e-01	3.252757e-01	2.504444e-02	1.530169e-01	1.105397e+00	7.751070e-01	2.722261e-02	5.263672e-02	3.873512e+00	6.051973e-01	1.779921e-01	1.059074e+00	1.085859e-01	1.329207e+00	4.303276e-01	1.802927e-01	1.612811e-01	2.883448e-01	2.726940e-01	2.084532e-01	3.911521e-02	5.090017e-02	1.128457e+00	1.115611e+00	2.234956e-01	4.646830e+00	-5.213508e-10	
5.754764e-01	0.000000e+00	5.558037e-01	5.158594e-01	1.067591e+00	2.635823e-02	8.924863e-02	1.255790e-01	1.186965e-01	3.252776e-01	2.506918e-02	1.530040e-01	1.105902e+00	7.750938e-01	2.723746e-02	5.263443e-02	3.872904e+00	6.051626e-01	1.779656e-01	1.059137e+00	1.086190e-01	1.329649e+00	4.300423e-01	1.802871e-01	1.612461e-01	2.884339e-01	2.723341e-01	2.083820e-01	3.910341e-02	5.090477e-02	1.128595e+00	1.115575e+00	2.230652e-01	4.645190e+00	-5.498162e-08	
5.754764e-01	0.000000e+00	5.558410e-01	5.169745e-01	1.067482e+00	2.636390e-02	8.929883e-02	1.255718e-01	1.186520e-01	3.252785e-01	2.506672e-02	1.529593e-01	1.105941e+00	7.751074e-01	2.722746e-02	5.263637e-02	3.872321e+00	6.048484e-01	1.779179e-01	1.058437e+00	1.085829e-01	1.329424e+00	4.302242e-01	1.803227e-01	1.613454e-01	2.885280e-01	2.725531e-01	2.086273e-01	3.910006e-02	5.088622e-02	1.128222e+00	1.115758e+00	2.233736e-01	4.645982e+00	-6.458997e-08	
5.754764e-01	0.000000e+00	5.554858e-01	5.173215e-01	1.067992e+00	2.637557e-02	8.924665e-02	1.255701e-01	1.187149e-01	3.252752e-01	2.505974e-02	1.529200e-01	1.105790e+00	7.750801e-01	2.722871e-02	5.265827e-02	3.873030e+00	6.048369e-01	1.779253e-01	1.058561e+00	1.085727e-01	1.329147e+00	4.300697e-01	1.803053e-01	1.613086e-01	2.883181e-01	2.726869e-01	2.083145e-01	3.911179e-02	5.094195e-02	1.127853e+00	1.115929e+00	2.235535e-01	4.646350e+00	-1.643981e-08	
5.754765e-01	0.000000e+00	5.563974e-01	5.169784e-01	1.067357e+00	2.636067e-02	8.927227e-02	1.255609e-01	1.186492e-01	3.252760e-01	2.510194e-02	1.529454e-01	1.105923e+00	7.750835e-01	2.722489e-02	5.264132e-02	3.872607e+00	6.049279e-01	1.779241e-01	1.058652e+00	1.085850e-01	1.329456e+00	4.304113e-01	1.803465e-01	1.613160e-01	2.885684e-01	2.727124e-01	2.083022e-01	3.911459e-02	5.088346e-02	1.128283e+00	1.115590e+00	2.232990e-01	4.646480e+00	-6.120232e-08	
5.754765e-01	0.000000e+00	5.560241e-01	5.166129e-01	1.067421e+00	2.636405e-02	8.928285e-02	1.255689e-01	1.187525e-01	3.252757e-01	2.507372e-02	1.529731e-01	1.106073e+00	7.751010e-01	2.723110e-02	5.263550e-02	3.872027e+00	6.049041e-01	1.779290e-01	1.058605e+00	1.085909e-01	1.329464e+00	4.302890e-01	1.803122e-01	1.613409e-01	2.886413e-01	2.726484e-01	2.084003e-01	3.911112e-02	5.090316e-02	1.128380e+00	1.115699e+00	2.234059e-01	4.646273e+00	-1.699784e-08	
5.754765e-01	0.000000e+00	5.570138e-01	5.171379e-01	1.067023e+00	2.635355e-02	8.932114e-02	1.255679e-01	1.185284e-01	3.252793e-01	2.507871e-02	1.529326e-01	1.106437e+00	7.750970e-01	2.723086e-02	5.263391e-02	3.871657e+00	6.048328e-01	1.778215e-01	1.058100e+00	1.086013e-01	1.329681e+00	4.303603e-01	1.803317e-01	1.613459e-01	2.887059e-01	2.726229e-01	2.086426e-01	3.909443e-02	5.086522e-02	1.128562e+00	1.115519e+00	2.232510e-01	4.644720e+00	-1.045919e-09	
5.754765e-01	0.000000e+00	5.563584e-01	5.166948e-01	1.067256e+00	2.635794e-02	8.930860e-02	1.255715e-01	1.186653e-01	3.252781e-01	2.506598e-02	1.529367e-01	1.106140e+00	7.750982e-01	2.722799e-02	5.263597e-02	3.872364e+00	6.047421e-01	1.778726e-01	1.058220e+00	1.085897e-01	1.329534e+00	4.302835e-01	1.803360e-01	1.613347e-01	2.886453e-01	2.725474e-01	2.086852e-01	3.909491e-02	5.089104e-02	1.128449e+00	1.115600e+00	2.233127e-01	4.645326e+00	-1.452278e-08	
5.754765e-01	0.000000e+00	5.560109e-01	5.168945e-01	1.067469e+00	2.636167e-02	8.922146e-02	1.255727e-01	1.186439e-01	3.252786e-01	2.510217e-02	1.529654e-01	1.106125e+00	7.750734e-01	2.724472e-02	5.264555e-02	3.873010e+00	6.050239e-01	1.778452e-01	1.058183e+00	1.086150e-01	1.329809e+00	4.300081e-01	1.803269e-01	1.613514e-01	2.885539e-01	2.724380e-01	2.083808e-01	3.909276e-02	5.090839e-02	1.128362e+00	1.115701e+00	2.230975e-01	4.645425e+00	-3.461652e-08	
5.754765e-01	0.000000e+00	5.563255e-01	5.168645e-01	1.067344e+00	2.636119e-02	8.929260e-02	1.255692e-01	1.186452e-01	3.252769e-01	2.507622e-02	1.529795e-01	1.105790e+00	7.751125e-01	2.722696e-02	5.263723e-02	3.872169e+00	6.049535e-01	1.779249e-01	1.058667e+00	1.085896e-01	1.329526e+00	4.303492e-01	1.802887e-01	1.613114e-01	2.884656e-01	2.726219e-01	2.084727e-01	3.910245e-02	5.088150e-02	1.128625e+00	1.115565e+00	2.232709e-01	4.645413e+00	-3.019001e-08	
5.754765e-01	0.000000e+00	5.560888e-01	5.166518e-01	1.067453e+00	2.636249e-02	8.927654e-02	1.255678e-01	1.186875e-01	3.252774e-01	2.508265e-02	1.529304e-01	1.106119e+00	7.751097e-01	2.723095e-02	5.264397e-02	3.872415e+00	6.047527e-01	1.779211e-01	1.058590e+00	1.085898e-01	1.329461e+00	4.301457e-01	1.803338e-01	1.613723e-01	2.886228e-01	2.725036e-01	2.084481e-01	3.910020e-02	5.090739e-02	1.128235e+00	1.115745e+00	2.233020e-01	4.645609e+00	-7.839809e-09	
5.754765e-01	0.000000e+00	5.558599e-01	5.168081e-01	1.067932e+00	2.637014e-02	8.924756e-02	1.255696e-01	1.187968e-01	3.252749e-01	2.502226e-02	1.529624e-01	1.105556e+00	7.751004e-01	2.723126e-02	5.264370e-02	3.873159e+00	6.050026e-01	1.779300e-01	1.058880e+00	1.085960e-01	1.329253e+00	4.302308e-01	1.802786e-01	1.612598e-01	2.884486e-01	2.726244e-01	2.083054e-01	3.911525e-02	5.092322e-02	1.128348e+00	1.115717e+00	2.233952e-01	4.646308e+00	-4.475168e-08	
5.754765e-01	0.000000e+00	5.556075e-01	5.163488e-01	1.067698e+00	2.636769e-02	8.929975e-02	1.255695e-01	1.187520e-01	3.252755e-01	2.505816e-02	1.529834e-01	1.105685e+00	7.751270e-01	2.722528e-02	5.262994e-02	3.871745e+00	6.047999e-01	1.779875e-01	1.058782e+00	1.085687e-01	1.329203e+00	4.302205e-01	1.802837e-01	1.613327e-01	2.885487e-01	2.726856e-01	2.084784e-01	3.911728e-02	5.091147e-02	1.128373e+00	1.115753e+00	2.234519e-01	4.646495e+00	-2.447394e-08	
5.754765e-01	0.000000e+00	5.556472e-01	5.170777e-01	1.067542e+00	2.636508e-02	8.931991e-02	1.255664e-01	1.187031e-01	3.252763e-01	2.508034e-02	1.529986e-01	1.105510e+00	7.751029e-01	2.722609e-02	5.263586e-02	3.873091e+00	6.048625e-01	1.779504e-01	1.058643e+00	1.085802e-01	1.329353e+00	4.304918e-01	1.803124e-01	1.613143e-01	2.884689e-01	2.727701e-01	2.084732e-01	3.910555e-02	5.088291e-02	1.128436e+00	1.115602e+00	2.234932e-01	4.646355e+00	-3.066624e-08	
5.754765e-01	0.000000e+00	5.560249e-01	5.165747e-01	1.067725e+00	2.636481e-02	8.924116e-02	1.255684e-01	1.187084e-01	3.252767e-01	2.507686e-02	1.529952e-01	1.105740e+00	7.750905e-01	2.722972e-02	5.264054e-02	3.873437e+00	6.052193e-01	1.778797e-01	1.058429e+00	1.086010e-01	1.329525e+00	4.301625e-01	1.802846e-01	1.612822e-01	2.884987e-01	2.725308e-01	2.083662e-01	3.910925e-02	5.089875e-02	1.128571e+00	1.115447e+00	2.231296e-01	4.645918e+00	-3.582684e-08	
5.754765e-01	0.000000e+00	5.563508e-01	5.175532e-01	1.067369e+00	2.636451e-02	8.930234e-02	1.255649e-01	1.186228e-01	3.252773e-01	2.509121e-02	1.529224e-01	1.106464e+00	7.750871e-01	2.723077e-02	5.264178e-02	3.872275e+00	6.046216e-01	1.778490e-01	1.058047e+00	1.085830e-01	1.329494e+00	4.302429e-01	1.803452e-01	1.613976e-01	2.886719e-01	2.727138e-01	2.085152e-01	3.910318e-02	5.090160e-02	1.127971e+00	1.115815e+00	2.234648e-01	4.646041e+00	-1.368370e-08	
5.754765e-01	0.000000e+00	5.559854e-01	5.165696e-01	1.067644e+00	2.637066e-02	8.927961e-02	1.255715e-01	1.187509e-01	3.252750e-01	2.504918e-02	1.529399e-01	1.105788e+00	7.751167e-01	2.722709e-02	5.264175e-02	3.872171e+00	6.048060e-01	1.779676e-01	1.058792e+00	1.085770e-01	1.329353e+00	4.302086e-01	1.803282e-01	1.613036e-01	2.884647e-01	2.725948e-01	2.083913e-01	3.911754e-02	5.092135e-02	1.128211e+00	1.115848e+00	2.234697e-01	4.646399e+00	-7.093304e-09	
5.754765e-01	0.000000e+00	5.570544e-01	5.167428e-01	1.067065e+00	2.634786e-02	8.928973e-02	1.255683e-01	1.185788e-01	3.252783e-01	2.508487e-02	1.528810e-01	1.106409e+00	7.750943e-01	2.723435e-02	5.264062e-02	3.871717e+00	6.047471e-01	1.778502e-01	1.058375e+00	1.086058e-01	1.329742e+00	4.302938e-01	1.803679e-01	1.613597e-01	2.887168e-01	2.725322e-01	2.085084e-01	3.909226e-02	5.089117e-02	1.128467e+00	1.115580e+00	2.230894e-01	4.644642e+00	-7.865415e-08	
5.754765e-01	0.000000e+00	5.563447e-01	5.158489e-01	1.067342e+00	2.635841e-02	8.929183e-02	1.255757e-01	1.187501e-01	3.252763e-01	2.503796e-02	1.529413e-01	1.105678e+00	7.751260e-01	2.722231e-02	5.263015e-02	3.871944e+00	6.047865e-01	1.779718e-01	1.059153e+00	1.085922e-01	1.329333e+00	4.303359e-01	1.802933e-01	1.612692e-01	2.885231e-01	2.725022e-01	2.085843e-01	3.910457e-02	5.087031e-02	1.128624e+00	1.115645e+00	2.234409e-01	4.645213e+00	-4.422994e-08	
5.754765e-01	0.000000e+00	5.556781e-01	5.161706e-01	1.067751e+00	2.637163e-02	8.924571e-02	1.255777e-01	1.187961e-01	3.252762e-01	2.505115e-02	1.529960e-01	1.105740e+00	7.751086e-01	2.723196e-02	5.263877e-02	3.873221e+00	6.049415e-01	1.779763e-01	1.059023e+00	1.085894e-01	1.329291e+00	4.300866e-01	1.802743e-01	1.612761e-01	2.884031e-01	2.725211e-01	2.083623e-01	3.910739e-02	5.092054e-02	1.128340e+00	1.115751e+00	2.234240e-01	4.645977e+00	-6.902488e-08	
5.754766e-01	0.000000e+00	5.566331e-01	5.172083e-01	1.067088e+00	2.635327e-02	8.930827e-02	1.255676e-01	1.185805e-01	3.252780e-01	2.508046e-02	1.529082e-01	1.106195e+00	7.750986e-01	2.722690e-02	5.263846e-02	3.872120e+00	6.048558e-01	1.778640e-01	1.058226e+00	1.085862e-01	1.329538e+00	4.303635e-01	1.803296e-01	1.613661e-01	2.886267e-01	2.725747e-01	2.086505e-01	3.909833e-02	5.088264e-02	1.128347e+00	1.115616e+00	2.232994e-01	4.645408e+00	-2.322439e-08	
5.754766e-01	0.000000e+00	5.574077e-01	5.162248e-01	1.066787e+00	2.634939e-02	8.932504e-02	1.255713e-01	1.185748e-01	3.252787e-01	2.510461e-02	1.528733e-01	1.106684e+00	7.750799e-01	2.723858e-02	5.263614e-02	3.871842e+00	6.045442e-01	1.778074e-01	1.058197e+00	1.086082e-01	1.329712e+00	4.303950e-01	1.803892e-01	1.613467e-01	2.888203e-01	2.725276e-01	2.085335e-01	3.908860e-02	5.087769e-02	1.128355e+00	1.115683e+00	2.232796e-01	4.644522e+00	-2.656693e-08	
5.754766e-01	0.000000e+00	5.563739e-01	5.162980e-01	1.067229e+00	2.635603e-02	8.930345e-02	1.255672e-01	1.187069e-01	3.252771e-01	2.505969e-02	1.529652e-01	1.105840e+00	7.751208e-01	2.721813e-02	5.262969e-02	3.872183e+00	6.048313e-01	1.779116e-01	1.058534e+00	1.085822e-01	1.329366e+00	4.303977e-01	1.803072e-01	1.613051e-01	2.886057e-01	2.725806e-01	2.086333e-01	3.910663e-02	5.086840e-02	1.128583e+00	1.115481e+00	2.232671e-01	4.645991e+00	-4.830985e-08	
5.754766e-01	0.000000e+00	5.564888e-01	5.159562e-01	1.067211e+00	2.635456e-02	8.931553e-02	1.255725e-01	1.187038e-01	3.252774e-01	2.505262e-02	1.529400e-01	1.106156e+00	7.751060e-01	2.723117e-02	5.262798e-02	3.871866e+00	6.046635e-01	1.779023e-01	1.058536e+00	1.085978e-01	1.329552e+00	4.304269e-01	1.803294e-01	1.612965e-01	2.886919e-01	2.725062e-01	2.085844e-01	3.909844e-02	5.086248e-02	1.128608e+00	1.115598e+00	2.233184e-01	4.645169e+00	-5.880393e-08	
5.754766e-01	0.000000e+00	5.562438e-01	5.170138e-01	1.067421e+00	2.635980e-02	8.931106e-02	1.255681e-01	1.186512e-01	3.252773e-01	2.507951e-02	1.529546e-01	1.105990e+00	7.751142e-01	2.722453e-02	5.263460e-02	3.871917e+00	6.048916e-01	1.778933e-01	1.058335e+00	1.085897e-01	1.329569e+00	4.302397e-01	1.803033e-01	1.613603e-01	2.886178e-01	2.726167e-01	2.085532e-01	3.910864e-02	5.088765e-02	1.128469e+00	1.115593e+00	2.233176e-01	4.645598e+00	-2.916835e-08	
5.754766e-01	0.000000e+00	5.559988e-01	5.168948e-01	1.067723e+00	2.636952e-02	8.924617e-02	1.255701e-01	1.187209e-01	3.252767e-01	2.505853e-02	1.529452e-01	1.105683e+00	7.751117e-01	2.722945e-02	5.264479e-02	3.872367e+00	6.048925e-01	1.779097e-01	1.058494e+00	1.085793e-01	1.329274e+00	4.301273e-01	1.803089e-01	1.613412e-01	2.885143e-01	2.725507e-01	2.084117e-01	3.911143e-02	5.092162e-02	1.128159e+00	1.115838e+00	2.233939e-01	4.646417e+00	-8.146232e-08	
5.754766e-01	0.000000e+00	5.562289e-01	5.175175e-01	1.067502e+00	2.636383e-02	8.928615e-02	1.255658e-01	1.186621e-01	3.252769e-01	2.508810e-02	1.529432e-01	1.106186e+00	7.750887e-01	2.723481e-02	5.264772e-02	3.872278e+00	6.048003e-01	1.778821e-01	1.058298e+00	1.085900e-01	1.329531e+00	4.302469e-01	1.803410e-01	1.613749e-01	2.886365e-01	2.727168e-01	2.083867e-01	3.910230e-02	5.090268e-02	1.128007e+00	1.115786e+00	2.233823e-01	4.646415e+00	-3.186904e-08	
5.754766e-01	0.000000e+00	5.561643e-01	5.168823e-01	1.067484e+00	2.636798e-02	8.929804e-02	1.255704e-01	1.186971e-01	3.252770e-01	2.509345e-02	1.529558e-01	1.106369e+00	7.750829e-01	2.723671e-02	5.264208e-02	3.872824e+00	6.048381e-01	1.779255e-01	1.058589e+00	1.085943e-01	1.329629e+00	4.303442e-01	1.803404e-01	1.613283e-01	2.885639e-01	2.726587e-01	2.082890e-01	3.910418e-02	5.090232e-02	1.128194e+00	1.115762e+00	2.233735e-01	4.645873e+00	-4.131632e-08	
5.754766e-01	0.000000e+00	5.560488e-01	5.163546e-01	1.067723e+00	2.636602e-02	8.921461e-02	1.255716e-01	1.187469e-01	3.252755e-01	2.508901e-02	1.529763e-01	1.105774e+00	7.750970e-01	2.723527e-02	5.264343e-02	3.873100e+00	6.050805e-01	1.779424e-01	1.058793e+00	1.086018e-01	1.329622e+00	4.301452e-01	1.803347e-01	1.612938e-01	2.884972e-01	2.724788e-01	2.083246e-01	3.910835e-02	5.092250e-02	1.128384e+00	1.115670e+00	2.231765e-01	4.646100e+00	-3.780284e-08	
5.754766e-01	0.000000e+00	5.558667e-01	5.167110e-01	1.067546e+00	2.635752e-02	8.929435e-02	1.255722e-01	1.186479e-01	3.252788e-01	2.507212e-02	1.529749e-01	1.105707e+00	7.751202e-01	2.722333e-02	5.263815e-02	3.872695e+00	6.050656e-01	1.779704e-01	1.058773e+00	1.085898e-01	1.329594e+00	4.302317e-01	1.803204e-01	1.613035e-01	2.884588e-01	2.724348e-01	2.086262e-01	3.910160e-02	5.088862e-02	1.128690e+00	1.115465e+00	2.230959e-01	4.645043e+00	-7.923502e-08	
5.754766e-01	0.000000e+00	5.558893e-01	5.164228e-01	1.067849e+00	2.636905e-02	8.921829e-02	1.255715e-01	1.187755e-01	3.252762e-01	2.506651e-02	1.529730e-01	1.106007e+00	7.750814e-01	2.723565e-02	5.264235e-02	3.872825e+00	6.049810e-01	1.778950e-01	1.058511e+00	1.085941e-01	1.329386e+00	4.300020e-01	1.802997e-01	1.613222e-01	2.885195e-01	2.725197e-01	2.082808e-01	3.910951e-02	5.092279e-02	1.128420e+00	1.115645e+00	2.232177e-01	4.645814e+00	-3.653164e-08	
5.754766e-01	0.000000e+00	5.565159e-01	5.166072e-01	1.067192e+00	2.635731e-02	8.924574e-02	1.255696e-01	1.186450e-01	3.252774e-01	2.510000e-02	1.528857e-01	1.106266e+00	7.750789e-01	2.723463e-02	5.264415e-02	3.872081e+00	6.047585e-01	1.778224e-01	1.058058e+00	1.085940e-01	1.329516e+00	4.301595e-01	1.803606e-01	1.613661e-01	2.886581e-01	2.725077e-01	2.084585e-01	3.909927e-02	5.090443e-02	1.128213e+00	1.115758e+00	2.232673e-01	4.645616e+00	-9.324968e-08	
5.754766e-01	0.000000e+00	5.560408e-01	5.166265e-01	1.067605e+00	2.636621e-02	8.926255e-02	1.255750e-01	1.187220e-01	3.252762e-01	2.502661e-02	1.529634e-01	1.105778e+00	7.751080e-01	2.722755e-02	5.263803e-02	3.872928e+00	6.050071e-01	1.779497e-01	1.059081e+00	1.085987e-01	1.329347e+00	4.302511e-01	1.802743e-01	1.612680e-01	2.883646e-01	2.725496e-01	2.085222e-01	3.909968e-02	5.091224e-02	1.128409e+00	1.115668e+00	2.233452e-01	4.645775e+00	-3.964439e-08	
5.754759e-01	3.872420e-16	5.563231e-01	5.169810e-01	1.067124e+00	2.635669e-02	8.928414e-02	1.255691e-01	1.186099e-01	3.252785e-01	2.511599e-02	1.529410e-01	1.106334e+00	7.750763e-01	2.724360e-02	5.264008e-02	3.872287e+00	6.047318e-01	1.778755e-01	1.058266e+00	1.086010e-01	1.329801e+00	4.303955e-01	1.803779e-01	1.613533e-01	2.885799e-01	2.725645e-01	2.083077e-01	3.909421e-02	5.088016e-02	1.128409e+00	1.115706e+00	2.232178e-01	4.645224e+00	1.967846e-08	
5.754766e-01	0.000000e+00	5.555751e-01	5.162615e-01	1.067847e+00	2.636647e-02	8.925224e-02	1.255758e-01	1.188229e-01	3.252754e-01	2.504218e-02	1.530085e-01	1.105516e+00	7.751276e-01	2.722298e-02	5.263314e-02	3.872548e+00	6.049262e-01	1.780085e-01	1.059136e+00	1.085797e-01	1.329171e+00	4.300886e-01	1.802480e-01	1.612646e-01	2.884158e-01	2.725227e-01	2.084367e-01	3.911129e-02	5.091518e-02	1.128628e+00	1.115581e+00	2.233307e-01	4.645651e+00	-5.404687e-08	
5.754767e-01	0.000000e+00	5.560914e-01	5.171690e-01	1.067487e+00	2.636013e-02	8.927361e-02	1.255672e-01	1.186343e-01	3.252775e-01	2.507749e-02	1.529371e-01	1.105978e+00	7.750952e-01	2.722646e-02	5.263745e-02	3.872273e+00	6.049169e-01	1.778952e-01	1.058367e+00	1.085877e-01	1.329488e+00	4.302046e-01	1.803313e-01	1.613481e-01	2.885894e-01	2.726263e-01	2.085682e-01	3.910639e-02	5.088929e-02	1.128383e+00	1.115610e+00	2.233753e-01	4.645621e+00	-6.442819e-08	
5.754767e-01	0.000000e+00	5.563354e-01	5.158664e-01	1.067658e+00	2.636419e-02	8.921876e-02	1.255768e-01	1.187641e-01	3.252765e-01	2.507910e-02	1.529754e-01	1.106298e+00	7.750881e-01	2.723466e-02	5.263569e-02	3.872655e+00	6.049644e-01	1.778910e-01	1.058737e+00	1.086085e-01	1.329455e+00	4.299664e-01	1.802598e-01	1.612880e-01	2.885863e-01	2.724531e-01	2.083609e-01	3.910616e-02	5.092059e-02	1.128367e+00	1.115665e+00	2.232271e-01	4.645320e+00	-6.034534e-08	
5.754767e-01	0.000000e+00	5.558878e-01	5.168517e-01	1.067713e+00	2.636395e-02	8.926877e-02	1.255715e-01	1.186800e-01	3.252770e-01	2.507823e-02	1.529619e-01	1.105873e+00	7.751059e-01	2.723829e-02	5.264620e-02	3.872731e+00	6.049202e-01	1.779426e-01	1.058685e+00	1.085906e-01	1.329530e+00	4.301479e-01	1.803363e-01	1.613504e-01	2.884786e-01	2.725946e-01	2.082947e-01	3.910653e-02	5.092170e-02	1.128156e+00	1.115809e+00	2.232941e-01	4.645899e+00	-3.993435e-08	
5.754767e-01	0.000000e+00	5.560112e-01	5.173943e-01	1.067603e+00	2.636615e-02	8.929139e-02	1.255651e-01	1.186501e-01	3.252773e-01	2.507562e-02	1.529394e-01	1.106092e+00	7.751027e-01	2.723232e-02	5.264276e-02	3.871833e+00	6.047262e-01	1.778737e-01	1.058109e+00	1.085793e-01	1.329468e+00	4.300552e-01	1.803182e-01	1.613948e-01	2.885231e-01	2.726266e-01	2.084527e-01	3.910737e-02	5.091922e-02	1.128086e+00	1.115826e+00	2.233892e-01	4.646218e+00	-2.049119e-08	
5.754767e-01	0.000000e+00	5.560380e-01	5.164246e-01	1.067678e+00	2.636789e-02	8.926050e-02	1.255723e-01	1.187751e-01	3.252762e-01	2.504211e-02	1.529782e-01	1.105883e+00	7.751173e-01	2.723187e-02	5.263783e-02	3.872175e+00	6.048174e-01	1.779361e-01	1.058757e+00	1.085912e-01	1.329415e+00	4.301873e-01	1.803070e-01	1.613196e-01	2.885031e-01	2.725727e-01	2.084444e-01	3.910423e-02	5.090650e-02	1.128455e+00	1.115729e+00	2.233523e-01	4.645756e+00	-5.798313e-08	
5.754767e-01	0.000000e+00	5.555993e-01	5.168949e-01	1.067768e+00	2.636703e-02	8.923109e-02	1.255702e-01	1.187572e-01	3.252752e-01	2.505206e-02	1.529345e-01	1.105851e+00	7.750868e-01	2.723697e-02	5.264981e-02	3.872907e+00	6.050388e-01	1.779147e-01	1.058778e+00	1.086001e-01	1.329298e+00	4.300626e-01	1.803139e-01	1.613176e-01	2.884246e-01	2.725715e-01	2.082703e-01	3.911097e-02	5.093276e-02	1.128104e+00	1.115854e+00	2.233420e-01	4.646398e+00	-5.812225e-08	
5.754767e-01	0.000000e+00	5.560641e-01	5.168846e-01	1.067659e+00	2.636576e-02	8.924914e-02	1.255739e-01	1.187348e-01	3.252760e-01	2.503686e-02	1.529478e-01	1.105951e+00	7.751112e-01	2.722708e-02	5.263937e-02	3.872247e+00	6.049653e-01	1.779137e-01	1.058758e+00	1.085943e-01	1.329309e+00	4.300763e-01	1.802591e-01	1.613085e-01	2.884825e-01	2.725936e-01	2.084704e-01	3.911012e-02	5.091079e-02	1.128407e+00	1.115637e+00	2.233683e-01	4.645821e+00	-6.382484e-08	
5.754761e-01	7.463593e-16	5.564459e-01	5.172144e-01	1.067865e+00	2.637088e-02	8.926248e-02	1.255719e-01	1.186891e-01	3.252762e-01	2.502235e-02	1.528838e-01	1.106147e+00	7.750886e-01	2.723549e-02	5.264547e-02	3.872039e+00	6.047473e-01	1.778503e-01	1.058377e+00	1.085882e-01	1.329228e+00	4.299709e-01	1.802921e-01	1.613179e-01	2.885316e-01	2.726676e-01	2.084526e-01	3.910675e-02	5.092339e-02	1.128050e+00	1.115877e+00	2.234451e-01	4.645684e+00	2.731958e-08	
5.754767e-01	0.000000e+00	5.564070e-01	5.164757e-01	1.067512e+00	2.635702e-02	8.932425e-02	1.255679e-01	1.186978e-01	3.252761e-01	2.506951e-02	1.529727e-01	1.105915e+00	7.751139e-01	2.722890e-02	5.262987e-02	3.872181e+00	6.049379e-01	1.779069e-01	1.058659e+00	1.085981e-01	1.329472e+00	4.303069e-01	1.803008e-01	1.613106e-01	2.886303e-01	2.725958e-01	2.085216e-01	3.910559e-02	5.089129e-02	1.128403e+00	1.115602e+00	2.233042e-01	4.645820e+00	-4.370343e-08	
5.754767e-01	0.000000e+00	5.561964e-01	5.166015e-01	1.067341e+00	2.636280e-02	8.929096e-02	1.255708e-01	1.187414e-01	3.252767e-01	2.507344e-02	1.529200e-01	1.106390e+00	7.750880e-01	2.723379e-02	5.263935e-02	3.872483e+00	6.045928e-01	1.779096e-01	1.058587e+00	1.085973e-01	1.329478e+00	4.303643e-01	1.803555e-01	1.613076e-01	2.886437e-01	2.725992e-01	2.083830e-01	3.910059e-02	5.090903e-02	1.128297e+00	1.115728e+00	2.234278e-01	4.645583e+00	-3.268067e-08	
5.754767e-01	0.000000e+00	5.568500e-01	5.170836e-01	1.067008e+00	2.635631e-02	8.930543e-02	1.255684e-01	1.185606e-01	3.252772e-01	2.506172e-02	1.529021e-01	1.105891e+00	7.750933e-01	2.722521e-02	5.264196e-02	3.871984e+00	6.047787e-01	1.778923e-01	1.058548e+00	1.085824e-01	1.329443e+00	4.304138e-01	1.803632e-01	1.613331e-01	2.885425e-01	2.726676e-01	2.085533e-01	3.910080e-02	5.087727e-02	1.128455e+00	1.115614e+00	2.233530e-01	4.645440e+00	-5.974144e-08	
5.754767e-01	0.000000e+00	5.561339e-01	5.170995e-01	1.067202e+00	2.635679e-02	8.930525e-02	1.255682e-01	1.186294e-01	3.252786e-01	2.507736e-02	1.529401e-01	1.106080e+00	7.750939e-01	2.722200e-02	5.263733e-02	3.872100e+00	6.047396e-01	1.779098e-01	1.058357e+00	1.085779e-01	1.329482e+00	4.302936e-01	1.803108e-01	1.613177e-01	2.884850e-01	2.725987e-01	2.084601e-01	3.910822e-02	5.087939e-02	1.128467e+00	1.115564e+00	2.232775e-01	4.645539e+00	-5.872890e-08	
5.754767e-01	0.000000e+00	5.557200e-01	5.164245e-01	1.067751e+00	2.636590e-02	8.925993e-02	1.255733e-01	1.188069e-01	3.252757e-01	2.502411e-02	1.529884e-01	1.105602e+00	7.751147e-01	2.722549e-02	5.263424e-02	3.872548e+00	6.049000e-01	1.779827e-01	1.059101e+00	1.085859e-01	1.329211e+00	4.302525e-01	1.802690e-01	1.612689e-01	2.883883e-01	2.726045e-01	2.084366e-01	3.910969e-02	5.090738e-02	1.128527e+00	1.115622e+00	2.234051e-01	4.646059e+00	-9.401715e-08	
5.754767e-01	0.000000e+00	5.563394e-01	5.166278e-01	1.067382e+00	2.635674e-02	8.930726e-02	1.255637e-01	1.186873e-01	3.252774e-01	2.508215e-02	1.529355e-01	1.106271e+00	7.751017e-01	2.723241e-02	5.263232e-02	3.872014e+00	6.048575e-01	1.778974e-01	1.058476e+00	1.085968e-01	1.329535e+00	4.303117e-01	1.803510e-01	1.613638e-01	2.887460e-01	2.725907e-01	2.085018e-01	3.910801e-02	5.088394e-02	1.128279e+00	1.115691e+00	2.233295e-01	4.645974e+00	-5.604489e-08	
5.754767e-01	0.000000e+00	5.556698e-01	5.168650e-01	1.067831e+00	2.636655e-02	8.927939e-02	1.255683e-01	1.186861e-01	3.252764e-01	2.507366e-02	1.529967e-01	1.105765e+00	7.750994e-01	2.723244e-02	5.263639e-02	3.872918e+00	6.052244e-01	1.779069e-01	1.058509e+00	1.085980e-01	1.329496e+00	4.301635e-01	1.802983e-01	1.613272e-01	2.884942e-01	2.726496e-01	2.083686e-01	3.910908e-02	5.090766e-02	1.128575e+00	1.115509e+00	2.232280e-01	4.645805e+00	-5.824795e-08	
5.754767e-01	0.000000e+00	5.557299e-01	5.174054e-01	1.067479e+00	2.636789e-02	8.926843e-02	1.255703e-01	1.186744e-01	3.252756e-01	2.505834e-02	1.529489e-01	1.105777e+00	7.751063e-01	2.722213e-02	5.264353e-02	3.872195e+00	6.048702e-01	1.779073e-01	1.058239e+00	1.085635e-01	1.329242e+00	4.302675e-01	1.803002e-01	1.613352e-01	2.884123e-01	2.726800e-01	2.085657e-01	3.911303e-02	5.088999e-02	1.128229e+00	1.115730e+00	2.234959e-01	4.646629e+00	-3.358378e-08	
5.754767e-01	0.000000e+00	5.559200e-01	5.175023e-01	1.067717e+00	2.636390e-02	8.930293e-02	1.255666e-01	1.186328e-01	3.252770e-01	2.506504e-02	1.529792e-01	1.105677e+00	7.751072e-01	2.722290e-02	5.264076e-02	3.872460e+00	6.050429e-01	1.779135e-01	1.058494e+00	1.085784e-01	1.329353e+00	4.302367e-01	1.802832e-01	1.613392e-01	2.883878e-01	2.727003e-01	2.085523e-01	3.911117e-02	5.088705e-02	1.128386e+00	1.115567e+00	2.233793e-01	4.645931e+00	-4.179942e-08	
5.754759e-01	2.875661e-15	5.565883e-01	5.163489e-01	1.066994e+00	2.635585e-02	8.932631e-02	1.255708e-01	1.186574e-01	3.252786e-01	2.506696e-02	1.528945e-01	1.106106e+00	7.751006e-01	2.722352e-02	5.263691e-02	3.871852e+00	6.044934e-01	1.778729e-01	1.058302e+00	1.085850e-01	1.329496e+00	4.303900e-01	1.803615e-01	1.613532e-01	2.886214e-01	2.725965e-01	2.086757e-01	3.909190e-02	5.087807e-02	1.128391e+00	1.115684e+00	2.234164e-01	4.645215e+00	5.362519e-08	
5.754767e-01	0.000000e+00	5.559812e-01	5.171468e-01	1.067834e+00	2.636820e-02	8.932455e-02	1.255645e-01	1.187218e-01	3.252757e-01	2.503576e-02	1.529790e-01	1.105367e+00	7.751413e-01	2.721528e-02	5.263560e-02	3.872087e+00	6.049745e-01	1.779726e-01	1.058754e+00	1.085676e-01	1.329284e+00	4.302912e-01	1.803070e-01	1.613572e-01	2.884755e-01	2.727519e-01	2.086560e-01	3.911115e-02	5.089825e-02	1.128406e+00	1.115646e+00	2.235125e-01	4.646194e+00	-5.002651e-08	
5.754767e-01	0.000000e+00	5.559307e-01	5.169877e-01	1.067544e+00	2.636917e-02	8.928232e-02	1.255730e-01	1.186896e-01	3.252776e-01	2.503132e-02	1.529462e-01	1.105786e+00	7.750927e-01	2.722340e-02	5.264433e-02	3.873259e+00	6.049654e-01	1.779487e-01	1.058934e+00	1.085851e-01	1.329226e+00	4.302865e-01	1.803083e-01	1.612750e-01	2.883901e-01	2.725934e-01	2.084914e-01	3.910301e-02	5.090592e-02	1.128386e+00	1.115669e+00	2.234117e-01	4.645578e+00	-5.849434e-08	
5.754762e-01	3.777394e-17	5.557537e-01	5.168141e-01	1.067401e+00	2.636056e-02	8.931779e-02	1.255677e-01	1.187229e-01	3.252768e-01	2.505453e-02	1.529557e-01	1.105807e+00	7.751239e-01	2.722394e-02	5.263119e-02	3.872260e+00	6.048572e-01	1.779572e-01	1.058759e+00	1.085784e-01	1.329204e+00	4.303442e-01	1.802908e-01	1.613378e-01	2.885808e-01	2.726474e-01	2.086016e-01	3.910438e-02	5.088999e-02	1.128400e+00	1.115678e+00	2.234320e-01	4.646042e+00	6.146051e-09	
5.754767e-01	0.000000e+00	5.555467e-01	5.166645e-01	1.067717e+00	2.637098e-02	8.928090e-02	1.255716e-01	1.187570e-01	3.252771e-01	2.505288e-02	1.529917e-01	1.105852e+00	7.751109e-01	2.722768e-02	5.263823e-02	3.872913e+00	6.049962e-01	1.779759e-01	1.058959e+00	1.085891e-01	1.329320e+00	4.302067e-01	1.803056e-01	1.613245e-01	2.884791e-01	2.725724e-01	2.084605e-01	3.910634e-02	5.090863e-02	1.128191e+00	1.115799e+00	2.233619e-01	4.646498e+00	-9.582367e-08	
5.754768e-01	0.000000e+00	5.553314e-01	5.169645e-01	1.068115e+00	2.637672e-02	8.924019e-02	1.255705e-01	1.188073e-01	3.252750e-01	2.505614e-02	1.529795e-01	1.105781e+00	7.751020e-01	2.723016e-02	5.264447e-02	3.872929e+00	6.048551e-01	1.779893e-01	1.058914e+00	1.085750e-01	1.329119e+00	4.301881e-01	1.802781e-01	1.612896e-01	2.884358e-01	2.726805e-01	2.083363e-01	3.911394e-02	5.094041e-02	1.127996e+00	1.115879e+00	2.235108e-01	4.646920e+00	-6.668753e-08	
5.754768e-01	0.000000e+00	5.562355e-01	5.166064e-01	1.067323e+00	2.635806e-02	8.931345e-02	1.255681e-01	1.186610e-01	3.252776e-01	2.508831e-02	1.529582e-01	1.106089e+00	7.750998e-01	2.722807e-02	5.263266e-02	3.872320e+00	6.047378e-01	1.778902e-01	1.058391e+00	1.085906e-01	1.329482e+00	4.303393e-01	1.803183e-01	1.613275e-01	2.886411e-01	2.726272e-01	2.084975e-01	3.910611e-02	5.088327e-02	1.128266e+00	1.115693e+00	2.233898e-01	4.645865e+00	-8.258796e-08	
5.754763e-01	1.144561e-16	5.562164e-01	5.166957e-01	1.067388e+00	2.636223e-02	8.928231e-02	1.255687e-01	1.187166e-01	3.252773e-01	2.507188e-02	1.529362e-01	1.106227e+00	7.751042e-01	2.722948e-02	5.263824e-02	3.872137e+00	6.049030e-01	1.779184e-01	1.058701e+00	1.085959e-01	1.329454e+00	4.302531e-01	1.803475e-01	1.613591e-01	2.886253e-01	2.725686e-01	2.085289e-01	3.910054e-02	5.089664e-02	1.128266e+00	1.115737e+00	2.233334e-01	4.645822e+00	1.069841e-08	
5.754768e-01	0.000000e+00	5.566120e-01	5.168785e-01	1.067507e+00	2.635922e-02	8.924700e-02	1.255673e-01	1.186447e-01	3.252775e-01	2.507479e-02	1.529324e-01	1.105949e+00	7.750847e-01	2.723488e-02	5.264455e-02	3.872520e+00	6.051490e-01	1.778293e-01	1.058373e+00	1.086069e-01	1.329504e+00	4.300935e-01	1.803197e-01	1.613306e-01	2.885741e-01	2.724887e-01	2.083771e-01	3.910619e-02	5.090079e-02	1.128469e+00	1.115546e+00	2.231037e-01	4.645618e+00	-8.315984e-08	
5.754768e-01	0.000000e+00	5.562975e-01	5.167700e-01	1.067357e+00	2.636732e-02	8.927255e-02	1.255708e-01	1.186862e-01	3.252759e-01	2.508175e-02	1.528995e-01	1.106273e+00	7.750803e-01	2.723467e-02	5.264139e-02	3.872313e+00	6.046836e-01	1.778822e-01	1.058398e+00	1.085869e-01	1.329419e+00	4.302834e-01	1.803382e-01	1.613463e-01	2.885858e-01	2.726266e-01	2.083609e-01	3.910934e-02	5.090728e-02	1.127942e+00	1.115959e+00	2.235193e-01	4.646471e+00	-1.050689e-07	
5.754760e-01	1.936460e-15	5.564283e-01	5.171091e-01	1.067640e+00	2.637277e-02	8.923003e-02	1.255649e-01	1.186777e-01	3.252745e-01	2.507199e-02	1.529285e-01	1.106298e+00	7.750708e-01	2.723183e-02	5.265075e-02	3.872309e+00	6.048345e-01	1.778468e-01	1.058237e+00	1.085878e-01	1.329372e+00	4.301647e-01	1.803454e-01	1.613312e-01	2.885896e-01	2.727252e-01	2.083280e-01	3.910891e-02	5.092749e-02	1.128005e+00	1.115796e+00	2.233961e-01	4.646408e+00	4.400522e-08	
5.754768e-01	0.000000e+00	5.563946e-01	5.173018e-01	1.067231e+00	2.636123e-02	8.929775e-02	1.255669e-01	1.186256e-01	3.252780e-01	2.507196e-02	1.529324e-01	1.106121e+00	7.750934e-01	2.722528e-02	5.263591e-02	3.872310e+00	6.048045e-01	1.778465e-01	1.058152e+00	1.085865e-01	1.329432e+00	4.303650e-01	1.803130e-01	1.613490e-01	2.886093e-01	2.727023e-01	2.086528e-01	3.909569e-02	5.087469e-02	1.128463e+00	1.115560e+00	2.233656e-01	4.645648e+00	-4.979613e-08	
5.754768e-01	0.000000e+00	5.558300e-01	5.171081e-01	1.067707e+00	2.636325e-02	8.927361e-02	1.255655e-01	1.186539e-01	3.252765e-01	2.509823e-02	1.529738e-01	1.105730e+00	7.750867e-01	2.723135e-02	5.264392e-02	3.872804e+00	6.048567e-01	1.778960e-01	1.058242e+00	1.085878e-01	1.329590e+00	4.302438e-01	1.803323e-01	1.613444e-01	2.885261e-01	2.726376e-01	2.084220e-01	3.910771e-02	5.090739e-02	1.128137e+00	1.115724e+00	2.233359e-01	4.646455e+00	-6.601764e-08	
5.754759e-01	2.170264e-15	5.562527e-01	5.165194e-01	1.067485e+00	2.636503e-02	8.927631e-02	1.255718e-01	1.187022e-01	3.252761e-01	2.508109e-02	1.529668e-01	1.105965e+00	7.751020e-01	2.723328e-02	5.263912e-02	3.872531e+00	6.048030e-01	1.779615e-01	1.058932e+00	1.085949e-01	1.329575e+00	4.303781e-01	1.803272e-01	1.612977e-01	2.884716e-01	2.726555e-01	2.082653e-01	3.910624e-02	5.090134e-02	1.128429e+00	1.115705e+00	2.233090e-01	4.645561e+00	4.658609e-08	
5.754762e-01	4.224588e-15	5.566368e-01	5.164585e-01	1.067390e+00	2.635771e-02	8.929143e-02	1.255677e-01	1.186664e-01	3.252771e-01	2.505926e-02	1.529252e-01	1.106194e+00	7.750999e-01	2.722862e-02	5.263589e-02	3.871944e+00	6.050086e-01	1.778561e-01	1.058321e+00	1.085937e-01	1.329424e+00	4.301535e-01	1.802980e-01	1.613220e-01	2.887363e-01	2.725146e-01	2.086168e-01	3.910419e-02	5.088962e-02	1.128342e+00	1.115619e+00	2.232487e-01	4.645635e+00	6.499683e-08	
5.754765e-01	8.329667e-16	5.562991e-01	5.168775e-01	1.067488e+00	2.636541e-02	8.927240e-02	1.255721e-01	1.187043e-01	3.252766e-01	2.505681e-02	1.529183e-01	1.106094e+00	7.750915e-01	2.722375e-02	5.264216e-02	3.872059e+00	6.047219e-01	1.778745e-01	1.058293e+00	1.085757e-01	1.329268e+00	4.301577e-01	1.803016e-01	1.613074e-01	2.885067e-01	2.725988e-01	2.084459e-01	3.911269e-02	5.089796e-02	1.128234e+00	1.115716e+00	2.234472e-01	4.645824e+00	2.886116e-08	
5.754768e-01	0.000000e+00	5.561697e-01	5.175405e-01	1.067650e+00	2.637084e-02	8.926416e-02	1.255684e-01	1.186697e-01	3.252764e-01	2.508175e-02	1.529066e-01	1.106242e+00	7.750960e-01	2.722597e-02	5.265048e-02	3.872403e+00	6.048814e-01	1.778663e-01	1.058228e+00	1.085738e-01	1.329241e+00	4.301114e-01	1.803309e-01	1.613907e-01	2.885452e-01	2.727036e-01	2.085296e-01	3.910653e-02	5.091657e-02	1.127809e+00	1.115888e+00	2.234789e-01	4.646443e+00	-6.684916e-08	
5.754768e-01	0.000000e+00	5.559763e-01	5.169268e-01	1.067697e+00	2.636861e-02	8.930580e-02	1.255694e-01	1.187429e-01	3.252762e-01	2.503122e-02	1.529664e-01	1.105769e+00	7.751189e-01	2.721865e-02	5.263607e-02	3.872086e+00	6.048721e-01	1.779361e-01	1.058823e+00	1.085769e-01	1.329060e+00	4.301612e-01	1.802571e-01	1.613209e-01	2.884916e-01	2.726515e-01	2.085979e-01	3.910900e-02	5.089621e-02	1.128279e+00	1.115707e+00	2.235033e-01	4.646154e+00	-6.273224e-08	
5.754764e-01	2.251777e-15	5.562389e-01	5.169045e-01	1.067649e+00	2.636186e-02	8.927139e-02	1.255713e-01	1.186626e-01	3.252766e-01	2.509501e-02	1.529609e-01	1.105911e+00	7.751011e-01	2.723730e-02	5.264340e-02	3.872244e+00	6.047661e-01	1.779290e-01	1.058624e+00	1.085919e-01	1.329648e+00	4.302841e-01	1.803235e-01	1.613328e-01	2.884708e-01	2.726021e-01	2.083163e-01	3.910369e-02	5.091383e-02	1.128305e+00	1.115713e+00	2.232955e-01	4.645624e+00	4.745289e-08	
5.754768e-01	0.000000e+00	5.555297e-01	5.164988e-01	1.067811e+00	2.636802e-02	8.928269e-02	1.255755e-01	1.187878e-01	3.252775e-01	2.505718e-02	1.529553e-01	1.105801e+00	7.751136e-01	2.722928e-02	5.264287e-02	3.872731e+00	6.048656e-01	1.779664e-01	1.058883e+00	1.085839e-01	1.329247e+00	4.300613e-01	1.802875e-01	1.613144e-01	2.884227e-01	2.724526e-01	2.084264e-01	3.910953e-02	5.092264e-02	1.128228e+00	1.115790e+00	2.233827e-01	4.645960e+00	-8.597078e-08	
5.754768e-01	0.000000e+00	5.553990e-01	5.169801e-01	1.067748e+00	2.636767e-02	8.928485e-02	1.255709e-01	1.187638e-01	3.252767e-01	2.503295e-02	1.529859e-01	1.105729e+00	7.751021e-01	2.723112e-02	5.263610e-02	3.872945e+00	6.049601e-01	1.779540e-01	1.058695e+00	1.085803e-01	1.329207e+00	4.302615e-01	1.802783e-01	1.612893e-01	2.884591e-01	2.726863e-01	2.084264e-01	3.911134e-02	5.089703e-02	1.128517e+00	1.115613e+00	2.234977e-01	4.645995e+00	-7.233528e-08	
5.754769e-01	0.000000e+00	5.556652e-01	5.166784e-01	1.067828e+00	2.636300e-02	8.922265e-02	1.255683e-01	1.187242e-01	3.252769e-01	2.509821e-02	1.529970e-01	1.105505e+00	7.750985e-01	2.723165e-02	5.264416e-02	3.873119e+00	6.052839e-01	1.779014e-01	1.058490e+00	1.086030e-01	1.329611e+00	4.300758e-01	1.802956e-01	1.613269e-01	2.884563e-01	2.724518e-01	2.083823e-01	3.910870e-02	5.091260e-02	1.128474e+00	1.115583e+00	2.230817e-01	4.646152e+00	-1.040173e-08	
5.754769e-01	0.000000e+00	5.555441e-01	5.169095e-01	1.067913e+00	2.637012e-02	8.927728e-02	1.255758e-01	1.187757e-01	3.252763e-01	2.501455e-02	1.530217e-01	1.105677e+00	7.751169e-01	2.722055e-02	5.263300e-02	3.872968e+00	6.047960e-01	1.779970e-01	1.059014e+00	1.085844e-01	1.329321e+00	4.301876e-01	1.802191e-01	1.612376e-01	2.883515e-01	2.725973e-01	2.085353e-01	3.911581e-02	5.091028e-02	1.128465e+00	1.115620e+00	2.234654e-01	4.645930e+00	-8.091383e-08	
5.754769e-01	0.000000e+00	5.553508e-01	5.174185e-01	1.067915e+00	2.637185e-02	8.923532e-02	1.255721e-01	1.187407e-01	3.252757e-01	2.504705e-02	1.529643e-01	1.105848e+00	7.750904e-01	2.723370e-02	5.265006e-02	3.872748e+00	6.048064e-01	1.779739e-01	1.058883e+00	1.085830e-01	1.329232e+00	4.301927e-01	1.803016e-01	1.613009e-01	2.883940e-01	2.726866e-01	2.082797e-01	3.910876e-02	5.093457e-02	1.128142e+00	1.115818e+00	2.234165e-01	4.646354e+00	-8.285232e-08	
5.754769e-01	0.000000e+00	5.567094e-01	5.169380e-01	1.067438e+00	2.635627e-02	8.929902e-02	1.255643e-01	1.186160e-01	3.252780e-01	2.507452e-02	1.529270e-01	1.105917e+00	7.750979e-01	2.722287e-02	5.264159e-02	3.872262e+00	6.050051e-01	1.778689e-01	1.058379e+00	1.085943e-01	1.329575e+00	4.302157e-01	1.803405e-01	1.613586e-01	2.886692e-01	2.725694e-01	2.086618e-01	3.910333e-02	5.089268e-02	1.128349e+00	1.115541e+00	2.232138e-01	4.645733e+00	-1.042002e-07	
5.754769e-01	0.000000e+00	5.568008e-01	5.169705e-01	1.067374e+00	2.635956e-02	8.924606e-02	1.255659e-01	1.186155e-01	3.252769e-01	2.509550e-02	1.529524e-01	1.106159e+00	7.750773e-01	2.723852e-02	5.264417e-02	3.872416e+00	6.049839e-01	1.778598e-01	1.058445e+00	1.086095e-01	1.329774e+00	4.302460e-01	1.803642e-01	1.613425e-01	2.886070e-01	2.725755e-01	2.083719e-01	3.909916e-02	5.090161e-02	1.128436e+00	1.115598e+00	2.231796e-01	4.645439e+00	-4.384672e-08	
5.754769e-01	0.000000e+00	5.562808e-01	5.173495e-01	1.067492e+00	2.636237e-02	8.929195e-02	1.255685e-01	1.186012e-01	3.252766e-01	2.505107e-02	1.529504e-01	1.105855e+00	7.751075e-01	2.722484e-02	5.263864e-02	3.871883e+00	6.048093e-01	1.778919e-01	1.058385e+00	1.085791e-01	1.329352e+00	4.302813e-01	1.802928e-01	1.613305e-01	2.885101e-01	2.726928e-01	2.085102e-01	3.910901e-02	5.088603e-02	1.128260e+00	1.115716e+00	2.234066e-01	4.645933e+00	-8.801152e-08	
5.754769e-01	0.000000e+00	5.555020e-01	5.168230e-01	1.067720e+00	2.636584e-02	8.928213e-02	1.255694e-01	1.187515e-01	3.252771e-01	2.506700e-02	1.529803e-01	1.105689e+00	7.751185e-01	2.722459e-02	5.264072e-02	3.872843e+00	6.049918e-01	1.779759e-01	1.058788e+00	1.085788e-01	1.329324e+00	4.302031e-01	1.803035e-01	1.613195e-01	2.884351e-01	2.725873e-01	2.084921e-01	3.910916e-02	5.090574e-02	1.128358e+00	1.115675e+00	2.233850e-01	4.646032e+00	-9.120525e-08	
5.754769e-01	0.000000e+00	5.562134e-01	5.171100e-01	1.067168e+00	2.635992e-02	8.928642e-02	1.255695e-01	1.186147e-01	3.252778e-01	2.509601e-02	1.529421e-01	1.106323e+00	7.750876e-01	2.723196e-02	5.263679e-02	3.872106e+00	6.047282e-01	1.778357e-01	1.057950e+00	1.085952e-01	1.329647e+00	4.302991e-01	1.803247e-01	1.613808e-01	2.886671e-01	2.726194e-01	2.085357e-01	3.909245e-02	5.088189e-02	1.128325e+00	1.115692e+00	2.232944e-01	4.645653e+00	-7.644499e-08	
5.754769e-01	0.000000e+00	5.563251e-01	5.171205e-01	1.067348e+00	2.636048e-02	8.930102e-02	1.255752e-01	1.186389e-01	3.252776e-01	2.506303e-02	1.529157e-01	1.106105e+00	7.751068e-01	2.722952e-02	5.264113e-02	3.871969e+00	6.046948e-01	1.779325e-01	1.058793e+00	1.085901e-01	1.329419e+00	4.303422e-01	1.803491e-01	1.613013e-01	2.885015e-01	2.726057e-01	2.085582e-01	3.909542e-02	5.089867e-02	1.128354e+00	1.115743e+00	2.233728e-01	4.645038e+00	-9.513238e-08	
5.754769e-01	0.000000e+00	5.557327e-01	5.166522e-01	1.067977e+00	2.636333e-02	8.922269e-02	1.255747e-01	1.187220e-01	3.252766e-01	2.505086e-02	1.530175e-01	1.105499e+00	7.750981e-01	2.722979e-02	5.263955e-02	3.873321e+00	6.052948e-01	1.778852e-01	1.058410e+00	1.085981e-01	1.329450e+00	4.299942e-01	1.802338e-01	1.612748e-01	2.884416e-01	2.724299e-01	2.085130e-01	3.911034e-02	5.091811e-02	1.128680e+00	1.115439e+00	2.230954e-01	4.645543e+00	-5.588383e-08	
5.754769e-01	0.000000e+00	5.553807e-01	5.173622e-01	1.067785e+00	2.637397e-02	8.928449e-02	1.255715e-01	1.187246e-01	3.252755e-01	2.506484e-02	1.529699e-01	1.105798e+00	7.750926e-01	2.722694e-02	5.264293e-02	3.873044e+00	6.047690e-01	1.779415e-01	1.058486e+00	1.085726e-01	1.329242e+00	4.303204e-01	1.802867e-01	1.613247e-01	2.884590e-01	2.727409e-01	2.083805e-01	3.911008e-02	5.090814e-02	1.128071e+00	1.115823e+00	2.236001e-01	4.646631e+00	-8.599653e-08	
5.754769e-01	0.000000e+00	5.562112e-01	5.166056e-01	1.067660e+00	2.636372e-02	8.925333e-02	1.255711e-01	1.187034e-01	3.252773e-01	2.506764e-02	1.529376e-01	1.106030e+00	7.751010e-01	2.722852e-02	5.264380e-02	3.872582e+00	6.050658e-01	1.779246e-01	1.058740e+00	1.085944e-01	1.329445e+00	4.301207e-01	1.803201e-01	1.613227e-01	2.885575e-01	2.724967e-01	2.085656e-01	3.910105e-02	5.092318e-02	1.128333e+00	1.115638e+00	2.232310e-01	4.645638e+00	-4.784618e-08	
5.754769e-01	0.000000e+00	5.560550e-01	5.167435e-01	1.067431e+00	2.636512e-02	8.931781e-02	1.255684e-01	1.186943e-01	3.252776e-01	2.506036e-02	1.529456e-01	1.105969e+00	7.750972e-01	2.722933e-02	5.263657e-02	3.872651e+00	6.048032e-01	1.778885e-01	1.058411e+00	1.085855e-01	1.329341e+00	4.303362e-01	1.803113e-01	1.613537e-01	2.885966e-01	2.726253e-01	2.085179e-01	3.910030e-02	5.089127e-02	1.128392e+00	1.115671e+00	2.234781e-01	4.645732e+00	-9.871255e-08	
5.754767e-01	1.211595e-17	5.566975e-01	5.170627e-01	1.067288e+00	2.636322e-02	8.929333e-02	1.255646e-01	1.186736e-01	3.252758e-01	2.505796e-02	1.529259e-01	1.105920e+00	7.750924e-01	2.722528e-02	5.264039e-02	3.872148e+00	6.047746e-01	1.778624e-01	1.058272e+00	1.085747e-01	1.329280e+00	4.304023e-01	1.803209e-01	1.613245e-01	2.885918e-01	2.727070e-01	2.084342e-01	3.911174e-02	5.089094e-02	1.128100e+00	1.115719e+00	2.234819e-01	4.646965e+00	3.480797e-09	
5.754769e-01	0.000000e+00	5.562593e-01	5.177304e-01	1.067287e+00	2.636139e-02	8.929091e-02	1.255691e-01	1.185619e-01	3.252784e-01	2.509441e-02	1.529122e-01	1.106315e+00	7.750781e-01	2.723445e-02	5.264530e-02	3.872196e+00	6.048051e-01	1.778060e-01	1.057854e+00	1.085867e-01	1.329450e+00	4.302505e-01	1.803418e-01	1.613846e-01	2.885751e-01	2.726897e-01	2.083788e-01	3.910122e-02	5.088641e-02	1.128241e+00	1.115659e+00	2.233861e-01	4.645532e+00	-8.194249e-08	
5.754770e-01	0.000000e+00	5.555238e-01	5.162121e-01	1.067731e+00	2.636313e-02	8.922963e-02	1.255751e-01	1.187504e-01	3.252763e-01	2.506450e-02	1.529906e-01	1.105530e+00	7.751154e-01	2.722664e-02	5.263853e-02	3.872612e+00	6.050192e-01	1.779682e-01	1.058746e+00	1.085808e-01	1.329346e+00	4.299531e-01	1.802786e-01	1.613000e-01	2.883895e-01	2.723582e-01	2.084539e-01	3.911905e-02	5.091788e-02	1.128541e+00	1.115632e+00	2.232458e-01	4.645817e+00	-6.791972e-08	
5.754770e-01	0.000000e+00	5.567679e-01	5.167326e-01	1.067100e+00	2.635689e-02	8.930523e-02	1.255712e-01	1.186260e-01	3.252774e-01	2.504187e-02	1.529309e-01	1.106231e+00	7.751100e-01	2.723054e-02	5.263422e-02	3.871549e+00	6.048127e-01	1.778646e-01	1.058455e+00	1.085932e-01	1.329435e+00	4.302014e-01	1.803232e-01	1.613600e-01	2.886382e-01	2.725862e-01	2.086050e-01	3.909850e-02	5.087772e-02	1.128440e+00	1.115717e+00	2.233534e-01	4.645063e+00	-5.457648e-08	
5.754770e-01	0.000000e+00	5.559101e-01	5.176567e-01	1.067448e+00	2.636520e-02	8.928824e-02	1.255651e-01	1.186253e-01	3.252772e-01	2.508110e-02	1.529705e-01	1.106136e+00	7.751039e-01	2.722443e-02	5.263943e-02	3.872001e+00	6.049746e-01	1.778813e-01	1.058120e+00	1.085744e-01	1.329380e+00	4.301687e-01	1.803007e-01	1.613939e-01	2.885833e-01	2.727190e-01	2.084761e-01	3.910766e-02	5.089623e-02	1.128372e+00	1.115582e+00	2.233185e-01	4.646017e+00	-7.197747e-08	
5.754764e-01	2.536057e-18	5.555390e-01	5.167785e-01	1.067982e+00	2.637133e-02	8.928989e-02	1.255712e-01	1.187853e-01	3.252749e-01	2.501849e-02	1.530196e-01	1.105499e+00	7.751378e-01	2.721824e-02	5.263046e-02	3.872358e+00	6.050153e-01	1.779938e-01	1.058939e+00	1.085764e-01	1.329184e+00	4.301985e-01	1.802361e-01	1.612861e-01	2.884701e-01	2.726981e-01	2.086619e-01	3.911033e-02	5.091550e-02	1.128483e+00	1.115619e+00	2.234970e-01	4.646145e+00	1.592500e-09	
5.754770e-01	0.000000e+00	5.544593e-01	5.170889e-01	1.068406e+00	2.637852e-02	8.917789e-02	1.255755e-01	1.188569e-01	3.252747e-01	2.502763e-02	1.530426e-01	1.105095e+00	7.750918e-01	2.722652e-02	5.264748e-02	3.874619e+00	6.053840e-01	1.779848e-01	1.058995e+00	1.085841e-01	1.329006e+00	4.299292e-01	1.802032e-01	1.612488e-01	2.881616e-01	2.724891e-01	2.083149e-01	3.911662e-02	5.095924e-02	1.128398e+00	1.115630e+00	2.232485e-01	4.646790e+00	-6.200342e-08	
5.754770e-01	0.000000e+00	5.561688e-01	5.172443e-01	1.067288e+00	2.636241e-02	8.928708e-02	1.255684e-01	1.186466e-01	3.252776e-01	2.506940e-02	1.529571e-01	1.105855e+00	7.751087e-01	2.722395e-02	5.263894e-02	3.872616e+00	6.049803e-01	1.778828e-01	1.058416e+00	1.085912e-01	1.329472e+00	4.302724e-01	1.803182e-01	1.613492e-01	2.885259e-01	2.726045e-01	2.086150e-01	3.910326e-02	5.087979e-02	1.128420e+00	1.115656e+00	2.233144e-01	4.645846e+00	-2.987241e-08	
5.754770e-01	0.000000e+00	5.556275e-01	5.171544e-01	1.067553e+00	2.636232e-02	8.927935e-02	1.255669e-01	1.186842e-01	3.252772e-01	2.505298e-02	1.529937e-01	1.105458e+00	7.751101e-01	2.722225e-02	5.263770e-02	3.872945e+00	6.052408e-01	1.779286e-01	1.058496e+00	1.085886e-01	1.329519e+00	4.303484e-01	1.803067e-01	1.613083e-01	2.884317e-01	2.725746e-01	2.086129e-01	3.910735e-02	5.087928e-02	1.128803e+00	1.115401e+00	2.232021e-01	4.645959e+00	-1.022151e-07	
5.754770e-01	0.000000e+00	5.552566e-01	5.171796e-01	1.068140e+00	2.637901e-02	8.920280e-02	1.255714e-01	1.187918e-01	3.252754e-01	2.506047e-02	1.530355e-01	1.105688e+00	7.750967e-01	2.723260e-02	5.264376e-02	3.873804e+00	6.053451e-01	1.779584e-01	1.058900e+00	1.085947e-01	1.329310e+00	4.300696e-01	1.802392e-01	1.612977e-01	2.883721e-01	2.725899e-01	2.083330e-01	3.911172e-02	5.093679e-02	1.128216e+00	1.115725e+00	2.233563e-01	4.646850e+00	-2.278518e-08	
5.754770e-01	0.000000e+00	5.556034e-01	5.170315e-01	1.067668e+00	2.637319e-02	8.924634e-02	1.255732e-01	1.187300e-01	3.252759e-01	2.506483e-02	1.529637e-01	1.105813e+00	7.750915e-01	2.722481e-02	5.264689e-02	3.872810e+00	6.049374e-01	1.779433e-01	1.058737e+00	1.085806e-01	1.329226e+00	4.301437e-01	1.803039e-01	1.613057e-01	2.883833e-01	2.725625e-01	2.084072e-01	3.911244e-02	5.090214e-02	1.128158e+00	1.115818e+00	2.234528e-01	4.646401e+00	-5.573333e-08	
5.754770e-01	0.000000e+00	5.561755e-01	5.169699e-01	1.067460e+00	2.636763e-02	8.925778e-02	1.255695e-01	1.186925e-01	3.252756e-01	2.505954e-02	1.529310e-01	1.105836e+00	7.750963e-01	2.722738e-02	5.264394e-02	3.872279e+00	6.048124e-01	1.779173e-01	1.058597e+00	1.085842e-01	1.329337e+00	4.303551e-01	1.803182e-01	1.612962e-01	2.885357e-01	2.726176e-01	2.084261e-01	3.910827e-02	5.089062e-02	1.128236e+00	1.115783e+00	2.233967e-01	4.646504e+00	-1.039965e-07	
5.754770e-01	0.000000e+00	5.558204e-01	5.166938e-01	1.067591e+00	2.636622e-02	8.930938e-02	1.255714e-01	1.187466e-01	3.252768e-01	2.501900e-02	1.529260e-01	1.105859e+00	7.751267e-01	2.721652e-02	5.263334e-02	3.871901e+00	6.047746e-01	1.779425e-01	1.058749e+00	1.085721e-01	1.329045e+00	4.301709e-01	1.802595e-01	1.613178e-01	2.885208e-01	2.726465e-01	2.086539e-01	3.910882e-02	5.089030e-02	1.128293e+00	1.115745e+00	2.235140e-01	4.645984e+00	-7.994814e-08	
5.754770e-01	0.000000e+00	5.558029e-01	5.171087e-01	1.067309e+00	2.635990e-02	8.932130e-02	1.255686e-01	1.186986e-01	3.252768e-01	2.502849e-02	1.529411e-01	1.105671e+00	7.751187e-01	2.721979e-02	5.263246e-02	3.872494e+00	6.048613e-01	1.779572e-01	1.058781e+00	1.085816e-01	1.329289e+00	4.305036e-01	1.803147e-01	1.612960e-01	2.885255e-01	2.726339e-01	2.087014e-01	3.910576e-02	5.087492e-02	1.128567e+00	1.115563e+00	2.234823e-01	4.646082e+00	-3.168105e-08	
5.754770e-01	0.000000e+00	5.563353e-01	5.170964e-01	1.067412e+00	2.636346e-02	8.927935e-02	1.255685e-01	1.186621e-01	3.252778e-01	2.505362e-02	1.529169e-01	1.106174e+00	7.751007e-01	2.722647e-02	5.264370e-02	3.872093e+00	6.049382e-01	1.778753e-01	1.058455e+00	1.085914e-01	1.329387e+00	4.301268e-01	1.803210e-01	1.613512e-01	2.885687e-01	2.725833e-01	2.085835e-01	3.910087e-02	5.089615e-02	1.128250e+00	1.115676e+00	2.233435e-01	4.645867e+00	-9.677728e-08	
5.754771e-01	0.000000e+00	5.561841e-01	5.165427e-01	1.067434e+00	2.635930e-02	8.932208e-02	1.255714e-01	1.187395e-01	3.252768e-01	2.503290e-02	1.529358e-01	1.105872e+00	7.751188e-01	2.722326e-02	5.263301e-02	3.872018e+00	6.047088e-01	1.779636e-01	1.058910e+00	1.085819e-01	1.329280e+00	4.303369e-01	1.803010e-01	1.612955e-01	2.885633e-01	2.726366e-01	2.085835e-01	3.910410e-02	5.089424e-02	1.128452e+00	1.115661e+00	2.234241e-01	4.645627e+00	-1.531873e-07	
5.754764e-01	1.346122e-17	5.552528e-01	5.169825e-01	1.068002e+00	2.637223e-02	8.923353e-02	1.255787e-01	1.187687e-01	3.252756e-01	2.502291e-02	1.529803e-01	1.105643e+00	7.751059e-01	2.723593e-02	5.264534e-02	3.873055e+00	6.049962e-01	1.779743e-01	1.059051e+00	1.085894e-01	1.329186e+00	4.300262e-01	1.802605e-01	1.612955e-01	2.882842e-01	2.725646e-01	2.083176e-01	3.911272e-02	5.093809e-02	1.128244e+00	1.115856e+00	2.234643e-01	4.645850e+00	3.668953e-09	
5.754771e-01	0.000000e+00	5.559498e-01	5.168326e-01	1.067704e+00	2.635991e-02	8.931593e-02	1.255665e-01	1.186799e-01	3.252769e-01	2.506621e-02	1.529866e-01	1.105600e+00	7.751180e-01	2.722704e-02	5.263658e-02	3.872187e+00	6.048361e-01	1.779219e-01	1.058653e+00	1.085925e-01	1.329442e+00	4.303201e-01	1.802965e-01	1.613195e-01	2.884743e-01	2.726482e-01	2.084849e-01	3.910669e-02	5.088433e-02	1.128521e+00	1.115542e+00	2.233556e-01	4.645775e+00	-1.012114e-07	
5.754771e-01	0.000000e+00	5.564115e-01	5.166049e-01	1.067510e+00	2.635673e-02	8.917580e-02	1.255752e-01	1.186332e-01	3.252776e-01	2.509116e-02	1.529071e-01	1.106162e+00	7.750623e-01	2.724833e-02	5.265421e-02	3.873163e+00	6.051008e-01	1.778139e-01	1.058260e+00	1.086174e-01	1.329660e+00	4.299376e-01	1.803437e-01	1.613078e-01	2.884733e-01	2.723333e-01	2.082596e-01	3.910063e-02	5.092617e-02	1.128428e+00	1.115622e+00	2.230186e-01	4.644907e+00	-1.060530e-07	
5.754771e-01	0.000000e+00	5.555146e-01	5.164595e-01	1.067608e+00	2.636635e-02	8.928509e-02	1.255740e-01	1.187832e-01	3.252773e-01	2.502009e-02	1.530024e-01	1.105442e+00	7.751211e-01	2.722152e-02	5.263578e-02	3.873021e+00	6.050659e-01	1.780283e-01	1.059423e+00	1.085879e-01	1.329206e+00	4.303315e-01	1.802833e-01	1.612666e-01	2.883626e-01	2.725984e-01	2.084869e-01	3.910388e-02	5.089290e-02	1.128654e+00	1.115601e+00	2.233759e-01	4.645714e+00	-1.142995e-07	
5.754771e-01	0.000000e+00	5.553144e-01	5.168489e-01	1.067700e+00	2.636127e-02	8.929344e-02	1.255716e-01	1.187371e-01	3.252768e-01	2.504370e-02	1.530232e-01	1.105202e+00	7.751225e-01	2.721916e-02	5.263586e-02	3.873257e+00	6.051019e-01	1.780134e-01	1.059020e+00	1.085726e-01	1.329226e+00	4.302991e-01	1.802683e-01	1.612761e-01	2.882970e-01	2.726304e-01	2.085195e-01	3.911183e-02	5.089306e-02	1.128792e+00	1.115441e+00	2.233306e-01	4.645529e+00	-8.566708e-08	
5.754771e-01	0.000000e+00	5.561310e-01	5.171829e-01	1.067451e+00	2.636789e-02	8.928261e-02	1.255711e-01	1.186855e-01	3.252759e-01	2.504429e-02	1.529360e-01	1.105920e+00	7.751170e-01	2.722697e-02	5.264079e-02	3.872202e+00	6.048414e-01	1.779108e-01	1.058579e+00	1.085824e-01	1.329317e+00	4.302298e-01	1.802875e-01	1.613516e-01	2.885037e-01	2.726321e-01	2.085759e-01	3.910545e-02	5.089076e-02	1.128229e+00	1.115791e+00	2.234728e-01	4.646284e+00	-1.144150e-07	
5.754771e-01	0.000000e+00	5.559505e-01	5.174795e-01	1.067859e+00	2.636937e-02	8.928338e-02	1.255694e-01	1.186784e-01	3.252758e-01	2.504895e-02	1.529782e-01	1.105832e+00	7.750975e-01	2.723090e-02	5.264026e-02	3.872834e+00	6.050364e-01	1.778884e-01	1.058358e+00	1.085852e-01	1.329314e+00	4.302031e-01	1.802711e-01	1.613063e-01	2.885290e-01	2.726584e-01	2.084290e-01	3.911226e-02	5.089363e-02	1.128333e+00	1.115641e+00	2.233581e-01	4.646111e+00	-9.065971e-08	
5.754771e-01	0.000000e+00	5.568001e-01	5.161050e-01	1.067057e+00	2.635560e-02	8.935011e-02	1.255716e-01	1.186476e-01	3.252780e-01	2.507216e-02	1.529104e-01	1.106301e+00	7.751027e-01	2.722930e-02	5.263288e-02	3.871838e+00	6.045651e-01	1.778927e-01	1.058720e+00	1.085948e-01	1.329386e+00	4.303232e-01	1.803514e-01	1.613302e-01	2.886555e-01	2.725689e-01	2.085664e-01	3.909734e-02	5.088022e-02	1.128213e+00	1.115789e+00	2.234533e-01	4.645276e+00	-1.014131e-07	
5.754771e-01	0.000000e+00	5.560833e-01	5.167306e-01	1.067740e+00	2.636698e-02	8.921993e-02	1.255698e-01	1.187526e-01	3.252756e-01	2.508824e-02	1.529398e-01	1.105995e+00	7.750816e-01	2.723638e-02	5.264787e-02	3.872236e+00	6.047719e-01	1.778758e-01	1.058329e+00	1.085871e-01	1.329417e+00	4.300835e-01	1.803162e-01	1.613344e-01	2.884717e-01	2.725444e-01	2.082172e-01	3.911606e-02	5.092181e-02	1.128168e+00	1.115802e+00	2.233494e-01	4.646334e+00	-1.608729e-07	
5.754771e-01	0.000000e+00	5.563979e-01	5.173486e-01	1.067461e+00	2.635870e-02	8.934252e-02	1.255662e-01	1.186208e-01	3.252776e-01	2.502135e-02	1.529493e-01	1.105739e+00	7.751326e-01	2.721456e-02	5.263402e-02	3.871504e+00	6.049019e-01	1.779157e-01	1.058595e+00	1.085759e-01	1.329285e+00	4.302355e-01	1.802777e-01	1.613332e-01	2.885187e-01	2.726872e-01	2.087155e-01	3.911073e-02	5.086298e-02	1.128584e+00	1.115502e+00	2.234204e-01	4.645350e+00	-9.258198e-08	
5.754772e-01	0.000000e+00	5.557567e-01	5.165306e-01	1.067815e+00	2.636382e-02	8.926788e-02	1.255746e-01	1.187366e-01	3.252770e-01	2.506386e-02	1.529736e-01	1.105620e+00	7.751024e-01	2.722832e-02	5.263807e-02	3.873084e+00	6.050275e-01	1.779047e-01	1.058561e+00	1.085963e-01	1.329400e+00	4.301513e-01	1.802685e-01	1.612738e-01	2.884401e-01	2.724802e-01	2.085441e-01	3.910599e-02	5.091208e-02	1.128543e+00	1.115571e+00	2.233044e-01	4.645494e+00	-1.280528e-07	
5.754772e-01	0.000000e+00	5.562390e-01	5.167700e-01	1.067428e+00	2.635955e-02	8.927015e-02	1.255637e-01	1.186741e-01	3.252769e-01	2.511130e-02	1.529509e-01	1.106289e+00	7.750845e-01	2.723781e-02	5.263808e-02	3.872162e+00	6.048374e-01	1.778592e-01	1.058217e+00	1.085926e-01	1.329470e+00	4.302842e-01	1.803314e-01	1.613572e-01	2.886898e-01	2.726422e-01	2.083164e-01	3.910744e-02	5.088771e-02	1.128181e+00	1.115705e+00	2.232934e-01	4.646387e+00	-1.309736e-07	
5.754772e-01	0.000000e+00	5.559896e-01	5.162488e-01	1.067528e+00	2.635750e-02	8.927432e-02	1.255710e-01	1.187321e-01	3.252771e-01	2.508593e-02	1.529799e-01	1.105837e+00	7.751061e-01	2.722611e-02	5.263978e-02	3.872738e+00	6.050046e-01	1.779561e-01	1.058804e+00	1.085919e-01	1.329548e+00	4.301540e-01	1.803014e-01	1.613116e-01	2.884737e-01	2.724686e-01	2.084405e-01	3.910615e-02	5.089818e-02	1.128590e+00	1.115496e+00	2.232152e-01	4.645305e+00	-1.583726e-07	
5.754762e-01	1.875385e-17	5.567883e-01	5.168839e-01	1.067000e+00	2.635016e-02	8.927147e-02	1.255707e-01	1.185645e-01	3.252789e-01	2.507622e-02	1.529225e-01	1.106162e+00	7.750961e-01	2.723240e-02	5.263636e-02	3.871585e+00	6.047427e-01	1.778400e-01	1.058162e+00	1.086003e-01	1.329711e+00	4.302382e-01	1.803323e-01	1.613472e-01	2.886697e-01	2.724684e-01	2.085914e-01	3.909649e-02	5.086916e-02	1.128709e+00	1.115504e+00	2.230844e-01	4.644763e+00	4.330572e-09	
5.754772e-01	0.000000e+00	5.560710e-01	5.168873e-01	1.067677e+00	2.636644e-02	8.924233e-02	1.255714e-01	1.186846e-01	3.252765e-01	2.508972e-02	1.529621e-01	1.105810e+00	7.750961e-01	2.723011e-02	5.264421e-02	3.872972e+00	6.049910e-01	1.779092e-01	1.058579e+00	1.085912e-01	1.329488e+00	4.301071e-01	1.803172e-01	1.613334e-01	2.884457e-01	2.725485e-01	2.083841e-01	3.910418e-02	5.092945e-02	1.128237e+00	1.115713e+00	2.232649e-01	4.645965e+00	-1.322917e-07	
5.754772e-01	0.000000e+00	5.562161e-01	5.169298e-01	1.067191e+00	2.635783e-02	8.931164e-02	1.255688e-01	1.186295e-01	3.252794e-01	2.506350e-02	1.529532e-01	1.106057e+00	7.750970e-01	2.722629e-02	5.263632e-02	3.872476e+00	6.047942e-01	1.778561e-01	1.058248e+00	1.086003e-01	1.329610e+00	4.303736e-01	1.803255e-01	1.613453e-01	2.885662e-01	2.725696e-01	2.086662e-01	3.908971e-02	5.086251e-02	1.128535e+00	1.115567e+00	2.232847e-01	4.645303e+00	-1.593452e-07	
5.754772e-01	0.000000e+00	5.558210e-01	5.169313e-01	1.067793e+00	2.637415e-02	8.928858e-02	1.255665e-01	1.187348e-01	3.252765e-01	2.507223e-02	1.529467e-01	1.106176e+00	7.750848e-01	2.723153e-02	5.264125e-02	3.872406e+00	6.048606e-01	1.778789e-01	1.058170e+00	1.085769e-01	1.329309e+00	4.301315e-01	1.803127e-01	1.613759e-01	2.885962e-01	2.726944e-01	2.084401e-01	3.911058e-02	5.091680e-02	1.127954e+00	1.115841e+00	2.235686e-01	4.646901e+00	-1.286828e-07	
5.754763e-01	3.325553e-17	5.561686e-01	5.164148e-01	1.067659e+00	2.636465e-02	8.923792e-02	1.255708e-01	1.187242e-01	3.252765e-01	2.507842e-02	1.529462e-01	1.105943e+00	7.751062e-01	2.722931e-02	5.263715e-02	3.872069e+00	6.050761e-01	1.778706e-01	1.058433e+00	1.085950e-01	1.329346e+00	4.300688e-01	1.802995e-01	1.613369e-01	2.886179e-01	2.724998e-01	2.085534e-01	3.910845e-02	5.090820e-02	1.128214e+00	1.115740e+00	2.232754e-01	4.646351e+00	5.766760e-09	
5.754763e-01	1.090454e-16	5.565013e-01	5.164973e-01	1.067329e+00	2.635880e-02	8.927535e-02	1.255695e-01	1.187016e-01	3.252754e-01	2.507234e-02	1.529186e-01	1.105982e+00	7.751006e-01	2.723188e-02	5.263643e-02	3.871939e+00	6.048223e-01	1.778927e-01	1.058399e+00	1.085859e-01	1.329501e+00	4.303107e-01	1.803294e-01	1.613472e-01	2.886212e-01	2.725975e-01	2.084586e-01	3.910932e-02	5.089968e-02	1.128357e+00	1.115732e+00	2.234153e-01	4.645820e+00	1.044248e-08	
5.754772e-01	0.000000e+00	5.557312e-01	5.166808e-01	1.067696e+00	2.636652e-02	8.922508e-02	1.255753e-01	1.187080e-01	3.252765e-01	2.506243e-02	1.529841e-01	1.105557e+00	7.750856e-01	2.723236e-02	5.264510e-02	3.873662e+00	6.051841e-01	1.779274e-01	1.058770e+00	1.085934e-01	1.329353e+00	4.300995e-01	1.802751e-01	1.612661e-01	2.883278e-01	2.725034e-01	2.082827e-01	3.911156e-02	5.090779e-02	1.128480e+00	1.115587e+00	2.233197e-01	4.645819e+00	-1.319556e-07	
5.754772e-01	0.000000e+00	5.559935e-01	5.168617e-01	1.067509e+00	2.636347e-02	8.932969e-02	1.255672e-01	1.186968e-01	3.252763e-01	2.506587e-02	1.529478e-01	1.105945e+00	7.751128e-01	2.722158e-02	5.263825e-02	3.872271e+00	6.046808e-01	1.779583e-01	1.058854e+00	1.085790e-01	1.329286e+00	4.303416e-01	1.803261e-01	1.613292e-01	2.884615e-01	2.726878e-01	2.085258e-01	3.911113e-02	5.089719e-02	1.128096e+00	1.115802e+00	2.235460e-01	4.646199e+00	-1.662890e-07	
5.754761e-01	6.462959e-16	5.560693e-01	5.167333e-01	1.067246e+00	2.636437e-02	8.930776e-02	1.255699e-01	1.187106e-01	3.252765e-01	2.505314e-02	1.529103e-01	1.105845e+00	7.750994e-01	2.722354e-02	5.263843e-02	3.872014e+00	6.048113e-01	1.779284e-01	1.058691e+00	1.085760e-01	1.329143e+00	4.303782e-01	1.803225e-01	1.613171e-01	2.885542e-01	2.726840e-01	2.085011e-01	3.910874e-02	5.088551e-02	1.128251e+00	1.115796e+00	2.235475e-01	4.646302e+00	2.542235e-08	
5.754772e-01	0.000000e+00	5.559117e-01	5.167165e-01	1.067624e+00	2.636209e-02	8.931340e-02	1.255683e-01	1.187152e-01	3.252758e-01	2.503986e-02	1.529449e-01	1.105570e+00	7.751165e-01	2.722353e-02	5.263999e-02	3.872310e+00	6.049795e-01	1.779435e-01	1.058727e+00	1.085763e-01	1.329253e+00	4.302611e-01	1.802945e-01	1.613310e-01	2.884418e-01	2.725921e-01	2.085546e-01	3.911157e-02	5.089714e-02	1.128575e+00	1.115533e+00	2.233583e-01	4.645946e+00	-1.057377e-07	
5.754761e-01	9.497667e-16	5.558521e-01	5.171070e-01	1.067863e+00	2.637368e-02	8.927460e-02	1.255638e-01	1.187220e-01	3.252754e-01	2.506771e-02	1.529948e-01	1.105979e+00	7.750910e-01	2.723324e-02	5.264356e-02	3.872630e+00	6.050173e-01	1.779276e-01	1.058586e+00	1.085894e-01	1.329474e+00	4.302845e-01	1.803185e-01	1.613263e-01	2.885114e-01	2.727587e-01	2.082608e-01	3.911260e-02	5.091037e-02	1.128311e+00	1.115637e+00	2.234092e-01	4.646455e+00	3.081829e-08	
5.754772e-01	0.000000e+00	5.560159e-01	5.166697e-01	1.067680e+00	2.636535e-02	8.927762e-02	1.255676e-01	1.187273e-01	3.252763e-01	2.505267e-02	1.529786e-01	1.105853e+00	7.751223e-01	2.722663e-02	5.263832e-02	3.871947e+00	6.050157e-01	1.779327e-01	1.058789e+00	1.085934e-01	1.329347e+00	4.301576e-01	1.802827e-01	1.613304e-01	2.885839e-01	2.725846e-01	2.085798e-01	3.910757e-02	5.091876e-02	1.128450e+00	1.115640e+00	2.232631e-01	4.646137e+00	-1.360915e-07	
5.754772e-01	0.000000e+00	5.553881e-01	5.170857e-01	1.068113e+00	2.637541e-02	8.924265e-02	1.255698e-01	1.187666e-01	3.252760e-01	2.506376e-02	1.529870e-01	1.105792e+00	7.750864e-01	2.723142e-02	5.264823e-02	3.873243e+00	6.049731e-01	1.779051e-01	1.058302e+00	1.085789e-01	1.329257e+00	4.300530e-01	1.802635e-01	1.613059e-01	2.884401e-01	2.726161e-01	2.083352e-01	3.911447e-02	5.092960e-02	1.128175e+00	1.115709e+00	2.233681e-01	4.646637e+00	-1.332333e-07	
5.754772e-01	0.000000e+00	5.551884e-01	5.172787e-01	1.067876e+00	2.637209e-02	8.928303e-02	1.255667e-01	1.187446e-01	3.252753e-01	2.506945e-02	1.530131e-01	1.105460e+00	7.750892e-01	2.722096e-02	5.264125e-02	3.873305e+00	6.051010e-01	1.779495e-01	1.058574e+00	1.085700e-01	1.329111e+00	4.302697e-01	1.802883e-01	1.612894e-01	2.883819e-01	2.727122e-01	2.084050e-01	3.911661e-02	5.090554e-02	1.128343e+00	1.115581e+00	2.234310e-01	4.646924e+00	-1.204522e-07	
5.754763e-01	2.402648e-16	5.560252e-01	5.167423e-01	1.067443e+00	2.635825e-02	8.923765e-02	1.255725e-01	1.186600e-01	3.252782e-01	2.509290e-02	1.529755e-01	1.106069e+00	7.750895e-01	2.723951e-02	5.264140e-02	3.872562e+00	6.050083e-01	1.778939e-01	1.058506e+00	1.086055e-01	1.329640e+00	4.301674e-01	1.803177e-01	1.613249e-01	2.884941e-01	2.724780e-01	2.083107e-01	3.910125e-02	5.089812e-02	1.128492e+00	1.115626e+00	2.230825e-01	4.645368e+00	1.550048e-08	
5.754763e-01	2.070395e-15	5.562786e-01	5.168233e-01	1.067626e+00	2.636880e-02	8.927058e-02	1.255741e-01	1.186853e-01	3.252759e-01	2.506049e-02	1.529671e-01	1.106060e+00	7.751063e-01	2.722812e-02	5.263814e-02	3.871969e+00	6.047320e-01	1.779193e-01	1.058632e+00	1.085878e-01	1.329423e+00	4.301607e-01	1.802964e-01	1.612959e-01	2.885188e-01	2.726402e-01	2.084824e-01	3.910663e-02	5.092445e-02	1.128121e+00	1.115849e+00	2.234404e-01	4.645898e+00	4.550160e-08	
5.754767e-01	5.394453e-17	5.561021e-01	5.164680e-01	1.067793e+00	2.636890e-02	8.929736e-02	1.255691e-01	1.187596e-01	3.252756e-01	2.502682e-02	1.529896e-01	1.105506e+00	7.751161e-01	2.721743e-02	5.263534e-02	3.872876e+00	6.049866e-01	1.779762e-01	1.059191e+00	1.085833e-01	1.329150e+00	4.302120e-01	1.802542e-01	1.612619e-01	2.884012e-01	2.726338e-01	2.084388e-01	3.911502e-02	5.091483e-02	1.128459e+00	1.115568e+00	2.233776e-01	4.646142e+00	7.344694e-09	
5.754773e-01	0.000000e+00	5.560361e-01	5.169566e-01	1.067572e+00	2.636252e-02	8.927590e-02	1.255674e-01	1.186607e-01	3.252772e-01	2.507751e-02	1.529673e-01	1.105885e+00	7.750932e-01	2.722750e-02	5.264147e-02	3.872551e+00	6.048195e-01	1.778913e-01	1.058340e+00	1.085823e-01	1.329398e+00	4.302573e-01	1.803067e-01	1.613198e-01	2.884989e-01	2.726195e-01	2.084543e-01	3.910592e-02	5.089659e-02	1.128387e+00	1.115585e+00	2.233080e-01	4.645896e+00	-1.448282e-07	
5.754773e-01	0.000000e+00	5.557788e-01	5.171417e-01	1.067858e+00	2.636927e-02	8.922727e-02	1.255719e-01	1.187315e-01	3.252755e-01	2.506249e-02	1.529702e-01	1.105884e+00	7.751002e-01	2.723281e-02	5.264681e-02	3.872528e+00	6.048594e-01	1.779591e-01	1.058855e+00	1.085848e-01	1.329326e+00	4.302138e-01	1.803081e-01	1.613075e-01	2.884141e-01	2.726522e-01	2.082756e-01	3.911422e-02	5.093029e-02	1.128253e+00	1.115758e+00	2.233463e-01	4.646190e+00	-1.347548e-07	
5.754773e-01	0.000000e+00	5.563922e-01	5.166066e-01	1.067433e+00	2.636010e-02	8.927902e-02	1.255675e-01	1.187085e-01	3.252763e-01	2.505756e-02	1.529827e-01	1.105947e+00	7.751010e-01	2.722370e-02	5.263317e-02	3.872549e+00	6.048624e-01	1.778852e-01	1.058484e+00	1.085944e-01	1.329430e+00	4.302793e-01	1.802582e-01	1.612938e-01	2.886276e-01	2.726307e-01	2.084594e-01	3.911110e-02	5.087472e-02	1.128567e+00	1.115485e+00	2.233241e-01	4.645804e+00	-9.581564e-08	
5.754759e-01	3.279332e-15	5.557012e-01	5.168692e-01	1.067543e+00	2.636660e-02	8.931185e-02	1.255665e-01	1.186900e-01	3.252767e-01	2.508632e-02	1.529669e-01	1.105952e+00	7.751065e-01	2.723060e-02	5.263583e-02	3.872211e+00	6.047807e-01	1.779642e-01	1.058782e+00	1.085821e-01	1.329334e+00	4.303653e-01	1.803480e-01	1.613593e-01	2.885841e-01	2.726918e-01	2.084088e-01	3.910593e-02	5.088670e-02	1.128253e+00	1.115766e+00	2.234386e-01	4.646169e+00	5.726545e-08	
5.754773e-01	0.000000e+00	5.553868e-01	5.167518e-01	1.067856e+00	2.637124e-02	8.922104e-02	1.255714e-01	1.187713e-01	3.252750e-01	2.507199e-02	1.530152e-01	1.105839e+00	7.750797e-01	2.723770e-02	5.264486e-02	3.873328e+00	6.051538e-01	1.779356e-01	1.058626e+00	1.085954e-01	1.329461e+00	4.301508e-01	1.802877e-01	1.612803e-01	2.884017e-01	2.726129e-01	2.082109e-01	3.910928e-02	5.092245e-02	1.128575e+00	1.115548e+00	2.232414e-01	4.646123e+00	-1.957890e-07	
5.754766e-01	7.277733e-17	5.562774e-01	5.169924e-01	1.067393e+00	2.636153e-02	8.929376e-02	1.255674e-01	1.186592e-01	3.252760e-01	2.506883e-02	1.529350e-01	1.105732e+00	7.751003e-01	2.722450e-02	5.264295e-02	3.872688e+00	6.048388e-01	1.779113e-01	1.058687e+00	1.085932e-01	1.329420e+00	4.304367e-01	1.803252e-01	1.612973e-01	2.885487e-01	2.726460e-01	2.085066e-01	3.910264e-02	5.089619e-02	1.128515e+00	1.115548e+00	2.232906e-01	4.645769e+00	8.530963e-09	
5.754774e-01	0.000000e+00	5.557219e-01	5.158656e-01	1.067734e+00	2.635999e-02	8.924896e-02	1.255784e-01	1.187989e-01	3.252758e-01	2.503854e-02	1.529807e-01	1.105321e+00	7.751288e-01	2.722121e-02	5.263761e-02	3.872672e+00	6.050817e-01	1.780222e-01	1.059417e+00	1.085913e-01	1.329300e+00	4.301653e-01	1.802940e-01	1.612615e-01	2.883466e-01	2.724360e-01	2.084866e-01	3.911289e-02	5.092070e-02	1.128549e+00	1.115647e+00	2.233049e-01	4.645633e+00	-7.532134e-08	
5.754774e-01	0.000000e+00	5.560886e-01	5.172197e-01	1.067514e+00	2.636197e-02	8.927975e-02	1.255720e-01	1.186826e-01	3.252781e-01	2.505055e-02	1.529320e-01	1.105960e+00	7.750903e-01	2.722970e-02	5.264424e-02	3.872940e+00	6.048858e-01	1.779009e-01	1.058710e+00	1.085944e-01	1.329297e+00	4.302183e-01	1.803233e-01	1.613219e-01	2.885132e-01	2.725631e-01	2.084666e-01	3.909757e-02	5.090531e-02	1.128462e+00	1.115597e+00	2.232911e-01	4.645186e+00	-1.661423e-07	
5.754774e-01	0.000000e+00	5.563316e-01	5.169684e-01	1.067535e+00	2.636818e-02	8.926499e-02	1.255708e-01	1.186952e-01	3.252760e-01	2.506064e-02	1.529261e-01	1.106235e+00	7.750888e-01	2.723101e-02	5.264678e-02	3.872590e+00	6.047932e-01	1.778763e-01	1.058431e+00	1.085867e-01	1.329338e+00	4.301841e-01	1.803144e-01	1.613077e-01	2.885035e-01	2.725992e-01	2.083915e-01	3.910661e-02	5.091811e-02	1.128100e+00	1.115801e+00	2.233892e-01	4.646011e+00	-1.618461e-07	
5.754761e-01	1.217528e-15	5.567264e-01	5.167869e-01	1.066959e+00	2.635043e-02	8.931985e-02	1.255662e-01	1.185635e-01	3.252794e-01	2.510370e-02	1.529286e-01	1.106190e+00	7.750921e-01	2.723179e-02	5.263544e-02	3.871813e+00	6.046686e-01	1.778446e-01	1.058133e+00	1.086011e-01	1.329743e+00	4.304092e-01	1.803801e-01	1.613415e-01	2.886897e-01	2.725910e-01	2.086088e-01	3.909384e-02	5.085398e-02	1.128592e+00	1.115533e+00	2.232009e-01	4.644968e+00	3.489310e-08	
5.754762e-01	8.321823e-17	5.555534e-01	5.167186e-01	1.067708e+00	2.637073e-02	8.924411e-02	1.255790e-01	1.187547e-01	3.252766e-01	2.504478e-02	1.529363e-01	1.106016e+00	7.750850e-01	2.723488e-02	5.264843e-02	3.872843e+00	6.048509e-01	1.779469e-01	1.058943e+00	1.085876e-01	1.329129e+00	4.301041e-01	1.803026e-01	1.612725e-01	2.883485e-01	2.725273e-01	2.082951e-01	3.910660e-02	5.092285e-02	1.128163e+00	1.115851e+00	2.234529e-01	4.645704e+00	9.122402e-09	
5.754774e-01	0.000000e+00	5.559914e-01	5.167918e-01	1.067499e+00	2.636215e-02	8.925442e-02	1.255716e-01	1.186870e-01	3.252767e-01	2.505584e-02	1.529733e-01	1.105656e+00	7.751166e-01	2.722612e-02	5.264018e-02	3.872649e+00	6.051712e-01	1.779371e-01	1.058779e+00	1.085863e-01	1.329375e+00	4.301630e-01	1.802926e-01	1.613154e-01	2.883627e-01	2.724897e-01	2.084486e-01	3.911129e-02	5.090401e-02	1.128614e+00	1.115594e+00	2.232654e-01	4.645454e+00	-1.625132e-07	
5.754774e-01	0.000000e+00	5.563105e-01	5.166870e-01	1.067279e+00	2.635171e-02	8.932799e-02	1.255693e-01	1.186144e-01	3.252788e-01	2.506383e-02	1.529290e-01	1.105950e+00	7.751154e-01	2.722622e-02	5.263263e-02	3.872069e+00	6.048982e-01	1.779132e-01	1.058593e+00	1.085967e-01	1.329575e+00	4.303391e-01	1.803283e-01	1.613239e-01	2.885944e-01	2.725003e-01	2.087528e-01	3.909708e-02	5.087212e-02	1.128600e+00	1.115549e+00	2.231896e-01	4.645109e+00	-2.045358e-07	
5.754776e-01	0.000000e+00	5.555650e-01	5.168397e-01	1.067620e+00	2.636436e-02	8.927604e-02	1.255678e-01	1.187148e-01	3.252776e-01	2.503839e-02	1.529758e-01	1.105643e+00	7.751042e-01	2.722353e-02	5.263527e-02	3.872950e+00	6.049958e-01	1.779256e-01	1.058486e+00	1.085786e-01	1.329371e+00	4.302351e-01	1.802800e-01	1.612991e-01	2.884806e-01	2.725547e-01	2.085519e-01	3.910758e-02	5.089061e-02	1.128598e+00	1.115541e+00	2.232281e-01	4.646074e+00	-8.392038e-08	
5.754777e-01	0.000000e+00	5.558250e-01	5.169537e-01	1.067670e+00	2.636837e-02	8.925703e-02	1.255706e-01	1.187503e-01	3.252759e-01	2.504749e-02	1.529586e-01	1.105781e+00	7.751072e-01	2.722377e-02	5.264376e-02	3.873078e+00	6.050737e-01	1.779364e-01	1.058892e+00	1.085896e-01	1.329209e+00	4.301753e-01	1.802909e-01	1.613036e-01	2.884307e-01	2.725848e-01	2.084740e-01	3.910940e-02	5.090809e-02	1.128386e+00	1.115630e+00	2.233848e-01	4.646080e+00	-1.945915e-07	
5.754758e-01	5.762145e-15	5.562123e-01	5.170837e-01	1.067512e+00	2.635303e-02	8.923753e-02	1.255693e-01	1.186304e-01	3.252781e-01	2.508991e-02	1.529713e-01	1.105805e+00	7.751054e-01	2.723605e-02	5.263926e-02	3.872233e+00	6.050475e-01	1.778938e-01	1.058372e+00	1.086043e-01	1.329800e+00	4.302442e-01	1.803091e-01	1.613247e-01	2.885560e-01	2.725234e-01	2.083724e-01	3.910926e-02	5.088872e-02	1.128808e+00	1.115434e+00	2.230505e-01	4.644941e+00	7.590879e-08	
5.754763e-01	8.536546e-17	5.563399e-01	5.164210e-01	1.067231e+00	2.635704e-02	8.926571e-02	1.255760e-01	1.186496e-01	3.252780e-01	2.507475e-02	1.529609e-01	1.106122e+00	7.750863e-01	2.724090e-02	5.263662e-02	3.872664e+00	6.048820e-01	1.779082e-01	1.058692e+00	1.086065e-01	1.329615e+00	4.303433e-01	1.803382e-01	1.612792e-01	2.885232e-01	2.724460e-01	2.083367e-01	3.910121e-02	5.087922e-02	1.128599e+00	1.115632e+00	2.231664e-01	4.645024e+00	9.239343e-09	
5.754777e-01	0.000000e+00	5.559648e-01	5.169815e-01	1.067701e+00	2.636675e-02	8.926876e-02	1.255672e-01	1.187054e-01	3.252768e-01	2.508895e-02	1.529709e-01	1.105806e+00	7.751000e-01	2.723133e-02	5.264330e-02	3.872707e+00	6.048914e-01	1.779117e-01	1.058506e+00	1.085858e-01	1.329436e+00	4.301434e-01	1.803202e-01	1.613560e-01	2.884745e-01	2.725894e-01	2.083371e-01	3.911198e-02	5.090458e-02	1.128134e+00	1.115812e+00	2.233894e-01	4.646327e+00	-1.698037e-07	
5.754762e-01	5.388086e-16	5.565537e-01	5.163320e-01	1.067368e+00	2.636042e-02	8.925306e-02	1.255723e-01	1.186629e-01	3.252765e-01	2.508690e-02	1.529292e-01	1.106195e+00	7.751045e-01	2.723466e-02	5.263870e-02	3.872136e+00	6.048767e-01	1.779279e-01	1.058832e+00	1.086009e-01	1.329554e+00	4.300834e-01	1.803403e-01	1.613334e-01	2.886273e-01	2.724789e-01	2.083097e-01	3.910763e-02	5.091444e-02	1.128376e+00	1.115722e+00	2.231947e-01	4.645204e+00	2.321225e-08	
5.754779e-01	0.000000e+00	5.559761e-01	5.163150e-01	1.067446e+00	2.635038e-02	8.924683e-02	1.255686e-01	1.186447e-01	3.252781e-01	2.510320e-02	1.529798e-01	1.105631e+00	7.751128e-01	2.722883e-02	5.263444e-02	3.872351e+00	6.051709e-01	1.779431e-01	1.058588e+00	1.085919e-01	1.329631e+00	4.300870e-01	1.803032e-01	1.613293e-01	2.885785e-01	2.724310e-01	2.084727e-01	3.911549e-02	5.088282e-02	1.128591e+00	1.115541e+00	2.231406e-01	4.645579e+00	-2.328910e-07	
5.754763e-01	6.490115e-16	5.552232e-01	5.166656e-01	1.067744e+00	2.636472e-02	8.935801e-02	1.255699e-01	1.187915e-01	3.252758e-01	2.502443e-02	1.530380e-01	1.105246e+00	7.751401e-01	2.721759e-02	5.262476e-02	3.872691e+00	6.050013e-01	1.780292e-01	1.059137e+00	1.085801e-01	1.329229e+00	4.304834e-01	1.802633e-01	1.612873e-01	2.884599e-01	2.727290e-01	2.086362e-01	3.910508e-02	5.088850e-02	1.128766e+00	1.115483e+00	2.234772e-01	4.645954e+00	2.547570e-08	
5.754779e-01	0.000000e+00	5.564217e-01	5.175547e-01	1.067363e+00	2.637224e-02	8.928223e-02	1.255637e-01	1.186805e-01	3.252751e-01	2.508284e-02	1.529360e-01	1.106384e+00	7.750799e-01	2.723455e-02	5.264157e-02	3.871725e+00	6.044974e-01	1.778560e-01	1.058236e+00	1.085761e-01	1.329354e+00	4.303988e-01	1.803535e-01	1.613495e-01	2.885744e-01	2.728510e-01	2.081699e-01	3.911415e-02	5.091270e-02	1.128127e+00	1.115854e+00	2.235822e-01	4.646534e+00	-1.359706e-07	
5.754758e-01	2.087511e-14	5.556945e-01	5.161725e-01	1.067669e+00	2.636047e-02	8.925771e-02	1.255788e-01	1.187302e-01	3.252769e-01	2.503387e-02	1.530104e-01	1.105588e+00	7.751234e-01	2.723104e-02	5.263227e-02	3.872869e+00	6.051554e-01	1.780082e-01	1.059323e+00	1.086059e-01	1.329469e+00	4.302336e-01	1.802697e-01	1.612113e-01	2.883942e-01	2.724241e-01	2.084576e-01	3.910405e-02	5.089525e-02	1.129030e+00	1.115381e+00	2.231078e-01	4.644637e+00	1.444822e-07	
5.754783e-01	0.000000e+00	5.563885e-01	5.171079e-01	1.067203e+00	2.634987e-02	8.932715e-02	1.255653e-01	1.186135e-01	3.252774e-01	2.505728e-02	1.529551e-01	1.105631e+00	7.751214e-01	2.722828e-02	5.263607e-02	3.872008e+00	6.048607e-01	1.779312e-01	1.058611e+00	1.085876e-01	1.329681e+00	4.305093e-01	1.803278e-01	1.613262e-01	2.885828e-01	2.726635e-01	2.085274e-01	3.910478e-02	5.086055e-02	1.128757e+00	1.115469e+00	2.232133e-01	4.645520e+00	-1.944223e-08	
5.754759e-01	8.457705e-16	5.556789e-01	5.177986e-01	1.067912e+00	2.637778e-02	8.932236e-02	1.255647e-01	1.187098e-01	3.252748e-01	2.505020e-02	1.530009e-01	1.105740e+00	7.751214e-01	2.721856e-02	5.263727e-02	3.872235e+00	6.048558e-01	1.779346e-01	1.058391e+00	1.085642e-01	1.329254e+00	4.303297e-01	1.802734e-01	1.613777e-01	2.884792e-01	2.729078e-01	2.085822e-01	3.911093e-02	5.090053e-02	1.128177e+00	1.115726e+00	2.236046e-01	4.646758e+00	2.908213e-08	
5.754761e-01	9.026943e-16	5.565323e-01	5.171690e-01	1.067197e+00	2.636186e-02	8.931602e-02	1.255641e-01	1.186567e-01	3.252766e-01	2.508834e-02	1.529156e-01	1.106243e+00	7.750870e-01	2.723208e-02	5.263995e-02	3.872024e+00	6.046126e-01	1.778769e-01	1.058204e+00	1.085726e-01	1.329383e+00	4.305177e-01	1.803599e-01	1.613679e-01	2.886674e-01	2.727763e-01	2.083576e-01	3.910482e-02	5.086947e-02	1.128215e+00	1.115721e+00	2.234954e-01	4.646075e+00	3.004487e-08	
5.754784e-01	0.000000e+00	5.562895e-01	5.168288e-01	1.067289e+00	2.636042e-02	8.927777e-02	1.255673e-01	1.186418e-01	3.252773e-01	2.509713e-02	1.529644e-01	1.105973e+00	7.750984e-01	2.723362e-02	5.264269e-02	3.872727e+00	6.050167e-01	1.778896e-01	1.058434e+00	1.086025e-01	1.329754e+00	4.302559e-01	1.803441e-01	1.613484e-01	2.885398e-01	2.725784e-01	2.083972e-01	3.909844e-02	5.090414e-02	1.128513e+00	1.115611e+00	2.231723e-01	4.645655e+00	-3.169065e-07	
5.754763e-01	7.245362e-16	5.563255e-01	5.164412e-01	1.067387e+00	2.635984e-02	8.924378e-02	1.255741e-01	1.187275e-01	3.252764e-01	2.506606e-02	1.529352e-01	1.105781e+00	7.750971e-01	2.723372e-02	5.264525e-02	3.872810e+00	6.048543e-01	1.779431e-01	1.058962e+00	1.085977e-01	1.329496e+00	4.303132e-01	1.803302e-01	1.612524e-01	2.883884e-01	2.725025e-01	2.082403e-01	3.911165e-02	5.089472e-02	1.128638e+00	1.115603e+00	2.232439e-01	4.645196e+00	2.691721e-08	
5.754764e-01	1.415087e-16	5.563645e-01	5.173214e-01	1.067201e+00	2.636646e-02	8.934445e-02	1.255662e-01	1.186806e-01	3.252778e-01	2.503560e-02	1.529222e-01	1.106150e+00	7.751169e-01	2.722179e-02	5.263586e-02	3.871695e+00	6.045044e-01	1.778998e-01	1.058489e+00	1.085741e-01	1.329196e+00	4.304707e-01	1.803069e-01	1.613517e-01	2.886301e-01	2.727884e-01	2.085841e-01	3.910067e-02	5.087099e-02	1.128341e+00	1.115675e+00	2.236029e-01	4.646040e+00	1.189574e-08	
5.754758e-01	6.194529e-15	5.567798e-01	5.165916e-01	1.067243e+00	2.635539e-02	8.932084e-02	1.255635e-01	1.186443e-01	3.252767e-01	2.508549e-02	1.528860e-01	1.106086e+00	7.751164e-01	2.722835e-02	5.263863e-02	3.870524e+00	6.045199e-01	1.778882e-01	1.058237e+00	1.085767e-01	1.329507e+00	4.303633e-01	1.803619e-01	1.613845e-01	2.887636e-01	2.726940e-01	2.085341e-01	3.910455e-02	5.088793e-02	1.128201e+00	1.115783e+00	2.233941e-01	4.646004e+00	7.870533e-08	
5.754763e-01	2.914062e-16	5.555316e-01	5.174274e-01	1.068036e+00	2.637330e-02	8.924515e-02	1.255661e-01	1.187534e-01	3.252742e-01	2.504470e-02	1.529746e-01	1.105698e+00	7.750988e-01	2.722207e-02	5.264628e-02	3.872357e+00	6.050412e-01	1.779293e-01	1.058655e+00	1.085751e-01	1.329050e+00	4.300963e-01	1.802669e-01	1.613144e-01	2.884362e-01	2.727303e-01	2.084648e-01	3.911818e-02	5.093367e-02	1.128004e+00	1.115761e+00	2.234714e-01	4.647202e+00	1.707063e-08	
5.754760e-01	9.039087e-16	5.558010e-01	5.169866e-01	1.067404e+00	2.636532e-02	8.928458e-02	1.255696e-01	1.187103e-01	3.252763e-01	2.504954e-02	1.529460e-01	1.105866e+00	7.750889e-01	2.722733e-02	5.264129e-02	3.872755e+00	6.047391e-01	1.778978e-01	1.058373e+00	1.085810e-01	1.329288e+00	4.303176e-01	1.803057e-01	1.612913e-01	2.884917e-01	2.726919e-01	2.084952e-01	3.910491e-02	5.088732e-02	1.128352e+00	1.115671e+00	2.234477e-01	4.646139e+00	3.006507e-08	
5.754762e-01	9.715740e-16	5.557372e-01	5.163121e-01	1.067847e+00	2.636644e-02	8.921331e-02	1.255738e-01	1.187673e-01	3.252762e-01	2.507664e-02	1.529844e-01	1.105651e+00	7.750982e-01	2.723508e-02	5.264466e-02	3.873155e+00	6.051471e-01	1.779480e-01	1.058862e+00	1.085987e-01	1.329502e+00	4.299994e-01	1.803041e-01	1.613040e-01	2.884187e-01	2.724507e-01	2.083837e-01	3.910971e-02	5.093465e-02	1.128264e+00	1.115737e+00	2.232474e-01	4.646199e+00	3.117008e-08	
5.754760e-01	2.195459e-15	5.567745e-01	5.165931e-01	1.066707e+00	2.635060e-02	8.929048e-02	1.255705e-01	1.186321e-01	3.252781e-01	2.507338e-02	1.529027e-01	1.106430e+00	7.750834e-01	2.723167e-02	5.263553e-02	3.872004e+00	6.047154e-01	1.778724e-01	1.058461e+00	1.086034e-01	1.329662e+00	4.305301e-01	1.803568e-01	1.613156e-01	2.886784e-01	2.725556e-01	2.084673e-01	3.909576e-02	5.086025e-02	1.128565e+00	1.115600e+00	2.232501e-01	4.645132e+00	4.685572e-08	
5.754761e-01	2.415463e-15	5.556986e-01	5.169483e-01	1.067731e+00	2.637536e-02	8.928773e-02	1.255695e-01	1.187828e-01	3.252758e-01	2.507249e-02	1.529644e-01	1.106095e+00	7.751011e-01	2.723078e-02	5.264120e-02	3.872385e+00	6.046909e-01	1.779516e-01	1.058697e+00	1.085745e-01	1.329219e+00	4.301656e-01	1.803083e-01	1.613446e-01	2.884685e-01	2.726622e-01	2.083546e-01	3.911087e-02	5.093928e-02	1.127991e+00	1.115913e+00	2.235398e-01	4.646725e+00	4.914736e-08	
5.754754e-01	2.152866e-14	5.555357e-01	5.173302e-01	1.067692e+00	2.636475e-02	8.929979e-02	1.255663e-01	1.186975e-01	3.252758e-01	2.506451e-02	1.529727e-01	1.105764e+00	7.751095e-01	2.722439e-02	5.263903e-02	3.872165e+00	6.048947e-01	1.779494e-01	1.058610e+00	1.085689e-01	1.329186e+00	4.302919e-01	1.803025e-01	1.613534e-01	2.884393e-01	2.727665e-01	2.084809e-01	3.911517e-02	5.090026e-02	1.128265e+00	1.115696e+00	2.234904e-01	4.646187e+00	1.467265e-07	
5.754762e-01	2.182977e-15	5.563177e-01	5.169946e-01	1.067338e+00	2.635824e-02	8.927550e-02	1.255651e-01	1.186593e-01	3.252759e-01	2.507336e-02	1.529693e-01	1.105950e+00	7.751040e-01	2.723039e-02	5.263821e-02	3.872419e+00	6.049789e-01	1.779191e-01	1.058606e+00	1.085899e-01	1.329512e+00	4.303456e-01	1.803046e-01	1.613218e-01	2.885141e-01	2.726731e-01	2.084230e-01	3.911157e-02	5.087805e-02	1.128540e+00	1.115564e+00	2.232897e-01	4.645688e+00	4.672234e-08	
5.754760e-01	3.062172e-15	5.554096e-01	5.173377e-01	1.067837e+00	2.637013e-02	8.922385e-02	1.255695e-01	1.187096e-01	3.252757e-01	2.508921e-02	1.530070e-01	1.105598e+00	7.750771e-01	2.723119e-02	5.264507e-02	3.873662e+00	6.050373e-01	1.778940e-01	1.058196e+00	1.085818e-01	1.329442e+00	4.301371e-01	1.802797e-01	1.613039e-01	2.883380e-01	2.726155e-01	2.082623e-01	3.911450e-02	5.091549e-02	1.128454e+00	1.115550e+00	2.232896e-01	4.646180e+00	5.533689e-08	
5.754763e-01	3.824807e-15	5.560341e-01	5.170871e-01	1.067355e+00	2.636164e-02	8.931644e-02	1.255665e-01	1.187121e-01	3.252761e-01	2.508099e-02	1.529340e-01	1.106251e+00	7.751237e-01	2.722387e-02	5.263301e-02	3.871625e+00	6.048212e-01	1.779243e-01	1.058457e+00	1.085768e-01	1.329364e+00	4.303278e-01	1.803151e-01	1.613977e-01	2.886580e-01	2.727309e-01	2.086364e-01	3.910854e-02	5.088693e-02	1.128009e+00	1.115875e+00	2.235475e-01	4.646444e+00	6.184502e-08	
5.754764e-01	1.626424e-15	5.559431e-01	5.169727e-01	1.067676e+00	2.636850e-02	8.928721e-02	1.255599e-01	1.187357e-01	3.252742e-01	2.507730e-02	1.529430e-01	1.105836e+00	7.750968e-01	2.722821e-02	5.263850e-02	3.872151e+00	6.050306e-01	1.778713e-01	1.058112e+00	1.085727e-01	1.329238e+00	4.302574e-01	1.803220e-01	1.613978e-01	2.886939e-01	2.727964e-01	2.084453e-01	3.912241e-02	5.089800e-02	1.128070e+00	1.115753e+00	2.236309e-01	4.647341e+00	4.032895e-08	
5.754763e-01	1.921173e-15	5.558695e-01	5.169655e-01	1.067605e+00	2.636708e-02	8.929285e-02	1.255697e-01	1.186983e-01	3.252759e-01	2.506524e-02	1.529572e-01	1.105644e+00	7.751133e-01	2.722412e-02	5.264010e-02	3.872136e+00	6.048637e-01	1.779618e-01	1.058739e+00	1.085718e-01	1.329243e+00	4.303075e-01	1.803300e-01	1.613474e-01	2.885176e-01	2.727097e-01	2.085563e-01	3.910766e-02	5.090726e-02	1.128043e+00	1.115868e+00	2.235723e-01	4.646620e+00	4.383118e-08	
5.754764e-01	2.331213e-15	5.554225e-01	5.173897e-01	1.067936e+00	2.637437e-02	8.929765e-02	1.255683e-01	1.187819e-01	3.252762e-01	2.504213e-02	1.529762e-01	1.105769e+00	7.751165e-01	2.722361e-02	5.264382e-02	3.873016e+00	6.048289e-01	1.779861e-01	1.059007e+00	1.085790e-01	1.329145e+00	4.302302e-01	1.802915e-01	1.613186e-01	2.884266e-01	2.727532e-01	2.084725e-01	3.910253e-02	5.092574e-02	1.128225e+00	1.115707e+00	2.234917e-01	4.646212e+00	4.828264e-08	
5.754760e-01	8.611467e-15	5.561047e-01	5.164584e-01	1.067533e+00	2.636754e-02	8.927370e-02	1.255738e-01	1.187716e-01	3.252758e-01	2.503046e-02	1.529665e-01	1.106109e+00	7.751111e-01	2.722587e-02	5.263596e-02	3.872689e+00	6.048982e-01	1.779707e-01	1.059206e+00	1.085910e-01	1.329175e+00	4.301808e-01	1.802634e-01	1.612790e-01	2.885130e-01	2.725678e-01	2.084921e-01	3.910546e-02	5.092021e-02	1.128404e+00	1.115638e+00	2.233312e-01	4.645812e+00	9.279799e-08	
