f	phi	x(1)	x(2)	x(3)	x(4)	x(5)	x(6)	x(7)	x(8)	x(9)	x(10)	x(11)	x(12)	x(13)	x(14)	x(15)	x(16)	x(17)	x(18)	x(19)	x(20)	x(21)	x(22)	x(23)	x(24)	x(25)	x(26)	x(27)	x(28)	x(29)	x(30)	x(31)	x(32)	g(1)	
5.754760e-01	0.000000e+00	5.571682e-01	5.165881e-01	1.067233e+00	2.633897e-02	8.970490e-02	1.255468e-01	1.188600e-01	3.252592e-01	2.504985e-02	1.534916e-01	1.105346e+00	7.749290e-01	2.723495e-02	5.255572e-02	3.874665e+00	6.057669e-01	1.776584e-01	1.057309e+00	1.085835e-01	1.328928e+00	4.308554e-01	1.800817e-01	1.612797e-01	2.891492e-01	2.729103e-01	2.084159e-01	3.899466e-02	5.083866e-02	1.126176e+00	1.116732e+00	2.220154e-01	4.651013e+00	-1.395014e-09	
5.754760e-01	0.000000e+00	5.570998e-01	5.165812e-01	1.067014e+00	2.633814e-02	8.974506e-02	1.255487e-01	1.188556e-01	3.252602e-01	2.505197e-02	1.535220e-01	1.105274e+00	7.749368e-01	2.723448e-02	5.256359e-02	3.874592e+00	6.058222e-01	1.776713e-01	1.057475e+00	1.085882e-01	1.328935e+00	4.308261e-01	1.801018e-01	1.612795e-01	2.891065e-01	2.728489e-01	2.083922e-01	3.899842e-02	5.083946e-02	1.126199e+00	1.116749e+00	2.220722e-01	4.650886e+00	-3.732308e-09	
5.754760e-01	0.000000e+00	5.573199e-01	5.165628e-01	1.067301e+00	2.634155e-02	8.966668e-02	1.255491e-01	1.188377e-01	3.252596e-01	2.506485e-02	1.533786e-01	1.105369e+00	7.749226e-01	2.723695e-02	5.255825e-02	3.874122e+00	6.056924e-01	1.776090e-01	1.057102e+00	1.085878e-01	1.328954e+00	4.307917e-01	1.800550e-01	1.612885e-01	2.890994e-01	2.726483e-01	2.084162e-01	3.899644e-02	5.083554e-02	1.126299e+00	1.116686e+00	2.220364e-01	4.650885e+00	-1.009755e-08	
5.754760e-01	0.000000e+00	5.571754e-01	5.165296e-01	1.067070e+00	2.633717e-02	8.972136e-02	1.255466e-01	1.188483e-01	3.252603e-01	2.505800e-02	1.535097e-01	1.105281e+00	7.749328e-01	2.723498e-02	5.256017e-02	3.874694e+00	6.057607e-01	1.776446e-01	1.057272e+00	1.085831e-01	1.328856e+00	4.308025e-01	1.801019e-01	1.612729e-01	2.891361e-01	2.728718e-01	2.084145e-01	3.899747e-02	5.084334e-02	1.126234e+00	1.116712e+00	2.220353e-01	4.650791e+00	-3.992211e-09	
5.754760e-01	0.000000e+00	5.569373e-01	5.165714e-01	1.066819e+00	2.633717e-02	8.977278e-02	1.255431e-01	1.188707e-01	3.252602e-01	2.504348e-02	1.535362e-01	1.105326e+00	7.749510e-01	2.723357e-02	5.256945e-02	3.874555e+00	6.058543e-01	1.777221e-01	1.057807e+00	1.085824e-01	1.328720e+00	4.307570e-01	1.801545e-01	1.612756e-01	2.891907e-01	2.730342e-01	2.084109e-01	3.899739e-02	5.084154e-02	1.126402e+00	1.116571e+00	2.218662e-01	4.651148e+00	-7.330412e-09	
5.754760e-01	0.000000e+00	5.572095e-01	5.165180e-01	1.067172e+00	2.634078e-02	8.964234e-02	1.255465e-01	1.188510e-01	3.252594e-01	2.505837e-02	1.534358e-01	1.105397e+00	7.749317e-01	2.723063e-02	5.255411e-02	3.874156e+00	6.057205e-01	1.776153e-01	1.057152e+00	1.085867e-01	1.328871e+00	4.307908e-01	1.800454e-01	1.612874e-01	2.891298e-01	2.728884e-01	2.084094e-01	3.899655e-02	5.083063e-02	1.126324e+00	1.116660e+00	2.220346e-01	4.650998e+00	-1.369608e-08	
5.754760e-01	0.000000e+00	5.574725e-01	5.165276e-01	1.067295e+00	2.633821e-02	8.962734e-02	1.255521e-01	1.188755e-01	3.252598e-01	2.506494e-02	1.534590e-01	1.105305e+00	7.749142e-01	2.723112e-02	5.253060e-02	3.874320e+00	6.056393e-01	1.776094e-01	1.056878e+00	1.085827e-01	1.329128e+00	4.308894e-01	1.800519e-01	1.612761e-01	2.891775e-01	2.727852e-01	2.084413e-01	3.899656e-02	5.083871e-02	1.126075e+00	1.116810e+00	2.220627e-01	4.651710e+00	-1.627335e-08	
5.754760e-01	0.000000e+00	5.571868e-01	5.165929e-01	1.067027e+00	2.633665e-02	8.970539e-02	1.255497e-01	1.188528e-01	3.252593e-01	2.506714e-02	1.534755e-01	1.105364e+00	7.749381e-01	2.723020e-02	5.254988e-02	3.874085e+00	6.057332e-01	1.776511e-01	1.057382e+00	1.085886e-01	1.328922e+00	4.308825e-01	1.800731e-01	1.612841e-01	2.891142e-01	2.728560e-01	2.083995e-01	3.899817e-02	5.083914e-02	1.126286e+00	1.116695e+00	2.220814e-01	4.650916e+00	-1.483558e-08	
5.754761e-01	0.000000e+00	5.573325e-01	5.165078e-01	1.067110e+00	2.633818e-02	8.974048e-02	1.255463e-01	1.188475e-01	3.252599e-01	2.506209e-02	1.534221e-01	1.105343e+00	7.749363e-01	2.722916e-02	5.254449e-02	3.874259e+00	6.058589e-01	1.776281e-01	1.057255e+00	1.085883e-01	1.328919e+00	4.308280e-01	1.800861e-01	1.612800e-01	2.891176e-01	2.727929e-01	2.083933e-01	3.900210e-02	5.084221e-02	1.126251e+00	1.116695e+00	2.220285e-01	4.651131e+00	-1.711613e-08	
5.754761e-01	0.000000e+00	5.574571e-01	5.164682e-01	1.067237e+00	2.634214e-02	8.962262e-02	1.255479e-01	1.188474e-01	3.252599e-01	2.505304e-02	1.534183e-01	1.105445e+00	7.749292e-01	2.722664e-02	5.254074e-02	3.874218e+00	6.056795e-01	1.775401e-01	1.056655e+00	1.085877e-01	1.328953e+00	4.308482e-01	1.800015e-01	1.612866e-01	2.891179e-01	2.728114e-01	2.084280e-01	3.899726e-02	5.083202e-02	1.126238e+00	1.116709e+00	2.220983e-01	4.651154e+00	-2.763156e-08	
5.754761e-01	0.000000e+00	5.573260e-01	5.166778e-01	1.067333e+00	2.634084e-02	8.959271e-02	1.255501e-01	1.188503e-01	3.252593e-01	2.506945e-02	1.534303e-01	1.105366e+00	7.749223e-01	2.723616e-02	5.256610e-02	3.874317e+00	6.056981e-01	1.775843e-01	1.056948e+00	1.085939e-01	1.329095e+00	4.307761e-01	1.800301e-01	1.612903e-01	2.890459e-01	2.726719e-01	2.084075e-01	3.899773e-02	5.083482e-02	1.126228e+00	1.116733e+00	2.221235e-01	4.650657e+00	-1.753890e-08	
5.754761e-01	0.000000e+00	5.571342e-01	5.165387e-01	1.067003e+00	2.633784e-02	8.972160e-02	1.255473e-01	1.188483e-01	3.252602e-01	2.506319e-02	1.534682e-01	1.105310e+00	7.749414e-01	2.723282e-02	5.256221e-02	3.874275e+00	6.057909e-01	1.776349e-01	1.057343e+00	1.085901e-01	1.328850e+00	4.308193e-01	1.800665e-01	1.612857e-01	2.890921e-01	2.727939e-01	2.083946e-01	3.899931e-02	5.083951e-02	1.126303e+00	1.116717e+00	2.220382e-01	4.650740e+00	-9.966735e-09	
5.754761e-01	0.000000e+00	5.571492e-01	5.163776e-01	1.066983e+00	2.634005e-02	8.969651e-02	1.255444e-01	1.188481e-01	3.252602e-01	2.505047e-02	1.535069e-01	1.105410e+00	7.749298e-01	2.722961e-02	5.255066e-02	3.874457e+00	6.056688e-01	1.776417e-01	1.057296e+00	1.085786e-01	1.328737e+00	4.308762e-01	1.800504e-01	1.612774e-01	2.891323e-01	2.730516e-01	2.084250e-01	3.899495e-02	5.083117e-02	1.126314e+00	1.116629e+00	2.220549e-01	4.651284e+00	-2.097806e-08	
5.754761e-01	0.000000e+00	5.571005e-01	5.165175e-01	1.067076e+00	2.633684e-02	8.971662e-02	1.255458e-01	1.188470e-01	3.252598e-01	2.505927e-02	1.534672e-01	1.105401e+00	7.749347e-01	2.723128e-02	5.255690e-02	3.874376e+00	6.058271e-01	1.776650e-01	1.057488e+00	1.085864e-01	1.328847e+00	4.307818e-01	1.800979e-01	1.612811e-01	2.890818e-01	2.728694e-01	2.083865e-01	3.899777e-02	5.084036e-02	1.126410e+00	1.116602e+00	2.219737e-01	4.650502e+00	-2.753075e-08	
5.754761e-01	0.000000e+00	5.572257e-01	5.165549e-01	1.067175e+00	2.634100e-02	8.966825e-02	1.255467e-01	1.188463e-01	3.252598e-01	2.505972e-02	1.534588e-01	1.105370e+00	7.749343e-01	2.723256e-02	5.256058e-02	3.874299e+00	6.057999e-01	1.775919e-01	1.057059e+00	1.085898e-01	1.328887e+00	4.307966e-01	1.800235e-01	1.612933e-01	2.890809e-01	2.728105e-01	2.084177e-01	3.899915e-02	5.083007e-02	1.126324e+00	1.116671e+00	2.220494e-01	4.650839e+00	-2.514933e-08	
5.754761e-01	0.000000e+00	5.572481e-01	5.165624e-01	1.067146e+00	2.633993e-02	8.966997e-02	1.255488e-01	1.188634e-01	3.252602e-01	2.504743e-02	1.534710e-01	1.105305e+00	7.749376e-01	2.723275e-02	5.255901e-02	3.874445e+00	6.057528e-01	1.776192e-01	1.057099e+00	1.085854e-01	1.328898e+00	4.308018e-01	1.800900e-01	1.612732e-01	2.891644e-01	2.728238e-01	2.084206e-01	3.899837e-02	5.083555e-02	1.126242e+00	1.116716e+00	2.219801e-01	4.651111e+00	-3.307808e-08	
5.754761e-01	0.000000e+00	5.573212e-01	5.164980e-01	1.066968e+00	2.633435e-02	8.964113e-02	1.255490e-01	1.188780e-01	3.252601e-01	2.505538e-02	1.534845e-01	1.105418e+00	7.749419e-01	2.722698e-02	5.255041e-02	3.874313e+00	6.056879e-01	1.776286e-01	1.057058e+00	1.085884e-01	1.329114e+00	4.308749e-01	1.800299e-01	1.612754e-01	2.891751e-01	2.728589e-01	2.083935e-01	3.899775e-02	5.083675e-02	1.126115e+00	1.116791e+00	2.221199e-01	4.651092e+00	-3.163029e-08	
5.754761e-01	0.000000e+00	5.573509e-01	5.164958e-01	1.067255e+00	2.634124e-02	8.972313e-02	1.255456e-01	1.188326e-01	3.252598e-01	2.506451e-02	1.534198e-01	1.105314e+00	7.749210e-01	2.723166e-02	5.253789e-02	3.873841e+00	6.056656e-01	1.775964e-01	1.057120e+00	1.085850e-01	1.328785e+00	4.307439e-01	1.800796e-01	1.612811e-01	2.890954e-01	2.727275e-01	2.084292e-01	3.899693e-02	5.083812e-02	1.126447e+00	1.116617e+00	2.219699e-01	4.650898e+00	-2.257466e-08	
5.754761e-01	0.000000e+00	5.572864e-01	5.165854e-01	1.067182e+00	2.634026e-02	8.968303e-02	1.255509e-01	1.188805e-01	3.252594e-01	2.505201e-02	1.534503e-01	1.105275e+00	7.749329e-01	2.723512e-02	5.255674e-02	3.874385e+00	6.057308e-01	1.776354e-01	1.057167e+00	1.085848e-01	1.328932e+00	4.307990e-01	1.800873e-01	1.612726e-01	2.892267e-01	2.728194e-01	2.084303e-01	3.899714e-02	5.083313e-02	1.126134e+00	1.116796e+00	2.219800e-01	4.651419e+00	-2.739419e-09	
5.754761e-01	0.000000e+00	5.574621e-01	5.164318e-01	1.067302e+00	2.634119e-02	8.958884e-02	1.255482e-01	1.188485e-01	3.252600e-01	2.505362e-02	1.534047e-01	1.105455e+00	7.749163e-01	2.722642e-02	5.254315e-02	3.874089e+00	6.055744e-01	1.775061e-01	1.056364e+00	1.085843e-01	1.328954e+00	4.308294e-01	1.799820e-01	1.612800e-01	2.891255e-01	2.727463e-01	2.084321e-01	3.899631e-02	5.082762e-02	1.126242e+00	1.116685e+00	2.220909e-01	4.651087e+00	-3.371687e-08	
5.754761e-01	0.000000e+00	5.573108e-01	5.164408e-01	1.067122e+00	2.633973e-02	8.965317e-02	1.255487e-01	1.188305e-01	3.252602e-01	2.504693e-02	1.534807e-01	1.105363e+00	7.749264e-01	2.723189e-02	5.254586e-02	3.874075e+00	6.055948e-01	1.775942e-01	1.056987e+00	1.085792e-01	1.328726e+00	4.308103e-01	1.800804e-01	1.612729e-01	2.892096e-01	2.728461e-01	2.084320e-01	3.899345e-02	5.083273e-02	1.126368e+00	1.116624e+00	2.220079e-01	4.650985e+00	-5.529248e-09	
5.754761e-01	0.000000e+00	5.573669e-01	5.165633e-01	1.067132e+00	2.633867e-02	8.964152e-02	1.255498e-01	1.188444e-01	3.252598e-01	2.506541e-02	1.533786e-01	1.105394e+00	7.749253e-01	2.722694e-02	5.253754e-02	3.874217e+00	6.057003e-01	1.775854e-01	1.056958e+00	1.085952e-01	1.329082e+00	4.308168e-01	1.800401e-01	1.612769e-01	2.891042e-01	2.726961e-01	2.083789e-01	3.899971e-02	5.083214e-02	1.126227e+00	1.116742e+00	2.221188e-01	4.651080e+00	-2.191360e-08	
5.754762e-01	0.000000e+00	5.573360e-01	5.166169e-01	1.067215e+00	2.633951e-02	8.965734e-02	1.255504e-01	1.188710e-01	3.252598e-01	2.505366e-02	1.535089e-01	1.105287e+00	7.749318e-01	2.723357e-02	5.255708e-02	3.874297e+00	6.056990e-01	1.776282e-01	1.057110e+00	1.085850e-01	1.328984e+00	4.308455e-01	1.800692e-01	1.612792e-01	2.891736e-01	2.728997e-01	2.084238e-01	3.899676e-02	5.083725e-02	1.126140e+00	1.116756e+00	2.220427e-01	4.651331e+00	-6.775323e-10	
5.754762e-01	0.000000e+00	5.573430e-01	5.165130e-01	1.067204e+00	2.633889e-02	8.962434e-02	1.255457e-01	1.188554e-01	3.252598e-01	2.506713e-02	1.533900e-01	1.105386e+00	7.749220e-01	2.723192e-02	5.255475e-02	3.874294e+00	6.056534e-01	1.775911e-01	1.056923e+00	1.085870e-01	1.329000e+00	4.307939e-01	1.800550e-01	1.612795e-01	2.891114e-01	2.727269e-01	2.084149e-01	3.899878e-02	5.083685e-02	1.126266e+00	1.116711e+00	2.220388e-01	4.650959e+00	-3.141281e-08	
5.754762e-01	0.000000e+00	5.574006e-01	5.165219e-01	1.067211e+00	2.634039e-02	8.962660e-02	1.255456e-01	1.188585e-01	3.252600e-01	2.506036e-02	1.534581e-01	1.105462e+00	7.749309e-01	2.722803e-02	5.254616e-02	3.874257e+00	6.057129e-01	1.775719e-01	1.056832e+00	1.085887e-01	1.329010e+00	4.308351e-01	1.799771e-01	1.612883e-01	2.891103e-01	2.728209e-01	2.084081e-01	3.899844e-02	5.083353e-02	1.126235e+00	1.116709e+00	2.221065e-01	4.651075e+00	-4.557464e-08	
5.754762e-01	0.000000e+00	5.572598e-01	5.165771e-01	1.067105e+00	2.633749e-02	8.970437e-02	1.255508e-01	1.188550e-01	3.252596e-01	2.506569e-02	1.534362e-01	1.105278e+00	7.749258e-01	2.723306e-02	5.254394e-02	3.873975e+00	6.057533e-01	1.776564e-01	1.057413e+00	1.085885e-01	1.328936e+00	4.307891e-01	1.801390e-01	1.612772e-01	2.891417e-01	2.726959e-01	2.084162e-01	3.899717e-02	5.083929e-02	1.126310e+00	1.116687e+00	2.220133e-01	4.651142e+00	-2.915003e-10	
5.754762e-01	0.000000e+00	5.574158e-01	5.164826e-01	1.067371e+00	2.634296e-02	8.958805e-02	1.255496e-01	1.188273e-01	3.252593e-01	2.506593e-02	1.533437e-01	1.105498e+00	7.749179e-01	2.722831e-02	5.254163e-02	3.873933e+00	6.056200e-01	1.775309e-01	1.056674e+00	1.085910e-01	1.328966e+00	4.308347e-01	1.799779e-01	1.612987e-01	2.890683e-01	2.726892e-01	2.084010e-01	3.899629e-02	5.082383e-02	1.126303e+00	1.116661e+00	2.221302e-01	4.650943e+00	-2.963040e-08	
5.754762e-01	0.000000e+00	5.573393e-01	5.165787e-01	1.067386e+00	2.633963e-02	8.960424e-02	1.255490e-01	1.188699e-01	3.252592e-01	2.506265e-02	1.533775e-01	1.105409e+00	7.749258e-01	2.723578e-02	5.255304e-02	3.874391e+00	6.057551e-01	1.776059e-01	1.056940e+00	1.085909e-01	1.329143e+00	4.307606e-01	1.800250e-01	1.612822e-01	2.891557e-01	2.727146e-01	2.084171e-01	3.899630e-02	5.083095e-02	1.126203e+00	1.116727e+00	2.220749e-01	4.651013e+00	-4.810621e-09	
5.754762e-01	0.000000e+00	5.571744e-01	5.164628e-01	1.067115e+00	2.634040e-02	8.968176e-02	1.255407e-01	1.188533e-01	3.252597e-01	2.504111e-02	1.535254e-01	1.105489e+00	7.749413e-01	2.722717e-02	5.254763e-02	3.874571e+00	6.057584e-01	1.776515e-01	1.057381e+00	1.085849e-01	1.328842e+00	4.307735e-01	1.800458e-01	1.612856e-01	2.891217e-01	2.731552e-01	2.083931e-01	3.899536e-02	5.083584e-02	1.126426e+00	1.116559e+00	2.219690e-01	4.650844e+00	-3.178687e-08	
5.754762e-01	0.000000e+00	5.571284e-01	5.166300e-01	1.067166e+00	2.633939e-02	8.969661e-02	1.255464e-01	1.188675e-01	3.252596e-01	2.505822e-02	1.534915e-01	1.105317e+00	7.749405e-01	2.723649e-02	5.256590e-02	3.874159e+00	6.058619e-01	1.776602e-01	1.057406e+00	1.085904e-01	1.328957e+00	4.307424e-01	1.800895e-01	1.612904e-01	2.891363e-01	2.727837e-01	2.084040e-01	3.899937e-02	5.083354e-02	1.126347e+00	1.116653e+00	2.219523e-01	4.650986e+00	-4.541697e-08	
5.754762e-01	0.000000e+00	5.572456e-01	5.165484e-01	1.067060e+00	2.633890e-02	8.975054e-02	1.255469e-01	1.188450e-01	3.252597e-01	2.506491e-02	1.534581e-01	1.105336e+00	7.749337e-01	2.723169e-02	5.255202e-02	3.874307e+00	6.058320e-01	1.776274e-01	1.057247e+00	1.085871e-01	1.328898e+00	4.308263e-01	1.801064e-01	1.612869e-01	2.890780e-01	2.727642e-01	2.084088e-01	3.899937e-02	5.084440e-02	1.126306e+00	1.116686e+00	2.220063e-01	4.650923e+00	-3.216605e-08	
5.754763e-01	0.000000e+00	5.575290e-01	5.165124e-01	1.067280e+00	2.633835e-02	8.964337e-02	1.255492e-01	1.188523e-01	3.252601e-01	2.506113e-02	1.534240e-01	1.105352e+00	7.749286e-01	2.722775e-02	5.253218e-02	3.874131e+00	6.056634e-01	1.775555e-01	1.056696e+00	1.085873e-01	1.328978e+00	4.308704e-01	1.800700e-01	1.612792e-01	2.891993e-01	2.727132e-01	2.084301e-01	3.899829e-02	5.083893e-02	1.126187e+00	1.116750e+00	2.220054e-01	4.651276e+00	-1.358323e-08	
5.754763e-01	0.000000e+00	5.574611e-01	5.165377e-01	1.067193e+00	2.634018e-02	8.964180e-02	1.255488e-01	1.188831e-01	3.252597e-01	2.504829e-02	1.534738e-01	1.105438e+00	7.749450e-01	2.722514e-02	5.254495e-02	3.874373e+00	6.058021e-01	1.775739e-01	1.056748e+00	1.085898e-01	1.329095e+00	4.309270e-01	1.799917e-01	1.612878e-01	2.892058e-01	2.729215e-01	2.084053e-01	3.899901e-02	5.083228e-02	1.126054e+00	1.116809e+00	2.220860e-01	4.651491e+00	-4.174340e-08	
5.754763e-01	0.000000e+00	5.575324e-01	5.164877e-01	1.067168e+00	2.633882e-02	8.961954e-02	1.255491e-01	1.188502e-01	3.252596e-01	2.505948e-02	1.534034e-01	1.105442e+00	7.749254e-01	2.722524e-02	5.253192e-02	3.873803e+00	6.056382e-01	1.775534e-01	1.056660e+00	1.085865e-01	1.329010e+00	4.308348e-01	1.800416e-01	1.612793e-01	2.891646e-01	2.727634e-01	2.084270e-01	3.899695e-02	5.083147e-02	1.126309e+00	1.116643e+00	2.220675e-01	4.651316e+00	-1.496861e-08	
5.754763e-01	0.000000e+00	5.574378e-01	5.165589e-01	1.067267e+00	2.633838e-02	8.956019e-02	1.255533e-01	1.188560e-01	3.252593e-01	2.505789e-02	1.534260e-01	1.105446e+00	7.749284e-01	2.723012e-02	5.254998e-02	3.874176e+00	6.056003e-01	1.775554e-01	1.056617e+00	1.085904e-01	1.329143e+00	4.308795e-01	1.800023e-01	1.612817e-01	2.891596e-01	2.726884e-01	2.084010e-01	3.899407e-02	5.082607e-02	1.126153e+00	1.116752e+00	2.221748e-01	4.650869e+00	-1.801801e-08	
5.754763e-01	0.000000e+00	5.572548e-01	5.165723e-01	1.067178e+00	2.634076e-02	8.966791e-02	1.255472e-01	1.188528e-01	3.252596e-01	2.505066e-02	1.534250e-01	1.105380e+00	7.749376e-01	2.723012e-02	5.255482e-02	3.874310e+00	6.057784e-01	1.775820e-01	1.056998e+00	1.085906e-01	1.328866e+00	4.307738e-01	1.800752e-01	1.612872e-01	2.891096e-01	2.727876e-01	2.084096e-01	3.899698e-02	5.083964e-02	1.126299e+00	1.116699e+00	2.219959e-01	4.650811e+00	-5.656711e-08	
5.754763e-01	0.000000e+00	5.572961e-01	5.164003e-01	1.067042e+00	2.634235e-02	8.973133e-02	1.255471e-01	1.188251e-01	3.252600e-01	2.505695e-02	1.534429e-01	1.105326e+00	7.749147e-01	2.723046e-02	5.254632e-02	3.873944e+00	6.056138e-01	1.776447e-01	1.057367e+00	1.085839e-01	1.328868e+00	4.307980e-01	1.800848e-01	1.612785e-01	2.890961e-01	2.728757e-01	2.084172e-01	3.899422e-02	5.083796e-02	1.126356e+00	1.116662e+00	2.220524e-01	4.651188e+00	-4.572496e-08	
5.754763e-01	0.000000e+00	5.573139e-01	5.165830e-01	1.067160e+00	2.633846e-02	8.969244e-02	1.255476e-01	1.188491e-01	3.252597e-01	2.505770e-02	1.534249e-01	1.105332e+00	7.749331e-01	2.723086e-02	5.255149e-02	3.874174e+00	6.057879e-01	1.776064e-01	1.057167e+00	1.085953e-01	1.328998e+00	4.307719e-01	1.800778e-01	1.612818e-01	2.890926e-01	2.727720e-01	2.083841e-01	3.899739e-02	5.083519e-02	1.126274e+00	1.116682e+00	2.220675e-01	4.650900e+00	-1.779755e-08	
5.754763e-01	0.000000e+00	5.572022e-01	5.165643e-01	1.067114e+00	2.633551e-02	8.969564e-02	1.255465e-01	1.188484e-01	3.252597e-01	2.506693e-02	1.534496e-01	1.105348e+00	7.749263e-01	2.723493e-02	5.255496e-02	3.874204e+00	6.057248e-01	1.776463e-01	1.057313e+00	1.085887e-01	1.328969e+00	4.307608e-01	1.801095e-01	1.612774e-01	2.890978e-01	2.727410e-01	2.084020e-01	3.899731e-02	5.084197e-02	1.126352e+00	1.116638e+00	2.219963e-01	4.650766e+00	-4.279567e-08	
5.754763e-01	0.000000e+00	5.573871e-01	5.164671e-01	1.067059e+00	2.633883e-02	8.966471e-02	1.255486e-01	1.188415e-01	3.252597e-01	2.505515e-02	1.534709e-01	1.105426e+00	7.749289e-01	2.722665e-02	5.253357e-02	3.874125e+00	6.055894e-01	1.776057e-01	1.057081e+00	1.085865e-01	1.328913e+00	4.308817e-01	1.800505e-01	1.612794e-01	2.891447e-01	2.729807e-01	2.084008e-01	3.899632e-02	5.084119e-02	1.126259e+00	1.116715e+00	2.221051e-01	4.651187e+00	-5.201601e-08	
5.754763e-01	0.000000e+00	5.573236e-01	5.165202e-01	1.067241e+00	2.633833e-02	8.967339e-02	1.255470e-01	1.188401e-01	3.252596e-01	2.506123e-02	1.533841e-01	1.105415e+00	7.749278e-01	2.723065e-02	5.255844e-02	3.874268e+00	6.057077e-01	1.776112e-01	1.057128e+00	1.085876e-01	1.328911e+00	4.308192e-01	1.800519e-01	1.612807e-01	2.891289e-01	2.727342e-01	2.084097e-01	3.899629e-02	5.083451e-02	1.126290e+00	1.116654e+00	2.220597e-01	4.650553e+00	-2.145148e-08	
5.754763e-01	0.000000e+00	5.573019e-01	5.164502e-01	1.067195e+00	2.633755e-02	8.968884e-02	1.255459e-01	1.188486e-01	3.252595e-01	2.505793e-02	1.534376e-01	1.105449e+00	7.749332e-01	2.723059e-02	5.253920e-02	3.874093e+00	6.057249e-01	1.776411e-01	1.057198e+00	1.085832e-01	1.328923e+00	4.308008e-01	1.800755e-01	1.612800e-01	2.891921e-01	2.728493e-01	2.084193e-01	3.899739e-02	5.083183e-02	1.126377e+00	1.116584e+00	2.219978e-01	4.651067e+00	-1.899637e-08	
5.754763e-01	0.000000e+00	5.573946e-01	5.164368e-01	1.067306e+00	2.634143e-02	8.966327e-02	1.255447e-01	1.188229e-01	3.252598e-01	2.505671e-02	1.534504e-01	1.105450e+00	7.749170e-01	2.723119e-02	5.254408e-02	3.874402e+00	6.056520e-01	1.775714e-01	1.056894e+00	1.085814e-01	1.328814e+00	4.308783e-01	1.800184e-01	1.612859e-01	2.890989e-01	2.728782e-01	2.084385e-01	3.899532e-02	5.083831e-02	1.126257e+00	1.116654e+00	2.220827e-01	4.651046e+00	-5.102637e-08	
5.754763e-01	0.000000e+00	5.572902e-01	5.164348e-01	1.067078e+00	2.633800e-02	8.971572e-02	1.255439e-01	1.188475e-01	3.252605e-01	2.504768e-02	1.535019e-01	1.105394e+00	7.749405e-01	2.723037e-02	5.256049e-02	3.874721e+00	6.058639e-01	1.775936e-01	1.056980e+00	1.085844e-01	1.328857e+00	4.308676e-01	1.800326e-01	1.612809e-01	2.891474e-01	2.729428e-01	2.084031e-01	3.899743e-02	5.084133e-02	1.126209e+00	1.116681e+00	2.220518e-01	4.650867e+00	-9.684445e-09	
5.754759e-01	8.655207e-17	5.574779e-01	5.165215e-01	1.067183e+00	2.633790e-02	8.960264e-02	1.255507e-01	1.188587e-01	3.252596e-01	2.506097e-02	1.534389e-01	1.105415e+00	7.749312e-01	2.722620e-02	5.253983e-02	3.874330e+00	6.056293e-01	1.775645e-01	1.056680e+00	1.085887e-01	1.329106e+00	4.309249e-01	1.799926e-01	1.612802e-01	2.891748e-01	2.728175e-01	2.084032e-01	3.899715e-02	5.083262e-02	1.126045e+00	1.116813e+00	2.221621e-01	4.651317e+00	9.303337e-09	
5.754763e-01	0.000000e+00	5.573075e-01	5.164606e-01	1.067098e+00	2.633922e-02	8.969366e-02	1.255456e-01	1.188512e-01	3.252597e-01	2.505833e-02	1.534142e-01	1.105463e+00	7.749403e-01	2.722947e-02	5.254872e-02	3.874187e+00	6.057878e-01	1.775685e-01	1.056903e+00	1.085869e-01	1.328809e+00	4.308314e-01	1.800514e-01	1.612803e-01	2.891236e-01	2.727612e-01	2.083938e-01	3.899851e-02	5.083557e-02	1.126298e+00	1.116681e+00	2.220611e-01	4.650856e+00	-2.761141e-08	
5.754763e-01	0.000000e+00	5.573554e-01	5.165828e-01	1.067238e+00	2.633797e-02	8.966595e-02	1.255498e-01	1.188597e-01	3.252594e-01	2.506655e-02	1.534439e-01	1.105375e+00	7.749178e-01	2.723096e-02	5.253995e-02	3.874341e+00	6.056813e-01	1.776143e-01	1.057009e+00	1.085878e-01	1.329106e+00	4.308896e-01	1.800607e-01	1.612800e-01	2.891260e-01	2.727202e-01	2.084263e-01	3.899781e-02	5.083607e-02	1.126132e+00	1.116765e+00	2.221112e-01	4.651300e+00	-5.823204e-08	
5.754764e-01	0.000000e+00	5.573467e-01	5.164865e-01	1.067121e+00	2.633924e-02	8.965116e-02	1.255543e-01	1.188467e-01	3.252598e-01	2.506199e-02	1.534086e-01	1.105323e+00	7.749318e-01	2.723295e-02	5.254636e-02	3.873849e+00	6.056406e-01	1.775765e-01	1.056886e+00	1.085879e-01	1.328926e+00	4.308421e-01	1.800411e-01	1.612812e-01	2.891491e-01	2.726605e-01	2.084073e-01	3.899615e-02	5.083288e-02	1.126243e+00	1.116772e+00	2.221084e-01	4.651062e+00	-4.165272e-09	
5.754764e-01	0.000000e+00	5.572328e-01	5.163472e-01	1.066923e+00	2.633923e-02	8.973045e-02	1.255424e-01	1.188365e-01	3.252603e-01	2.504085e-02	1.534838e-01	1.105489e+00	7.749424e-01	2.722508e-02	5.254731e-02	3.874328e+00	6.057814e-01	1.776127e-01	1.057154e+00	1.085800e-01	1.328694e+00	4.308240e-01	1.800698e-01	1.612808e-01	2.891750e-01	2.730946e-01	2.084056e-01	3.899736e-02	5.083665e-02	1.126432e+00	1.116563e+00	2.219818e-01	4.650890e+00	-2.843742e-08	
5.754763e-01	0.000000e+00	5.574238e-01	5.165001e-01	1.067330e+00	2.634297e-02	8.961874e-02	1.255497e-01	1.188177e-01	3.252597e-01	2.506149e-02	1.533618e-01	1.105434e+00	7.749187e-01	2.723043e-02	5.255505e-02	3.874138e+00	6.056489e-01	1.775412e-01	1.056670e+00	1.085896e-01	1.328999e+00	4.308687e-01	1.799968e-01	1.612919e-01	2.890823e-01	2.726253e-01	2.084083e-01	3.899614e-02	5.082807e-02	1.126203e+00	1.116721e+00	2.221496e-01	4.650879e+00	-2.219329e-09	
5.754764e-01	0.000000e+00	5.574946e-01	5.165237e-01	1.067162e+00	2.633807e-02	8.963478e-02	1.255528e-01	1.188707e-01	3.252600e-01	2.506800e-02	1.534385e-01	1.105302e+00	7.749193e-01	2.722744e-02	5.252436e-02	3.873751e+00	6.055357e-01	1.776056e-01	1.056899e+00	1.085889e-01	1.329221e+00	4.308396e-01	1.800653e-01	1.612749e-01	2.891375e-01	2.726959e-01	2.084150e-01	3.899610e-02	5.084063e-02	1.126213e+00	1.116763e+00	2.220982e-01	4.651606e+00	-2.932943e-08	
5.754764e-01	0.000000e+00	5.572116e-01	5.165403e-01	1.067018e+00	2.633584e-02	8.967320e-02	1.255509e-01	1.188453e-01	3.252599e-01	2.505645e-02	1.534961e-01	1.105275e+00	7.749313e-01	2.723301e-02	5.255203e-02	3.874041e+00	6.055914e-01	1.776612e-01	1.057348e+00	1.085855e-01	1.328965e+00	4.308252e-01	1.800913e-01	1.612758e-01	2.891400e-01	2.728604e-01	2.083981e-01	3.899451e-02	5.083880e-02	1.126257e+00	1.116721e+00	2.220536e-01	4.651064e+00	-5.449442e-08	
5.754764e-01	0.000000e+00	5.572428e-01	5.165318e-01	1.067139e+00	2.633963e-02	8.975818e-02	1.255460e-01	1.188434e-01	3.252598e-01	2.506093e-02	1.534059e-01	1.105332e+00	7.749246e-01	2.723285e-02	5.255023e-02	3.874073e+00	6.058035e-01	1.776437e-01	1.057405e+00	1.085847e-01	1.328788e+00	4.307618e-01	1.801239e-01	1.612796e-01	2.891038e-01	2.727279e-01	2.084230e-01	3.899957e-02	5.083867e-02	1.126393e+00	1.116612e+00	2.219897e-01	4.650967e+00	-1.212173e-08	
5.754764e-01	0.000000e+00	5.574765e-01	5.165074e-01	1.067229e+00	2.633873e-02	8.961887e-02	1.255510e-01	1.188629e-01	3.252597e-01	2.506290e-02	1.533827e-01	1.105395e+00	7.749331e-01	2.722712e-02	5.254530e-02	3.873897e+00	6.056983e-01	1.775645e-01	1.056738e+00	1.085902e-01	1.329056e+00	4.307987e-01	1.800361e-01	1.612840e-01	2.891995e-01	2.727382e-01	2.084094e-01	3.900095e-02	5.082934e-02	1.126225e+00	1.116725e+00	2.220317e-01	4.651182e+00	-2.631694e-08	
5.754764e-01	0.000000e+00	5.574577e-01	5.165675e-01	1.067388e+00	2.634202e-02	8.959275e-02	1.255498e-01	1.188531e-01	3.252597e-01	2.505866e-02	1.533845e-01	1.105405e+00	7.749234e-01	2.723184e-02	5.254668e-02	3.874190e+00	6.057380e-01	1.775416e-01	1.056639e+00	1.085907e-01	1.329072e+00	4.307810e-01	1.800285e-01	1.612893e-01	2.890638e-01	2.726095e-01	2.084179e-01	3.899606e-02	5.083221e-02	1.126271e+00	1.116695e+00	2.220593e-01	4.650986e+00	-6.249442e-08	
5.754759e-01	1.683431e-17	5.573537e-01	5.165359e-01	1.067100e+00	2.633875e-02	8.964525e-02	1.255486e-01	1.188661e-01	3.252598e-01	2.505053e-02	1.534504e-01	1.105405e+00	7.749260e-01	2.722778e-02	5.254343e-02	3.874425e+00	6.056626e-01	1.776086e-01	1.056953e+00	1.085861e-01	1.329072e+00	4.308673e-01	1.800436e-01	1.612754e-01	2.891469e-01	2.728821e-01	2.084122e-01	3.899612e-02	5.083073e-02	1.126148e+00	1.116733e+00	2.221375e-01	4.651359e+00	4.102963e-09	
5.754764e-01	0.000000e+00	5.573460e-01	5.165108e-01	1.067200e+00	2.634178e-02	8.963719e-02	1.255516e-01	1.188572e-01	3.252598e-01	2.505635e-02	1.534697e-01	1.105377e+00	7.749358e-01	2.723054e-02	5.255014e-02	3.874302e+00	6.057404e-01	1.776003e-01	1.056962e+00	1.085908e-01	1.329101e+00	4.308906e-01	1.799864e-01	1.612935e-01	2.891322e-01	2.728773e-01	2.083939e-01	3.899598e-02	5.082731e-02	1.126201e+00	1.116775e+00	2.221469e-01	4.651054e+00	-6.801980e-08	
5.754764e-01	0.000000e+00	5.575704e-01	5.163525e-01	1.067377e+00	2.634257e-02	8.958014e-02	1.255443e-01	1.188272e-01	3.252597e-01	2.504706e-02	1.533787e-01	1.105614e+00	7.749255e-01	2.722469e-02	5.254705e-02	3.874347e+00	6.056030e-01	1.774739e-01	1.056198e+00	1.085843e-01	1.328925e+00	4.308735e-01	1.799010e-01	1.612889e-01	2.891406e-01	2.729066e-01	2.084054e-01	3.899471e-02	5.082237e-02	1.126236e+00	1.116656e+00	2.221879e-01	4.650629e+00	-5.875926e-08	
5.754764e-01	0.000000e+00	5.572416e-01	5.164881e-01	1.067203e+00	2.634051e-02	8.967387e-02	1.255450e-01	1.188475e-01	3.252598e-01	2.505481e-02	1.534604e-01	1.105416e+00	7.749364e-01	2.723339e-02	5.255681e-02	3.874356e+00	6.058422e-01	1.776586e-01	1.057396e+00	1.085869e-01	1.328926e+00	4.308105e-01	1.800557e-01	1.612954e-01	2.891956e-01	2.729308e-01	2.084015e-01	3.899754e-02	5.083190e-02	1.126301e+00	1.116633e+00	2.220251e-01	4.651125e+00	-3.529536e-08	
5.754759e-01	5.050202e-17	5.574762e-01	5.164100e-01	1.067435e+00	2.634219e-02	8.965514e-02	1.255458e-01	1.188384e-01	3.252596e-01	2.506996e-02	1.533247e-01	1.105432e+00	7.749040e-01	2.723364e-02	5.254277e-02	3.874320e+00	6.057161e-01	1.775953e-01	1.056946e+00	1.085819e-01	1.328992e+00	4.308386e-01	1.800277e-01	1.612903e-01	2.891121e-01	2.727114e-01	2.084570e-01	3.899637e-02	5.083133e-02	1.126208e+00	1.116669e+00	2.220878e-01	4.651338e+00	7.106477e-09	
5.754764e-01	0.000000e+00	5.573670e-01	5.165429e-01	1.067256e+00	2.633862e-02	8.964301e-02	1.255491e-01	1.188612e-01	3.252598e-01	2.506385e-02	1.534385e-01	1.105353e+00	7.749161e-01	2.723196e-02	5.254498e-02	3.874300e+00	6.056690e-01	1.776204e-01	1.057011e+00	1.085858e-01	1.329080e+00	4.308133e-01	1.800736e-01	1.612741e-01	2.891618e-01	2.727707e-01	2.084365e-01	3.899741e-02	5.083366e-02	1.126171e+00	1.116709e+00	2.220490e-01	4.651474e+00	-6.656111e-08	
5.754760e-01	2.870113e-19	5.572098e-01	5.165081e-01	1.066994e+00	2.633840e-02	8.974202e-02	1.255479e-01	1.188334e-01	3.252597e-01	2.506095e-02	1.534864e-01	1.105324e+00	7.749313e-01	2.723154e-02	5.254559e-02	3.873812e+00	6.057083e-01	1.776509e-01	1.057404e+00	1.085837e-01	1.328786e+00	4.307700e-01	1.801195e-01	1.612744e-01	2.891301e-01	2.728909e-01	2.084232e-01	3.899709e-02	5.083552e-02	1.126441e+00	1.116579e+00	2.219894e-01	4.651057e+00	5.357343e-10	
5.754758e-01	4.451381e-16	5.572797e-01	5.164794e-01	1.067080e+00	2.633805e-02	8.970999e-02	1.255481e-01	1.188251e-01	3.252599e-01	2.506667e-02	1.534741e-01	1.105322e+00	7.749245e-01	2.723287e-02	5.254281e-02	3.873647e+00	6.056052e-01	1.776377e-01	1.057348e+00	1.085851e-01	1.328807e+00	4.307542e-01	1.801138e-01	1.612744e-01	2.891186e-01	2.727862e-01	2.084085e-01	3.899607e-02	5.084019e-02	1.126496e+00	1.116559e+00	2.219508e-01	4.650893e+00	2.109830e-08	
5.754762e-01	4.330358e-17	5.572771e-01	5.166096e-01	1.067011e+00	2.633825e-02	8.973508e-02	1.255435e-01	1.188526e-01	3.252602e-01	2.505420e-02	1.535199e-01	1.105395e+00	7.749432e-01	2.722763e-02	5.255818e-02	3.874595e+00	6.058828e-01	1.776210e-01	1.057243e+00	1.085904e-01	1.328922e+00	4.308697e-01	1.800532e-01	1.612907e-01	2.890795e-01	2.729254e-01	2.083797e-01	3.900017e-02	5.084756e-02	1.126254e+00	1.116709e+00	2.220752e-01	4.650637e+00	6.580546e-09	
5.754758e-01	6.002176e-15	5.571603e-01	5.165019e-01	1.067045e+00	2.633997e-02	8.972602e-02	1.255455e-01	1.188506e-01	3.252600e-01	2.505062e-02	1.535107e-01	1.105362e+00	7.749418e-01	2.723361e-02	5.256228e-02	3.874243e+00	6.057976e-01	1.776726e-01	1.057458e+00	1.085861e-01	1.328891e+00	4.307193e-01	1.801024e-01	1.612852e-01	2.891600e-01	2.728980e-01	2.083928e-01	3.899852e-02	5.083967e-02	1.126384e+00	1.116611e+00	2.219354e-01	4.650903e+00	7.747371e-08	
5.754764e-01	0.000000e+00	5.572225e-01	5.166016e-01	1.067122e+00	2.633702e-02	8.970154e-02	1.255471e-01	1.188610e-01	3.252598e-01	2.506777e-02	1.534734e-01	1.105343e+00	7.749276e-01	2.723343e-02	5.255220e-02	3.874333e+00	6.057469e-01	1.776597e-01	1.057381e+00	1.085869e-01	1.328979e+00	4.308383e-01	1.800948e-01	1.612792e-01	2.891109e-01	2.727711e-01	2.084240e-01	3.899925e-02	5.084004e-02	1.126262e+00	1.116692e+00	2.220483e-01	4.651080e+00	-3.457212e-08	
5.754759e-01	1.142781e-16	5.573676e-01	5.163789e-01	1.067092e+00	2.634115e-02	8.972051e-02	1.255429e-01	1.188363e-01	3.252605e-01	2.505942e-02	1.534952e-01	1.105359e+00	7.749184e-01	2.722959e-02	5.254381e-02	3.874594e+00	6.056195e-01	1.776285e-01	1.057163e+00	1.085800e-01	1.328897e+00	4.308450e-01	1.800655e-01	1.612772e-01	2.891256e-01	2.729737e-01	2.084392e-01	3.899657e-02	5.084517e-02	1.126201e+00	1.116695e+00	2.220713e-01	4.651391e+00	1.069010e-08	
5.754763e-01	0.000000e+00	5.574199e-01	5.164934e-01	1.067273e+00	2.634022e-02	8.964473e-02	1.255507e-01	1.188416e-01	3.252597e-01	2.505539e-02	1.534058e-01	1.105351e+00	7.749258e-01	2.722979e-02	5.254628e-02	3.874147e+00	6.056365e-01	1.775568e-01	1.056734e+00	1.085893e-01	1.329019e+00	4.308633e-01	1.800299e-01	1.612843e-01	2.891264e-01	2.727304e-01	2.084037e-01	3.899527e-02	5.083361e-02	1.126172e+00	1.116746e+00	2.221284e-01	4.651045e+00	-2.113158e-08	
5.754764e-01	0.000000e+00	5.574455e-01	5.164849e-01	1.067240e+00	2.633821e-02	8.964152e-02	1.255475e-01	1.188522e-01	3.252598e-01	2.505073e-02	1.534487e-01	1.105435e+00	7.749319e-01	2.722887e-02	5.254532e-02	3.874486e+00	6.057414e-01	1.775995e-01	1.056879e+00	1.085856e-01	1.329088e+00	4.308689e-01	1.800035e-01	1.612855e-01	2.891973e-01	2.728661e-01	2.084044e-01	3.899564e-02	5.083333e-02	1.126207e+00	1.116672e+00	2.220575e-01	4.651130e+00	-3.597536e-08	
5.754758e-01	3.030746e-15	5.574684e-01	5.165144e-01	1.067220e+00	2.634232e-02	8.964364e-02	1.255476e-01	1.188441e-01	3.252598e-01	2.505688e-02	1.533748e-01	1.105366e+00	7.749322e-01	2.722955e-02	5.255354e-02	3.874128e+00	6.057548e-01	1.775564e-01	1.056822e+00	1.085886e-01	1.328900e+00	4.308323e-01	1.800109e-01	1.612889e-01	2.891533e-01	2.727684e-01	2.084123e-01	3.899775e-02	5.083380e-02	1.126266e+00	1.116722e+00	2.220610e-01	4.650951e+00	5.505221e-08	
5.754764e-01	0.000000e+00	5.572656e-01	5.165561e-01	1.067264e+00	2.634035e-02	8.961522e-02	1.255506e-01	1.188538e-01	3.252599e-01	2.504734e-02	1.534728e-01	1.105320e+00	7.749314e-01	2.723687e-02	5.256491e-02	3.874308e+00	6.056669e-01	1.776093e-01	1.056945e+00	1.085857e-01	1.329015e+00	4.307631e-01	1.800398e-01	1.612779e-01	2.891712e-01	2.727939e-01	2.084167e-01	3.899408e-02	5.082734e-02	1.126225e+00	1.116718e+00	2.220685e-01	4.650943e+00	-5.169043e-09	
5.754764e-01	0.000000e+00	5.571762e-01	5.165666e-01	1.066916e+00	2.633340e-02	8.969318e-02	1.255501e-01	1.188674e-01	3.252600e-01	2.505221e-02	1.535181e-01	1.105392e+00	7.749441e-01	2.723003e-02	5.255409e-02	3.874470e+00	6.057412e-01	1.776530e-01	1.057310e+00	1.085864e-01	1.328914e+00	4.309177e-01	1.800716e-01	1.612702e-01	2.891612e-01	2.729319e-01	2.083925e-01	3.899586e-02	5.084205e-02	1.126196e+00	1.116741e+00	2.220945e-01	4.650837e+00	-3.677763e-08	
5.754761e-01	5.559832e-17	5.573733e-01	5.164639e-01	1.067216e+00	2.634070e-02	8.971217e-02	1.255449e-01	1.188249e-01	3.252598e-01	2.507028e-02	1.534050e-01	1.105333e+00	7.749250e-01	2.722986e-02	5.253913e-02	3.874074e+00	6.058075e-01	1.776060e-01	1.057216e+00	1.085882e-01	1.328830e+00	4.307564e-01	1.800806e-01	1.612870e-01	2.891093e-01	2.728279e-01	2.084185e-01	3.900075e-02	5.084304e-02	1.126406e+00	1.116603e+00	2.220094e-01	4.651020e+00	7.456428e-09	
5.754764e-01	0.000000e+00	5.573983e-01	5.163981e-01	1.067143e+00	2.633724e-02	8.970962e-02	1.255458e-01	1.188425e-01	3.252601e-01	2.506504e-02	1.534271e-01	1.105433e+00	7.749220e-01	2.722750e-02	5.253135e-02	3.874010e+00	6.056694e-01	1.776214e-01	1.057140e+00	1.085823e-01	1.328893e+00	4.308296e-01	1.800614e-01	1.612753e-01	2.891514e-01	2.728518e-01	2.084187e-01	3.899716e-02	5.083840e-02	1.126310e+00	1.116639e+00	2.220330e-01	4.651189e+00	-4.176644e-08	
5.754759e-01	1.067243e-16	5.575075e-01	5.164806e-01	1.067156e+00	2.633801e-02	8.969687e-02	1.255458e-01	1.188417e-01	3.252597e-01	2.506445e-02	1.534279e-01	1.105397e+00	7.749298e-01	2.722778e-02	5.252836e-02	3.873907e+00	6.056836e-01	1.775660e-01	1.056822e+00	1.085860e-01	1.328912e+00	4.308258e-01	1.800644e-01	1.612748e-01	2.891478e-01	2.727633e-01	2.084248e-01	3.900050e-02	5.084039e-02	1.126347e+00	1.116647e+00	2.220147e-01	4.651171e+00	1.033075e-08	
5.754764e-01	0.000000e+00	5.574079e-01	5.164995e-01	1.067286e+00	2.633718e-02	8.963842e-02	1.255504e-01	1.188621e-01	3.252595e-01	2.505973e-02	1.533657e-01	1.105419e+00	7.749317e-01	2.723061e-02	5.254598e-02	3.874166e+00	6.057050e-01	1.775881e-01	1.056810e+00	1.085858e-01	1.329016e+00	4.308139e-01	1.800566e-01	1.612778e-01	2.892229e-01	2.727474e-01	2.084262e-01	3.899917e-02	5.082848e-02	1.126229e+00	1.116676e+00	2.220547e-01	4.651096e+00	-1.251068e-09	
5.754764e-01	0.000000e+00	5.572282e-01	5.164704e-01	1.067042e+00	2.633792e-02	8.973275e-02	1.255463e-01	1.188520e-01	3.252602e-01	2.505247e-02	1.535198e-01	1.105320e+00	7.749365e-01	2.723003e-02	5.254894e-02	3.874332e+00	6.058085e-01	1.776465e-01	1.057326e+00	1.085850e-01	1.328871e+00	4.308070e-01	1.800846e-01	1.612796e-01	2.891346e-01	2.729711e-01	2.084093e-01	3.899900e-02	5.083997e-02	1.126287e+00	1.116675e+00	2.220267e-01	4.651097e+00	-6.396489e-08	
5.754764e-01	0.000000e+00	5.573820e-01	5.165998e-01	1.067317e+00	2.634127e-02	8.964187e-02	1.255495e-01	1.188485e-01	3.252591e-01	2.506530e-02	1.533688e-01	1.105416e+00	7.749295e-01	2.723261e-02	5.255082e-02	3.874063e+00	6.057723e-01	1.775882e-01	1.056968e+00	1.085922e-01	1.329031e+00	4.307905e-01	1.800454e-01	1.612897e-01	2.891305e-01	2.726292e-01	2.084062e-01	3.899856e-02	5.082920e-02	1.126278e+00	1.116678e+00	2.220827e-01	4.650991e+00	-3.169900e-08	
5.754764e-01	0.000000e+00	5.573530e-01	5.165572e-01	1.067153e+00	2.633669e-02	8.969083e-02	1.255498e-01	1.188511e-01	3.252598e-01	2.506017e-02	1.534407e-01	1.105334e+00	7.749332e-01	2.723409e-02	5.255021e-02	3.874044e+00	6.057091e-01	1.775961e-01	1.056953e+00	1.085879e-01	1.328983e+00	4.308052e-01	1.801107e-01	1.612712e-01	2.891531e-01	2.727181e-01	2.084197e-01	3.899706e-02	5.084255e-02	1.126298e+00	1.116678e+00	2.220094e-01	4.650928e+00	-1.551817e-09	
5.754759e-01	1.566374e-16	5.571652e-01	5.166223e-01	1.067097e+00	2.634034e-02	8.972731e-02	1.255495e-01	1.188468e-01	3.252599e-01	2.506084e-02	1.535209e-01	1.105171e+00	7.749268e-01	2.724176e-02	5.257083e-02	3.874383e+00	6.056811e-01	1.776756e-01	1.057532e+00	1.085877e-01	1.328914e+00	4.307584e-01	1.801101e-01	1.612750e-01	2.891033e-01	2.727809e-01	2.084165e-01	3.899409e-02	5.084419e-02	1.126234e+00	1.116767e+00	2.220560e-01	4.650854e+00	1.251549e-08	
5.754764e-01	0.000000e+00	5.574163e-01	5.165546e-01	1.067336e+00	2.633910e-02	8.959754e-02	1.255482e-01	1.188851e-01	3.252591e-01	2.506237e-02	1.534091e-01	1.105474e+00	7.749288e-01	2.723113e-02	5.255236e-02	3.874477e+00	6.057818e-01	1.776141e-01	1.056912e+00	1.085909e-01	1.329275e+00	4.308475e-01	1.799770e-01	1.612890e-01	2.891699e-01	2.728307e-01	2.083974e-01	3.899793e-02	5.082486e-02	1.126083e+00	1.116770e+00	2.221203e-01	4.651314e+00	-8.391800e-08	
5.754759e-01	9.769566e-16	5.573631e-01	5.164498e-01	1.067202e+00	2.633692e-02	8.963075e-02	1.255466e-01	1.188524e-01	3.252605e-01	2.505527e-02	1.534940e-01	1.105376e+00	7.749234e-01	2.723177e-02	5.254395e-02	3.874203e+00	6.056240e-01	1.775743e-01	1.056790e+00	1.085830e-01	1.328927e+00	4.308154e-01	1.800569e-01	1.612719e-01	2.891280e-01	2.728516e-01	2.084331e-01	3.899515e-02	5.083803e-02	1.126289e+00	1.116670e+00	2.220333e-01	4.650945e+00	3.125630e-08	
5.754761e-01	2.038124e-17	5.573823e-01	5.164929e-01	1.067320e+00	2.633975e-02	8.966892e-02	1.255467e-01	1.188389e-01	3.252599e-01	2.506501e-02	1.534539e-01	1.105352e+00	7.749161e-01	2.723331e-02	5.254442e-02	3.874084e+00	6.056594e-01	1.776034e-01	1.057042e+00	1.085857e-01	1.328949e+00	4.307899e-01	1.800842e-01	1.612815e-01	2.890977e-01	2.727422e-01	2.084240e-01	3.899676e-02	5.083911e-02	1.126268e+00	1.116661e+00	2.220066e-01	4.651164e+00	4.514558e-09	
5.754765e-01	0.000000e+00	5.573310e-01	5.164952e-01	1.067369e+00	2.634470e-02	8.963255e-02	1.255477e-01	1.188192e-01	3.252599e-01	2.505035e-02	1.534569e-01	1.105390e+00	7.749266e-01	2.723479e-02	5.256714e-02	3.874321e+00	6.056751e-01	1.775563e-01	1.056834e+00	1.085864e-01	1.328861e+00	4.307920e-01	1.800274e-01	1.612956e-01	2.890533e-01	2.727782e-01	2.084238e-01	3.899480e-02	5.083323e-02	1.126345e+00	1.116627e+00	2.220466e-01	4.650599e+00	-3.126308e-08	
5.754765e-01	0.000000e+00	5.571203e-01	5.165041e-01	1.067053e+00	2.633937e-02	8.968749e-02	1.255501e-01	1.188484e-01	3.252598e-01	2.505117e-02	1.535192e-01	1.105303e+00	7.749383e-01	2.723500e-02	5.255915e-02	3.874125e+00	6.056252e-01	1.776482e-01	1.057303e+00	1.085823e-01	1.328782e+00	4.308153e-01	1.800949e-01	1.612771e-01	2.891953e-01	2.728823e-01	2.084254e-01	3.899416e-02	5.083493e-02	1.126275e+00	1.116720e+00	2.219847e-01	4.651100e+00	-7.156789e-08	
5.754765e-01	0.000000e+00	5.574352e-01	5.166066e-01	1.067235e+00	2.634088e-02	8.959951e-02	1.255532e-01	1.188572e-01	3.252597e-01	2.505453e-02	1.534805e-01	1.105363e+00	7.749381e-01	2.722960e-02	5.255823e-02	3.874148e+00	6.056474e-01	1.775392e-01	1.056592e+00	1.085950e-01	1.329132e+00	4.308632e-01	1.799923e-01	1.612843e-01	2.891432e-01	2.727238e-01	2.084060e-01	3.899634e-02	5.082938e-02	1.126095e+00	1.116817e+00	2.221389e-01	4.651011e+00	-3.983853e-08	
5.754765e-01	0.000000e+00	5.573189e-01	5.165384e-01	1.067269e+00	2.634095e-02	8.968129e-02	1.255468e-01	1.188326e-01	3.252599e-01	2.505123e-02	1.534476e-01	1.105388e+00	7.749283e-01	2.723425e-02	5.256565e-02	3.874488e+00	6.057332e-01	1.775982e-01	1.057043e+00	1.085860e-01	1.328897e+00	4.308672e-01	1.800339e-01	1.612851e-01	2.891267e-01	2.727750e-01	2.084098e-01	3.899536e-02	5.083737e-02	1.126204e+00	1.116725e+00	2.220536e-01	4.650692e+00	-4.316803e-08	
5.754765e-01	0.000000e+00	5.572517e-01	5.164944e-01	1.067214e+00	2.634125e-02	8.975218e-02	1.255448e-01	1.188460e-01	3.252591e-01	2.506124e-02	1.534379e-01	1.105387e+00	7.749167e-01	2.723241e-02	5.254276e-02	3.874228e+00	6.058098e-01	1.776822e-01	1.057582e+00	1.085833e-01	1.328884e+00	4.307993e-01	1.800995e-01	1.612829e-01	2.891275e-01	2.728685e-01	2.084257e-01	3.899727e-02	5.083428e-02	1.126319e+00	1.116604e+00	2.220343e-01	4.651371e+00	-1.020500e-08	
5.754763e-01	2.034781e-17	5.572359e-01	5.164473e-01	1.066937e+00	2.633904e-02	8.974126e-02	1.255470e-01	1.188487e-01	3.252600e-01	2.504944e-02	1.534654e-01	1.105366e+00	7.749427e-01	2.722732e-02	5.253859e-02	3.873950e+00	6.057343e-01	1.776239e-01	1.057219e+00	1.085807e-01	1.328674e+00	4.307781e-01	1.801145e-01	1.612709e-01	2.891829e-01	2.728799e-01	2.084069e-01	3.899905e-02	5.084046e-02	1.126475e+00	1.116606e+00	2.219215e-01	4.651045e+00	4.510855e-09	
5.754760e-01	5.130539e-16	5.573938e-01	5.165300e-01	1.067256e+00	2.634114e-02	8.960626e-02	1.255495e-01	1.188468e-01	3.252594e-01	2.506023e-02	1.533774e-01	1.105429e+00	7.749243e-01	2.722892e-02	5.254297e-02	3.874082e+00	6.056644e-01	1.775238e-01	1.056528e+00	1.085898e-01	1.329026e+00	4.308250e-01	1.799985e-01	1.612900e-01	2.890754e-01	2.726586e-01	2.084135e-01	3.899675e-02	5.082813e-02	1.126246e+00	1.116751e+00	2.221052e-01	4.650932e+00	2.265069e-08	
5.754765e-01	0.000000e+00	5.575658e-01	5.164889e-01	1.067381e+00	2.634037e-02	8.959326e-02	1.255514e-01	1.188358e-01	3.252593e-01	2.506970e-02	1.533662e-01	1.105451e+00	7.749165e-01	2.722929e-02	5.253864e-02	3.873829e+00	6.056036e-01	1.774870e-01	1.056285e+00	1.085901e-01	1.329069e+00	4.308742e-01	1.799773e-01	1.612880e-01	2.890732e-01	2.725806e-01	2.084149e-01	3.899675e-02	5.082763e-02	1.126238e+00	1.116731e+00	2.221613e-01	4.650858e+00	-1.638477e-08	
5.754765e-01	0.000000e+00	5.574549e-01	5.165423e-01	1.067248e+00	2.633768e-02	8.963038e-02	1.255475e-01	1.188602e-01	3.252596e-01	2.505792e-02	1.533971e-01	1.105443e+00	7.749346e-01	2.722571e-02	5.254378e-02	3.874187e+00	6.057519e-01	1.775713e-01	1.056765e+00	1.085877e-01	1.329023e+00	4.308525e-01	1.800198e-01	1.612831e-01	2.891937e-01	2.728152e-01	2.084016e-01	3.899940e-02	5.083284e-02	1.126199e+00	1.116690e+00	2.220469e-01	4.651168e+00	-9.141574e-08	
5.754757e-01	1.013412e-15	5.573038e-01	5.166910e-01	1.067313e+00	2.634317e-02	8.967435e-02	1.255465e-01	1.188399e-01	3.252597e-01	2.505740e-02	1.534629e-01	1.105248e+00	7.749272e-01	2.723776e-02	5.257367e-02	3.874485e+00	6.058196e-01	1.776030e-01	1.057127e+00	1.085951e-01	1.329044e+00	4.307213e-01	1.800737e-01	1.612920e-01	2.890502e-01	2.726502e-01	2.084131e-01	3.899845e-02	5.083725e-02	1.126212e+00	1.116698e+00	2.220390e-01	4.650933e+00	3.183413e-08	
5.754765e-01	0.000000e+00	5.573477e-01	5.164473e-01	1.067117e+00	2.633983e-02	8.968816e-02	1.255461e-01	1.188242e-01	3.252600e-01	2.506577e-02	1.534332e-01	1.105396e+00	7.749302e-01	2.722987e-02	5.254182e-02	3.873912e+00	6.056812e-01	1.775638e-01	1.056973e+00	1.085878e-01	1.328756e+00	4.307861e-01	1.800761e-01	1.612802e-01	2.890445e-01	2.727276e-01	2.084094e-01	3.899849e-02	5.084389e-02	1.126430e+00	1.116626e+00	2.220050e-01	4.650821e+00	-4.040484e-08	
5.754765e-01	0.000000e+00	5.573617e-01	5.165281e-01	1.067380e+00	2.634298e-02	8.962445e-02	1.255502e-01	1.188392e-01	3.252596e-01	2.505444e-02	1.534265e-01	1.105359e+00	7.749215e-01	2.723327e-02	5.254739e-02	3.874249e+00	6.057223e-01	1.775645e-01	1.056862e+00	1.085869e-01	1.328882e+00	4.308192e-01	1.800389e-01	1.612907e-01	2.890917e-01	2.727238e-01	2.084244e-01	3.899556e-02	5.082794e-02	1.126275e+00	1.116681e+00	2.220597e-01	4.651087e+00	-7.407260e-08	
5.754761e-01	1.026999e-17	5.572203e-01	5.166527e-01	1.067051e+00	2.633885e-02	8.971584e-02	1.255490e-01	1.188692e-01	3.252599e-01	2.505938e-02	1.534470e-01	1.105337e+00	7.749377e-01	2.723175e-02	5.256009e-02	3.874536e+00	6.058373e-01	1.776293e-01	1.057178e+00	1.085893e-01	1.328961e+00	4.308513e-01	1.801044e-01	1.612735e-01	2.891435e-01	2.727303e-01	2.084146e-01	3.900017e-02	5.083832e-02	1.126149e+00	1.116779e+00	2.220436e-01	4.651106e+00	3.204682e-09	
5.754761e-01	2.668868e-16	5.575084e-01	5.164460e-01	1.067262e+00	2.634119e-02	8.961145e-02	1.255465e-01	1.188354e-01	3.252601e-01	2.504920e-02	1.533966e-01	1.105483e+00	7.749368e-01	2.722621e-02	5.254805e-02	3.874212e+00	6.057497e-01	1.775359e-01	1.056662e+00	1.085885e-01	1.328955e+00	4.308439e-01	1.799717e-01	1.612931e-01	2.891165e-01	2.728093e-01	2.084010e-01	3.899663e-02	5.083414e-02	1.126250e+00	1.116696e+00	2.220990e-01	4.650776e+00	1.633667e-08	
5.754765e-01	0.000000e+00	5.575994e-01	5.165955e-01	1.067375e+00	2.634089e-02	8.961186e-02	1.255483e-01	1.188370e-01	3.252597e-01	2.506029e-02	1.534100e-01	1.105441e+00	7.749303e-01	2.722703e-02	5.254362e-02	3.873958e+00	6.057194e-01	1.775009e-01	1.056415e+00	1.085932e-01	1.329065e+00	4.308406e-01	1.799864e-01	1.612861e-01	2.891133e-01	2.726033e-01	2.084166e-01	3.899889e-02	5.083258e-02	1.126244e+00	1.116698e+00	2.221385e-01	4.650783e+00	-7.209346e-09	
5.754765e-01	0.000000e+00	5.570828e-01	5.165638e-01	1.066957e+00	2.633616e-02	8.970704e-02	1.255476e-01	1.188564e-01	3.252602e-01	2.504567e-02	1.535432e-01	1.105280e+00	7.749493e-01	2.723716e-02	5.257449e-02	3.874300e+00	6.057771e-01	1.776669e-01	1.057425e+00	1.085861e-01	1.328838e+00	4.307966e-01	1.801000e-01	1.612820e-01	2.891846e-01	2.729462e-01	2.083866e-01	3.899695e-02	5.084166e-02	1.126294e+00	1.116710e+00	2.219812e-01	4.650784e+00	-4.926720e-08	
5.754760e-01	1.500662e-17	5.572202e-01	5.164430e-01	1.067013e+00	2.633676e-02	8.969364e-02	1.255470e-01	1.188453e-01	3.252598e-01	2.506533e-02	1.534508e-01	1.105364e+00	7.749246e-01	2.723220e-02	5.255193e-02	3.874145e+00	6.057005e-01	1.776937e-01	1.057565e+00	1.085821e-01	1.328916e+00	4.307841e-01	1.801061e-01	1.612800e-01	2.891635e-01	2.729135e-01	2.083997e-01	3.899665e-02	5.083980e-02	1.126315e+00	1.116643e+00	2.220208e-01	4.651086e+00	3.873838e-09	
5.754757e-01	4.252286e-15	5.572939e-01	5.164861e-01	1.067163e+00	2.633814e-02	8.961974e-02	1.255478e-01	1.188595e-01	3.252595e-01	2.505823e-02	1.534484e-01	1.105473e+00	7.749347e-01	2.722781e-02	5.253146e-02	3.874025e+00	6.056194e-01	1.776138e-01	1.057033e+00	1.085876e-01	1.329019e+00	4.308163e-01	1.800309e-01	1.612837e-01	2.891515e-01	2.728555e-01	2.083904e-01	3.899584e-02	5.083475e-02	1.126317e+00	1.116668e+00	2.220583e-01	4.651122e+00	6.520956e-08	
5.754762e-01	9.480970e-18	5.574200e-01	5.165203e-01	1.067235e+00	2.633817e-02	8.963444e-02	1.255508e-01	1.188360e-01	3.252599e-01	2.506087e-02	1.534324e-01	1.105382e+00	7.749296e-01	2.723094e-02	5.254758e-02	3.873947e+00	6.056316e-01	1.775625e-01	1.056773e+00	1.085889e-01	1.328990e+00	4.308645e-01	1.800596e-01	1.612820e-01	2.891372e-01	2.726567e-01	2.084077e-01	3.899751e-02	5.083159e-02	1.126236e+00	1.116711e+00	2.221146e-01	4.650843e+00	3.079118e-09	
5.754760e-01	3.830361e-16	5.573373e-01	5.164678e-01	1.067071e+00	2.633893e-02	8.971101e-02	1.255476e-01	1.188317e-01	3.252598e-01	2.506273e-02	1.534779e-01	1.105399e+00	7.749346e-01	2.722783e-02	5.253914e-02	3.874087e+00	6.057009e-01	1.776334e-01	1.057201e+00	1.085860e-01	1.328963e+00	4.308521e-01	1.800624e-01	1.612853e-01	2.891411e-01	2.728850e-01	2.084026e-01	3.899762e-02	5.083547e-02	1.126317e+00	1.116645e+00	2.220354e-01	4.651138e+00	1.957131e-08	
5.754763e-01	3.328713e-16	5.572959e-01	5.164833e-01	1.067171e+00	2.634068e-02	8.970307e-02	1.255475e-01	1.188339e-01	3.252600e-01	2.505411e-02	1.534520e-01	1.105274e+00	7.749172e-01	2.723763e-02	5.255056e-02	3.874153e+00	6.056160e-01	1.776564e-01	1.057360e+00	1.085811e-01	1.328879e+00	4.307845e-01	1.800833e-01	1.612789e-01	2.891558e-01	2.727943e-01	2.084223e-01	3.899369e-02	5.083984e-02	1.126354e+00	1.116659e+00	2.220157e-01	4.651145e+00	1.824476e-08	
5.754765e-01	0.000000e+00	5.572039e-01	5.164762e-01	1.067104e+00	2.633892e-02	8.973458e-02	1.255445e-01	1.188454e-01	3.252599e-01	2.505491e-02	1.534767e-01	1.105430e+00	7.749420e-01	2.723196e-02	5.255553e-02	3.874253e+00	6.058899e-01	1.776322e-01	1.057284e+00	1.085840e-01	1.328781e+00	4.308060e-01	1.800959e-01	1.612889e-01	2.891229e-01	2.728952e-01	2.084089e-01	3.899959e-02	5.083758e-02	1.126440e+00	1.116576e+00	2.219694e-01	4.650698e+00	-3.181112e-09	
5.754765e-01	0.000000e+00	5.574336e-01	5.165233e-01	1.067294e+00	2.633989e-02	8.966616e-02	1.255495e-01	1.188463e-01	3.252597e-01	2.506540e-02	1.534276e-01	1.105315e+00	7.749216e-01	2.723279e-02	5.254626e-02	3.874202e+00	6.057058e-01	1.775959e-01	1.056944e+00	1.085868e-01	1.329009e+00	4.308350e-01	1.800772e-01	1.612809e-01	2.891717e-01	2.727390e-01	2.084421e-01	3.899732e-02	5.083787e-02	1.126190e+00	1.116732e+00	2.220328e-01	4.651283e+00	-8.510185e-08	
5.754765e-01	0.000000e+00	5.575359e-01	5.165090e-01	1.067481e+00	2.634125e-02	8.954841e-02	1.255532e-01	1.188500e-01	3.252598e-01	2.505502e-02	1.533581e-01	1.105438e+00	7.749173e-01	2.723293e-02	5.254693e-02	3.874283e+00	6.055446e-01	1.775129e-01	1.056328e+00	1.085892e-01	1.329152e+00	4.309005e-01	1.799605e-01	1.612869e-01	2.891626e-01	2.726214e-01	2.084162e-01	3.899417e-02	5.082095e-02	1.126085e+00	1.116811e+00	2.221928e-01	4.651032e+00	-1.006480e-07	
5.754760e-01	3.849652e-16	5.573689e-01	5.165162e-01	1.067095e+00	2.633535e-02	8.969776e-02	1.255486e-01	1.188654e-01	3.252599e-01	2.506129e-02	1.534500e-01	1.105350e+00	7.749319e-01	2.722871e-02	5.254140e-02	3.874432e+00	6.057191e-01	1.776117e-01	1.057006e+00	1.085874e-01	1.329048e+00	4.308949e-01	1.800721e-01	1.612713e-01	2.891594e-01	2.728103e-01	2.084177e-01	3.900141e-02	5.084218e-02	1.126103e+00	1.116802e+00	2.221058e-01	4.651182e+00	1.962053e-08	
5.754766e-01	0.000000e+00	5.574388e-01	5.165377e-01	1.067226e+00	2.633747e-02	8.960943e-02	1.255531e-01	1.188672e-01	3.252593e-01	2.507435e-02	1.533943e-01	1.105395e+00	7.749227e-01	2.722900e-02	5.253385e-02	3.873987e+00	6.055839e-01	1.776067e-01	1.056923e+00	1.085888e-01	1.329161e+00	4.308987e-01	1.800277e-01	1.612798e-01	2.891617e-01	2.727676e-01	2.084170e-01	3.899742e-02	5.083166e-02	1.126169e+00	1.116764e+00	2.221281e-01	4.651453e+00	-3.907214e-08	
5.754760e-01	5.987105e-16	5.573215e-01	5.165680e-01	1.067235e+00	2.634171e-02	8.966391e-02	1.255458e-01	1.188600e-01	3.252597e-01	2.505004e-02	1.534630e-01	1.105418e+00	7.749387e-01	2.722937e-02	5.255297e-02	3.874240e+00	6.057530e-01	1.776144e-01	1.057117e+00	1.085903e-01	1.329008e+00	4.307995e-01	1.800425e-01	1.612902e-01	2.891322e-01	2.728970e-01	2.084058e-01	3.899869e-02	5.083241e-02	1.126310e+00	1.116636e+00	2.220237e-01	4.651081e+00	2.446856e-08	
5.754766e-01	0.000000e+00	5.574734e-01	5.164075e-01	1.067175e+00	2.633777e-02	8.965877e-02	1.255471e-01	1.188343e-01	3.252602e-01	2.505299e-02	1.534738e-01	1.105434e+00	7.749263e-01	2.722833e-02	5.253970e-02	3.874454e+00	6.056955e-01	1.775984e-01	1.056876e+00	1.085830e-01	1.329043e+00	4.308654e-01	1.800462e-01	1.612804e-01	2.891769e-01	2.729128e-01	2.084189e-01	3.899702e-02	5.084216e-02	1.126223e+00	1.116652e+00	2.220648e-01	4.651226e+00	-8.427155e-08	
5.754760e-01	8.548254e-16	5.572841e-01	5.165763e-01	1.067027e+00	2.633575e-02	8.967964e-02	1.255517e-01	1.188601e-01	3.252597e-01	2.506746e-02	1.534561e-01	1.105315e+00	7.749221e-01	2.723116e-02	5.254404e-02	3.874203e+00	6.056429e-01	1.776742e-01	1.057360e+00	1.085860e-01	1.329097e+00	4.308988e-01	1.800974e-01	1.612740e-01	2.891708e-01	2.728573e-01	2.084067e-01	3.899776e-02	5.083886e-02	1.126154e+00	1.116747e+00	2.221320e-01	4.651428e+00	2.923740e-08	
5.754760e-01	6.633205e-16	5.573919e-01	5.166287e-01	1.067294e+00	2.634094e-02	8.965784e-02	1.255494e-01	1.188618e-01	3.252594e-01	2.506363e-02	1.534101e-01	1.105416e+00	7.749281e-01	2.723054e-02	5.254489e-02	3.874304e+00	6.057466e-01	1.775787e-01	1.056835e+00	1.085902e-01	1.329100e+00	4.309167e-01	1.800157e-01	1.612922e-01	2.891098e-01	2.726863e-01	2.084067e-01	3.899826e-02	5.083267e-02	1.126140e+00	1.116770e+00	2.221404e-01	4.651181e+00	2.575501e-08	
5.754766e-01	0.000000e+00	5.575967e-01	5.164268e-01	1.067213e+00	2.633541e-02	8.959872e-02	1.255496e-01	1.188392e-01	3.252599e-01	2.506123e-02	1.533963e-01	1.105539e+00	7.749326e-01	2.722051e-02	5.252282e-02	3.873943e+00	6.056769e-01	1.775541e-01	1.056582e+00	1.085881e-01	1.329151e+00	4.309338e-01	1.799889e-01	1.612861e-01	2.892219e-01	2.728394e-01	2.084013e-01	3.899747e-02	5.082784e-02	1.126208e+00	1.116647e+00	2.221252e-01	4.651308e+00	-8.281050e-08	
5.754766e-01	0.000000e+00	5.572530e-01	5.165483e-01	1.067031e+00	2.633549e-02	8.970109e-02	1.255513e-01	1.188573e-01	3.252596e-01	2.506827e-02	1.534495e-01	1.105310e+00	7.749347e-01	2.723189e-02	5.254779e-02	3.874000e+00	6.056995e-01	1.776441e-01	1.057345e+00	1.085899e-01	1.328914e+00	4.308502e-01	1.801219e-01	1.612742e-01	2.891505e-01	2.727606e-01	2.084027e-01	3.899767e-02	5.084688e-02	1.126261e+00	1.116737e+00	2.220202e-01	4.651031e+00	-9.250063e-08	
5.754764e-01	4.281444e-18	5.572765e-01	5.165091e-01	1.067199e+00	2.634043e-02	8.964829e-02	1.255471e-01	1.188479e-01	3.252597e-01	2.505834e-02	1.534286e-01	1.105416e+00	7.749271e-01	2.723213e-02	5.255355e-02	3.874547e+00	6.057448e-01	1.776154e-01	1.057087e+00	1.085876e-01	1.328984e+00	4.308770e-01	1.800244e-01	1.612916e-01	2.891408e-01	2.728725e-01	2.084078e-01	3.899583e-02	5.083616e-02	1.126179e+00	1.116756e+00	2.220977e-01	4.651072e+00	2.069165e-09	
5.754766e-01	0.000000e+00	5.574780e-01	5.163807e-01	1.067313e+00	2.634122e-02	8.962988e-02	1.255426e-01	1.188237e-01	3.252602e-01	2.505075e-02	1.534053e-01	1.105558e+00	7.749332e-01	2.722458e-02	5.254803e-02	3.874362e+00	6.057882e-01	1.775254e-01	1.056592e+00	1.085881e-01	1.328929e+00	4.308357e-01	1.799683e-01	1.612951e-01	2.891119e-01	2.728806e-01	2.084112e-01	3.899740e-02	5.083100e-02	1.126338e+00	1.116588e+00	2.221034e-01	4.650587e+00	-5.454048e-08	
5.754766e-01	0.000000e+00	5.571691e-01	5.166429e-01	1.066911e+00	2.633784e-02	8.966810e-02	1.255535e-01	1.188787e-01	3.252595e-01	2.505902e-02	1.534908e-01	1.105298e+00	7.749461e-01	2.723012e-02	5.254871e-02	3.874103e+00	6.056698e-01	1.776908e-01	1.057457e+00	1.085901e-01	1.329090e+00	4.308473e-01	1.800993e-01	1.612797e-01	2.892163e-01	2.728744e-01	2.083963e-01	3.899835e-02	5.083826e-02	1.126244e+00	1.116760e+00	2.220475e-01	4.651510e+00	-4.154078e-08	
5.754766e-01	0.000000e+00	5.572973e-01	5.164553e-01	1.066866e+00	2.633731e-02	8.973346e-02	1.255462e-01	1.188438e-01	3.252598e-01	2.506142e-02	1.534523e-01	1.105404e+00	7.749373e-01	2.722293e-02	5.252578e-02	3.874060e+00	6.057013e-01	1.776525e-01	1.057352e+00	1.085824e-01	1.328826e+00	4.308874e-01	1.801161e-01	1.612755e-01	2.891937e-01	2.729548e-01	2.084031e-01	3.899884e-02	5.084774e-02	1.126392e+00	1.116628e+00	2.219785e-01	4.651448e+00	-8.097499e-08	
5.754766e-01	0.000000e+00	5.572291e-01	5.165929e-01	1.067148e+00	2.633697e-02	8.965889e-02	1.255488e-01	1.188774e-01	3.252594e-01	2.506409e-02	1.534797e-01	1.105419e+00	7.749417e-01	2.722900e-02	5.255349e-02	3.874586e+00	6.058702e-01	1.776400e-01	1.057207e+00	1.085900e-01	1.329050e+00	4.309032e-01	1.800711e-01	1.612842e-01	2.891680e-01	2.728695e-01	2.084034e-01	3.899925e-02	5.083640e-02	1.126120e+00	1.116754e+00	2.220512e-01	4.651171e+00	-6.146134e-08	
5.754757e-01	1.134545e-15	5.571769e-01	5.166691e-01	1.067230e+00	2.634175e-02	8.969174e-02	1.255522e-01	1.188626e-01	3.252595e-01	2.506283e-02	1.534965e-01	1.105187e+00	7.749259e-01	2.724139e-02	5.256938e-02	3.874178e+00	6.057347e-01	1.776709e-01	1.057472e+00	1.085887e-01	1.328957e+00	4.307959e-01	1.801036e-01	1.612836e-01	2.891444e-01	2.727427e-01	2.084220e-01	3.899472e-02	5.083140e-02	1.126217e+00	1.116742e+00	2.220198e-01	4.651193e+00	3.368300e-08	
5.754766e-01	0.000000e+00	5.574817e-01	5.165419e-01	1.067231e+00	2.633906e-02	8.960977e-02	1.255496e-01	1.188505e-01	3.252600e-01	2.506219e-02	1.534257e-01	1.105429e+00	7.749375e-01	2.722868e-02	5.255479e-02	3.874286e+00	6.057251e-01	1.775641e-01	1.056792e+00	1.085920e-01	1.329073e+00	4.309108e-01	1.799824e-01	1.612924e-01	2.891596e-01	2.728048e-01	2.084006e-01	3.899919e-02	5.083487e-02	1.126163e+00	1.116755e+00	2.221602e-01	4.650898e+00	-3.814175e-08	
5.754766e-01	0.000000e+00	5.575219e-01	5.164940e-01	1.067356e+00	2.634029e-02	8.964014e-02	1.255474e-01	1.188455e-01	3.252595e-01	2.505642e-02	1.533542e-01	1.105426e+00	7.749253e-01	2.722707e-02	5.253528e-02	3.874127e+00	6.056894e-01	1.775612e-01	1.056720e+00	1.085867e-01	1.329033e+00	4.308054e-01	1.800283e-01	1.612824e-01	2.891440e-01	2.726957e-01	2.084282e-01	3.899825e-02	5.083442e-02	1.126248e+00	1.116688e+00	2.220237e-01	4.651193e+00	-4.965283e-08	
5.754760e-01	1.403786e-17	5.574668e-01	5.164277e-01	1.067244e+00	2.633993e-02	8.966495e-02	1.255458e-01	1.188127e-01	3.252601e-01	2.506867e-02	1.533943e-01	1.105418e+00	7.749132e-01	2.722812e-02	5.254044e-02	3.874018e+00	6.055626e-01	1.775627e-01	1.056852e+00	1.085856e-01	1.328913e+00	4.308568e-01	1.800338e-01	1.612806e-01	2.890694e-01	2.727796e-01	2.084147e-01	3.899606e-02	5.083197e-02	1.126318e+00	1.116611e+00	2.220988e-01	4.650961e+00	3.746713e-09	
5.754762e-01	1.023603e-15	5.572420e-01	5.165147e-01	1.067126e+00	2.633866e-02	8.969037e-02	1.255487e-01	1.188492e-01	3.252596e-01	2.505954e-02	1.534462e-01	1.105378e+00	7.749387e-01	2.723219e-02	5.255623e-02	3.874337e+00	6.057727e-01	1.776581e-01	1.057394e+00	1.085895e-01	1.328971e+00	4.308519e-01	1.800831e-01	1.612878e-01	2.891675e-01	2.728620e-01	2.083971e-01	3.899640e-02	5.083915e-02	1.126246e+00	1.116683e+00	2.220724e-01	4.650956e+00	3.199379e-08	
5.754758e-01	2.669794e-15	5.574071e-01	5.165350e-01	1.067187e+00	2.634048e-02	8.965029e-02	1.255491e-01	1.188476e-01	3.252591e-01	2.505323e-02	1.534083e-01	1.105527e+00	7.749445e-01	2.722519e-02	5.254670e-02	3.874104e+00	6.058180e-01	1.775653e-01	1.056866e+00	1.085893e-01	1.328897e+00	4.308694e-01	1.799943e-01	1.612946e-01	2.891561e-01	2.727985e-01	2.083889e-01	3.899782e-02	5.083297e-02	1.126249e+00	1.116684e+00	2.221085e-01	4.650742e+00	5.167005e-08	
5.754757e-01	4.092709e-15	5.572078e-01	5.164937e-01	1.066902e+00	2.633827e-02	8.977745e-02	1.255443e-01	1.188241e-01	3.252605e-01	2.505614e-02	1.535184e-01	1.105332e+00	7.749409e-01	2.723162e-02	5.256607e-02	3.874360e+00	6.057795e-01	1.776622e-01	1.057523e+00	1.085872e-01	1.328815e+00	4.308365e-01	1.800943e-01	1.612797e-01	2.891117e-01	2.729140e-01	2.083916e-01	3.899845e-02	5.084988e-02	1.126317e+00	1.116648e+00	2.220209e-01	4.650725e+00	6.397428e-08	
5.754766e-01	0.000000e+00	5.575882e-01	5.164818e-01	1.067365e+00	2.633847e-02	8.960014e-02	1.255510e-01	1.188546e-01	3.252598e-01	2.506110e-02	1.533749e-01	1.105501e+00	7.749309e-01	2.722700e-02	5.253234e-02	3.874114e+00	6.056933e-01	1.775219e-01	1.056404e+00	1.085868e-01	1.329090e+00	4.309252e-01	1.799755e-01	1.612907e-01	2.891855e-01	2.726753e-01	2.084161e-01	3.899849e-02	5.082792e-02	1.126188e+00	1.116729e+00	2.220972e-01	4.651125e+00	-5.583546e-08	
5.754764e-01	8.851853e-18	5.573473e-01	5.165513e-01	1.067204e+00	2.634023e-02	8.965941e-02	1.255496e-01	1.188444e-01	3.252596e-01	2.506182e-02	1.534257e-01	1.105407e+00	7.749228e-01	2.723080e-02	5.253994e-02	3.874083e+00	6.056417e-01	1.776151e-01	1.057101e+00	1.085878e-01	1.329002e+00	4.308358e-01	1.800676e-01	1.612848e-01	2.891151e-01	2.727181e-01	2.084303e-01	3.899641e-02	5.083953e-02	1.126315e+00	1.116685e+00	2.220431e-01	4.651112e+00	2.975206e-09	
5.754766e-01	0.000000e+00	5.573409e-01	5.165436e-01	1.067069e+00	2.633675e-02	8.970297e-02	1.255460e-01	1.188504e-01	3.252605e-01	2.505704e-02	1.535476e-01	1.105288e+00	7.749418e-01	2.723024e-02	5.254847e-02	3.874378e+00	6.057549e-01	1.776051e-01	1.057045e+00	1.085882e-01	1.328970e+00	4.308334e-01	1.800645e-01	1.612820e-01	2.891267e-01	2.728998e-01	2.084099e-01	3.899947e-02	5.084574e-02	1.126320e+00	1.116691e+00	2.219872e-01	4.650912e+00	-5.704804e-08	
5.754760e-01	1.458256e-15	5.571792e-01	5.165885e-01	1.067191e+00	2.633694e-02	8.963068e-02	1.255500e-01	1.188705e-01	3.252599e-01	2.505111e-02	1.534725e-01	1.105366e+00	7.749414e-01	2.723456e-02	5.256743e-02	3.874429e+00	6.057423e-01	1.776073e-01	1.057009e+00	1.085913e-01	1.329019e+00	4.308196e-01	1.800510e-01	1.612796e-01	2.891023e-01	2.727334e-01	2.083888e-01	3.899695e-02	5.083210e-02	1.126166e+00	1.116769e+00	2.221117e-01	4.650601e+00	3.818712e-08	
5.754766e-01	0.000000e+00	5.575091e-01	5.164772e-01	1.067223e+00	2.633922e-02	8.962193e-02	1.255490e-01	1.188449e-01	3.252598e-01	2.506171e-02	1.533861e-01	1.105465e+00	7.749354e-01	2.722515e-02	5.253556e-02	3.873889e+00	6.056795e-01	1.775070e-01	1.056395e+00	1.085887e-01	1.329024e+00	4.308729e-01	1.799962e-01	1.612919e-01	2.891298e-01	2.726933e-01	2.084140e-01	3.899791e-02	5.083121e-02	1.126320e+00	1.116666e+00	2.220792e-01	4.651002e+00	-7.513749e-08	
5.754762e-01	3.375403e-17	5.573209e-01	5.164594e-01	1.067208e+00	2.633734e-02	8.969434e-02	1.255483e-01	1.188713e-01	3.252599e-01	2.505899e-02	1.534196e-01	1.105361e+00	7.749297e-01	2.723195e-02	5.254082e-02	3.874310e+00	6.057264e-01	1.776202e-01	1.057030e+00	1.085825e-01	1.328955e+00	4.308147e-01	1.800532e-01	1.612758e-01	2.891936e-01	2.727617e-01	2.084367e-01	3.899781e-02	5.083329e-02	1.126168e+00	1.116783e+00	2.220072e-01	4.651203e+00	5.809822e-09	
5.754766e-01	0.000000e+00	5.573653e-01	5.166300e-01	1.067147e+00	2.633558e-02	8.967472e-02	1.255498e-01	1.188682e-01	3.252599e-01	2.506040e-02	1.534685e-01	1.105314e+00	7.749375e-01	2.723290e-02	5.255665e-02	3.874174e+00	6.058349e-01	1.776365e-01	1.057169e+00	1.085924e-01	1.329135e+00	4.308132e-01	1.801006e-01	1.612787e-01	2.891663e-01	2.727033e-01	2.084032e-01	3.900027e-02	5.084023e-02	1.126152e+00	1.116760e+00	2.220787e-01	4.651056e+00	-2.741478e-08	
5.754767e-01	0.000000e+00	5.573926e-01	5.165263e-01	1.067265e+00	2.633994e-02	8.968578e-02	1.255479e-01	1.188499e-01	3.252596e-01	2.506604e-02	1.534393e-01	1.105394e+00	7.749226e-01	2.723201e-02	5.254132e-02	3.874026e+00	6.057081e-01	1.776062e-01	1.057004e+00	1.085891e-01	1.329087e+00	4.308081e-01	1.800771e-01	1.612882e-01	2.891125e-01	2.727349e-01	2.084257e-01	3.899876e-02	5.083740e-02	1.126267e+00	1.116673e+00	2.220425e-01	4.651326e+00	-2.731677e-08	
5.754756e-01	5.086356e-15	5.571857e-01	5.165633e-01	1.066971e+00	2.633805e-02	8.974786e-02	1.255489e-01	1.188525e-01	3.252599e-01	2.505834e-02	1.535001e-01	1.105322e+00	7.749415e-01	2.723463e-02	5.255110e-02	3.874021e+00	6.057368e-01	1.776747e-01	1.057582e+00	1.085830e-01	1.328804e+00	4.308160e-01	1.801255e-01	1.612741e-01	2.892102e-01	2.729174e-01	2.084224e-01	3.899844e-02	5.083989e-02	1.126336e+00	1.116661e+00	2.219927e-01	4.651119e+00	7.131870e-08	
5.754759e-01	5.163953e-17	5.573829e-01	5.164759e-01	1.067096e+00	2.633885e-02	8.968727e-02	1.255467e-01	1.188571e-01	3.252599e-01	2.505387e-02	1.534223e-01	1.105426e+00	7.749290e-01	2.722514e-02	5.252969e-02	3.874149e+00	6.057021e-01	1.776122e-01	1.056993e+00	1.085840e-01	1.329007e+00	4.308461e-01	1.800632e-01	1.612780e-01	2.891477e-01	2.728172e-01	2.084145e-01	3.899805e-02	5.083756e-02	1.126282e+00	1.116686e+00	2.220380e-01	4.651321e+00	7.186065e-09	
5.754762e-01	2.563304e-19	5.572544e-01	5.167104e-01	1.067204e+00	2.634046e-02	8.964415e-02	1.255530e-01	1.188839e-01	3.252592e-01	2.506434e-02	1.534891e-01	1.105249e+00	7.749251e-01	2.723691e-02	5.255193e-02	3.874269e+00	6.056469e-01	1.776561e-01	1.057242e+00	1.085894e-01	1.329125e+00	4.308225e-01	1.800780e-01	1.612773e-01	2.891426e-01	2.727143e-01	2.084401e-01	3.899741e-02	5.083217e-02	1.126089e+00	1.116829e+00	2.220893e-01	4.651713e+00	5.062908e-10	
5.754767e-01	0.000000e+00	5.573517e-01	5.165354e-01	1.067185e+00	2.633821e-02	8.966732e-02	1.255497e-01	1.188349e-01	3.252601e-01	2.506754e-02	1.534473e-01	1.105270e+00	7.749231e-01	2.723389e-02	5.255054e-02	3.873998e+00	6.055710e-01	1.775703e-01	1.056899e+00	1.085893e-01	1.328929e+00	4.308238e-01	1.800593e-01	1.612795e-01	2.890724e-01	2.726701e-01	2.084207e-01	3.899686e-02	5.083755e-02	1.126304e+00	1.116721e+00	2.220720e-01	4.650842e+00	-1.000336e-07	
5.754759e-01	5.579126e-16	5.573755e-01	5.163730e-01	1.067161e+00	2.634085e-02	8.971181e-02	1.255436e-01	1.188256e-01	3.252597e-01	2.505901e-02	1.533871e-01	1.105505e+00	7.749240e-01	2.722510e-02	5.253396e-02	3.874020e+00	6.057380e-01	1.775912e-01	1.057012e+00	1.085799e-01	1.328764e+00	4.308080e-01	1.800539e-01	1.612820e-01	2.891333e-01	2.728920e-01	2.084239e-01	3.899754e-02	5.083346e-02	1.126428e+00	1.116511e+00	2.220237e-01	4.651111e+00	2.362017e-08	
5.754762e-01	1.176974e-16	5.573219e-01	5.165865e-01	1.067197e+00	2.634115e-02	8.969225e-02	1.255469e-01	1.188321e-01	3.252596e-01	2.505046e-02	1.534483e-01	1.105353e+00	7.749329e-01	2.723254e-02	5.256307e-02	3.874531e+00	6.057922e-01	1.776332e-01	1.057221e+00	1.085905e-01	1.329077e+00	4.308473e-01	1.800359e-01	1.612904e-01	2.891189e-01	2.727738e-01	2.083940e-01	3.899715e-02	5.083832e-02	1.126136e+00	1.116760e+00	2.221615e-01	4.650850e+00	1.084884e-08	
5.754761e-01	2.130608e-15	5.574818e-01	5.163905e-01	1.067192e+00	2.633941e-02	8.967502e-02	1.255472e-01	1.188257e-01	3.252597e-01	2.506995e-02	1.533427e-01	1.105492e+00	7.749234e-01	2.722546e-02	5.253905e-02	3.873811e+00	6.056449e-01	1.775542e-01	1.056787e+00	1.085867e-01	1.328918e+00	4.308647e-01	1.800389e-01	1.612844e-01	2.891335e-01	2.727439e-01	2.084166e-01	3.899753e-02	5.083665e-02	1.126316e+00	1.116616e+00	2.221214e-01	4.650916e+00	4.615851e-08	
5.754762e-01	4.692693e-17	5.572799e-01	5.165194e-01	1.067033e+00	2.633811e-02	8.976301e-02	1.255445e-01	1.188494e-01	3.252601e-01	2.506584e-02	1.534995e-01	1.105263e+00	7.749299e-01	2.723241e-02	5.254108e-02	3.874187e+00	6.058380e-01	1.776745e-01	1.057509e+00	1.085839e-01	1.328873e+00	4.307759e-01	1.801492e-01	1.612804e-01	2.891587e-01	2.728602e-01	2.084326e-01	3.900164e-02	5.084762e-02	1.126373e+00	1.116643e+00	2.219146e-01	4.651385e+00	6.850323e-09	
5.754762e-01	6.834859e-17	5.571494e-01	5.166468e-01	1.067149e+00	2.633824e-02	8.970625e-02	1.255497e-01	1.188760e-01	3.252595e-01	2.505563e-02	1.534757e-01	1.105303e+00	7.749376e-01	2.723641e-02	5.256005e-02	3.874369e+00	6.057935e-01	1.776928e-01	1.057513e+00	1.085882e-01	1.329040e+00	4.308039e-01	1.801096e-01	1.612796e-01	2.891701e-01	2.728219e-01	2.084197e-01	3.899759e-02	5.083619e-02	1.126232e+00	1.116707e+00	2.219862e-01	4.651244e+00	8.267321e-09	
5.754765e-01	1.895416e-16	5.573526e-01	5.166152e-01	1.067151e+00	2.633817e-02	8.964958e-02	1.255493e-01	1.188618e-01	3.252595e-01	2.506701e-02	1.534394e-01	1.105382e+00	7.749451e-01	2.722993e-02	5.255312e-02	3.874104e+00	6.058407e-01	1.775674e-01	1.056841e+00	1.085942e-01	1.329008e+00	4.308199e-01	1.800500e-01	1.612865e-01	2.891292e-01	2.727023e-01	2.084069e-01	3.900035e-02	5.084179e-02	1.126254e+00	1.116751e+00	2.220114e-01	4.650856e+00	1.376741e-08	
5.754767e-01	0.000000e+00	5.574135e-01	5.164598e-01	1.067171e+00	2.633983e-02	8.963975e-02	1.255490e-01	1.188413e-01	3.252600e-01	2.505795e-02	1.534145e-01	1.105412e+00	7.749230e-01	2.722790e-02	5.253592e-02	3.873974e+00	6.056332e-01	1.775536e-01	1.056726e+00	1.085857e-01	1.328933e+00	4.308080e-01	1.800414e-01	1.612780e-01	2.891136e-01	2.727315e-01	2.084175e-01	3.899741e-02	5.083171e-02	1.126351e+00	1.116666e+00	2.220940e-01	4.651002e+00	-7.476358e-08	
5.754767e-01	0.000000e+00	5.572741e-01	5.165295e-01	1.067151e+00	2.633910e-02	8.963864e-02	1.255444e-01	1.188477e-01	3.252598e-01	2.504839e-02	1.534242e-01	1.105533e+00	7.749487e-01	2.722764e-02	5.255857e-02	3.874668e+00	6.059199e-01	1.775813e-01	1.056906e+00	1.085882e-01	1.328918e+00	4.308587e-01	1.800022e-01	1.612928e-01	2.891365e-01	2.729152e-01	2.083935e-01	3.899758e-02	5.083024e-02	1.126305e+00	1.116626e+00	2.220463e-01	4.650710e+00	-9.852690e-08	
5.754767e-01	0.000000e+00	5.571312e-01	5.167166e-01	1.067179e+00	2.633820e-02	8.972867e-02	1.255449e-01	1.188716e-01	3.252598e-01	2.506072e-02	1.534979e-01	1.105246e+00	7.749462e-01	2.723555e-02	5.256669e-02	3.874551e+00	6.059052e-01	1.776735e-01	1.057514e+00	1.085925e-01	1.328971e+00	4.307471e-01	1.801142e-01	1.612867e-01	2.891336e-01	2.728173e-01	2.084090e-01	3.900162e-02	5.084156e-02	1.126278e+00	1.116695e+00	2.219595e-01	4.650943e+00	-9.904127e-08	
5.754759e-01	1.040645e-15	5.572865e-01	5.166374e-01	1.067289e+00	2.633683e-02	8.966511e-02	1.255472e-01	1.188821e-01	3.252596e-01	2.506459e-02	1.534570e-01	1.105338e+00	7.749268e-01	2.723514e-02	5.255504e-02	3.874438e+00	6.057945e-01	1.776522e-01	1.057186e+00	1.085879e-01	1.329140e+00	4.307809e-01	1.800779e-01	1.612805e-01	2.891851e-01	2.727716e-01	2.084278e-01	3.899850e-02	5.083687e-02	1.126161e+00	1.116717e+00	2.219885e-01	4.651247e+00	3.225904e-08	
5.754767e-01	0.000000e+00	5.572626e-01	5.165791e-01	1.067128e+00	2.634001e-02	8.972370e-02	1.255481e-01	1.188511e-01	3.252597e-01	2.505626e-02	1.534826e-01	1.105332e+00	7.749413e-01	2.723086e-02	5.255633e-02	3.874378e+00	6.058345e-01	1.776252e-01	1.057198e+00	1.085896e-01	1.328975e+00	4.308282e-01	1.800611e-01	1.612847e-01	2.891092e-01	2.727798e-01	2.084131e-01	3.899889e-02	5.083560e-02	1.126207e+00	1.116718e+00	2.220811e-01	4.651062e+00	-7.346681e-08	
5.754759e-01	3.572163e-15	5.572782e-01	5.166944e-01	1.067231e+00	2.633733e-02	8.971498e-02	1.255520e-01	1.188595e-01	3.252598e-01	2.506233e-02	1.534985e-01	1.105214e+00	7.749363e-01	2.723802e-02	5.255811e-02	3.874178e+00	6.058326e-01	1.776257e-01	1.057169e+00	1.085895e-01	1.328994e+00	4.308132e-01	1.801576e-01	1.612803e-01	2.891333e-01	2.726337e-01	2.084210e-01	3.899940e-02	5.084775e-02	1.126196e+00	1.116762e+00	2.219746e-01	4.650912e+00	5.976758e-08	
5.754767e-01	0.000000e+00	5.573610e-01	5.164777e-01	1.067315e+00	2.633941e-02	8.964407e-02	1.255449e-01	1.188429e-01	3.252599e-01	2.505928e-02	1.534271e-01	1.105431e+00	7.749335e-01	2.723345e-02	5.255884e-02	3.874337e+00	6.057567e-01	1.775595e-01	1.056790e+00	1.085865e-01	1.328921e+00	4.307955e-01	1.800317e-01	1.612892e-01	2.890847e-01	2.727234e-01	2.084139e-01	3.899852e-02	5.083577e-02	1.126292e+00	1.116654e+00	2.220139e-01	4.650757e+00	-1.054892e-08	
5.754759e-01	2.584695e-13	5.572645e-01	5.165557e-01	1.066992e+00	2.633281e-02	8.970126e-02	1.255521e-01	1.188943e-01	3.252594e-01	2.507470e-02	1.534414e-01	1.105317e+00	7.749323e-01	2.722956e-02	5.252648e-02	3.874061e+00	6.056745e-01	1.776790e-01	1.057305e+00	1.085849e-01	1.329083e+00	4.308464e-01	1.801358e-01	1.612638e-01	2.892242e-01	2.728101e-01	2.084225e-01	3.899876e-02	5.083880e-02	1.126157e+00	1.116772e+00	2.220054e-01	4.651732e+00	5.083990e-07	
5.754767e-01	0.000000e+00	5.572261e-01	5.164845e-01	1.067065e+00	2.633856e-02	8.970901e-02	1.255473e-01	1.188289e-01	3.252599e-01	2.506188e-02	1.534432e-01	1.105337e+00	7.749285e-01	2.723355e-02	5.255898e-02	3.874253e+00	6.056991e-01	1.776301e-01	1.057274e+00	1.085827e-01	1.328741e+00	4.308329e-01	1.800816e-01	1.612797e-01	2.891693e-01	2.728765e-01	2.084189e-01	3.899618e-02	5.083779e-02	1.126301e+00	1.116661e+00	2.220134e-01	4.651009e+00	-3.890270e-08	
5.754767e-01	0.000000e+00	5.572108e-01	5.165352e-01	1.067165e+00	2.633709e-02	8.968476e-02	1.255464e-01	1.188587e-01	3.252597e-01	2.505751e-02	1.535217e-01	1.105359e+00	7.749327e-01	2.723463e-02	5.255065e-02	3.874456e+00	6.057273e-01	1.776585e-01	1.057336e+00	1.085827e-01	1.328909e+00	4.307989e-01	1.800999e-01	1.612780e-01	2.891410e-01	2.729319e-01	2.084313e-01	3.899711e-02	5.084172e-02	1.126254e+00	1.116671e+00	2.220336e-01	4.651120e+00	-7.984429e-08	
5.754768e-01	0.000000e+00	5.573393e-01	5.165706e-01	1.067595e+00	2.634162e-02	8.961040e-02	1.255488e-01	1.188426e-01	3.252596e-01	2.506290e-02	1.534011e-01	1.105301e+00	7.749193e-01	2.723853e-02	5.255661e-02	3.874159e+00	6.057797e-01	1.775511e-01	1.056776e+00	1.085891e-01	1.329024e+00	4.307216e-01	1.800642e-01	1.612902e-01	2.891081e-01	2.725812e-01	2.084446e-01	3.899699e-02	5.082540e-02	1.126321e+00	1.116621e+00	2.219675e-01	4.650912e+00	-1.719463e-08	
5.754760e-01	4.719199e-16	5.572303e-01	5.165720e-01	1.067278e+00	2.634188e-02	8.965856e-02	1.255461e-01	1.188427e-01	3.252595e-01	2.505293e-02	1.534785e-01	1.105369e+00	7.749227e-01	2.723607e-02	5.256556e-02	3.874464e+00	6.057235e-01	1.776609e-01	1.057413e+00	1.085890e-01	1.329015e+00	4.307466e-01	1.800623e-01	1.612851e-01	2.891024e-01	2.729147e-01	2.084038e-01	3.899555e-02	5.083736e-02	1.126323e+00	1.116635e+00	2.220370e-01	4.650765e+00	2.172372e-08	
5.754759e-01	1.161899e-15	5.572707e-01	5.165495e-01	1.066987e+00	2.633662e-02	8.973206e-02	1.255463e-01	1.188570e-01	3.252602e-01	2.506499e-02	1.534801e-01	1.105315e+00	7.749386e-01	2.723050e-02	5.254882e-02	3.874170e+00	6.057889e-01	1.776323e-01	1.057234e+00	1.085851e-01	1.328877e+00	4.307971e-01	1.801218e-01	1.612780e-01	2.891438e-01	2.728512e-01	2.084156e-01	3.900243e-02	5.084745e-02	1.126322e+00	1.116666e+00	2.219523e-01	4.651149e+00	3.408665e-08	
5.754763e-01	4.208396e-16	5.573454e-01	5.165713e-01	1.067244e+00	2.633903e-02	8.970893e-02	1.255482e-01	1.188764e-01	3.252592e-01	2.506690e-02	1.534240e-01	1.105395e+00	7.749303e-01	2.723194e-02	5.253842e-02	3.874287e+00	6.058338e-01	1.776617e-01	1.057321e+00	1.085856e-01	1.329026e+00	4.308336e-01	1.801092e-01	1.612811e-01	2.891698e-01	2.727428e-01	2.084372e-01	3.900047e-02	5.084063e-02	1.126223e+00	1.116691e+00	2.219731e-01	4.651539e+00	2.051438e-08	
5.754764e-01	4.677669e-19	5.576172e-01	5.164041e-01	1.067326e+00	2.634313e-02	8.960814e-02	1.255462e-01	1.188294e-01	3.252597e-01	2.505900e-02	1.533294e-01	1.105524e+00	7.749176e-01	2.722424e-02	5.253293e-02	3.874054e+00	6.056773e-01	1.774905e-01	1.056320e+00	1.085850e-01	1.328972e+00	4.308730e-01	1.799519e-01	1.612930e-01	2.891178e-01	2.727615e-01	2.084334e-01	3.899869e-02	5.082716e-02	1.126273e+00	1.116681e+00	2.221369e-01	4.651167e+00	6.839349e-10	
5.754760e-01	4.258473e-16	5.573785e-01	5.165534e-01	1.067309e+00	2.634129e-02	8.966691e-02	1.255459e-01	1.188271e-01	3.252600e-01	2.506148e-02	1.534657e-01	1.105341e+00	7.749174e-01	2.723213e-02	5.255363e-02	3.874279e+00	6.056769e-01	1.775671e-01	1.056893e+00	1.085881e-01	1.328937e+00	4.308181e-01	1.800410e-01	1.612851e-01	2.890532e-01	2.727546e-01	2.084144e-01	3.899751e-02	5.084124e-02	1.126205e+00	1.116720e+00	2.221151e-01	4.650822e+00	2.063607e-08	
5.754764e-01	3.561728e-16	5.573806e-01	5.165142e-01	1.067329e+00	2.634106e-02	8.960059e-02	1.255456e-01	1.188518e-01	3.252594e-01	2.506408e-02	1.533791e-01	1.105482e+00	7.749180e-01	2.722809e-02	5.254463e-02	3.874071e+00	6.056529e-01	1.775438e-01	1.056685e+00	1.085902e-01	1.329023e+00	4.307581e-01	1.800094e-01	1.612869e-01	2.890355e-01	2.727396e-01	2.084141e-01	3.899675e-02	5.083177e-02	1.126355e+00	1.116631e+00	2.220688e-01	4.650846e+00	1.887254e-08	
5.754757e-01	1.058500e-14	5.573170e-01	5.166234e-01	1.067281e+00	2.634078e-02	8.962641e-02	1.255486e-01	1.188538e-01	3.252596e-01	2.506611e-02	1.534842e-01	1.105328e+00	7.749285e-01	2.723553e-02	5.255982e-02	3.874341e+00	6.057523e-01	1.776135e-01	1.057044e+00	1.085891e-01	1.329078e+00	4.308129e-01	1.800435e-01	1.612915e-01	2.891019e-01	2.727563e-01	2.084241e-01	3.899790e-02	5.083397e-02	1.126264e+00	1.116677e+00	2.220355e-01	4.651079e+00	1.028834e-07	
5.754767e-01	0.000000e+00	5.573961e-01	5.163470e-01	1.067050e+00	2.633794e-02	8.964825e-02	1.255444e-01	1.188427e-01	3.252602e-01	2.504863e-02	1.534528e-01	1.105564e+00	7.749407e-01	2.722127e-02	5.254026e-02	3.874273e+00	6.057236e-01	1.775515e-01	1.056757e+00	1.085824e-01	1.328766e+00	4.309097e-01	1.799959e-01	1.612843e-01	2.891690e-01	2.729956e-01	2.084123e-01	3.899831e-02	5.083308e-02	1.126309e+00	1.116636e+00	2.220874e-01	4.650881e+00	-3.988848e-08	
5.754760e-01	6.201069e-16	5.573375e-01	5.164335e-01	1.067179e+00	2.633772e-02	8.969923e-02	1.255509e-01	1.188404e-01	3.252596e-01	2.507129e-02	1.533959e-01	1.105322e+00	7.749215e-01	2.723183e-02	5.252495e-02	3.873506e+00	6.056342e-01	1.776091e-01	1.057196e+00	1.085834e-01	1.328846e+00	4.308206e-01	1.800997e-01	1.612749e-01	2.891435e-01	2.726859e-01	2.084306e-01	3.899780e-02	5.083204e-02	1.126408e+00	1.116628e+00	2.220082e-01	4.651284e+00	2.490195e-08	
5.754759e-01	1.587908e-15	5.572520e-01	5.165210e-01	1.066952e+00	2.633708e-02	8.974490e-02	1.255503e-01	1.188401e-01	3.252596e-01	2.506440e-02	1.534298e-01	1.105331e+00	7.749330e-01	2.723001e-02	5.254219e-02	3.873827e+00	6.056918e-01	1.776370e-01	1.057325e+00	1.085873e-01	1.328847e+00	4.308272e-01	1.801204e-01	1.612789e-01	2.891335e-01	2.727435e-01	2.083950e-01	3.899924e-02	5.083786e-02	1.126348e+00	1.116675e+00	2.220511e-01	4.651003e+00	3.984856e-08	
5.754761e-01	6.117706e-16	5.572182e-01	5.165861e-01	1.066956e+00	2.633607e-02	8.976430e-02	1.255460e-01	1.188512e-01	3.252598e-01	2.506168e-02	1.534593e-01	1.105362e+00	7.749461e-01	2.722749e-02	5.255180e-02	3.874355e+00	6.058894e-01	1.776528e-01	1.057413e+00	1.085889e-01	1.328874e+00	4.308421e-01	1.801088e-01	1.612776e-01	2.891638e-01	2.728945e-01	2.083960e-01	3.900200e-02	5.084635e-02	1.126251e+00	1.116689e+00	2.220087e-01	4.650963e+00	2.473400e-08	
5.754759e-01	1.768267e-15	5.575223e-01	5.164512e-01	1.067262e+00	2.633762e-02	8.959577e-02	1.255491e-01	1.188574e-01	3.252599e-01	2.505784e-02	1.533729e-01	1.105470e+00	7.749230e-01	2.722583e-02	5.253086e-02	3.874261e+00	6.056306e-01	1.775460e-01	1.056543e+00	1.085849e-01	1.329066e+00	4.308937e-01	1.799934e-01	1.612800e-01	2.891840e-01	2.727634e-01	2.084190e-01	3.899602e-02	5.083090e-02	1.126112e+00	1.116757e+00	2.221155e-01	4.651331e+00	4.205077e-08	
5.754765e-01	4.079268e-18	5.574538e-01	5.164635e-01	1.067066e+00	2.633676e-02	8.963354e-02	1.255505e-01	1.188570e-01	3.252599e-01	2.506282e-02	1.534050e-01	1.105416e+00	7.749360e-01	2.722534e-02	5.253381e-02	3.874055e+00	6.056634e-01	1.775551e-01	1.056685e+00	1.085874e-01	1.328987e+00	4.309243e-01	1.800138e-01	1.612844e-01	2.891743e-01	2.727684e-01	2.084061e-01	3.899788e-02	5.083845e-02	1.126222e+00	1.116772e+00	2.220837e-01	4.651161e+00	2.019720e-09	
5.754761e-01	1.430668e-15	5.574357e-01	5.164326e-01	1.067225e+00	2.633800e-02	8.965134e-02	1.255478e-01	1.188569e-01	3.252598e-01	2.506176e-02	1.533916e-01	1.105466e+00	7.749230e-01	2.722591e-02	5.253049e-02	3.873917e+00	6.056657e-01	1.775803e-01	1.056851e+00	1.085825e-01	1.328894e+00	4.308615e-01	1.800515e-01	1.612773e-01	2.891647e-01	2.728139e-01	2.084338e-01	3.899790e-02	5.083538e-02	1.126279e+00	1.116645e+00	2.220416e-01	4.651321e+00	3.782417e-08	
5.754758e-01	4.641182e-15	5.574996e-01	5.165243e-01	1.067449e+00	2.634080e-02	8.963794e-02	1.255477e-01	1.188491e-01	3.252596e-01	2.507318e-02	1.533117e-01	1.105490e+00	7.749204e-01	2.722836e-02	5.254485e-02	3.874161e+00	6.058050e-01	1.775519e-01	1.056595e+00	1.085908e-01	1.329218e+00	4.308380e-01	1.800006e-01	1.612957e-01	2.891160e-01	2.725448e-01	2.084232e-01	3.900112e-02	5.082120e-02	1.126196e+00	1.116666e+00	2.220690e-01	4.651132e+00	6.812622e-08	
5.754768e-01	0.000000e+00	5.572917e-01	5.166334e-01	1.067231e+00	2.633896e-02	8.967871e-02	1.255490e-01	1.188597e-01	3.252593e-01	2.507103e-02	1.533843e-01	1.105390e+00	7.749213e-01	2.723312e-02	5.255371e-02	3.874153e+00	6.057194e-01	1.776615e-01	1.057400e+00	1.085921e-01	1.329091e+00	4.307899e-01	1.800873e-01	1.612826e-01	2.891170e-01	2.727103e-01	2.084165e-01	3.899911e-02	5.083658e-02	1.126296e+00	1.116666e+00	2.220434e-01	4.651075e+00	-1.109192e-07	
5.754765e-01	1.079355e-17	5.575001e-01	5.163690e-01	1.067097e+00	2.633606e-02	8.969937e-02	1.255463e-01	1.188428e-01	3.252598e-01	2.506569e-02	1.533858e-01	1.105500e+00	7.749299e-01	2.722060e-02	5.252162e-02	3.874115e+00	6.057991e-01	1.775675e-01	1.056808e+00	1.085862e-01	1.328960e+00	4.308794e-01	1.800312e-01	1.612776e-01	2.891420e-01	2.727868e-01	2.084006e-01	3.900096e-02	5.083786e-02	1.126202e+00	1.116701e+00	2.221060e-01	4.651209e+00	3.285354e-09	
5.754761e-01	5.732476e-17	5.571021e-01	5.164863e-01	1.067082e+00	2.634051e-02	8.972386e-02	1.255474e-01	1.188391e-01	3.252597e-01	2.504788e-02	1.534701e-01	1.105297e+00	7.749288e-01	2.723715e-02	5.255668e-02	3.874467e+00	6.057169e-01	1.776730e-01	1.057512e+00	1.085818e-01	1.328776e+00	4.307832e-01	1.801428e-01	1.612802e-01	2.891300e-01	2.728885e-01	2.084285e-01	3.899534e-02	5.083939e-02	1.126369e+00	1.116651e+00	2.219524e-01	4.651032e+00	7.571311e-09	
5.754761e-01	3.027599e-16	5.570971e-01	5.165542e-01	1.066945e+00	2.633708e-02	8.976644e-02	1.255462e-01	1.188399e-01	3.252603e-01	2.505501e-02	1.535298e-01	1.105265e+00	7.749409e-01	2.723571e-02	5.257187e-02	3.874459e+00	6.057379e-01	1.776990e-01	1.057673e+00	1.085840e-01	1.328833e+00	4.308259e-01	1.801129e-01	1.612776e-01	2.891373e-01	2.729052e-01	2.083939e-01	3.899736e-02	5.084579e-02	1.126272e+00	1.116696e+00	2.220114e-01	4.650735e+00	1.740000e-08	
5.754769e-01	0.000000e+00	5.573215e-01	5.164543e-01	1.067164e+00	2.633810e-02	8.974736e-02	1.255454e-01	1.188436e-01	3.252597e-01	2.505963e-02	1.534354e-01	1.105439e+00	7.749386e-01	2.722783e-02	5.253535e-02	3.874031e+00	6.058247e-01	1.776266e-01	1.057170e+00	1.085856e-01	1.328921e+00	4.307998e-01	1.801011e-01	1.612864e-01	2.891537e-01	2.728064e-01	2.084166e-01	3.900024e-02	5.083983e-02	1.126375e+00	1.116585e+00	2.219632e-01	4.651173e+00	-1.164283e-07	
5.754762e-01	1.191675e-16	5.571498e-01	5.164347e-01	1.066942e+00	2.633706e-02	8.977034e-02	1.255421e-01	1.188365e-01	3.252600e-01	2.504957e-02	1.534975e-01	1.105418e+00	7.749362e-01	2.723206e-02	5.254906e-02	3.874383e+00	6.058124e-01	1.777041e-01	1.057732e+00	1.085769e-01	1.328698e+00	4.307779e-01	1.801623e-01	1.612753e-01	2.891076e-01	2.729686e-01	2.084046e-01	3.899720e-02	5.085319e-02	1.126507e+00	1.116502e+00	2.219152e-01	4.650831e+00	1.091639e-08	
5.754760e-01	9.198284e-16	5.574229e-01	5.166199e-01	1.067344e+00	2.634059e-02	8.962122e-02	1.255496e-01	1.188637e-01	3.252599e-01	2.505447e-02	1.534591e-01	1.105315e+00	7.749166e-01	2.723441e-02	5.255714e-02	3.874359e+00	6.056478e-01	1.775844e-01	1.056805e+00	1.085879e-01	1.329117e+00	4.308047e-01	1.800355e-01	1.612775e-01	2.891390e-01	2.726865e-01	2.084408e-01	3.899678e-02	5.082993e-02	1.126105e+00	1.116769e+00	2.220581e-01	4.651298e+00	3.032867e-08	
5.754759e-01	1.293210e-15	5.571083e-01	5.166016e-01	1.067001e+00	2.633639e-02	8.973150e-02	1.255480e-01	1.188645e-01	3.252599e-01	2.505443e-02	1.535102e-01	1.105278e+00	7.749422e-01	2.723699e-02	5.256282e-02	3.874439e+00	6.057770e-01	1.777034e-01	1.057687e+00	1.085831e-01	1.328785e+00	4.307974e-01	1.801364e-01	1.612763e-01	2.891808e-01	2.729053e-01	2.084159e-01	3.899721e-02	5.084338e-02	1.126356e+00	1.116643e+00	2.219495e-01	4.650891e+00	3.596124e-08	
5.754759e-01	1.254360e-15	5.572706e-01	5.165880e-01	1.067165e+00	2.634319e-02	8.969105e-02	1.255442e-01	1.188400e-01	3.252598e-01	2.505140e-02	1.534586e-01	1.105410e+00	7.749347e-01	2.722962e-02	5.256355e-02	3.874313e+00	6.058181e-01	1.775768e-01	1.057048e+00	1.085912e-01	1.328837e+00	4.307838e-01	1.800514e-01	1.612931e-01	2.890669e-01	2.728810e-01	2.084107e-01	3.899949e-02	5.083992e-02	1.126351e+00	1.116633e+00	2.220546e-01	4.650686e+00	3.541694e-08	
5.754761e-01	2.646923e-16	5.574413e-01	5.164485e-01	1.067143e+00	2.633707e-02	8.963412e-02	1.255514e-01	1.188394e-01	3.252595e-01	2.506938e-02	1.534077e-01	1.105395e+00	7.749273e-01	2.722732e-02	5.253115e-02	3.873756e+00	6.056345e-01	1.775671e-01	1.056782e+00	1.085875e-01	1.328990e+00	4.308458e-01	1.800479e-01	1.612761e-01	2.891388e-01	2.727487e-01	2.084112e-01	3.899630e-02	5.083861e-02	1.126329e+00	1.116674e+00	2.220730e-01	4.651015e+00	1.626937e-08	
5.754761e-01	2.836852e-16	5.573649e-01	5.164333e-01	1.067078e+00	2.633980e-02	8.973098e-02	1.255439e-01	1.188279e-01	3.252601e-01	2.505536e-02	1.534275e-01	1.105417e+00	7.749348e-01	2.722660e-02	5.254339e-02	3.874077e+00	6.057997e-01	1.775852e-01	1.057034e+00	1.085845e-01	1.328780e+00	4.307969e-01	1.800596e-01	1.612895e-01	2.891249e-01	2.728562e-01	2.084014e-01	3.900099e-02	5.083895e-02	1.126425e+00	1.116576e+00	2.220149e-01	4.650882e+00	1.684296e-08	
5.754763e-01	1.709997e-16	5.572147e-01	5.164552e-01	1.066970e+00	2.633689e-02	8.972412e-02	1.255428e-01	1.188396e-01	3.252605e-01	2.505295e-02	1.535391e-01	1.105399e+00	7.749402e-01	2.722933e-02	5.255200e-02	3.874331e+00	6.057553e-01	1.776270e-01	1.057254e+00	1.085855e-01	1.328827e+00	4.308212e-01	1.800841e-01	1.612802e-01	2.891125e-01	2.730137e-01	2.083944e-01	3.899786e-02	5.084840e-02	1.126381e+00	1.116605e+00	2.220216e-01	4.650768e+00	1.307668e-08	
5.754761e-01	6.731648e-16	5.572413e-01	5.165490e-01	1.067093e+00	2.633800e-02	8.966165e-02	1.255474e-01	1.188699e-01	3.252595e-01	2.505472e-02	1.534685e-01	1.105396e+00	7.749416e-01	2.722842e-02	5.255412e-02	3.874211e+00	6.057533e-01	1.776370e-01	1.057219e+00	1.085883e-01	1.328970e+00	4.307998e-01	1.800448e-01	1.612831e-01	2.891572e-01	2.728945e-01	2.083901e-01	3.899806e-02	5.083329e-02	1.126228e+00	1.116704e+00	2.220721e-01	4.651024e+00	2.594542e-08	
5.754758e-01	2.244067e-15	5.573397e-01	5.165030e-01	1.067325e+00	2.634143e-02	8.961853e-02	1.255485e-01	1.188509e-01	3.252598e-01	2.504532e-02	1.534195e-01	1.105408e+00	7.749350e-01	2.722988e-02	5.255019e-02	3.874381e+00	6.056962e-01	1.775865e-01	1.056821e+00	1.085872e-01	1.329036e+00	4.308496e-01	1.800011e-01	1.612868e-01	2.892026e-01	2.728189e-01	2.084115e-01	3.899539e-02	5.082074e-02	1.126154e+00	1.116724e+00	2.220855e-01	4.651169e+00	4.737158e-08	
5.754760e-01	9.465310e-16	5.572171e-01	5.164999e-01	1.067187e+00	2.634139e-02	8.970193e-02	1.255487e-01	1.188249e-01	3.252595e-01	2.505486e-02	1.534430e-01	1.105309e+00	7.749226e-01	2.723553e-02	5.254349e-02	3.873815e+00	6.055607e-01	1.776450e-01	1.057340e+00	1.085825e-01	1.328796e+00	4.307688e-01	1.801189e-01	1.612791e-01	2.891410e-01	2.727723e-01	2.084235e-01	3.899325e-02	5.083719e-02	1.126466e+00	1.116584e+00	2.219853e-01	4.651043e+00	3.076574e-08	
5.754760e-01	2.266371e-15	5.573505e-01	5.165294e-01	1.067174e+00	2.633471e-02	8.967885e-02	1.255491e-01	1.188655e-01	3.252599e-01	2.507197e-02	1.534568e-01	1.105333e+00	7.749184e-01	2.723154e-02	5.254534e-02	3.874203e+00	6.055994e-01	1.776425e-01	1.057147e+00	1.085879e-01	1.329126e+00	4.308262e-01	1.800862e-01	1.612658e-01	2.891439e-01	2.727723e-01	2.084230e-01	3.899690e-02	5.084114e-02	1.126133e+00	1.116733e+00	2.220891e-01	4.651207e+00	4.760641e-08	
5.754759e-01	3.854846e-15	5.573183e-01	5.166219e-01	1.067370e+00	2.634073e-02	8.960811e-02	1.255512e-01	1.188596e-01	3.252595e-01	2.506434e-02	1.534032e-01	1.105341e+00	7.749227e-01	2.723537e-02	5.256644e-02	3.874460e+00	6.057051e-01	1.776288e-01	1.057162e+00	1.085930e-01	1.329150e+00	4.308654e-01	1.800385e-01	1.612892e-01	2.891422e-01	2.727282e-01	2.084126e-01	3.899562e-02	5.083268e-02	1.126041e+00	1.116779e+00	2.221429e-01	4.651199e+00	6.208741e-08	
5.754759e-01	3.883157e-15	5.572764e-01	5.165706e-01	1.067230e+00	2.633942e-02	8.966453e-02	1.255443e-01	1.188625e-01	3.252597e-01	2.505571e-02	1.534600e-01	1.105433e+00	7.749364e-01	2.723152e-02	5.255627e-02	3.874522e+00	6.058255e-01	1.776306e-01	1.057233e+00	1.085900e-01	1.328994e+00	4.307861e-01	1.800265e-01	1.612887e-01	2.891263e-01	2.728665e-01	2.083992e-01	3.899865e-02	5.083592e-02	1.126230e+00	1.116694e+00	2.220745e-01	4.650828e+00	6.231499e-08	
5.754756e-01	5.724983e-15	5.574205e-01	5.165606e-01	1.067293e+00	2.634047e-02	8.960668e-02	1.255507e-01	1.188600e-01	3.252593e-01	2.505707e-02	1.533862e-01	1.105434e+00	7.749315e-01	2.722866e-02	5.253766e-02	3.873944e+00	6.056622e-01	1.775787e-01	1.056800e+00	1.085894e-01	1.329055e+00	4.308088e-01	1.800312e-01	1.612803e-01	2.891683e-01	2.726974e-01	2.084243e-01	3.899701e-02	5.082730e-02	1.126193e+00	1.116725e+00	2.220681e-01	4.651342e+00	7.566362e-08	
5.754763e-01	5.597869e-16	5.573734e-01	5.164121e-01	1.067235e+00	2.634050e-02	8.966421e-02	1.255467e-01	1.188323e-01	3.252600e-01	2.504245e-02	1.534480e-01	1.105458e+00	7.749337e-01	2.723016e-02	5.255062e-02	3.874305e+00	6.056835e-01	1.775657e-01	1.056802e+00	1.085810e-01	1.328789e+00	4.308554e-01	1.800073e-01	1.612830e-01	2.891689e-01	2.728976e-01	2.084122e-01	3.899555e-02	5.083081e-02	1.126304e+00	1.116638e+00	2.220781e-01	4.650759e+00	2.365982e-08	
5.754760e-01	1.880444e-15	5.573002e-01	5.166324e-01	1.067134e+00	2.633781e-02	8.965065e-02	1.255483e-01	1.188615e-01	3.252591e-01	2.506002e-02	1.534114e-01	1.105458e+00	7.749386e-01	2.722964e-02	5.255041e-02	3.874499e+00	6.058266e-01	1.776315e-01	1.057164e+00	1.085943e-01	1.329142e+00	4.308491e-01	1.800504e-01	1.612885e-01	2.891467e-01	2.727991e-01	2.083874e-01	3.899861e-02	5.083545e-02	1.126225e+00	1.116719e+00	2.220766e-01	4.650902e+00	4.336409e-08	
5.754763e-01	9.221574e-16	5.573016e-01	5.165075e-01	1.067163e+00	2.634161e-02	8.966514e-02	1.255472e-01	1.188623e-01	3.252597e-01	2.505107e-02	1.535011e-01	1.105400e+00	7.749303e-01	2.722928e-02	5.254397e-02	3.874246e+00	6.057464e-01	1.776182e-01	1.057081e+00	1.085817e-01	1.328878e+00	4.308519e-01	1.800379e-01	1.612868e-01	2.891750e-01	2.729906e-01	2.084231e-01	3.899751e-02	5.083223e-02	1.126302e+00	1.116678e+00	2.220055e-01	4.651342e+00	3.036704e-08	
5.754760e-01	2.079801e-15	5.575284e-01	5.164739e-01	1.067281e+00	2.633978e-02	8.963747e-02	1.255505e-01	1.188446e-01	3.252596e-01	2.505579e-02	1.533944e-01	1.105411e+00	7.749181e-01	2.722810e-02	5.252558e-02	3.873765e+00	6.056301e-01	1.775746e-01	1.056740e+00	1.085865e-01	1.329097e+00	4.308096e-01	1.800378e-01	1.612759e-01	2.891368e-01	2.727007e-01	2.084150e-01	3.899542e-02	5.082844e-02	1.126278e+00	1.116672e+00	2.221228e-01	4.651289e+00	4.560483e-08	
5.754759e-01	3.990897e-15	5.572138e-01	5.164512e-01	1.067025e+00	2.633616e-02	8.975128e-02	1.255438e-01	1.188456e-01	3.252601e-01	2.505506e-02	1.534762e-01	1.105425e+00	7.749440e-01	2.723002e-02	5.254891e-02	3.874197e+00	6.058478e-01	1.776486e-01	1.057380e+00	1.085831e-01	1.328773e+00	4.307826e-01	1.801219e-01	1.612831e-01	2.891628e-01	2.728820e-01	2.084070e-01	3.900056e-02	5.084379e-02	1.126439e+00	1.116550e+00	2.219138e-01	4.650791e+00	6.317355e-08	
5.754751e-01	3.175288e-14	5.573132e-01	5.164919e-01	1.067151e+00	2.634030e-02	8.971913e-02	1.255446e-01	1.188450e-01	3.252596e-01	2.506521e-02	1.534200e-01	1.105375e+00	7.749284e-01	2.723058e-02	5.253930e-02	3.874165e+00	6.058065e-01	1.776049e-01	1.057097e+00	1.085857e-01	1.328893e+00	4.307943e-01	1.800581e-01	1.612882e-01	2.890973e-01	2.727930e-01	2.084031e-01	3.899943e-02	5.083500e-02	1.126315e+00	1.116646e+00	2.220045e-01	4.651247e+00	1.781934e-07	
5.754762e-01	1.815997e-15	5.577742e-01	5.164681e-01	1.067553e+00	2.634071e-02	8.953008e-02	1.255477e-01	1.188513e-01	3.252599e-01	2.505790e-02	1.534331e-01	1.105519e+00	7.749213e-01	2.722146e-02	5.252466e-02	3.874316e+00	6.056696e-01	1.774616e-01	1.055976e+00	1.085916e-01	1.329305e+00	4.308977e-01	1.799395e-01	1.612950e-01	2.891220e-01	2.727787e-01	2.084202e-01	3.899770e-02	5.083310e-02	1.126054e+00	1.116747e+00	2.221528e-01	4.651294e+00	4.261451e-08	
5.754759e-01	6.048711e-15	5.573277e-01	5.164758e-01	1.067101e+00	2.633581e-02	8.969411e-02	1.255462e-01	1.188541e-01	3.252603e-01	2.506587e-02	1.534305e-01	1.105374e+00	7.749262e-01	2.723109e-02	5.255159e-02	3.874204e+00	6.057112e-01	1.776196e-01	1.057056e+00	1.085845e-01	1.328997e+00	4.308277e-01	1.800695e-01	1.612769e-01	2.891472e-01	2.727384e-01	2.084226e-01	3.899840e-02	5.084060e-02	1.126236e+00	1.116677e+00	2.220358e-01	4.651064e+00	7.777346e-08	
5.754757e-01	5.406224e-12	5.571171e-01	5.166053e-01	1.067025e+00	2.634037e-02	8.976821e-02	1.255466e-01	1.188474e-01	3.252598e-01	2.505036e-02	1.535231e-01	1.105277e+00	7.749321e-01	2.723413e-02	5.255677e-02	3.874664e+00	6.058618e-01	1.776737e-01	1.057593e+00	1.085835e-01	1.328770e+00	4.308922e-01	1.801211e-01	1.612849e-01	2.891102e-01	2.729768e-01	2.084320e-01	3.899783e-02	5.084536e-02	1.126266e+00	1.116697e+00	2.220365e-01	4.651090e+00	2.325129e-06	
5.754758e-01	7.098617e-15	5.573530e-01	5.165659e-01	1.067171e+00	2.633792e-02	8.968340e-02	1.255487e-01	1.188587e-01	3.252596e-01	2.506553e-02	1.534221e-01	1.105353e+00	7.749364e-01	2.722956e-02	5.253830e-02	3.874046e+00	6.057898e-01	1.776396e-01	1.057273e+00	1.085885e-01	1.328959e+00	4.308258e-01	1.800802e-01	1.612863e-01	2.891918e-01	2.727867e-01	2.084067e-01	3.899945e-02	5.083306e-02	1.126212e+00	1.116704e+00	2.220266e-01	4.651422e+00	8.425329e-08	
