f	phi	x(1)	x(2)	x(3)	x(4)	x(5)	x(6)	x(7)	x(8)	x(9)	x(10)	x(11)	x(12)	x(13)	x(14)	x(15)	x(16)	x(17)	x(18)	x(19)	x(20)	x(21)	x(22)	x(23)	x(24)	x(25)	x(26)	x(27)	x(28)	x(29)	x(30)	x(31)	x(32)	g(1)	
5.754763e-01	4.792607e-16	5.557683e-01	5.156317e-01	1.071994e+00	2.645191e-02	8.968739e-02	1.255862e-01	1.185622e-01	3.252804e-01	2.501199e-02	1.533854e-01	1.105414e+00	7.750535e-01	2.721582e-02	5.257017e-02	3.875041e+00	6.065341e-01	1.774799e-01	1.057566e+00	1.086399e-01	1.328302e+00	4.294036e-01	1.798758e-01	1.612252e-01	2.879254e-01	2.724279e-01	2.083420e-01	3.907743e-02	5.084869e-02	1.124421e+00	1.117992e+00	2.233740e-01	4.648239e+00	2.189202e-08	
5.754764e-01	0.000000e+00	5.557485e-01	5.155949e-01	1.071576e+00	2.644834e-02	8.967836e-02	1.255641e-01	1.184865e-01	3.252853e-01	2.502332e-02	1.533977e-01	1.106316e+00	7.750965e-01	2.720680e-02	5.257800e-02	3.875379e+00	6.062501e-01	1.773991e-01	1.057673e+00	1.086771e-01	1.328338e+00	4.294613e-01	1.798933e-01	1.612151e-01	2.880017e-01	2.720245e-01	2.082769e-01	3.908015e-02	5.084381e-02	1.124491e+00	1.117809e+00	2.225697e-01	4.648473e+00	-5.658272e-08	
5.754765e-01	0.000000e+00	5.559179e-01	5.156190e-01	1.071950e+00	2.644288e-02	8.968275e-02	1.255690e-01	1.185190e-01	3.252850e-01	2.504542e-02	1.533455e-01	1.105473e+00	7.750590e-01	2.722811e-02	5.260290e-02	3.875265e+00	6.062707e-01	1.774421e-01	1.057644e+00	1.086913e-01	1.328841e+00	4.291658e-01	1.797395e-01	1.612175e-01	2.880563e-01	2.726582e-01	2.082372e-01	3.908043e-02	5.085140e-02	1.124347e+00	1.117892e+00	2.228206e-01	4.649306e+00	-1.536182e-08	
5.754766e-01	0.000000e+00	5.559955e-01	5.155884e-01	1.071882e+00	2.644036e-02	8.970104e-02	1.255760e-01	1.185064e-01	3.252808e-01	2.504508e-02	1.534031e-01	1.104918e+00	7.750457e-01	2.723155e-02	5.261131e-02	3.875060e+00	6.064438e-01	1.774743e-01	1.057489e+00	1.086741e-01	1.329233e+00	4.290579e-01	1.798700e-01	1.612273e-01	2.877611e-01	2.725588e-01	2.082463e-01	3.907991e-02	5.086764e-02	1.124214e+00	1.118010e+00	2.229585e-01	4.649449e+00	-8.845213e-09	
5.754766e-01	0.000000e+00	5.559075e-01	5.156127e-01	1.072200e+00	2.644820e-02	8.970471e-02	1.255815e-01	1.185418e-01	3.252795e-01	2.502457e-02	1.533835e-01	1.105533e+00	7.750485e-01	2.721897e-02	5.258463e-02	3.875174e+00	6.063445e-01	1.774803e-01	1.057602e+00	1.086475e-01	1.328543e+00	4.292263e-01	1.798551e-01	1.612482e-01	2.878459e-01	2.723105e-01	2.083195e-01	3.907835e-02	5.085128e-02	1.124371e+00	1.117995e+00	2.229523e-01	4.647900e+00	-7.123586e-09	
5.754767e-01	0.000000e+00	5.561516e-01	5.155863e-01	1.071657e+00	2.643535e-02	8.967137e-02	1.255605e-01	1.184554e-01	3.252892e-01	2.503787e-02	1.532832e-01	1.105493e+00	7.750586e-01	2.723451e-02	5.259393e-02	3.875246e+00	6.062691e-01	1.774167e-01	1.057632e+00	1.087015e-01	1.329014e+00	4.295498e-01	1.797640e-01	1.611714e-01	2.881095e-01	2.723843e-01	2.082076e-01	3.907919e-02	5.085247e-02	1.124228e+00	1.117880e+00	2.232771e-01	4.649749e+00	-1.721568e-08	
5.754767e-01	0.000000e+00	5.559603e-01	5.156304e-01	1.071810e+00	2.644071e-02	8.967509e-02	1.255536e-01	1.184757e-01	3.252900e-01	2.503203e-02	1.533304e-01	1.105910e+00	7.750582e-01	2.722472e-02	5.260899e-02	3.875410e+00	6.060390e-01	1.773845e-01	1.057696e+00	1.087280e-01	1.329044e+00	4.295588e-01	1.797159e-01	1.612055e-01	2.883382e-01	2.725249e-01	2.081965e-01	3.908061e-02	5.084870e-02	1.124345e+00	1.117735e+00	2.225706e-01	4.650128e+00	-3.590188e-11	
5.754768e-01	0.000000e+00	5.557901e-01	5.156042e-01	1.071819e+00	2.644407e-02	8.968337e-02	1.255590e-01	1.185240e-01	3.252870e-01	2.503295e-02	1.533878e-01	1.105910e+00	7.750927e-01	2.721245e-02	5.259836e-02	3.875228e+00	6.063538e-01	1.774090e-01	1.057661e+00	1.087019e-01	1.328668e+00	4.293985e-01	1.798029e-01	1.612413e-01	2.883734e-01	2.724244e-01	2.082782e-01	3.908371e-02	5.084777e-02	1.124411e+00	1.117754e+00	2.224076e-01	4.649722e+00	-6.261784e-09	
5.754768e-01	0.000000e+00	5.558368e-01	5.155836e-01	1.071605e+00	2.643858e-02	8.967006e-02	1.255562e-01	1.185074e-01	3.252873e-01	2.502625e-02	1.533224e-01	1.106176e+00	7.750881e-01	2.722162e-02	5.258528e-02	3.875121e+00	6.063760e-01	1.774019e-01	1.057723e+00	1.086948e-01	1.328457e+00	4.294771e-01	1.797653e-01	1.612011e-01	2.882685e-01	2.722312e-01	2.082555e-01	3.908187e-02	5.084420e-02	1.124415e+00	1.117822e+00	2.226616e-01	4.649328e+00	-6.892501e-08	
5.754768e-01	0.000000e+00	5.558114e-01	5.155935e-01	1.071991e+00	2.645020e-02	8.969626e-02	1.255707e-01	1.185343e-01	3.252793e-01	2.503160e-02	1.534038e-01	1.105141e+00	7.750700e-01	2.721590e-02	5.261087e-02	3.875225e+00	6.061022e-01	1.774575e-01	1.057674e+00	1.086805e-01	1.328753e+00	4.292209e-01	1.797937e-01	1.612207e-01	2.879886e-01	2.725467e-01	2.082329e-01	3.908063e-02	5.085722e-02	1.124359e+00	1.117892e+00	2.229196e-01	4.649253e+00	-4.997009e-08	
5.754769e-01	0.000000e+00	5.560163e-01	5.156009e-01	1.071860e+00	2.644097e-02	8.968301e-02	1.255686e-01	1.185584e-01	3.252871e-01	2.502364e-02	1.533314e-01	1.106120e+00	7.750731e-01	2.722695e-02	5.258320e-02	3.875301e+00	6.063689e-01	1.774456e-01	1.057523e+00	1.086703e-01	1.328766e+00	4.293875e-01	1.797573e-01	1.611556e-01	2.879176e-01	2.724168e-01	2.082214e-01	3.907805e-02	5.085786e-02	1.124340e+00	1.117900e+00	2.229003e-01	4.648715e+00	-2.276248e-08	
5.754769e-01	0.000000e+00	5.560013e-01	5.156140e-01	1.071930e+00	2.644896e-02	8.967761e-02	1.255678e-01	1.185241e-01	3.252852e-01	2.501694e-02	1.533455e-01	1.105880e+00	7.750740e-01	2.722074e-02	5.258098e-02	3.875327e+00	6.062738e-01	1.774494e-01	1.057643e+00	1.086807e-01	1.328866e+00	4.294080e-01	1.798034e-01	1.611622e-01	2.879924e-01	2.722490e-01	2.082360e-01	3.907502e-02	5.085003e-02	1.124336e+00	1.117922e+00	2.233951e-01	4.648148e+00	-7.845609e-09	
5.754769e-01	0.000000e+00	5.556954e-01	5.156173e-01	1.071865e+00	2.645626e-02	8.967706e-02	1.255613e-01	1.184553e-01	3.252857e-01	2.501791e-02	1.533415e-01	1.106140e+00	7.750816e-01	2.720858e-02	5.258638e-02	3.875400e+00	6.058970e-01	1.774021e-01	1.057793e+00	1.087010e-01	1.328545e+00	4.294013e-01	1.797950e-01	1.611881e-01	2.881586e-01	2.721903e-01	2.082170e-01	3.907801e-02	5.084609e-02	1.124497e+00	1.117833e+00	2.229460e-01	4.648111e+00	-9.213825e-10	
5.754769e-01	0.000000e+00	5.559926e-01	5.155818e-01	1.071570e+00	2.643549e-02	8.966146e-02	1.255472e-01	1.184822e-01	3.252893e-01	2.502528e-02	1.532849e-01	1.106376e+00	7.750792e-01	2.722292e-02	5.259300e-02	3.875148e+00	6.062643e-01	1.773235e-01	1.057671e+00	1.087337e-01	1.328577e+00	4.296581e-01	1.797094e-01	1.611634e-01	2.883892e-01	2.719328e-01	2.082222e-01	3.908173e-02	5.085039e-02	1.124340e+00	1.117697e+00	2.228295e-01	4.649651e+00	-5.097961e-08	
5.754770e-01	0.000000e+00	5.559477e-01	5.155993e-01	1.071939e+00	2.644641e-02	8.969232e-02	1.255703e-01	1.185709e-01	3.252809e-01	2.503335e-02	1.533685e-01	1.105460e+00	7.750567e-01	2.722648e-02	5.259592e-02	3.875216e+00	6.062814e-01	1.774636e-01	1.057413e+00	1.086712e-01	1.328996e+00	4.291238e-01	1.798627e-01	1.612052e-01	2.878627e-01	2.723705e-01	2.082185e-01	3.907786e-02	5.085868e-02	1.124365e+00	1.117905e+00	2.231017e-01	4.648950e+00	-6.885231e-08	
5.754770e-01	0.000000e+00	5.561219e-01	5.156218e-01	1.071880e+00	2.644774e-02	8.966354e-02	1.255766e-01	1.186412e-01	3.252767e-01	2.502302e-02	1.533598e-01	1.105376e+00	7.750384e-01	2.723001e-02	5.258166e-02	3.875219e+00	6.062876e-01	1.773989e-01	1.057271e+00	1.086754e-01	1.328712e+00	4.292315e-01	1.798749e-01	1.611734e-01	2.879440e-01	2.720682e-01	2.082502e-01	3.907672e-02	5.085990e-02	1.124330e+00	1.117859e+00	2.240154e-01	4.648660e+00	-3.830501e-08	
5.754770e-01	0.000000e+00	5.561224e-01	5.155867e-01	1.071736e+00	2.643722e-02	8.967890e-02	1.255513e-01	1.185232e-01	3.252855e-01	2.505069e-02	1.533329e-01	1.105186e+00	7.750646e-01	2.723367e-02	5.262584e-02	3.875302e+00	6.059076e-01	1.774101e-01	1.057501e+00	1.087039e-01	1.329101e+00	4.291220e-01	1.797675e-01	1.611865e-01	2.879058e-01	2.724943e-01	2.081591e-01	3.907924e-02	5.086333e-02	1.124251e+00	1.117799e+00	2.231922e-01	4.649823e+00	-3.840920e-08	
5.754770e-01	0.000000e+00	5.559228e-01	5.156314e-01	1.072099e+00	2.645191e-02	8.967722e-02	1.255632e-01	1.185679e-01	3.252796e-01	2.503231e-02	1.533434e-01	1.105378e+00	7.750534e-01	2.722559e-02	5.260508e-02	3.875542e+00	6.060980e-01	1.774541e-01	1.057624e+00	1.086897e-01	1.328899e+00	4.291091e-01	1.797466e-01	1.612259e-01	2.881071e-01	2.725572e-01	2.082188e-01	3.907745e-02	5.085732e-02	1.124390e+00	1.117841e+00	2.232209e-01	4.649155e+00	-5.633092e-08	
5.754771e-01	0.000000e+00	5.558354e-01	5.156064e-01	1.071940e+00	2.644918e-02	8.968804e-02	1.255832e-01	1.185886e-01	3.252781e-01	2.502632e-02	1.534150e-01	1.105448e+00	7.750398e-01	2.723232e-02	5.259079e-02	3.875179e+00	6.065773e-01	1.774513e-01	1.057378e+00	1.086681e-01	1.328844e+00	4.289298e-01	1.798549e-01	1.612248e-01	2.878537e-01	2.725274e-01	2.082684e-01	3.907937e-02	5.086650e-02	1.124311e+00	1.117975e+00	2.231851e-01	4.649148e+00	-3.439047e-08	
5.754768e-01	0.000000e+00	5.558340e-01	5.155785e-01	1.071887e+00	2.645022e-02	8.969539e-02	1.255755e-01	1.185902e-01	3.252767e-01	2.504207e-02	1.534376e-01	1.104915e+00	7.750665e-01	2.722170e-02	5.260786e-02	3.875259e+00	6.064147e-01	1.774976e-01	1.057486e+00	1.086568e-01	1.329017e+00	4.288075e-01	1.799102e-01	1.612364e-01	2.876758e-01	2.724587e-01	2.082548e-01	3.908037e-02	5.086578e-02	1.124362e+00	1.117939e+00	2.232976e-01	4.648773e+00	-3.824786e-08	
5.754771e-01	0.000000e+00	5.561485e-01	5.155931e-01	1.072028e+00	2.643640e-02	8.968260e-02	1.255641e-01	1.185819e-01	3.252823e-01	2.503434e-02	1.533108e-01	1.105219e+00	7.750447e-01	2.723665e-02	5.260074e-02	3.875272e+00	6.062666e-01	1.774149e-01	1.057336e+00	1.086842e-01	1.328995e+00	4.291645e-01	1.797502e-01	1.611624e-01	2.878603e-01	2.722711e-01	2.081879e-01	3.907710e-02	5.087135e-02	1.124241e+00	1.117814e+00	2.235138e-01	4.649244e+00	-1.973381e-09	
5.754771e-01	0.000000e+00	5.561176e-01	5.156208e-01	1.071995e+00	2.644799e-02	8.968011e-02	1.255715e-01	1.185770e-01	3.252819e-01	2.502974e-02	1.533438e-01	1.105185e+00	7.750413e-01	2.723472e-02	5.259331e-02	3.875345e+00	6.061145e-01	1.774400e-01	1.057445e+00	1.086805e-01	1.329048e+00	4.291219e-01	1.798360e-01	1.611448e-01	2.877059e-01	2.726749e-01	2.081903e-01	3.907400e-02	5.085981e-02	1.124286e+00	1.117938e+00	2.240618e-01	4.648352e+00	-7.853504e-08	
5.754771e-01	0.000000e+00	5.560112e-01	5.156339e-01	1.072072e+00	2.644591e-02	8.969694e-02	1.255792e-01	1.184937e-01	3.252829e-01	2.502641e-02	1.533829e-01	1.105023e+00	7.750464e-01	2.722962e-02	5.259645e-02	3.875393e+00	6.062719e-01	1.774900e-01	1.057546e+00	1.086673e-01	1.329083e+00	4.291652e-01	1.798455e-01	1.612150e-01	2.878161e-01	2.727657e-01	2.082596e-01	3.907564e-02	5.085962e-02	1.124278e+00	1.117970e+00	2.233896e-01	4.648719e+00	-1.039326e-08	
5.754771e-01	0.000000e+00	5.558830e-01	5.156204e-01	1.071934e+00	2.644667e-02	8.967577e-02	1.255680e-01	1.184989e-01	3.252843e-01	2.502397e-02	1.533206e-01	1.105578e+00	7.750591e-01	2.722225e-02	5.258957e-02	3.875211e+00	6.060064e-01	1.774168e-01	1.057524e+00	1.086878e-01	1.328666e+00	4.293493e-01	1.798019e-01	1.611964e-01	2.880807e-01	2.722119e-01	2.082598e-01	3.907897e-02	5.084694e-02	1.124400e+00	1.117847e+00	2.233307e-01	4.648634e+00	-9.593159e-08	
5.754771e-01	0.000000e+00	5.560385e-01	5.155925e-01	1.071594e+00	2.644100e-02	8.966705e-02	1.255576e-01	1.185031e-01	3.252864e-01	2.502185e-02	1.532957e-01	1.105765e+00	7.750702e-01	2.722274e-02	5.258375e-02	3.875002e+00	6.062077e-01	1.773560e-01	1.057551e+00	1.086938e-01	1.328375e+00	4.295840e-01	1.798018e-01	1.611420e-01	2.881077e-01	2.720597e-01	2.082671e-01	3.907917e-02	5.085540e-02	1.124318e+00	1.117793e+00	2.236730e-01	4.649015e+00	-6.988349e-08	
5.754739e-01	6.563951e-12	5.557169e-01	5.156706e-01	1.071842e+00	2.645602e-02	8.966667e-02	1.255756e-01	1.185154e-01	3.252837e-01	2.500448e-02	1.533416e-01	1.105886e+00	7.750507e-01	2.721698e-02	5.256886e-02	3.875008e+00	6.062524e-01	1.774193e-01	1.057554e+00	1.086641e-01	1.328234e+00	4.296103e-01	1.798205e-01	1.612205e-01	2.881801e-01	2.721211e-01	2.083277e-01	3.907799e-02	5.083835e-02	1.124481e+00	1.117855e+00	2.234325e-01	4.648454e+00	2.562021e-06	
5.754772e-01	0.000000e+00	5.557917e-01	5.156070e-01	1.071945e+00	2.645520e-02	8.967157e-02	1.255564e-01	1.184974e-01	3.252851e-01	2.502459e-02	1.533164e-01	1.106149e+00	7.750744e-01	2.720869e-02	5.259098e-02	3.874942e+00	6.058088e-01	1.773766e-01	1.057762e+00	1.087048e-01	1.328361e+00	4.297218e-01	1.797651e-01	1.611689e-01	2.883435e-01	2.719695e-01	2.082435e-01	3.908078e-02	5.084201e-02	1.124441e+00	1.117782e+00	2.231325e-01	4.648732e+00	-8.981580e-08	
5.754772e-01	0.000000e+00	5.558614e-01	5.156323e-01	1.071420e+00	2.644346e-02	8.967133e-02	1.255699e-01	1.184792e-01	3.252874e-01	2.501126e-02	1.533517e-01	1.105835e+00	7.750694e-01	2.722430e-02	5.257084e-02	3.875409e+00	6.065244e-01	1.774280e-01	1.057592e+00	1.086811e-01	1.328720e+00	4.293242e-01	1.798433e-01	1.611925e-01	2.879944e-01	2.725028e-01	2.082714e-01	3.907662e-02	5.085214e-02	1.124422e+00	1.117888e+00	2.230510e-01	4.649435e+00	-1.639435e-08	
5.754772e-01	0.000000e+00	5.559614e-01	5.156272e-01	1.071676e+00	2.644206e-02	8.967410e-02	1.255687e-01	1.184752e-01	3.252858e-01	2.502814e-02	1.533027e-01	1.105654e+00	7.750710e-01	2.721505e-02	5.258509e-02	3.875111e+00	6.060726e-01	1.774060e-01	1.057691e+00	1.086968e-01	1.328561e+00	4.296392e-01	1.797579e-01	1.611701e-01	2.881096e-01	2.721972e-01	2.082619e-01	3.907898e-02	5.083949e-02	1.124415e+00	1.117830e+00	2.232763e-01	4.648786e+00	-1.207202e-07	
5.754772e-01	0.000000e+00	5.560065e-01	5.155730e-01	1.071908e+00	2.643751e-02	8.969629e-02	1.255672e-01	1.185082e-01	3.252836e-01	2.504233e-02	1.533776e-01	1.105168e+00	7.750593e-01	2.722916e-02	5.260548e-02	3.875267e+00	6.063544e-01	1.774680e-01	1.057507e+00	1.086743e-01	1.329066e+00	4.290945e-01	1.798438e-01	1.612248e-01	2.878692e-01	2.726274e-01	2.082265e-01	3.907871e-02	5.086610e-02	1.124265e+00	1.117910e+00	2.227722e-01	4.649543e+00	-1.814522e-07	
5.754773e-01	0.000000e+00	5.561057e-01	5.155993e-01	1.071999e+00	2.644300e-02	8.968589e-02	1.255679e-01	1.185771e-01	3.252804e-01	2.504240e-02	1.533503e-01	1.105009e+00	7.750431e-01	2.722936e-02	5.260165e-02	3.875395e+00	6.061270e-01	1.774193e-01	1.057435e+00	1.086857e-01	1.328984e+00	4.290715e-01	1.798502e-01	1.611990e-01	2.878417e-01	2.725113e-01	2.082314e-01	3.907779e-02	5.086321e-02	1.124284e+00	1.117888e+00	2.235755e-01	4.648905e+00	-1.065357e-07	
5.754765e-01	1.776293e-17	5.558587e-01	5.155989e-01	1.071974e+00	2.644687e-02	8.968561e-02	1.255653e-01	1.184878e-01	3.252852e-01	2.502521e-02	1.533359e-01	1.105611e+00	7.750652e-01	2.722027e-02	5.259439e-02	3.875224e+00	6.062329e-01	1.774189e-01	1.057784e+00	1.087009e-01	1.328728e+00	4.294441e-01	1.797848e-01	1.612227e-01	2.882532e-01	2.723878e-01	2.082734e-01	3.908094e-02	5.084895e-02	1.124339e+00	1.117919e+00	2.228912e-01	4.649100e+00	4.214609e-09	
5.754773e-01	0.000000e+00	5.559584e-01	5.156101e-01	1.071962e+00	2.644164e-02	8.970259e-02	1.255931e-01	1.186362e-01	3.252783e-01	2.503065e-02	1.534206e-01	1.104977e+00	7.750444e-01	2.723635e-02	5.259098e-02	3.875194e+00	6.065915e-01	1.775211e-01	1.057254e+00	1.086170e-01	1.328821e+00	4.289002e-01	1.799316e-01	1.612651e-01	2.875718e-01	2.728109e-01	2.082878e-01	3.907827e-02	5.086979e-02	1.124340e+00	1.118020e+00	2.232184e-01	4.648842e+00	-7.255080e-08	
5.754773e-01	0.000000e+00	5.560704e-01	5.155896e-01	1.071720e+00	2.644061e-02	8.966943e-02	1.255532e-01	1.185060e-01	3.252894e-01	2.503114e-02	1.532896e-01	1.106005e+00	7.750562e-01	2.722515e-02	5.258872e-02	3.875171e+00	6.059305e-01	1.773442e-01	1.057627e+00	1.087233e-01	1.328751e+00	4.297063e-01	1.797569e-01	1.611209e-01	2.881770e-01	2.722792e-01	2.081730e-01	3.907998e-02	5.085447e-02	1.124292e+00	1.117760e+00	2.233220e-01	4.649646e+00	-6.231937e-08	
5.754774e-01	0.000000e+00	5.557501e-01	5.156434e-01	1.071881e+00	2.644929e-02	8.967707e-02	1.255758e-01	1.185756e-01	3.252849e-01	2.499940e-02	1.533307e-01	1.106383e+00	7.750637e-01	2.722127e-02	5.256128e-02	3.875102e+00	6.066481e-01	1.774357e-01	1.057547e+00	1.086600e-01	1.328313e+00	4.295341e-01	1.797732e-01	1.611777e-01	2.880624e-01	2.723454e-01	2.082843e-01	3.907723e-02	5.083915e-02	1.124472e+00	1.117913e+00	2.230099e-01	4.648579e+00	-1.102809e-07	
5.754774e-01	0.000000e+00	5.558436e-01	5.156385e-01	1.071908e+00	2.645053e-02	8.968384e-02	1.255659e-01	1.185308e-01	3.252819e-01	2.502968e-02	1.534078e-01	1.105019e+00	7.750640e-01	2.721547e-02	5.259835e-02	3.875564e+00	6.060887e-01	1.774460e-01	1.057595e+00	1.086794e-01	1.328761e+00	4.290871e-01	1.799060e-01	1.612414e-01	2.879969e-01	2.725997e-01	2.082739e-01	3.907768e-02	5.085295e-02	1.124415e+00	1.117830e+00	2.233989e-01	4.648834e+00	-1.090562e-07	
5.754774e-01	0.000000e+00	5.560021e-01	5.155778e-01	1.071834e+00	2.643808e-02	8.969650e-02	1.255761e-01	1.185898e-01	3.252828e-01	2.502971e-02	1.533795e-01	1.105541e+00	7.750648e-01	2.723447e-02	5.258855e-02	3.875255e+00	6.066308e-01	1.774697e-01	1.057409e+00	1.086537e-01	1.328789e+00	4.290134e-01	1.798678e-01	1.612133e-01	2.876903e-01	2.724694e-01	2.082974e-01	3.907953e-02	5.086330e-02	1.124306e+00	1.117975e+00	2.231204e-01	4.648764e+00	-8.375186e-08	
5.754769e-01	0.000000e+00	5.559550e-01	5.156014e-01	1.071797e+00	2.644718e-02	8.967760e-02	1.255546e-01	1.185313e-01	3.252841e-01	2.504227e-02	1.534188e-01	1.105757e+00	7.750691e-01	2.721787e-02	5.260447e-02	3.875347e+00	6.060735e-01	1.773884e-01	1.057541e+00	1.087202e-01	1.329026e+00	4.293572e-01	1.798414e-01	1.611813e-01	2.881211e-01	2.724536e-01	2.081573e-01	3.907984e-02	5.086095e-02	1.124336e+00	1.117734e+00	2.230917e-01	4.649491e+00	-7.143141e-08	
5.754758e-01	1.758070e-14	5.559743e-01	5.156214e-01	1.071794e+00	2.643868e-02	8.968194e-02	1.255699e-01	1.185353e-01	3.252837e-01	2.503554e-02	1.533677e-01	1.105777e+00	7.750629e-01	2.722517e-02	5.259220e-02	3.875156e+00	6.063756e-01	1.774057e-01	1.057493e+00	1.086869e-01	1.328695e+00	4.292119e-01	1.797989e-01	1.612117e-01	2.879463e-01	2.724572e-01	2.082894e-01	3.908296e-02	5.085569e-02	1.124344e+00	1.117831e+00	2.226710e-01	4.649419e+00	1.325922e-07	
5.754774e-01	0.000000e+00	5.559824e-01	5.156166e-01	1.072114e+00	2.644987e-02	8.967836e-02	1.255681e-01	1.185595e-01	3.252766e-01	2.503655e-02	1.533977e-01	1.104871e+00	7.750495e-01	2.722384e-02	5.260950e-02	3.875494e+00	6.059651e-01	1.774463e-01	1.057471e+00	1.086836e-01	1.329047e+00	4.290872e-01	1.798457e-01	1.612060e-01	2.879205e-01	2.723955e-01	2.082115e-01	3.907589e-02	5.086556e-02	1.124275e+00	1.117873e+00	2.236728e-01	4.648755e+00	-1.174637e-07	
5.754758e-01	8.248020e-15	5.560877e-01	5.155869e-01	1.071692e+00	2.643475e-02	8.968773e-02	1.255545e-01	1.184411e-01	3.252907e-01	2.505337e-02	1.533267e-01	1.105545e+00	7.750616e-01	2.723712e-02	5.260943e-02	3.875088e+00	6.061114e-01	1.774058e-01	1.057648e+00	1.087142e-01	1.329102e+00	4.293820e-01	1.797364e-01	1.611861e-01	2.881323e-01	2.727278e-01	2.081668e-01	3.908188e-02	5.085437e-02	1.124262e+00	1.117834e+00	2.226775e-01	4.650361e+00	9.081861e-08	
5.754764e-01	5.266941e-17	5.558670e-01	5.155892e-01	1.072179e+00	2.645209e-02	8.969973e-02	1.255780e-01	1.185572e-01	3.252792e-01	2.503431e-02	1.533543e-01	1.105635e+00	7.750734e-01	2.721177e-02	5.258676e-02	3.875089e+00	6.061329e-01	1.774964e-01	1.057644e+00	1.086544e-01	1.328689e+00	4.293380e-01	1.798251e-01	1.611951e-01	2.878118e-01	2.723046e-01	2.082324e-01	3.907780e-02	5.084154e-02	1.124425e+00	1.117950e+00	2.231369e-01	4.647562e+00	7.257369e-09	
5.754774e-01	0.000000e+00	5.558648e-01	5.155842e-01	1.071857e+00	2.644598e-02	8.969408e-02	1.255641e-01	1.185492e-01	3.252812e-01	2.504052e-02	1.533742e-01	1.105384e+00	7.750660e-01	2.722116e-02	5.261160e-02	3.875246e+00	6.061567e-01	1.774333e-01	1.057573e+00	1.086795e-01	1.328848e+00	4.291496e-01	1.798361e-01	1.612188e-01	2.879720e-01	2.724571e-01	2.082132e-01	3.908081e-02	5.085875e-02	1.124384e+00	1.117867e+00	2.229058e-01	4.649071e+00	-9.647513e-08	
5.754774e-01	0.000000e+00	5.560847e-01	5.155818e-01	1.071498e+00	2.643297e-02	8.967000e-02	1.255582e-01	1.184828e-01	3.252916e-01	2.503119e-02	1.532495e-01	1.106101e+00	7.750678e-01	2.723231e-02	5.259033e-02	3.875048e+00	6.064355e-01	1.773756e-01	1.057609e+00	1.087082e-01	1.328745e+00	4.296763e-01	1.797119e-01	1.611491e-01	2.881354e-01	2.722945e-01	2.082302e-01	3.908138e-02	5.084666e-02	1.124312e+00	1.117862e+00	2.228581e-01	4.649932e+00	-8.605321e-08	
5.754774e-01	0.000000e+00	5.561119e-01	5.156433e-01	1.071920e+00	2.644528e-02	8.969147e-02	1.255675e-01	1.185669e-01	3.252801e-01	2.504667e-02	1.533990e-01	1.104169e+00	7.750361e-01	2.723340e-02	5.261776e-02	3.875449e+00	6.061462e-01	1.774461e-01	1.057467e+00	1.086893e-01	1.329274e+00	4.291331e-01	1.798534e-01	1.611956e-01	2.878795e-01	2.730448e-01	2.081825e-01	3.907490e-02	5.086279e-02	1.124250e+00	1.117855e+00	2.239387e-01	4.650054e+00	-1.146881e-07	
5.754763e-01	2.499365e-15	5.559719e-01	5.155796e-01	1.071986e+00	2.644461e-02	8.969105e-02	1.255718e-01	1.185058e-01	3.252835e-01	2.503083e-02	1.533022e-01	1.105815e+00	7.750695e-01	2.721932e-02	5.258717e-02	3.875071e+00	6.061894e-01	1.774434e-01	1.057723e+00	1.086775e-01	1.328632e+00	4.294506e-01	1.797625e-01	1.611934e-01	2.880797e-01	2.720200e-01	2.082449e-01	3.907909e-02	5.084011e-02	1.124387e+00	1.117927e+00	2.229486e-01	4.648082e+00	4.999365e-08	
5.754775e-01	0.000000e+00	5.560970e-01	5.156092e-01	1.072171e+00	2.644195e-02	8.971752e-02	1.255840e-01	1.185307e-01	3.252836e-01	2.503631e-02	1.533931e-01	1.105034e+00	7.750513e-01	2.723562e-02	5.259809e-02	3.875289e+00	6.063809e-01	1.775311e-01	1.057557e+00	1.086505e-01	1.329127e+00	4.290902e-01	1.798521e-01	1.612087e-01	2.877445e-01	2.729313e-01	2.082635e-01	3.907795e-02	5.086684e-02	1.124234e+00	1.118106e+00	2.231569e-01	4.648467e+00	-1.024774e-07	
5.754775e-01	0.000000e+00	5.558931e-01	5.156260e-01	1.071559e+00	2.644152e-02	8.966441e-02	1.255616e-01	1.185307e-01	3.252852e-01	2.502803e-02	1.533263e-01	1.105609e+00	7.750503e-01	2.722542e-02	5.259455e-02	3.875276e+00	6.062088e-01	1.773542e-01	1.057480e+00	1.087193e-01	1.328727e+00	4.293057e-01	1.797974e-01	1.611812e-01	2.882039e-01	2.723585e-01	2.082112e-01	3.908098e-02	5.085440e-02	1.124389e+00	1.117758e+00	2.232058e-01	4.649971e+00	-1.596393e-07	
5.754776e-01	0.000000e+00	5.557375e-01	5.156434e-01	1.071972e+00	2.645373e-02	8.968443e-02	1.255799e-01	1.185607e-01	3.252769e-01	2.503139e-02	1.534137e-01	1.105269e+00	7.750530e-01	2.721907e-02	5.259066e-02	3.875339e+00	6.061914e-01	1.774217e-01	1.057450e+00	1.086773e-01	1.328648e+00	4.289995e-01	1.798631e-01	1.612251e-01	2.879171e-01	2.724558e-01	2.082675e-01	3.907884e-02	5.085502e-02	1.124444e+00	1.117855e+00	2.233080e-01	4.648748e+00	-8.978332e-08	
5.754765e-01	2.240248e-16	5.559359e-01	5.156312e-01	1.071825e+00	2.644188e-02	8.967687e-02	1.255749e-01	1.185182e-01	3.252860e-01	2.501476e-02	1.533011e-01	1.105731e+00	7.750545e-01	2.722618e-02	5.256770e-02	3.875096e+00	6.063894e-01	1.774311e-01	1.057588e+00	1.086746e-01	1.328546e+00	4.296334e-01	1.797862e-01	1.611905e-01	2.881844e-01	2.724796e-01	2.083062e-01	3.907878e-02	5.084605e-02	1.124410e+00	1.117917e+00	2.233144e-01	4.648846e+00	1.496746e-08	
5.754766e-01	6.449742e-17	5.560760e-01	5.155873e-01	1.071667e+00	2.643966e-02	8.967980e-02	1.255646e-01	1.185375e-01	3.252795e-01	2.504404e-02	1.534226e-01	1.104852e+00	7.750593e-01	2.722117e-02	5.260219e-02	3.875424e+00	6.062243e-01	1.774044e-01	1.057443e+00	1.086915e-01	1.329013e+00	4.291676e-01	1.799366e-01	1.611903e-01	2.877350e-01	2.723484e-01	2.081970e-01	3.907769e-02	5.086385e-02	1.124274e+00	1.117837e+00	2.236331e-01	4.648929e+00	8.031029e-09	
5.754764e-01	2.941907e-15	5.559301e-01	5.156152e-01	1.071789e+00	2.644217e-02	8.968273e-02	1.255703e-01	1.185736e-01	3.252813e-01	2.503639e-02	1.533878e-01	1.105103e+00	7.750535e-01	2.722660e-02	5.261282e-02	3.875339e+00	6.064023e-01	1.774440e-01	1.057481e+00	1.086820e-01	1.329033e+00	4.291511e-01	1.797942e-01	1.612116e-01	2.878537e-01	2.727247e-01	2.082233e-01	3.907988e-02	5.086359e-02	1.124293e+00	1.117863e+00	2.231120e-01	4.649735e+00	5.423935e-08	
5.754769e-01	0.000000e+00	5.560373e-01	5.156044e-01	1.071855e+00	2.644614e-02	8.967490e-02	1.255727e-01	1.185528e-01	3.252797e-01	2.502811e-02	1.533759e-01	1.105139e+00	7.750568e-01	2.722269e-02	5.258628e-02	3.875349e+00	6.063107e-01	1.774236e-01	1.057484e+00	1.086790e-01	1.328806e+00	4.291684e-01	1.798883e-01	1.611892e-01	2.878255e-01	2.722937e-01	2.082635e-01	3.907683e-02	5.086338e-02	1.124299e+00	1.117937e+00	2.236735e-01	4.648552e+00	-6.037748e-08	
5.754776e-01	0.000000e+00	5.560139e-01	5.155998e-01	1.071946e+00	2.644060e-02	8.966702e-02	1.255548e-01	1.184851e-01	3.252888e-01	2.502772e-02	1.532399e-01	1.106322e+00	7.750702e-01	2.721895e-02	5.258548e-02	3.875129e+00	6.061460e-01	1.773606e-01	1.057741e+00	1.087196e-01	1.328590e+00	4.297305e-01	1.796670e-01	1.611512e-01	2.883400e-01	2.720712e-01	2.082222e-01	3.908213e-02	5.083945e-02	1.124340e+00	1.117780e+00	2.228257e-01	4.649193e+00	-9.918083e-08	
5.754776e-01	0.000000e+00	5.559503e-01	5.155938e-01	1.072132e+00	2.644731e-02	8.968764e-02	1.255727e-01	1.185674e-01	3.252799e-01	2.503064e-02	1.533254e-01	1.105144e+00	7.750538e-01	2.722340e-02	5.259815e-02	3.875372e+00	6.062375e-01	1.774655e-01	1.057566e+00	1.086834e-01	1.328995e+00	4.292231e-01	1.797795e-01	1.611998e-01	2.879922e-01	2.723906e-01	2.082453e-01	3.907881e-02	5.085817e-02	1.124320e+00	1.117911e+00	2.234849e-01	4.648773e+00	-1.312138e-07	
5.754764e-01	2.367866e-17	5.559056e-01	5.156011e-01	1.071841e+00	2.644811e-02	8.968188e-02	1.255762e-01	1.185607e-01	3.252793e-01	2.502482e-02	1.533346e-01	1.105267e+00	7.750579e-01	2.721489e-02	5.258433e-02	3.875145e+00	6.062119e-01	1.774301e-01	1.057510e+00	1.086607e-01	1.328438e+00	4.293128e-01	1.798291e-01	1.611882e-01	2.878299e-01	2.722169e-01	2.082534e-01	3.907721e-02	5.084960e-02	1.124423e+00	1.117929e+00	2.234797e-01	4.648171e+00	4.866072e-09	
5.754776e-01	0.000000e+00	5.556934e-01	5.156236e-01	1.072111e+00	2.645299e-02	8.969401e-02	1.255714e-01	1.185643e-01	3.252802e-01	2.502346e-02	1.533692e-01	1.105763e+00	7.750669e-01	2.720821e-02	5.258948e-02	3.875209e+00	6.063857e-01	1.774572e-01	1.057762e+00	1.086723e-01	1.328362e+00	4.294136e-01	1.797589e-01	1.612548e-01	2.882185e-01	2.725091e-01	2.083071e-01	3.907899e-02	5.083793e-02	1.124480e+00	1.117866e+00	2.227813e-01	4.648698e+00	-1.716249e-07	
5.754766e-01	1.074866e-16	5.558236e-01	5.156256e-01	1.071695e+00	2.644604e-02	8.968005e-02	1.255656e-01	1.184411e-01	3.252897e-01	2.502006e-02	1.533834e-01	1.105879e+00	7.750684e-01	2.721703e-02	5.259321e-02	3.875367e+00	6.061487e-01	1.774004e-01	1.057704e+00	1.087028e-01	1.328733e+00	4.294305e-01	1.798279e-01	1.612204e-01	2.881750e-01	2.725322e-01	2.082747e-01	3.907977e-02	5.085153e-02	1.124379e+00	1.117857e+00	2.226162e-01	4.649331e+00	1.036758e-08	
5.754757e-01	1.002050e-14	5.557077e-01	5.155988e-01	1.072061e+00	2.645173e-02	8.968548e-02	1.255739e-01	1.184833e-01	3.252839e-01	2.501875e-02	1.533623e-01	1.106004e+00	7.750667e-01	2.720724e-02	5.257843e-02	3.875309e+00	6.063110e-01	1.774298e-01	1.057719e+00	1.086829e-01	1.328434e+00	4.293680e-01	1.797905e-01	1.612208e-01	2.880780e-01	2.722146e-01	2.082888e-01	3.907824e-02	5.084789e-02	1.124425e+00	1.117928e+00	2.228928e-01	4.647530e+00	1.001024e-07	
5.754770e-01	0.000000e+00	5.558641e-01	5.156008e-01	1.072023e+00	2.644702e-02	8.969532e-02	1.255747e-01	1.185145e-01	3.252799e-01	2.504047e-02	1.533954e-01	1.105234e+00	7.750515e-01	2.722402e-02	5.260711e-02	3.875308e+00	6.061703e-01	1.774554e-01	1.057514e+00	1.086742e-01	1.328953e+00	4.289851e-01	1.798367e-01	1.612310e-01	2.877445e-01	2.724736e-01	2.082249e-01	3.908047e-02	5.086334e-02	1.124338e+00	1.117931e+00	2.228277e-01	4.648930e+00	-1.206555e-07	
5.754766e-01	6.209323e-18	5.560519e-01	5.156171e-01	1.071798e+00	2.644244e-02	8.968509e-02	1.255641e-01	1.185890e-01	3.252805e-01	2.506245e-02	1.534194e-01	1.104927e+00	7.750659e-01	2.723373e-02	5.261777e-02	3.875366e+00	6.062033e-01	1.774611e-01	1.057431e+00	1.086844e-01	1.329263e+00	4.289618e-01	1.798450e-01	1.612269e-01	2.878577e-01	2.728835e-01	2.081853e-01	3.907963e-02	5.085719e-02	1.124324e+00	1.117815e+00	2.231551e-01	4.650068e+00	2.491851e-09	
5.754750e-01	5.297185e-14	5.559563e-01	5.156205e-01	1.071720e+00	2.644902e-02	8.967317e-02	1.255641e-01	1.184874e-01	3.252885e-01	2.502345e-02	1.532995e-01	1.105526e+00	7.750628e-01	2.722783e-02	5.259720e-02	3.875255e+00	6.059257e-01	1.774351e-01	1.057706e+00	1.087031e-01	1.328984e+00	4.295829e-01	1.797454e-01	1.611562e-01	2.881486e-01	2.726028e-01	2.081800e-01	3.907888e-02	5.084485e-02	1.124351e+00	1.117833e+00	2.234722e-01	4.649571e+00	2.301562e-07	
5.754763e-01	7.927032e-16	5.560447e-01	5.155976e-01	1.071913e+00	2.644875e-02	8.967753e-02	1.255608e-01	1.185560e-01	3.252779e-01	2.503747e-02	1.533837e-01	1.105343e+00	7.750641e-01	2.721683e-02	5.260594e-02	3.875276e+00	6.059051e-01	1.773947e-01	1.057553e+00	1.086989e-01	1.328756e+00	4.292918e-01	1.798700e-01	1.611904e-01	2.880356e-01	2.720023e-01	2.082293e-01	3.907961e-02	5.085641e-02	1.124345e+00	1.117798e+00	2.234719e-01	4.648593e+00	2.815498e-08	
5.754776e-01	0.000000e+00	5.558603e-01	5.156078e-01	1.071618e+00	2.645156e-02	8.967759e-02	1.255650e-01	1.185176e-01	3.252808e-01	2.502992e-02	1.534174e-01	1.105408e+00	7.750755e-01	2.721150e-02	5.259476e-02	3.875455e+00	6.060677e-01	1.774107e-01	1.057573e+00	1.086945e-01	1.328930e+00	4.292285e-01	1.799174e-01	1.611943e-01	2.879525e-01	2.724297e-01	2.082225e-01	3.907870e-02	5.086014e-02	1.124432e+00	1.117824e+00	2.233713e-01	4.648824e+00	-1.427124e-07	
5.754760e-01	1.662412e-15	5.559699e-01	5.155903e-01	1.072068e+00	2.644665e-02	8.967411e-02	1.255702e-01	1.185402e-01	3.252836e-01	2.501028e-02	1.532832e-01	1.106188e+00	7.750529e-01	2.722625e-02	5.257813e-02	3.875006e+00	6.062318e-01	1.773812e-01	1.057588e+00	1.086882e-01	1.328447e+00	4.295376e-01	1.797474e-01	1.611551e-01	2.881326e-01	2.718579e-01	2.082432e-01	3.907944e-02	5.085365e-02	1.124323e+00	1.117908e+00	2.233337e-01	4.648013e+00	4.077268e-08	
5.754759e-01	9.339867e-15	5.558474e-01	5.156185e-01	1.071723e+00	2.644659e-02	8.966533e-02	1.255667e-01	1.185342e-01	3.252862e-01	2.501293e-02	1.532881e-01	1.106098e+00	7.750481e-01	2.722360e-02	5.257775e-02	3.875036e+00	6.061258e-01	1.773717e-01	1.057552e+00	1.086944e-01	1.328484e+00	4.296266e-01	1.797422e-01	1.611515e-01	2.881257e-01	2.722553e-01	2.082279e-01	3.908046e-02	5.085303e-02	1.124386e+00	1.117853e+00	2.232748e-01	4.649146e+00	9.664299e-08	
5.754770e-01	0.000000e+00	5.559776e-01	5.156106e-01	1.071707e+00	2.644711e-02	8.967226e-02	1.255689e-01	1.185872e-01	3.252788e-01	2.503165e-02	1.534147e-01	1.105337e+00	7.750561e-01	2.722092e-02	5.259225e-02	3.875508e+00	6.059830e-01	1.774000e-01	1.057360e+00	1.086887e-01	1.328922e+00	4.290309e-01	1.799036e-01	1.611798e-01	2.877746e-01	2.723650e-01	2.082156e-01	3.907988e-02	5.086850e-02	1.124378e+00	1.117803e+00	2.235957e-01	4.648855e+00	-6.343867e-08	
5.754744e-01	9.353456e-14	5.559414e-01	5.156155e-01	1.071957e+00	2.644755e-02	8.969564e-02	1.255782e-01	1.185389e-01	3.252835e-01	2.503614e-02	1.533711e-01	1.105650e+00	7.750570e-01	2.722651e-02	5.259126e-02	3.875189e+00	6.061840e-01	1.774841e-01	1.057675e+00	1.086787e-01	1.329024e+00	4.293724e-01	1.797773e-01	1.612028e-01	2.880897e-01	2.725419e-01	2.082169e-01	3.907920e-02	5.084515e-02	1.124373e+00	1.117927e+00	2.229539e-01	4.648740e+00	3.058342e-07	
5.754760e-01	7.748773e-15	5.560589e-01	5.156217e-01	1.071923e+00	2.644711e-02	8.967541e-02	1.255660e-01	1.185388e-01	3.252825e-01	2.503181e-02	1.533390e-01	1.105100e+00	7.750530e-01	2.722717e-02	5.260079e-02	3.875438e+00	6.058785e-01	1.774393e-01	1.057621e+00	1.086840e-01	1.329028e+00	4.293277e-01	1.798068e-01	1.611805e-01	2.878847e-01	2.725184e-01	2.081983e-01	3.907670e-02	5.086033e-02	1.124310e+00	1.117861e+00	2.236172e-01	4.649036e+00	8.802712e-08	
5.754776e-01	0.000000e+00	5.558584e-01	5.156200e-01	1.071909e+00	2.644731e-02	8.969954e-02	1.255745e-01	1.185437e-01	3.252812e-01	2.503346e-02	1.534525e-01	1.105434e+00	7.750675e-01	2.722198e-02	5.260229e-02	3.875343e+00	6.062407e-01	1.774465e-01	1.057535e+00	1.086732e-01	1.328802e+00	4.289476e-01	1.798566e-01	1.612476e-01	2.878341e-01	2.724852e-01	2.082707e-01	3.907876e-02	5.086353e-02	1.124371e+00	1.117893e+00	2.228220e-01	4.648887e+00	-8.003924e-08	
5.754777e-01	0.000000e+00	5.561039e-01	5.156101e-01	1.071591e+00	2.643929e-02	8.967823e-02	1.255626e-01	1.185225e-01	3.252835e-01	2.503739e-02	1.534146e-01	1.105386e+00	7.750556e-01	2.723092e-02	5.260527e-02	3.875494e+00	6.062907e-01	1.774190e-01	1.057463e+00	1.086992e-01	1.329191e+00	4.290833e-01	1.798911e-01	1.612224e-01	2.878997e-01	2.725442e-01	2.082221e-01	3.907949e-02	5.086712e-02	1.124301e+00	1.117820e+00	2.232411e-01	4.649578e+00	-1.044594e-07	
5.754777e-01	0.000000e+00	5.558686e-01	5.155865e-01	1.072049e+00	2.644592e-02	8.970091e-02	1.255705e-01	1.185489e-01	3.252848e-01	2.502090e-02	1.533227e-01	1.106083e+00	7.750659e-01	2.722278e-02	5.258594e-02	3.874987e+00	6.064321e-01	1.774640e-01	1.057601e+00	1.086577e-01	1.328635e+00	4.294896e-01	1.797598e-01	1.611946e-01	2.879467e-01	2.723399e-01	2.082493e-01	3.908097e-02	5.084647e-02	1.124384e+00	1.117948e+00	2.227417e-01	4.648710e+00	-1.854085e-07	
5.754778e-01	0.000000e+00	5.558467e-01	5.156306e-01	1.071848e+00	2.644794e-02	8.967154e-02	1.255525e-01	1.184754e-01	3.252886e-01	2.502680e-02	1.533270e-01	1.106076e+00	7.750768e-01	2.720955e-02	5.259865e-02	3.875520e+00	6.059933e-01	1.774006e-01	1.057757e+00	1.087133e-01	1.328777e+00	4.295509e-01	1.797041e-01	1.612021e-01	2.883847e-01	2.723692e-01	2.082169e-01	3.907998e-02	5.084709e-02	1.124437e+00	1.117762e+00	2.225808e-01	4.649318e+00	-1.719798e-07	
5.754778e-01	0.000000e+00	5.559347e-01	5.156123e-01	1.071589e+00	2.644509e-02	8.968043e-02	1.255603e-01	1.184156e-01	3.252888e-01	2.502801e-02	1.532748e-01	1.105818e+00	7.750580e-01	2.722414e-02	5.259935e-02	3.875103e+00	6.061462e-01	1.773955e-01	1.057747e+00	1.087103e-01	1.328793e+00	4.296135e-01	1.797671e-01	1.611646e-01	2.881851e-01	2.723036e-01	2.082044e-01	3.907982e-02	5.084450e-02	1.124339e+00	1.117867e+00	2.231716e-01	4.649395e+00	-2.007648e-07	
5.754778e-01	0.000000e+00	5.559720e-01	5.155885e-01	1.072054e+00	2.644374e-02	8.968710e-02	1.255672e-01	1.185767e-01	3.252803e-01	2.503378e-02	1.533558e-01	1.105383e+00	7.750637e-01	2.722880e-02	5.260505e-02	3.875340e+00	6.062602e-01	1.774648e-01	1.057524e+00	1.086757e-01	1.328955e+00	4.290628e-01	1.798519e-01	1.612215e-01	2.878936e-01	2.724433e-01	2.082429e-01	3.908005e-02	5.086030e-02	1.124320e+00	1.117880e+00	2.232518e-01	4.648776e+00	-1.861110e-07	
5.754779e-01	0.000000e+00	5.556242e-01	5.156230e-01	1.071998e+00	2.645618e-02	8.967496e-02	1.255767e-01	1.185017e-01	3.252849e-01	2.500014e-02	1.533358e-01	1.106501e+00	7.750714e-01	2.720991e-02	5.255957e-02	3.875234e+00	6.063510e-01	1.774350e-01	1.057719e+00	1.086668e-01	1.328148e+00	4.295678e-01	1.798012e-01	1.612043e-01	2.882223e-01	2.722151e-01	2.082908e-01	3.907842e-02	5.083914e-02	1.124497e+00	1.117932e+00	2.228140e-01	4.648056e+00	-1.739920e-07	
5.754743e-01	1.215779e-13	5.559923e-01	5.155951e-01	1.071805e+00	2.644390e-02	8.967578e-02	1.255556e-01	1.185368e-01	3.252841e-01	2.503794e-02	1.533781e-01	1.105625e+00	7.750605e-01	2.722694e-02	5.260894e-02	3.875157e+00	6.061263e-01	1.774000e-01	1.057610e+00	1.087085e-01	1.328993e+00	4.294518e-01	1.797706e-01	1.612081e-01	2.882212e-01	2.722199e-01	2.082114e-01	3.908096e-02	5.085832e-02	1.124290e+00	1.117781e+00	2.230699e-01	4.649664e+00	3.486802e-07	
5.754762e-01	1.006640e-14	5.558460e-01	5.156193e-01	1.071904e+00	2.644671e-02	8.968744e-02	1.255805e-01	1.185386e-01	3.252798e-01	2.502635e-02	1.533992e-01	1.105300e+00	7.750433e-01	2.722415e-02	5.258105e-02	3.875203e+00	6.062418e-01	1.774403e-01	1.057432e+00	1.086572e-01	1.328574e+00	4.290439e-01	1.799057e-01	1.612117e-01	2.877205e-01	2.724397e-01	2.082862e-01	3.907946e-02	5.086133e-02	1.124358e+00	1.117931e+00	2.233628e-01	4.648462e+00	1.003315e-07	
5.754747e-01	6.095951e-14	5.559226e-01	5.156084e-01	1.071875e+00	2.644919e-02	8.968752e-02	1.255728e-01	1.185780e-01	3.252770e-01	2.503596e-02	1.533959e-01	1.105096e+00	7.750466e-01	2.721942e-02	5.258689e-02	3.875108e+00	6.060842e-01	1.774389e-01	1.057463e+00	1.086751e-01	1.328866e+00	4.293337e-01	1.799153e-01	1.611942e-01	2.878281e-01	2.723347e-01	2.082342e-01	3.907776e-02	5.084818e-02	1.124372e+00	1.117892e+00	2.236380e-01	4.648650e+00	2.468998e-07	
5.754779e-01	0.000000e+00	5.557827e-01	5.156118e-01	1.072250e+00	2.645874e-02	8.970056e-02	1.255714e-01	1.185205e-01	3.252813e-01	2.502773e-02	1.534288e-01	1.105734e+00	7.750833e-01	2.720982e-02	5.259748e-02	3.875409e+00	6.062985e-01	1.775083e-01	1.057768e+00	1.086664e-01	1.328913e+00	4.292756e-01	1.798286e-01	1.612595e-01	2.880842e-01	2.725424e-01	2.082518e-01	3.907856e-02	5.085245e-02	1.124403e+00	1.117909e+00	2.226527e-01	4.648604e+00	-8.771200e-08	
5.754754e-01	1.731779e-14	5.560239e-01	5.155819e-01	1.071618e+00	2.644109e-02	8.966961e-02	1.255540e-01	1.185000e-01	3.252877e-01	2.502344e-02	1.533311e-01	1.106031e+00	7.750740e-01	2.722130e-02	5.258787e-02	3.875197e+00	6.062259e-01	1.773630e-01	1.057663e+00	1.087180e-01	1.328757e+00	4.294870e-01	1.797955e-01	1.611375e-01	2.881396e-01	2.721949e-01	2.081975e-01	3.908011e-02	5.084568e-02	1.124339e+00	1.117796e+00	2.230449e-01	4.649134e+00	1.315971e-07	
5.754765e-01	6.577107e-17	5.559662e-01	5.155939e-01	1.071854e+00	2.644666e-02	8.967287e-02	1.255563e-01	1.185198e-01	3.252829e-01	2.503258e-02	1.533336e-01	1.105534e+00	7.750722e-01	2.722122e-02	5.259422e-02	3.875265e+00	6.061083e-01	1.773901e-01	1.057647e+00	1.087095e-01	1.328829e+00	4.294235e-01	1.797864e-01	1.611470e-01	2.881260e-01	2.721615e-01	2.082184e-01	3.907907e-02	5.085690e-02	1.124323e+00	1.117804e+00	2.234322e-01	4.649166e+00	8.109936e-09	
5.754779e-01	0.000000e+00	5.558433e-01	5.155743e-01	1.071822e+00	2.644294e-02	8.969060e-02	1.255638e-01	1.184442e-01	3.252836e-01	2.504386e-02	1.533927e-01	1.105535e+00	7.750822e-01	2.721293e-02	5.260663e-02	3.875282e+00	6.060318e-01	1.774130e-01	1.057701e+00	1.087026e-01	1.328755e+00	4.292245e-01	1.798468e-01	1.612097e-01	2.879960e-01	2.722563e-01	2.082305e-01	3.908257e-02	5.085309e-02	1.124353e+00	1.117836e+00	2.227930e-01	4.648677e+00	-1.597585e-07	
5.754762e-01	6.679531e-16	5.558637e-01	5.156086e-01	1.071854e+00	2.645199e-02	8.966732e-02	1.255614e-01	1.185698e-01	3.252822e-01	2.501181e-02	1.533409e-01	1.106048e+00	7.750528e-01	2.721900e-02	5.258902e-02	3.875097e+00	6.062582e-01	1.773449e-01	1.057653e+00	1.087144e-01	1.328342e+00	4.294423e-01	1.797368e-01	1.611843e-01	2.882812e-01	2.720338e-01	2.082860e-01	3.908100e-02	5.084967e-02	1.124403e+00	1.117793e+00	2.232333e-01	4.649193e+00	2.584479e-08	
5.754779e-01	0.000000e+00	5.560914e-01	5.155438e-01	1.071793e+00	2.643384e-02	8.969921e-02	1.255770e-01	1.185275e-01	3.252838e-01	2.504128e-02	1.533321e-01	1.105414e+00	7.750478e-01	2.723458e-02	5.259363e-02	3.874840e+00	6.064734e-01	1.774388e-01	1.057452e+00	1.086558e-01	1.328740e+00	4.291984e-01	1.798598e-01	1.612012e-01	2.877651e-01	2.723614e-01	2.082491e-01	3.908240e-02	5.086259e-02	1.124238e+00	1.118044e+00	2.230744e-01	4.648734e+00	-1.839008e-07	
5.754763e-01	3.776114e-15	5.559145e-01	5.155967e-01	1.071862e+00	2.644341e-02	8.969205e-02	1.255635e-01	1.184812e-01	3.252883e-01	2.503604e-02	1.533345e-01	1.105665e+00	7.750626e-01	2.722528e-02	5.260301e-02	3.875288e+00	6.061322e-01	1.774353e-01	1.057676e+00	1.086980e-01	1.329011e+00	4.293732e-01	1.797868e-01	1.611982e-01	2.880742e-01	2.725198e-01	2.081855e-01	3.908026e-02	5.085148e-02	1.124329e+00	1.117833e+00	2.227013e-01	4.649617e+00	6.145010e-08	
5.754779e-01	0.000000e+00	5.557064e-01	5.156107e-01	1.071876e+00	2.644719e-02	8.969370e-02	1.255812e-01	1.185291e-01	3.252813e-01	2.502112e-02	1.533703e-01	1.105880e+00	7.750676e-01	2.721326e-02	5.257623e-02	3.874977e+00	6.064483e-01	1.774190e-01	1.057578e+00	1.086620e-01	1.328209e+00	4.293487e-01	1.798444e-01	1.612366e-01	2.879569e-01	2.722573e-01	2.083540e-01	3.908352e-02	5.084422e-02	1.124476e+00	1.117906e+00	2.229226e-01	4.648318e+00	-1.798741e-07	
5.754771e-01	0.000000e+00	5.559478e-01	5.156067e-01	1.071879e+00	2.644586e-02	8.968378e-02	1.255712e-01	1.185437e-01	3.252789e-01	2.503628e-02	1.533971e-01	1.105002e+00	7.750601e-01	2.722611e-02	5.259854e-02	3.875298e+00	6.061240e-01	1.774440e-01	1.057439e+00	1.086720e-01	1.328854e+00	4.290192e-01	1.798980e-01	1.612033e-01	2.878132e-01	2.724427e-01	2.082351e-01	3.907852e-02	5.086212e-02	1.124364e+00	1.117883e+00	2.235141e-01	4.648706e+00	-8.877346e-08	
5.754741e-01	7.420835e-14	5.562602e-01	5.156136e-01	1.071786e+00	2.643929e-02	8.966443e-02	1.255622e-01	1.185301e-01	3.252838e-01	2.503814e-02	1.533101e-01	1.105131e+00	7.750378e-01	2.723558e-02	5.261103e-02	3.875230e+00	6.060096e-01	1.773840e-01	1.057492e+00	1.087146e-01	1.329154e+00	4.293972e-01	1.797722e-01	1.611562e-01	2.879341e-01	2.722538e-01	2.081935e-01	3.907808e-02	5.086062e-02	1.124190e+00	1.117791e+00	2.237102e-01	4.649604e+00	2.724121e-07	
5.754764e-01	1.354628e-15	5.559429e-01	5.156166e-01	1.071764e+00	2.644951e-02	8.967306e-02	1.255623e-01	1.184912e-01	3.252840e-01	2.503455e-02	1.533210e-01	1.105368e+00	7.750552e-01	2.722318e-02	5.259951e-02	3.875308e+00	6.058052e-01	1.774096e-01	1.057705e+00	1.087133e-01	1.329012e+00	4.295215e-01	1.797451e-01	1.611730e-01	2.882119e-01	2.724447e-01	2.081974e-01	3.907922e-02	5.085108e-02	1.124356e+00	1.117832e+00	2.234596e-01	4.649588e+00	3.680528e-08	
5.754755e-01	1.933253e-14	5.560477e-01	5.155696e-01	1.071975e+00	2.644500e-02	8.969006e-02	1.255662e-01	1.185618e-01	3.252791e-01	2.504466e-02	1.533890e-01	1.105403e+00	7.750524e-01	2.722713e-02	5.261266e-02	3.875269e+00	6.061494e-01	1.774298e-01	1.057493e+00	1.086855e-01	1.329022e+00	4.290258e-01	1.798592e-01	1.612491e-01	2.878667e-01	2.721058e-01	2.082191e-01	3.908075e-02	5.086705e-02	1.124285e+00	1.117870e+00	2.229534e-01	4.648946e+00	1.390415e-07	
5.754754e-01	2.521610e-14	5.557823e-01	5.156039e-01	1.071875e+00	2.644803e-02	8.969098e-02	1.255671e-01	1.185398e-01	3.252817e-01	2.504313e-02	1.533910e-01	1.105534e+00	7.750714e-01	2.721541e-02	5.259200e-02	3.875266e+00	6.061301e-01	1.774310e-01	1.057526e+00	1.086819e-01	1.328698e+00	4.292449e-01	1.798755e-01	1.611857e-01	2.879061e-01	2.726461e-01	2.082224e-01	3.908010e-02	5.084831e-02	1.124457e+00	1.117868e+00	2.229120e-01	4.648612e+00	1.587958e-07	
5.754773e-01	0.000000e+00	5.559994e-01	5.155882e-01	1.071921e+00	2.644169e-02	8.968027e-02	1.255727e-01	1.185637e-01	3.252814e-01	2.503061e-02	1.533214e-01	1.105448e+00	7.750632e-01	2.722838e-02	5.259258e-02	3.875184e+00	6.064233e-01	1.774407e-01	1.057471e+00	1.086682e-01	1.328761e+00	4.292269e-01	1.797890e-01	1.611904e-01	2.877862e-01	2.722802e-01	2.082383e-01	3.907789e-02	5.085365e-02	1.124322e+00	1.117906e+00	2.233235e-01	4.648743e+00	-3.984012e-08	
5.754778e-01	0.000000e+00	5.559338e-01	5.155919e-01	1.071898e+00	2.643670e-02	8.970037e-02	1.255841e-01	1.185862e-01	3.252809e-01	2.504100e-02	1.533584e-01	1.105448e+00	7.750462e-01	2.723285e-02	5.259394e-02	3.875171e+00	6.064222e-01	1.774550e-01	1.057438e+00	1.086624e-01	1.328881e+00	4.290365e-01	1.798263e-01	1.611980e-01	2.876600e-01	2.726956e-01	2.082387e-01	3.908219e-02	5.086396e-02	1.124303e+00	1.118003e+00	2.228777e-01	4.648917e+00	-1.581176e-07	
5.754766e-01	1.393598e-15	5.559974e-01	5.156356e-01	1.072065e+00	2.645134e-02	8.968811e-02	1.255689e-01	1.185901e-01	3.252799e-01	2.502194e-02	1.533739e-01	1.105216e+00	7.750537e-01	2.722395e-02	5.259175e-02	3.875302e+00	6.061372e-01	1.774836e-01	1.057489e+00	1.086560e-01	1.328777e+00	4.292799e-01	1.798586e-01	1.612199e-01	2.879587e-01	2.724152e-01	2.082532e-01	3.907468e-02	5.085617e-02	1.124395e+00	1.117889e+00	2.236205e-01	4.648539e+00	3.733092e-08	
5.754780e-01	0.000000e+00	5.558968e-01	5.155952e-01	1.071808e+00	2.644738e-02	8.967425e-02	1.255643e-01	1.185246e-01	3.252824e-01	2.501529e-02	1.533641e-01	1.105872e+00	7.750755e-01	2.721559e-02	5.258693e-02	3.875360e+00	6.064161e-01	1.773991e-01	1.057619e+00	1.086955e-01	1.328713e+00	4.293209e-01	1.798051e-01	1.611775e-01	2.880647e-01	2.721939e-01	2.082265e-01	3.907977e-02	5.085328e-02	1.124381e+00	1.117872e+00	2.231407e-01	4.648537e+00	-1.229665e-07	
5.754780e-01	0.000000e+00	5.561550e-01	5.156068e-01	1.071947e+00	2.643950e-02	8.967171e-02	1.255647e-01	1.185127e-01	3.252871e-01	2.502113e-02	1.532843e-01	1.105563e+00	7.750408e-01	2.724361e-02	5.260203e-02	3.875301e+00	6.062311e-01	1.774210e-01	1.057538e+00	1.086956e-01	1.329106e+00	4.293494e-01	1.797575e-01	1.611901e-01	2.880234e-01	2.725033e-01	2.082052e-01	3.907769e-02	5.086940e-02	1.124204e+00	1.117906e+00	2.235363e-01	4.649358e+00	-2.230165e-07	
5.754756e-01	1.517619e-15	5.559436e-01	5.156110e-01	1.071678e+00	2.644370e-02	8.967309e-02	1.255539e-01	1.184840e-01	3.252874e-01	2.502497e-02	1.533429e-01	1.105798e+00	7.750755e-01	2.721198e-02	5.258877e-02	3.875340e+00	6.061280e-01	1.773733e-01	1.057595e+00	1.086994e-01	1.328635e+00	4.296383e-01	1.798338e-01	1.611899e-01	2.881517e-01	2.721667e-01	2.082547e-01	3.907690e-02	5.084071e-02	1.124399e+00	1.117732e+00	2.229585e-01	4.649229e+00	3.895663e-08	
5.754760e-01	3.975064e-15	5.561870e-01	5.156093e-01	1.071770e+00	2.643395e-02	8.967688e-02	1.255701e-01	1.185304e-01	3.252849e-01	2.502695e-02	1.533391e-01	1.105313e+00	7.750424e-01	2.723366e-02	5.259459e-02	3.875372e+00	6.065562e-01	1.774197e-01	1.057433e+00	1.086867e-01	1.329104e+00	4.293878e-01	1.798020e-01	1.611983e-01	2.880518e-01	2.724696e-01	2.082392e-01	3.907814e-02	5.086390e-02	1.124268e+00	1.117839e+00	2.232542e-01	4.649404e+00	6.304811e-08	
5.754773e-01	0.000000e+00	5.559070e-01	5.156295e-01	1.072006e+00	2.645137e-02	8.968267e-02	1.255656e-01	1.185072e-01	3.252853e-01	2.501959e-02	1.533803e-01	1.105610e+00	7.750703e-01	2.722114e-02	5.259542e-02	3.875510e+00	6.062820e-01	1.774626e-01	1.057638e+00	1.086748e-01	1.328907e+00	4.292862e-01	1.798077e-01	1.612190e-01	2.880032e-01	2.726615e-01	2.082536e-01	3.907715e-02	5.085686e-02	1.124355e+00	1.117885e+00	2.231662e-01	4.648783e+00	-1.030533e-07	
5.754755e-01	2.368274e-14	5.557891e-01	5.156465e-01	1.072059e+00	2.646046e-02	8.968320e-02	1.255636e-01	1.185521e-01	3.252784e-01	2.503503e-02	1.534230e-01	1.105310e+00	7.750574e-01	2.720835e-02	5.260225e-02	3.875469e+00	6.055853e-01	1.774102e-01	1.057583e+00	1.086994e-01	1.328813e+00	4.293132e-01	1.798671e-01	1.611837e-01	2.880079e-01	2.725264e-01	2.081574e-01	3.907755e-02	5.084425e-02	1.124454e+00	1.117751e+00	2.235057e-01	4.648495e+00	1.538920e-07	
5.754780e-01	0.000000e+00	5.559210e-01	5.156188e-01	1.071796e+00	2.643958e-02	8.968307e-02	1.255671e-01	1.184494e-01	3.252883e-01	2.503072e-02	1.533264e-01	1.105677e+00	7.750576e-01	2.722427e-02	5.259430e-02	3.875109e+00	6.061918e-01	1.774248e-01	1.057625e+00	1.086926e-01	1.328691e+00	4.293485e-01	1.797942e-01	1.611932e-01	2.880840e-01	2.725592e-01	2.082555e-01	3.907950e-02	5.085069e-02	1.124307e+00	1.117940e+00	2.228139e-01	4.649185e+00	-1.821769e-07	
5.754780e-01	0.000000e+00	5.561517e-01	5.156010e-01	1.071854e+00	2.644032e-02	8.967535e-02	1.255788e-01	1.185667e-01	3.252815e-01	2.502184e-02	1.533062e-01	1.105193e+00	7.750409e-01	2.723400e-02	5.257916e-02	3.875070e+00	6.063875e-01	1.774258e-01	1.057351e+00	1.086573e-01	1.328613e+00	4.292808e-01	1.798457e-01	1.611671e-01	2.877656e-01	2.721610e-01	2.082684e-01	3.907777e-02	5.086021e-02	1.124263e+00	1.117976e+00	2.239385e-01	4.648589e+00	-1.380236e-07	
5.754750e-01	7.625235e-14	5.560123e-01	5.156278e-01	1.071728e+00	2.644537e-02	8.967276e-02	1.255534e-01	1.184819e-01	3.252836e-01	2.504495e-02	1.533310e-01	1.104955e+00	7.750610e-01	2.722325e-02	5.261352e-02	3.875428e+00	6.056682e-01	1.773897e-01	1.057723e+00	1.087295e-01	1.329009e+00	4.295044e-01	1.797707e-01	1.611751e-01	2.881692e-01	2.726066e-01	2.081639e-01	3.907817e-02	5.085234e-02	1.124340e+00	1.117729e+00	2.234703e-01	4.650027e+00	2.761383e-07	
5.754782e-01	0.000000e+00	5.558806e-01	5.156297e-01	1.071844e+00	2.644592e-02	8.968693e-02	1.255874e-01	1.185846e-01	3.252804e-01	2.501277e-02	1.534031e-01	1.105451e+00	7.750563e-01	2.722318e-02	5.257799e-02	3.875236e+00	6.065766e-01	1.774807e-01	1.057424e+00	1.086418e-01	1.328567e+00	4.291827e-01	1.798568e-01	1.612426e-01	2.878205e-01	2.725547e-01	2.083398e-01	3.907741e-02	5.085239e-02	1.124398e+00	1.118015e+00	2.231721e-01	4.648631e+00	-6.477608e-08	
5.754782e-01	0.000000e+00	5.559261e-01	5.156068e-01	1.071877e+00	2.644121e-02	8.968083e-02	1.255669e-01	1.185619e-01	3.252814e-01	2.503668e-02	1.533322e-01	1.104925e+00	7.750471e-01	2.722869e-02	5.261614e-02	3.875346e+00	6.060963e-01	1.774227e-01	1.057488e+00	1.086851e-01	1.328839e+00	4.292352e-01	1.797747e-01	1.612532e-01	2.880050e-01	2.725586e-01	2.082230e-01	3.908066e-02	5.085941e-02	1.124344e+00	1.117819e+00	2.232192e-01	4.649968e+00	-7.014022e-08	
5.754768e-01	4.308581e-16	5.558198e-01	5.156199e-01	1.071676e+00	2.644247e-02	8.966949e-02	1.255583e-01	1.185072e-01	3.252873e-01	2.502160e-02	1.533289e-01	1.106226e+00	7.750696e-01	2.722104e-02	5.257629e-02	3.875118e+00	6.060099e-01	1.773656e-01	1.057616e+00	1.087043e-01	1.328441e+00	4.294374e-01	1.798167e-01	1.611684e-01	2.882433e-01	2.722071e-01	2.082476e-01	3.908179e-02	5.084464e-02	1.124421e+00	1.117781e+00	2.230055e-01	4.649050e+00	2.075712e-08	
5.754783e-01	0.000000e+00	5.557560e-01	5.156252e-01	1.071813e+00	2.644411e-02	8.967412e-02	1.255777e-01	1.185485e-01	3.252815e-01	2.502464e-02	1.533442e-01	1.105955e+00	7.750780e-01	2.721344e-02	5.256713e-02	3.875072e+00	6.063207e-01	1.773910e-01	1.057574e+00	1.086683e-01	1.328224e+00	4.294164e-01	1.798311e-01	1.611884e-01	2.879457e-01	2.722592e-01	2.083064e-01	3.907896e-02	5.083882e-02	1.124431e+00	1.117876e+00	2.231078e-01	4.648331e+00	-1.132625e-07	
5.754763e-01	5.255421e-15	5.558862e-01	5.156395e-01	1.072042e+00	2.645199e-02	8.969130e-02	1.255692e-01	1.185749e-01	3.252787e-01	2.503904e-02	1.534225e-01	1.104970e+00	7.750436e-01	2.722137e-02	5.260875e-02	3.875464e+00	6.058702e-01	1.774223e-01	1.057475e+00	1.086941e-01	1.329017e+00	4.289860e-01	1.799078e-01	1.612050e-01	2.878844e-01	2.726080e-01	2.081987e-01	3.907779e-02	5.086752e-02	1.124351e+00	1.117823e+00	2.234954e-01	4.648836e+00	7.249428e-08	
5.754783e-01	0.000000e+00	5.559867e-01	5.156041e-01	1.071991e+00	2.644346e-02	8.970288e-02	1.255749e-01	1.185345e-01	3.252832e-01	2.504157e-02	1.533638e-01	1.105314e+00	7.750656e-01	2.722743e-02	5.260324e-02	3.875232e+00	6.062297e-01	1.774839e-01	1.057581e+00	1.086689e-01	1.329052e+00	4.290419e-01	1.798217e-01	1.612152e-01	2.877232e-01	2.725753e-01	2.082626e-01	3.907823e-02	5.085455e-02	1.124301e+00	1.117954e+00	2.229694e-01	4.649003e+00	-1.770071e-07	
5.754763e-01	1.877531e-15	5.557983e-01	5.156389e-01	1.072093e+00	2.644657e-02	8.971535e-02	1.255834e-01	1.185214e-01	3.252789e-01	2.503941e-02	1.534594e-01	1.105058e+00	7.750483e-01	2.721966e-02	5.258946e-02	3.875380e+00	6.063566e-01	1.774876e-01	1.057495e+00	1.086559e-01	1.328872e+00	4.290681e-01	1.799533e-01	1.612446e-01	2.877731e-01	2.727469e-01	2.082703e-01	3.907735e-02	5.085414e-02	1.124380e+00	1.117981e+00	2.227676e-01	4.648514e+00	4.333048e-08	
5.754784e-01	0.000000e+00	5.558657e-01	5.156376e-01	1.072216e+00	2.645014e-02	8.969194e-02	1.255839e-01	1.185400e-01	3.252823e-01	2.501014e-02	1.533890e-01	1.105674e+00	7.750615e-01	2.721911e-02	5.257338e-02	3.875377e+00	6.065042e-01	1.775210e-01	1.057561e+00	1.086380e-01	1.328706e+00	4.292006e-01	1.798208e-01	1.612510e-01	2.878249e-01	2.726485e-01	2.082966e-01	3.907498e-02	5.085524e-02	1.124382e+00	1.117988e+00	2.231827e-01	4.647866e+00	-2.395257e-07	
5.754784e-01	0.000000e+00	5.559033e-01	5.155797e-01	1.071504e+00	2.644373e-02	8.967841e-02	1.255638e-01	1.184911e-01	3.252850e-01	2.502630e-02	1.533553e-01	1.105828e+00	7.750695e-01	2.721556e-02	5.258299e-02	3.875194e+00	6.061915e-01	1.773902e-01	1.057516e+00	1.086875e-01	1.328677e+00	4.293551e-01	1.798517e-01	1.611521e-01	2.879045e-01	2.721739e-01	2.082254e-01	3.908100e-02	5.085059e-02	1.124405e+00	1.117830e+00	2.232090e-01	4.648955e+00	-2.383779e-07	
5.754784e-01	0.000000e+00	5.559410e-01	5.155889e-01	1.072002e+00	2.644747e-02	8.969476e-02	1.255694e-01	1.185729e-01	3.252780e-01	2.503562e-02	1.534225e-01	1.105246e+00	7.750520e-01	2.721949e-02	5.260082e-02	3.875172e+00	6.064796e-01	1.774375e-01	1.057400e+00	1.086744e-01	1.328877e+00	4.290385e-01	1.798828e-01	1.612086e-01	2.878426e-01	2.723223e-01	2.082443e-01	3.907786e-02	5.086647e-02	1.124305e+00	1.117889e+00	2.233381e-01	4.648723e+00	-2.126220e-07	
5.754785e-01	0.000000e+00	5.559679e-01	5.155866e-01	1.071723e+00	2.644057e-02	8.967465e-02	1.255670e-01	1.185010e-01	3.252858e-01	2.501358e-02	1.532918e-01	1.105943e+00	7.750606e-01	2.722658e-02	5.258485e-02	3.875169e+00	6.062396e-01	1.774086e-01	1.057686e+00	1.087008e-01	1.328789e+00	4.294864e-01	1.797661e-01	1.611599e-01	2.881459e-01	2.722535e-01	2.082590e-01	3.907908e-02	5.085154e-02	1.124339e+00	1.117880e+00	2.232943e-01	4.648923e+00	-2.351649e-07	
5.754759e-01	1.095020e-14	5.559507e-01	5.156119e-01	1.071838e+00	2.644858e-02	8.967173e-02	1.255610e-01	1.185143e-01	3.252827e-01	2.503204e-02	1.533545e-01	1.105527e+00	7.750674e-01	2.721716e-02	5.258314e-02	3.875325e+00	6.057763e-01	1.773925e-01	1.057552e+00	1.086966e-01	1.328788e+00	4.294137e-01	1.798671e-01	1.611534e-01	2.879840e-01	2.722286e-01	2.081941e-01	3.907679e-02	5.084679e-02	1.124371e+00	1.117808e+00	2.235527e-01	4.648582e+00	1.046432e-07	
5.754759e-01	9.863032e-15	5.560991e-01	5.156001e-01	1.071932e+00	2.644616e-02	8.968582e-02	1.255511e-01	1.185392e-01	3.252805e-01	2.505139e-02	1.533859e-01	1.104814e+00	7.750657e-01	2.721938e-02	5.262004e-02	3.875605e+00	6.057419e-01	1.774068e-01	1.057558e+00	1.087117e-01	1.329209e+00	4.291629e-01	1.798711e-01	1.611982e-01	2.879481e-01	2.723489e-01	2.081583e-01	3.907777e-02	5.086454e-02	1.124291e+00	1.117776e+00	2.233833e-01	4.649330e+00	9.931280e-08	
5.754744e-01	7.599164e-14	5.558882e-01	5.156427e-01	1.071758e+00	2.645083e-02	8.968681e-02	1.255688e-01	1.185072e-01	3.252838e-01	2.502614e-02	1.534251e-01	1.105478e+00	7.750702e-01	2.722002e-02	5.258530e-02	3.875439e+00	6.061920e-01	1.774658e-01	1.057619e+00	1.086792e-01	1.329034e+00	4.292866e-01	1.798834e-01	1.612039e-01	2.879710e-01	2.726916e-01	2.082495e-01	3.907638e-02	5.085100e-02	1.124418e+00	1.117832e+00	2.230295e-01	4.649255e+00	2.756658e-07	
5.754776e-01	0.000000e+00	5.559813e-01	5.155965e-01	1.071786e+00	2.644533e-02	8.969018e-02	1.255714e-01	1.185532e-01	3.252819e-01	2.504005e-02	1.534011e-01	1.105513e+00	7.750473e-01	2.723216e-02	5.260125e-02	3.875152e+00	6.062110e-01	1.774432e-01	1.057421e+00	1.086768e-01	1.329122e+00	4.291626e-01	1.798642e-01	1.612018e-01	2.878728e-01	2.724243e-01	2.082027e-01	3.908058e-02	5.086311e-02	1.124341e+00	1.117870e+00	2.230768e-01	4.649570e+00	-1.409899e-07	
5.754785e-01	0.000000e+00	5.559576e-01	5.156143e-01	1.071620e+00	2.643974e-02	8.967585e-02	1.255603e-01	1.185101e-01	3.252850e-01	2.503054e-02	1.533153e-01	1.105496e+00	7.750407e-01	2.723632e-02	5.261137e-02	3.875283e+00	6.061765e-01	1.773972e-01	1.057578e+00	1.087235e-01	1.329132e+00	4.292885e-01	1.797153e-01	1.611859e-01	2.881205e-01	2.726704e-01	2.081929e-01	3.908230e-02	5.086083e-02	1.124329e+00	1.117813e+00	2.230923e-01	4.650618e+00	-2.599481e-07	
5.754750e-01	8.930039e-14	5.560331e-01	5.156155e-01	1.071950e+00	2.644649e-02	8.968190e-02	1.255635e-01	1.184666e-01	3.252858e-01	2.503201e-02	1.533353e-01	1.105689e+00	7.750627e-01	2.722446e-02	5.260059e-02	3.875183e+00	6.060418e-01	1.774344e-01	1.057653e+00	1.086999e-01	1.329063e+00	4.296221e-01	1.797377e-01	1.611997e-01	2.881988e-01	2.721857e-01	2.082075e-01	3.907675e-02	5.084362e-02	1.124306e+00	1.117847e+00	2.228171e-01	4.649460e+00	2.988317e-07	
5.754791e-01	0.000000e+00	5.559317e-01	5.156167e-01	1.071545e+00	2.644284e-02	8.965911e-02	1.255562e-01	1.184380e-01	3.252902e-01	2.501447e-02	1.533123e-01	1.106002e+00	7.750737e-01	2.721579e-02	5.257888e-02	3.875482e+00	6.061826e-01	1.773673e-01	1.057750e+00	1.087161e-01	1.328582e+00	4.296204e-01	1.797670e-01	1.611398e-01	2.882074e-01	2.723650e-01	2.082106e-01	3.907741e-02	5.084837e-02	1.124382e+00	1.117828e+00	2.232429e-01	4.649076e+00	-2.765079e-07	
5.754785e-01	0.000000e+00	5.558641e-01	5.156185e-01	1.071851e+00	2.644354e-02	8.968315e-02	1.255670e-01	1.185042e-01	3.252861e-01	2.502474e-02	1.533490e-01	1.105723e+00	7.750503e-01	2.722934e-02	5.258942e-02	3.875269e+00	6.063497e-01	1.774214e-01	1.057629e+00	1.086920e-01	1.328845e+00	4.292541e-01	1.797993e-01	1.611907e-01	2.879955e-01	2.726321e-01	2.082286e-01	3.907899e-02	5.085844e-02	1.124331e+00	1.117931e+00	2.232980e-01	4.648799e+00	-2.767898e-07	
5.754761e-01	6.098757e-15	5.557959e-01	5.156184e-01	1.071815e+00	2.644964e-02	8.967124e-02	1.255645e-01	1.185332e-01	3.252828e-01	2.502273e-02	1.533542e-01	1.105950e+00	7.750767e-01	2.722280e-02	5.258035e-02	3.875199e+00	6.061695e-01	1.774118e-01	1.057609e+00	1.086859e-01	1.328603e+00	4.293371e-01	1.797806e-01	1.611807e-01	2.880210e-01	2.722966e-01	2.082676e-01	3.907909e-02	5.084710e-02	1.124417e+00	1.117833e+00	2.232508e-01	4.648865e+00	7.809454e-08	
5.754785e-01	0.000000e+00	5.557381e-01	5.156219e-01	1.071992e+00	2.644441e-02	8.970010e-02	1.255911e-01	1.185209e-01	3.252832e-01	2.501563e-02	1.533337e-01	1.105676e+00	7.750588e-01	2.721977e-02	5.256799e-02	3.875157e+00	6.066413e-01	1.774883e-01	1.057531e+00	1.086301e-01	1.328461e+00	4.292820e-01	1.798153e-01	1.612172e-01	2.877555e-01	2.725782e-01	2.083177e-01	3.907773e-02	5.084562e-02	1.124430e+00	1.118077e+00	2.227011e-01	4.648196e+00	-2.341341e-07	
5.754758e-01	2.375475e-14	5.558902e-01	5.156019e-01	1.071821e+00	2.643937e-02	8.968085e-02	1.255682e-01	1.184704e-01	3.252895e-01	2.502604e-02	1.532923e-01	1.106067e+00	7.750441e-01	2.723220e-02	5.258577e-02	3.875057e+00	6.064463e-01	1.774110e-01	1.057612e+00	1.086851e-01	1.328593e+00	4.295279e-01	1.797287e-01	1.612176e-01	2.882401e-01	2.724141e-01	2.082491e-01	3.908110e-02	5.084669e-02	1.124348e+00	1.117916e+00	2.226739e-01	4.649229e+00	1.541258e-07	
5.754759e-01	1.104602e-14	5.559834e-01	5.156362e-01	1.072115e+00	2.644791e-02	8.969338e-02	1.255801e-01	1.185793e-01	3.252796e-01	2.503021e-02	1.533858e-01	1.105076e+00	7.750399e-01	2.722986e-02	5.258708e-02	3.875231e+00	6.061100e-01	1.774808e-01	1.057449e+00	1.086522e-01	1.328849e+00	4.292015e-01	1.798908e-01	1.612033e-01	2.877509e-01	2.725287e-01	2.082366e-01	3.907575e-02	5.085550e-02	1.124338e+00	1.117967e+00	2.235393e-01	4.648437e+00	1.051000e-07	
5.754769e-01	1.056972e-16	5.560398e-01	5.155858e-01	1.071739e+00	2.644638e-02	8.967499e-02	1.255456e-01	1.184804e-01	3.252866e-01	2.503976e-02	1.533258e-01	1.105499e+00	7.750683e-01	2.722470e-02	5.262868e-02	3.875510e+00	6.057706e-01	1.774158e-01	1.057747e+00	1.087224e-01	1.329278e+00	4.293845e-01	1.797736e-01	1.611712e-01	2.881037e-01	2.723354e-01	2.081171e-01	3.907776e-02	5.085663e-02	1.124293e+00	1.117798e+00	2.231217e-01	4.649533e+00	1.028092e-08	
5.754786e-01	0.000000e+00	5.558972e-01	5.155906e-01	1.071884e+00	2.644392e-02	8.969411e-02	1.255800e-01	1.186074e-01	3.252785e-01	2.504239e-02	1.533815e-01	1.105134e+00	7.750593e-01	2.722887e-02	5.260050e-02	3.875072e+00	6.061601e-01	1.774563e-01	1.057341e+00	1.086644e-01	1.328902e+00	4.290994e-01	1.798849e-01	1.611896e-01	2.877587e-01	2.725179e-01	2.082340e-01	3.907974e-02	5.085378e-02	1.124362e+00	1.117895e+00	2.233583e-01	4.649204e+00	-2.795953e-07	
5.754786e-01	0.000000e+00	5.559271e-01	5.155796e-01	1.071682e+00	2.644558e-02	8.968191e-02	1.255640e-01	1.185022e-01	3.252812e-01	2.504730e-02	1.533806e-01	1.105469e+00	7.750625e-01	2.722142e-02	5.260729e-02	3.875084e+00	6.059650e-01	1.774024e-01	1.057609e+00	1.087019e-01	1.328854e+00	4.292441e-01	1.798075e-01	1.611765e-01	2.879023e-01	2.721869e-01	2.081919e-01	3.908166e-02	5.085479e-02	1.124314e+00	1.117856e+00	2.232070e-01	4.649425e+00	-3.049651e-07	
5.754763e-01	6.594040e-15	5.561970e-01	5.155849e-01	1.071677e+00	2.643916e-02	8.968144e-02	1.255526e-01	1.185512e-01	3.252827e-01	2.505667e-02	1.533953e-01	1.104783e+00	7.750587e-01	2.723146e-02	5.263345e-02	3.875343e+00	6.057444e-01	1.773966e-01	1.057344e+00	1.087011e-01	1.329260e+00	4.290465e-01	1.798988e-01	1.611676e-01	2.877076e-01	2.725484e-01	2.080968e-01	3.907851e-02	5.087673e-02	1.124203e+00	1.117760e+00	2.236315e-01	4.649624e+00	8.120369e-08	
5.754763e-01	8.992749e-15	5.560231e-01	5.155812e-01	1.071527e+00	2.643620e-02	8.968597e-02	1.255591e-01	1.185704e-01	3.252774e-01	2.506628e-02	1.534562e-01	1.104731e+00	7.750739e-01	2.721796e-02	5.261350e-02	3.875361e+00	6.060633e-01	1.773835e-01	1.057366e+00	1.086942e-01	1.329041e+00	4.290009e-01	1.799490e-01	1.611952e-01	2.876011e-01	2.725853e-01	2.081997e-01	3.907953e-02	5.086342e-02	1.124313e+00	1.117765e+00	2.232900e-01	4.649490e+00	9.483011e-08	
5.754786e-01	0.000000e+00	5.562460e-01	5.155617e-01	1.071742e+00	2.643485e-02	8.968942e-02	1.255573e-01	1.185059e-01	3.252865e-01	2.504865e-02	1.533206e-01	1.105336e+00	7.750721e-01	2.722957e-02	5.261172e-02	3.875279e+00	6.061397e-01	1.774524e-01	1.057558e+00	1.086926e-01	1.329378e+00	4.293998e-01	1.798423e-01	1.611742e-01	2.879094e-01	2.724758e-01	2.082035e-01	3.907761e-02	5.085419e-02	1.124238e+00	1.117893e+00	2.232588e-01	4.649220e+00	-1.198929e-07	
5.754754e-01	2.039635e-14	5.561575e-01	5.156201e-01	1.071948e+00	2.644548e-02	8.967071e-02	1.255574e-01	1.185885e-01	3.252827e-01	2.503810e-02	1.533545e-01	1.105092e+00	7.750533e-01	2.723482e-02	5.262347e-02	3.875580e+00	6.059453e-01	1.774412e-01	1.057532e+00	1.086946e-01	1.329219e+00	4.291798e-01	1.797995e-01	1.612336e-01	2.879332e-01	2.725143e-01	2.082122e-01	3.907663e-02	5.086783e-02	1.124256e+00	1.117817e+00	2.235827e-01	4.649423e+00	1.428158e-07	
5.754771e-01	2.310439e-16	5.557815e-01	5.156175e-01	1.071842e+00	2.644554e-02	8.970389e-02	1.255846e-01	1.185016e-01	3.252867e-01	2.501737e-02	1.533972e-01	1.105989e+00	7.750654e-01	2.721961e-02	5.257523e-02	3.875363e+00	6.064770e-01	1.774956e-01	1.057664e+00	1.086458e-01	1.328656e+00	4.292515e-01	1.798761e-01	1.612163e-01	2.877875e-01	2.727300e-01	2.082815e-01	3.907896e-02	5.085153e-02	1.124418e+00	1.118021e+00	2.226272e-01	4.648043e+00	1.520013e-08	
5.754732e-01	2.133023e-13	5.558550e-01	5.156231e-01	1.071859e+00	2.644915e-02	8.968695e-02	1.255770e-01	1.185130e-01	3.252803e-01	2.502954e-02	1.534150e-01	1.105223e+00	7.750414e-01	2.722172e-02	5.259080e-02	3.875354e+00	6.059897e-01	1.774644e-01	1.057576e+00	1.086745e-01	1.328940e+00	4.291975e-01	1.798718e-01	1.612029e-01	2.877770e-01	2.725323e-01	2.082143e-01	3.907696e-02	5.085508e-02	1.124346e+00	1.117960e+00	2.232602e-01	4.648346e+00	4.618466e-07	
5.754740e-01	4.834281e-13	5.558680e-01	5.155977e-01	1.071514e+00	2.644017e-02	8.966758e-02	1.255527e-01	1.184721e-01	3.252889e-01	2.503169e-02	1.533122e-01	1.106209e+00	7.750767e-01	2.722283e-02	5.258926e-02	3.874960e+00	6.060655e-01	1.773397e-01	1.057739e+00	1.087364e-01	1.328673e+00	4.296467e-01	1.797149e-01	1.611607e-01	2.884357e-01	2.722002e-01	2.082299e-01	3.908516e-02	5.084275e-02	1.124394e+00	1.117756e+00	2.226453e-01	4.649984e+00	6.952899e-07	
5.754787e-01	0.000000e+00	5.559099e-01	5.155602e-01	1.071684e+00	2.643822e-02	8.968719e-02	1.255714e-01	1.184836e-01	3.252881e-01	2.500886e-02	1.532803e-01	1.106078e+00	7.750707e-01	2.722260e-02	5.257480e-02	3.874927e+00	6.064005e-01	1.773977e-01	1.057601e+00	1.086663e-01	1.328190e+00	4.294384e-01	1.798025e-01	1.611564e-01	2.879198e-01	2.720189e-01	2.082974e-01	3.908129e-02	5.085881e-02	1.124358e+00	1.117988e+00	2.230217e-01	4.648232e+00	-2.814372e-07	
5.754787e-01	0.000000e+00	5.558198e-01	5.155962e-01	1.072122e+00	2.644653e-02	8.970837e-02	1.255841e-01	1.185507e-01	3.252803e-01	2.503448e-02	1.533886e-01	1.105343e+00	7.750412e-01	2.723013e-02	5.259362e-02	3.875125e+00	6.063702e-01	1.774847e-01	1.057478e+00	1.086578e-01	1.328878e+00	4.290745e-01	1.798560e-01	1.612211e-01	2.877897e-01	2.727197e-01	2.082332e-01	3.907963e-02	5.085848e-02	1.124348e+00	1.118003e+00	2.230876e-01	4.648674e+00	-2.329195e-07	
5.754787e-01	0.000000e+00	5.559342e-01	5.155619e-01	1.071706e+00	2.643769e-02	8.968811e-02	1.255581e-01	1.184436e-01	3.252866e-01	2.504638e-02	1.533171e-01	1.105834e+00	7.750847e-01	2.721852e-02	5.260637e-02	3.875267e+00	6.059582e-01	1.773911e-01	1.057725e+00	1.087133e-01	1.328883e+00	4.293786e-01	1.797972e-01	1.611870e-01	2.880744e-01	2.724258e-01	2.082119e-01	3.908308e-02	5.085219e-02	1.124368e+00	1.117799e+00	2.227382e-01	4.649002e+00	-2.866031e-07	
5.754765e-01	2.061501e-15	5.559761e-01	5.156072e-01	1.072168e+00	2.645023e-02	8.970264e-02	1.255784e-01	1.185879e-01	3.252770e-01	2.503636e-02	1.534077e-01	1.105043e+00	7.750501e-01	2.722368e-02	5.260355e-02	3.875525e+00	6.062359e-01	1.774994e-01	1.057516e+00	1.086586e-01	1.329054e+00	4.289189e-01	1.798621e-01	1.612314e-01	2.877190e-01	2.725527e-01	2.082393e-01	3.907774e-02	5.086144e-02	1.124341e+00	1.117966e+00	2.232147e-01	4.648285e+00	4.540375e-08	
5.754755e-01	1.904423e-14	5.558661e-01	5.156307e-01	1.071943e+00	2.645277e-02	8.968266e-02	1.255814e-01	1.185526e-01	3.252810e-01	2.500945e-02	1.534108e-01	1.105505e+00	7.750615e-01	2.721914e-02	5.257801e-02	3.875348e+00	6.064954e-01	1.774680e-01	1.057446e+00	1.086484e-01	1.328576e+00	4.292023e-01	1.799009e-01	1.612132e-01	2.877787e-01	2.724168e-01	2.083138e-01	3.907613e-02	5.085394e-02	1.124406e+00	1.117935e+00	2.233950e-01	4.648068e+00	1.380008e-07	
5.754755e-01	1.127917e-14	5.558104e-01	5.156338e-01	1.071790e+00	2.645332e-02	8.967315e-02	1.255651e-01	1.185575e-01	3.252808e-01	2.502192e-02	1.533702e-01	1.105328e+00	7.750619e-01	2.721760e-02	5.259244e-02	3.875329e+00	6.060676e-01	1.774193e-01	1.057642e+00	1.086950e-01	1.328667e+00	4.292242e-01	1.798145e-01	1.611907e-01	2.880820e-01	2.724297e-01	2.082431e-01	3.907833e-02	5.085685e-02	1.124395e+00	1.117818e+00	2.236131e-01	4.649056e+00	1.062035e-07	
5.754756e-01	1.566563e-14	5.558787e-01	5.156144e-01	1.071781e+00	2.644828e-02	8.967466e-02	1.255669e-01	1.185104e-01	3.252821e-01	2.502407e-02	1.533702e-01	1.105542e+00	7.750648e-01	2.721214e-02	5.258425e-02	3.875337e+00	6.061233e-01	1.773828e-01	1.057567e+00	1.086972e-01	1.328661e+00	4.294754e-01	1.798609e-01	1.611835e-01	2.881287e-01	2.721404e-01	2.082387e-01	3.907787e-02	5.084925e-02	1.124411e+00	1.117829e+00	2.233699e-01	4.648354e+00	1.251624e-07	
5.754762e-01	2.222530e-15	5.558055e-01	5.155802e-01	1.071799e+00	2.644307e-02	8.968696e-02	1.255747e-01	1.185340e-01	3.252794e-01	2.503897e-02	1.533623e-01	1.105323e+00	7.750637e-01	2.722218e-02	5.258546e-02	3.874904e+00	6.063253e-01	1.774252e-01	1.057475e+00	1.086708e-01	1.328501e+00	4.292463e-01	1.798535e-01	1.611865e-01	2.879198e-01	2.722713e-01	2.082731e-01	3.908317e-02	5.084915e-02	1.124418e+00	1.117916e+00	2.231957e-01	4.648725e+00	4.714372e-08	
5.754769e-01	3.904530e-16	5.562002e-01	5.155684e-01	1.071749e+00	2.643786e-02	8.967936e-02	1.255509e-01	1.184764e-01	3.252885e-01	2.504162e-02	1.532782e-01	1.105794e+00	7.750550e-01	2.723542e-02	5.261107e-02	3.875214e+00	6.060626e-01	1.773919e-01	1.057709e+00	1.087241e-01	1.329091e+00	4.295432e-01	1.797693e-01	1.611712e-01	2.882562e-01	2.722218e-01	2.081796e-01	3.908175e-02	5.085650e-02	1.124233e+00	1.117834e+00	2.231608e-01	4.649617e+00	1.975988e-08	
5.754755e-01	1.595686e-14	5.559658e-01	5.156031e-01	1.072090e+00	2.644773e-02	8.967323e-02	1.255562e-01	1.185210e-01	3.252823e-01	2.502807e-02	1.533443e-01	1.105236e+00	7.750588e-01	2.721545e-02	5.260507e-02	3.875414e+00	6.057623e-01	1.774038e-01	1.057660e+00	1.087042e-01	1.328724e+00	4.293752e-01	1.798034e-01	1.611919e-01	2.881663e-01	2.722216e-01	2.082017e-01	3.907899e-02	5.085046e-02	1.124332e+00	1.117782e+00	2.235120e-01	4.648467e+00	1.263205e-07	
5.754764e-01	7.513078e-15	5.559581e-01	5.156106e-01	1.071870e+00	2.644641e-02	8.970268e-02	1.255656e-01	1.185688e-01	3.252799e-01	2.504588e-02	1.534461e-01	1.104917e+00	7.750603e-01	2.722798e-02	5.261293e-02	3.875490e+00	6.061971e-01	1.774715e-01	1.057454e+00	1.086772e-01	1.329268e+00	4.289336e-01	1.799276e-01	1.612152e-01	2.876844e-01	2.728898e-01	2.081850e-01	3.907767e-02	5.086865e-02	1.124304e+00	1.117866e+00	2.230173e-01	4.649846e+00	8.667801e-08	
5.754750e-01	5.214746e-14	5.559528e-01	5.156233e-01	1.071669e+00	2.644124e-02	8.967998e-02	1.255607e-01	1.185326e-01	3.252838e-01	2.505378e-02	1.533568e-01	1.105044e+00	7.750707e-01	2.722565e-02	5.261267e-02	3.875367e+00	6.058111e-01	1.774155e-01	1.057539e+00	1.087023e-01	1.329074e+00	4.291988e-01	1.798221e-01	1.611969e-01	2.878813e-01	2.726567e-01	2.082082e-01	3.908036e-02	5.085644e-02	1.124372e+00	1.117745e+00	2.231400e-01	4.649927e+00	2.283582e-07	
5.754788e-01	0.000000e+00	5.558912e-01	5.156068e-01	1.072015e+00	2.644215e-02	8.969329e-02	1.255777e-01	1.185421e-01	3.252830e-01	2.502614e-02	1.533336e-01	1.105814e+00	7.750569e-01	2.722722e-02	5.258002e-02	3.875147e+00	6.065613e-01	1.774493e-01	1.057548e+00	1.086711e-01	1.328680e+00	4.292363e-01	1.797904e-01	1.611977e-01	2.879094e-01	2.725526e-01	2.082771e-01	3.908015e-02	5.085309e-02	1.124354e+00	1.117949e+00	2.230352e-01	4.648678e+00	-2.636104e-07	
5.754759e-01	1.175000e-14	5.558933e-01	5.156175e-01	1.071966e+00	2.645023e-02	8.968179e-02	1.255741e-01	1.185493e-01	3.252785e-01	2.503204e-02	1.533781e-01	1.105232e+00	7.750553e-01	2.721842e-02	5.259490e-02	3.875167e+00	6.061467e-01	1.774222e-01	1.057468e+00	1.086774e-01	1.328700e+00	4.291333e-01	1.798358e-01	1.612003e-01	2.879324e-01	2.723591e-01	2.082331e-01	3.908032e-02	5.085586e-02	1.124396e+00	1.117822e+00	2.232951e-01	4.648837e+00	1.083974e-07	
5.754769e-01	1.156679e-15	5.560497e-01	5.156194e-01	1.071912e+00	2.644414e-02	8.967243e-02	1.255748e-01	1.185441e-01	3.252838e-01	2.502126e-02	1.533033e-01	1.105803e+00	7.750514e-01	2.722999e-02	5.258182e-02	3.875038e+00	6.063240e-01	1.774331e-01	1.057466e+00	1.086677e-01	1.328716e+00	4.293594e-01	1.797851e-01	1.611907e-01	2.880331e-01	2.721603e-01	2.082628e-01	3.907925e-02	5.085274e-02	1.124316e+00	1.117886e+00	2.231742e-01	4.649137e+00	3.400999e-08	
5.754754e-01	2.778799e-14	5.561428e-01	5.155921e-01	1.072112e+00	2.643949e-02	8.970155e-02	1.255706e-01	1.185559e-01	3.252811e-01	2.505030e-02	1.533870e-01	1.104767e+00	7.750456e-01	2.723438e-02	5.260601e-02	3.875343e+00	6.062767e-01	1.774826e-01	1.057411e+00	1.086651e-01	1.329185e+00	4.290051e-01	1.798431e-01	1.612198e-01	2.877796e-01	2.726978e-01	2.082277e-01	3.907828e-02	5.086528e-02	1.124243e+00	1.117974e+00	2.232464e-01	4.648863e+00	1.666973e-07	
5.754755e-01	3.647188e-14	5.561127e-01	5.156009e-01	1.071530e+00	2.643425e-02	8.968229e-02	1.255550e-01	1.184601e-01	3.252899e-01	2.504784e-02	1.533480e-01	1.105315e+00	7.750645e-01	2.723125e-02	5.261122e-02	3.875393e+00	6.060953e-01	1.774034e-01	1.057665e+00	1.087185e-01	1.329220e+00	4.294521e-01	1.797936e-01	1.611882e-01	2.881425e-01	2.727632e-01	2.081512e-01	3.908056e-02	5.085423e-02	1.124252e+00	1.117802e+00	2.228640e-01	4.650398e+00	1.909761e-07	
5.754779e-01	0.000000e+00	5.557919e-01	5.156185e-01	1.072130e+00	2.644863e-02	8.970255e-02	1.255740e-01	1.185123e-01	3.252798e-01	2.504109e-02	1.533789e-01	1.105154e+00	7.750644e-01	2.721228e-02	5.259797e-02	3.875339e+00	6.061410e-01	1.774691e-01	1.057623e+00	1.086701e-01	1.328808e+00	4.291376e-01	1.798671e-01	1.612172e-01	2.878159e-01	2.726251e-01	2.082473e-01	3.907807e-02	5.085321e-02	1.124381e+00	1.117895e+00	2.232132e-01	4.648095e+00	-1.832232e-07	
5.754748e-01	7.905395e-14	5.559871e-01	5.156110e-01	1.071803e+00	2.644385e-02	8.966131e-02	1.255602e-01	1.185194e-01	3.252891e-01	2.501675e-02	1.532891e-01	1.105812e+00	7.750494e-01	2.723244e-02	5.259157e-02	3.875153e+00	6.061531e-01	1.773807e-01	1.057627e+00	1.087110e-01	1.328774e+00	4.295112e-01	1.797329e-01	1.611539e-01	2.882668e-01	2.722367e-01	2.082416e-01	3.908002e-02	5.085715e-02	1.124278e+00	1.117810e+00	2.234115e-01	4.649546e+00	2.811653e-07	
5.754760e-01	1.552719e-14	5.557938e-01	5.156130e-01	1.072292e+00	2.645377e-02	8.970783e-02	1.255795e-01	1.185619e-01	3.252793e-01	2.502470e-02	1.533883e-01	1.105471e+00	7.750493e-01	2.722534e-02	5.259288e-02	3.875267e+00	6.063972e-01	1.775129e-01	1.057672e+00	1.086685e-01	1.328994e+00	4.292017e-01	1.797826e-01	1.612228e-01	2.879530e-01	2.727116e-01	2.082541e-01	3.907862e-02	5.085599e-02	1.124389e+00	1.118015e+00	2.231051e-01	4.648247e+00	1.246081e-07	
5.754766e-01	1.077302e-14	5.558855e-01	5.156100e-01	1.071823e+00	2.644586e-02	8.968811e-02	1.255701e-01	1.185749e-01	3.252809e-01	2.502795e-02	1.533978e-01	1.105564e+00	7.750582e-01	2.721843e-02	5.258958e-02	3.875294e+00	6.063098e-01	1.774412e-01	1.057497e+00	1.086750e-01	1.328746e+00	4.292596e-01	1.798826e-01	1.612082e-01	2.878911e-01	2.723080e-01	2.082448e-01	3.907779e-02	5.085273e-02	1.124406e+00	1.117897e+00	2.230154e-01	4.648754e+00	1.037932e-07	
5.754750e-01	5.260082e-14	5.559429e-01	5.155978e-01	1.072022e+00	2.645550e-02	8.968521e-02	1.255625e-01	1.185021e-01	3.252810e-01	2.502327e-02	1.534178e-01	1.105684e+00	7.750711e-01	2.721212e-02	5.260172e-02	3.875270e+00	6.061721e-01	1.774714e-01	1.057804e+00	1.086806e-01	1.328889e+00	4.292633e-01	1.798227e-01	1.612241e-01	2.880494e-01	2.722049e-01	2.082341e-01	3.907730e-02	5.085385e-02	1.124339e+00	1.117907e+00	2.231161e-01	4.648007e+00	2.293487e-07	
5.754757e-01	3.096677e-14	5.558713e-01	5.156423e-01	1.072001e+00	2.645347e-02	8.968374e-02	1.255706e-01	1.185248e-01	3.252813e-01	2.501966e-02	1.534049e-01	1.105436e+00	7.750557e-01	2.721543e-02	5.258725e-02	3.875441e+00	6.060096e-01	1.774330e-01	1.057532e+00	1.086834e-01	1.328814e+00	4.291871e-01	1.799164e-01	1.612007e-01	2.879249e-01	2.724128e-01	2.082514e-01	3.907689e-02	5.085835e-02	1.124389e+00	1.117853e+00	2.234837e-01	4.648114e+00	1.759738e-07	
5.754758e-01	1.726296e-14	5.558488e-01	5.156221e-01	1.071800e+00	2.644770e-02	8.967764e-02	1.255708e-01	1.185659e-01	3.252804e-01	2.502629e-02	1.534161e-01	1.105489e+00	7.750483e-01	2.722667e-02	5.259748e-02	3.875276e+00	6.063685e-01	1.774121e-01	1.057446e+00	1.086785e-01	1.328644e+00	4.290711e-01	1.798897e-01	1.612553e-01	2.879625e-01	2.723772e-01	2.082725e-01	3.908015e-02	5.086644e-02	1.124350e+00	1.117853e+00	2.230535e-01	4.649400e+00	1.313886e-07	
5.754763e-01	1.095085e-14	5.558847e-01	5.156169e-01	1.071908e+00	2.644660e-02	8.969191e-02	1.255683e-01	1.185623e-01	3.252805e-01	2.504350e-02	1.534149e-01	1.105038e+00	7.750593e-01	2.721945e-02	5.260641e-02	3.875491e+00	6.060348e-01	1.774452e-01	1.057508e+00	1.086851e-01	1.329015e+00	4.290853e-01	1.799121e-01	1.612358e-01	2.879306e-01	2.725946e-01	2.082497e-01	3.907892e-02	5.085838e-02	1.124369e+00	1.117825e+00	2.230949e-01	4.649237e+00	1.046463e-07	
5.754756e-01	2.464528e-14	5.559673e-01	5.156161e-01	1.071831e+00	2.644421e-02	8.968479e-02	1.255693e-01	1.185508e-01	3.252850e-01	2.502215e-02	1.533597e-01	1.105938e+00	7.750797e-01	2.722237e-02	5.257743e-02	3.875397e+00	6.062659e-01	1.774408e-01	1.057526e+00	1.086604e-01	1.328617e+00	4.293844e-01	1.798926e-01	1.611994e-01	2.878384e-01	2.723434e-01	2.082824e-01	3.907679e-02	5.085395e-02	1.124419e+00	1.117872e+00	2.231335e-01	4.648082e+00	1.569881e-07	
5.754752e-01	5.739596e-14	5.558227e-01	5.156223e-01	1.071857e+00	2.645031e-02	8.968969e-02	1.255757e-01	1.185436e-01	3.252824e-01	2.501770e-02	1.533808e-01	1.105654e+00	7.750692e-01	2.721488e-02	5.257221e-02	3.875244e+00	6.060448e-01	1.774373e-01	1.057564e+00	1.086580e-01	1.328327e+00	4.292783e-01	1.798932e-01	1.611988e-01	2.878521e-01	2.723469e-01	2.082891e-01	3.907873e-02	5.085347e-02	1.124463e+00	1.117916e+00	2.233027e-01	4.647857e+00	2.395745e-07	
5.754783e-01	0.000000e+00	5.560049e-01	5.156078e-01	1.071980e+00	2.644047e-02	8.968624e-02	1.255825e-01	1.185643e-01	3.252824e-01	2.502400e-02	1.533211e-01	1.105698e+00	7.750358e-01	2.723388e-02	5.258332e-02	3.874942e+00	6.065504e-01	1.774414e-01	1.057439e+00	1.086646e-01	1.328659e+00	4.293141e-01	1.797810e-01	1.612190e-01	2.879762e-01	2.722827e-01	2.082892e-01	3.908005e-02	5.085429e-02	1.124325e+00	1.117982e+00	2.229348e-01	4.649242e+00	-2.438126e-07	
5.754785e-01	0.000000e+00	5.557719e-01	5.156075e-01	1.071865e+00	2.644615e-02	8.968318e-02	1.255655e-01	1.185482e-01	3.252847e-01	2.502084e-02	1.533476e-01	1.106199e+00	7.750738e-01	2.721966e-02	5.257966e-02	3.875211e+00	6.062802e-01	1.774266e-01	1.057564e+00	1.086721e-01	1.328555e+00	4.294186e-01	1.798167e-01	1.612003e-01	2.879853e-01	2.724651e-01	2.082519e-01	3.907932e-02	5.084791e-02	1.124424e+00	1.117835e+00	2.230324e-01	4.648721e+00	-2.652785e-07	
5.754753e-01	3.760940e-14	5.560361e-01	5.156055e-01	1.071700e+00	2.643852e-02	8.969298e-02	1.255620e-01	1.184453e-01	3.252884e-01	2.504639e-02	1.533096e-01	1.105257e+00	7.750591e-01	2.722854e-02	5.260817e-02	3.875386e+00	6.059997e-01	1.774322e-01	1.057721e+00	1.087141e-01	1.329186e+00	4.294307e-01	1.797350e-01	1.611970e-01	2.880062e-01	2.726864e-01	2.081906e-01	3.907966e-02	5.085126e-02	1.124311e+00	1.117858e+00	2.228827e-01	4.649902e+00	1.939314e-07	
5.754788e-01	0.000000e+00	5.558381e-01	5.156195e-01	1.071963e+00	2.644827e-02	8.968692e-02	1.255643e-01	1.184861e-01	3.252859e-01	2.502061e-02	1.533611e-01	1.106034e+00	7.750740e-01	2.721075e-02	5.259082e-02	3.875240e+00	6.063205e-01	1.774159e-01	1.057672e+00	1.086798e-01	1.328526e+00	4.294219e-01	1.798251e-01	1.612178e-01	2.881022e-01	2.723235e-01	2.082785e-01	3.907956e-02	5.085204e-02	1.124381e+00	1.117866e+00	2.228623e-01	4.648344e+00	-3.378009e-07	
5.754788e-01	0.000000e+00	5.558577e-01	5.156145e-01	1.071936e+00	2.644688e-02	8.970348e-02	1.255701e-01	1.184875e-01	3.252814e-01	2.504569e-02	1.533890e-01	1.105271e+00	7.750741e-01	2.721371e-02	5.260828e-02	3.875471e+00	6.061166e-01	1.774395e-01	1.057651e+00	1.086875e-01	1.328936e+00	4.290927e-01	1.798695e-01	1.612217e-01	2.878216e-01	2.725779e-01	2.082271e-01	3.907867e-02	5.085461e-02	1.124378e+00	1.117875e+00	2.229383e-01	4.648524e+00	-2.114329e-07	
5.754768e-01	1.562981e-15	5.559381e-01	5.156028e-01	1.072015e+00	2.644582e-02	8.968057e-02	1.255699e-01	1.185327e-01	3.252861e-01	2.501695e-02	1.532950e-01	1.105996e+00	7.750569e-01	2.721933e-02	5.257018e-02	3.875035e+00	6.062991e-01	1.774072e-01	1.057570e+00	1.086695e-01	1.328307e+00	4.296272e-01	1.797773e-01	1.611764e-01	2.881564e-01	2.722702e-01	2.082740e-01	3.907729e-02	5.084919e-02	1.124385e+00	1.117899e+00	2.232748e-01	4.648215e+00	3.953455e-08	
5.754759e-01	2.096615e-14	5.559585e-01	5.155969e-01	1.072035e+00	2.644643e-02	8.968349e-02	1.255677e-01	1.185137e-01	3.252807e-01	2.502929e-02	1.533105e-01	1.105268e+00	7.750550e-01	2.722405e-02	5.260305e-02	3.875252e+00	6.061220e-01	1.774216e-01	1.057677e+00	1.086977e-01	1.328832e+00	4.293809e-01	1.797415e-01	1.611889e-01	2.880199e-01	2.721519e-01	2.082090e-01	3.907785e-02	5.085620e-02	1.124313e+00	1.117899e+00	2.233625e-01	4.648654e+00	1.447969e-07	
5.754757e-01	2.255177e-14	5.558102e-01	5.156210e-01	1.072100e+00	2.645108e-02	8.969113e-02	1.255711e-01	1.185867e-01	3.252814e-01	2.501705e-02	1.533805e-01	1.105602e+00	7.750546e-01	2.722003e-02	5.259270e-02	3.875197e+00	6.065737e-01	1.774712e-01	1.057515e+00	1.086651e-01	1.328692e+00	4.293110e-01	1.797973e-01	1.612515e-01	2.880945e-01	2.724832e-01	2.082767e-01	3.907895e-02	5.085609e-02	1.124405e+00	1.117884e+00	2.230189e-01	4.648875e+00	1.501725e-07	
5.754789e-01	0.000000e+00	5.559228e-01	5.155867e-01	1.071903e+00	2.644008e-02	8.969148e-02	1.255716e-01	1.185411e-01	3.252864e-01	2.502278e-02	1.532855e-01	1.106381e+00	7.750705e-01	2.722030e-02	5.257117e-02	3.874864e+00	6.063636e-01	1.774047e-01	1.057577e+00	1.086597e-01	1.328191e+00	4.295521e-01	1.798120e-01	1.611881e-01	2.879622e-01	2.720786e-01	2.082853e-01	3.908100e-02	5.084215e-02	1.124407e+00	1.117918e+00	2.228129e-01	4.648227e+00	-3.062140e-07	
5.754799e-01	0.000000e+00	5.559826e-01	5.156386e-01	1.071983e+00	2.644812e-02	8.969768e-02	1.255689e-01	1.185061e-01	3.252832e-01	2.502962e-02	1.533995e-01	1.105061e+00	7.750574e-01	2.721582e-02	5.260534e-02	3.875518e+00	6.060272e-01	1.774607e-01	1.057579e+00	1.086668e-01	1.328935e+00	4.293519e-01	1.798957e-01	1.612381e-01	2.879089e-01	2.726463e-01	2.082506e-01	3.907651e-02	5.086205e-02	1.124334e+00	1.117888e+00	2.232938e-01	4.648930e+00	-1.460789e-07	
5.754744e-01	8.755849e-14	5.560315e-01	5.155882e-01	1.071620e+00	2.644448e-02	8.967595e-02	1.255504e-01	1.185145e-01	3.252811e-01	2.505246e-02	1.534414e-01	1.104880e+00	7.750823e-01	2.722377e-02	5.261493e-02	3.875508e+00	6.059721e-01	1.774142e-01	1.057478e+00	1.087131e-01	1.329271e+00	4.290521e-01	1.799170e-01	1.611656e-01	2.878952e-01	2.724284e-01	2.081556e-01	3.907698e-02	5.086383e-02	1.124281e+00	1.117721e+00	2.234168e-01	4.649824e+00	2.959028e-07	
5.754757e-01	3.114071e-14	5.557097e-01	5.156131e-01	1.072079e+00	2.645035e-02	8.970343e-02	1.255746e-01	1.186075e-01	3.252795e-01	2.504079e-02	1.534204e-01	1.105430e+00	7.750659e-01	2.721968e-02	5.260354e-02	3.875206e+00	6.062808e-01	1.774768e-01	1.057549e+00	1.086761e-01	1.328987e+00	4.291183e-01	1.797778e-01	1.612373e-01	2.879248e-01	2.728038e-01	2.082097e-01	3.908039e-02	5.085124e-02	1.124459e+00	1.117865e+00	2.226212e-01	4.649275e+00	1.764673e-07	
5.754758e-01	2.382598e-14	5.560460e-01	5.156073e-01	1.072173e+00	2.644333e-02	8.969789e-02	1.255758e-01	1.185249e-01	3.252809e-01	2.504744e-02	1.533963e-01	1.104698e+00	7.750313e-01	2.724012e-02	5.260977e-02	3.875394e+00	6.062190e-01	1.774782e-01	1.057483e+00	1.086827e-01	1.329364e+00	4.290215e-01	1.798174e-01	1.612126e-01	2.877824e-01	2.728632e-01	2.082005e-01	3.907692e-02	5.086799e-02	1.124187e+00	1.117989e+00	2.233880e-01	4.649278e+00	1.543567e-07	
5.754738e-01	1.465832e-13	5.558512e-01	5.155632e-01	1.071677e+00	2.644085e-02	8.968174e-02	1.255606e-01	1.184482e-01	3.252869e-01	2.503658e-02	1.532830e-01	1.105952e+00	7.750641e-01	2.722236e-02	5.259124e-02	3.874843e+00	6.061496e-01	1.773865e-01	1.057713e+00	1.087152e-01	1.328731e+00	4.295099e-01	1.796878e-01	1.611355e-01	2.882201e-01	2.720784e-01	2.082059e-01	3.908370e-02	5.083935e-02	1.124335e+00	1.117843e+00	2.228049e-01	4.649244e+00	3.828618e-07	
5.754743e-01	1.052140e-13	5.557729e-01	5.156091e-01	1.071966e+00	2.645307e-02	8.969470e-02	1.255754e-01	1.184972e-01	3.252839e-01	2.501639e-02	1.533438e-01	1.105613e+00	7.750725e-01	2.721974e-02	5.258038e-02	3.875268e+00	6.063548e-01	1.774783e-01	1.057728e+00	1.086733e-01	1.328763e+00	4.293856e-01	1.797926e-01	1.611681e-01	2.879886e-01	2.724887e-01	2.082330e-01	3.907632e-02	5.084425e-02	1.124414e+00	1.117972e+00	2.230713e-01	4.648325e+00	3.243670e-07	
5.754760e-01	2.565903e-14	5.558158e-01	5.156293e-01	1.072103e+00	2.645629e-02	8.968440e-02	1.255751e-01	1.185014e-01	3.252836e-01	2.500497e-02	1.533487e-01	1.105753e+00	7.750478e-01	2.722039e-02	5.257570e-02	3.875295e+00	6.061501e-01	1.774661e-01	1.057587e+00	1.086555e-01	1.328545e+00	4.293549e-01	1.798339e-01	1.611945e-01	2.880336e-01	2.722967e-01	2.082450e-01	3.907555e-02	5.085383e-02	1.124399e+00	1.117945e+00	2.234564e-01	4.647793e+00	1.601843e-07	
5.754750e-01	4.514629e-14	5.558926e-01	5.156083e-01	1.071766e+00	2.644515e-02	8.968547e-02	1.255802e-01	1.185429e-01	3.252819e-01	2.502583e-02	1.533220e-01	1.105684e+00	7.750530e-01	2.723007e-02	5.257460e-02	3.875058e+00	6.063186e-01	1.774322e-01	1.057525e+00	1.086738e-01	1.328611e+00	4.292545e-01	1.798283e-01	1.611566e-01	2.878323e-01	2.724444e-01	2.082413e-01	3.907825e-02	5.085243e-02	1.124360e+00	1.117946e+00	2.234017e-01	4.648553e+00	2.124766e-07	
5.754759e-01	2.920374e-14	5.559677e-01	5.155860e-01	1.071801e+00	2.643834e-02	8.968702e-02	1.255630e-01	1.184900e-01	3.252843e-01	2.503397e-02	1.533258e-01	1.105678e+00	7.750575e-01	2.722307e-02	5.259472e-02	3.875181e+00	6.062515e-01	1.773882e-01	1.057574e+00	1.086987e-01	1.328801e+00	4.293443e-01	1.797869e-01	1.611739e-01	2.880444e-01	2.721723e-01	2.082469e-01	3.908055e-02	5.085412e-02	1.124312e+00	1.117874e+00	2.229022e-01	4.648813e+00	1.708910e-07	
5.754754e-01	3.308560e-14	5.558811e-01	5.156455e-01	1.071927e+00	2.644395e-02	8.968839e-02	1.255854e-01	1.185918e-01	3.252827e-01	2.501131e-02	1.533433e-01	1.105678e+00	7.750445e-01	2.722855e-02	5.256372e-02	3.874979e+00	6.065963e-01	1.774350e-01	1.057326e+00	1.086432e-01	1.328396e+00	4.293297e-01	1.798468e-01	1.611978e-01	2.877226e-01	2.725475e-01	2.083245e-01	3.907708e-02	5.085131e-02	1.124383e+00	1.117932e+00	2.233644e-01	4.648596e+00	1.818945e-07	
5.754756e-01	4.185787e-14	5.560267e-01	5.156299e-01	1.072033e+00	2.644776e-02	8.968535e-02	1.255854e-01	1.186002e-01	3.252773e-01	2.503198e-02	1.533965e-01	1.104640e+00	7.750320e-01	2.723004e-02	5.258345e-02	3.875416e+00	6.062004e-01	1.774865e-01	1.057270e+00	1.086485e-01	1.329121e+00	4.289382e-01	1.799229e-01	1.611921e-01	2.875393e-01	2.726550e-01	2.082349e-01	3.907396e-02	5.086447e-02	1.124288e+00	1.117988e+00	2.239115e-01	4.648451e+00	2.045920e-07	
5.754735e-01	1.754919e-13	5.559153e-01	5.156245e-01	1.071863e+00	2.644805e-02	8.967903e-02	1.255759e-01	1.185898e-01	3.252824e-01	2.500787e-02	1.533490e-01	1.105949e+00	7.750427e-01	2.722945e-02	5.257041e-02	3.875175e+00	6.063058e-01	1.774058e-01	1.057415e+00	1.086785e-01	1.328697e+00	4.292754e-01	1.798365e-01	1.611670e-01	2.880034e-01	2.722109e-01	2.082391e-01	3.907799e-02	5.085722e-02	1.124380e+00	1.117864e+00	2.233651e-01	4.648518e+00	4.189176e-07	
5.754749e-01	5.808236e-14	5.558107e-01	5.156097e-01	1.072002e+00	2.645000e-02	8.968998e-02	1.255746e-01	1.185217e-01	3.252812e-01	2.502571e-02	1.533458e-01	1.105587e+00	7.750659e-01	2.721657e-02	5.258437e-02	3.874999e+00	6.063765e-01	1.774363e-01	1.057659e+00	1.086812e-01	1.328528e+00	4.294164e-01	1.797381e-01	1.611900e-01	2.880456e-01	2.723266e-01	2.082726e-01	3.907907e-02	5.084637e-02	1.124381e+00	1.117928e+00	2.230357e-01	4.648678e+00	2.410028e-07	
5.754770e-01	3.579030e-14	5.560161e-01	5.155736e-01	1.071939e+00	2.644413e-02	8.968898e-02	1.255626e-01	1.185770e-01	3.252833e-01	2.503079e-02	1.533984e-01	1.106088e+00	7.750720e-01	2.721380e-02	5.259159e-02	3.875367e+00	6.061760e-01	1.774046e-01	1.057547e+00	1.086815e-01	1.328755e+00	4.294000e-01	1.798958e-01	1.611890e-01	2.879374e-01	2.721255e-01	2.082086e-01	3.907885e-02	5.085671e-02	1.124378e+00	1.117860e+00	2.228560e-01	4.647912e+00	1.891832e-07	
5.754747e-01	6.117773e-14	5.557648e-01	5.156198e-01	1.071915e+00	2.644867e-02	8.968511e-02	1.255723e-01	1.185208e-01	3.252841e-01	2.501831e-02	1.533809e-01	1.105893e+00	7.750716e-01	2.722075e-02	5.257580e-02	3.875215e+00	6.063648e-01	1.774242e-01	1.057591e+00	1.086762e-01	1.328549e+00	4.294613e-01	1.798701e-01	1.612037e-01	2.880282e-01	2.724886e-01	2.082833e-01	3.907702e-02	5.084478e-02	1.124403e+00	1.117912e+00	2.230099e-01	4.648419e+00	2.473413e-07	
5.754767e-01	4.151813e-14	5.559192e-01	5.156165e-01	1.071601e+00	2.643778e-02	8.966382e-02	1.255679e-01	1.184930e-01	3.252890e-01	2.500550e-02	1.532782e-01	1.106325e+00	7.750547e-01	2.722472e-02	5.256311e-02	3.874882e+00	6.064452e-01	1.773417e-01	1.057500e+00	1.086905e-01	1.328199e+00	4.297706e-01	1.797769e-01	1.611415e-01	2.882161e-01	2.720829e-01	2.082752e-01	3.907898e-02	5.084516e-02	1.124367e+00	1.117857e+00	2.231719e-01	4.648897e+00	2.037600e-07	
5.754747e-01	7.362111e-14	5.559400e-01	5.156057e-01	1.071726e+00	2.644434e-02	8.967785e-02	1.255633e-01	1.185055e-01	3.252872e-01	2.502655e-02	1.533546e-01	1.105957e+00	7.750683e-01	2.722505e-02	5.259358e-02	3.875271e+00	6.062867e-01	1.773960e-01	1.057642e+00	1.087006e-01	1.328806e+00	4.293199e-01	1.797768e-01	1.611660e-01	2.879761e-01	2.724215e-01	2.082261e-01	3.907999e-02	5.085733e-02	1.124313e+00	1.117869e+00	2.229390e-01	4.648990e+00	2.713321e-07	
5.754743e-01	9.543273e-14	5.558332e-01	5.155881e-01	1.071655e+00	2.644287e-02	8.967959e-02	1.255600e-01	1.184667e-01	3.252875e-01	2.503039e-02	1.533307e-01	1.106217e+00	7.750717e-01	2.722704e-02	5.259180e-02	3.874956e+00	6.062834e-01	1.773732e-01	1.057695e+00	1.087159e-01	1.328700e+00	4.294137e-01	1.797063e-01	1.611664e-01	2.881600e-01	2.722464e-01	2.082224e-01	3.908266e-02	5.084689e-02	1.124341e+00	1.117844e+00	2.225970e-01	4.649556e+00	3.089219e-07	
5.754809e-01	0.000000e+00	5.559894e-01	5.155914e-01	1.071917e+00	2.644548e-02	8.968225e-02	1.255682e-01	1.185837e-01	3.252808e-01	2.502716e-02	1.533820e-01	1.105623e+00	7.750781e-01	2.721891e-02	5.259397e-02	3.875298e+00	6.060378e-01	1.774426e-01	1.057530e+00	1.086659e-01	1.328654e+00	4.292521e-01	1.798693e-01	1.612175e-01	2.878261e-01	2.722530e-01	2.082798e-01	3.907940e-02	5.085589e-02	1.124374e+00	1.117841e+00	2.233684e-01	4.648761e+00	-5.403523e-07	
5.754730e-01	2.920547e-13	5.557361e-01	5.156003e-01	1.071953e+00	2.644849e-02	8.968115e-02	1.255801e-01	1.186053e-01	3.252772e-01	2.503377e-02	1.533783e-01	1.105504e+00	7.750426e-01	2.722124e-02	5.257677e-02	3.874985e+00	6.063984e-01	1.774296e-01	1.057370e+00	1.086774e-01	1.328755e+00	4.292944e-01	1.798487e-01	1.611924e-01	2.879646e-01	2.723855e-01	2.082302e-01	3.908083e-02	5.084993e-02	1.124399e+00	1.117846e+00	2.231840e-01	4.649026e+00	5.404209e-07	
5.754745e-01	1.367954e-13	5.560284e-01	5.155895e-01	1.071883e+00	2.644386e-02	8.968415e-02	1.255638e-01	1.185304e-01	3.252855e-01	2.503437e-02	1.533448e-01	1.105983e+00	7.750711e-01	2.722131e-02	5.259199e-02	3.875036e+00	6.060347e-01	1.774019e-01	1.057579e+00	1.087033e-01	1.328899e+00	4.296132e-01	1.798052e-01	1.611686e-01	2.881736e-01	2.720802e-01	2.081999e-01	3.908073e-02	5.084619e-02	1.124345e+00	1.117798e+00	2.230650e-01	4.648714e+00	3.698586e-07	
5.754751e-01	5.847193e-14	5.557306e-01	5.156276e-01	1.072007e+00	2.645442e-02	8.968623e-02	1.255861e-01	1.185892e-01	3.252771e-01	2.502379e-02	1.533994e-01	1.105488e+00	7.750553e-01	2.721589e-02	5.257793e-02	3.875252e+00	6.063212e-01	1.774442e-01	1.057527e+00	1.086578e-01	1.328443e+00	4.291404e-01	1.798895e-01	1.612171e-01	2.878409e-01	2.724398e-01	2.082981e-01	3.907769e-02	5.085244e-02	1.124439e+00	1.117941e+00	2.232038e-01	4.648095e+00	2.418097e-07	
5.754725e-01	3.487362e-13	5.559738e-01	5.155975e-01	1.071588e+00	2.643904e-02	8.967353e-02	1.255639e-01	1.184529e-01	3.252875e-01	2.503604e-02	1.533380e-01	1.105698e+00	7.750608e-01	2.722098e-02	5.258161e-02	3.875147e+00	6.061779e-01	1.773878e-01	1.057597e+00	1.087002e-01	1.328806e+00	4.295454e-01	1.797947e-01	1.611845e-01	2.880964e-01	2.723011e-01	2.082392e-01	3.908015e-02	5.084639e-02	1.124334e+00	1.117828e+00	2.227510e-01	4.649487e+00	5.905389e-07	
5.754742e-01	3.274833e-13	5.558297e-01	5.156306e-01	1.071701e+00	2.645113e-02	8.967540e-02	1.255574e-01	1.184769e-01	3.252827e-01	2.503481e-02	1.534022e-01	1.105099e+00	7.750602e-01	2.721060e-02	5.260391e-02	3.875371e+00	6.059158e-01	1.773793e-01	1.057618e+00	1.087161e-01	1.328810e+00	4.293051e-01	1.799276e-01	1.611876e-01	2.880021e-01	2.723484e-01	2.082306e-01	3.907814e-02	5.085589e-02	1.124377e+00	1.117748e+00	2.236074e-01	4.648782e+00	5.722616e-07	
5.754750e-01	6.196031e-14	5.559381e-01	5.155983e-01	1.071909e+00	2.645309e-02	8.968213e-02	1.255830e-01	1.185347e-01	3.252774e-01	2.501997e-02	1.533548e-01	1.105327e+00	7.750519e-01	2.721911e-02	5.257937e-02	3.874914e+00	6.062959e-01	1.774418e-01	1.057516e+00	1.086498e-01	1.328483e+00	4.292912e-01	1.798250e-01	1.611625e-01	2.877974e-01	2.719445e-01	2.082571e-01	3.907643e-02	5.084915e-02	1.124352e+00	1.117996e+00	2.236430e-01	4.647801e+00	2.489183e-07	
5.754758e-01	2.353664e-13	5.557978e-01	5.156468e-01	1.071967e+00	2.645175e-02	8.968217e-02	1.255738e-01	1.185333e-01	3.252813e-01	2.501297e-02	1.533607e-01	1.105353e+00	7.750588e-01	2.721535e-02	5.258094e-02	3.875382e+00	6.062772e-01	1.774224e-01	1.057455e+00	1.086595e-01	1.328502e+00	4.291625e-01	1.798955e-01	1.611975e-01	2.878505e-01	2.723012e-01	2.082527e-01	3.907616e-02	5.085884e-02	1.124431e+00	1.117835e+00	2.234500e-01	4.648084e+00	4.851458e-07	
5.754729e-01	7.608782e-13	5.558646e-01	5.155661e-01	1.071812e+00	2.644019e-02	8.968382e-02	1.255648e-01	1.184878e-01	3.252866e-01	2.502972e-02	1.533289e-01	1.105917e+00	7.750652e-01	2.722283e-02	5.258988e-02	3.874909e+00	6.062355e-01	1.773927e-01	1.057616e+00	1.086971e-01	1.328601e+00	4.294326e-01	1.797362e-01	1.611948e-01	2.881915e-01	2.720387e-01	2.082560e-01	3.908421e-02	5.084741e-02	1.124337e+00	1.117852e+00	2.226124e-01	4.649075e+00	8.722833e-07	
