f	x(1)	x(2)	x(3)	x(4)	x(5)	x(6)	x(7)	x(8)	x(9)	x(10)	x(11)	x(12)	x(13)	x(14)	x(15)	x(16)	x(17)	x(18)	x(19)	x(20)	x(21)	x(22)	x(23)	x(24)	x(25)	x(26)	x(27)	x(28)	x(29)	x(30)	x(31)	x(32)	
4.385361e-03	4.219982e+00	3.078110e-01	3.487857e-03	4.385694e-05	1.610062e+01	2.110555e-02	6.922447e-02	3.263000e-01	4.209219e-05	4.609522e-05	1.637290e+00	8.084356e-01	3.460065e-03	1.043626e-02	3.550015e+00	4.860673e-01	4.158376e-05	1.066085e-04	4.263437e-02	4.427055e-01	1.193324e-01	1.525343e-01	2.982273e-01	4.737090e-01	9.855428e-01	1.249383e-04	3.765368e-02	3.089430e-05	4.180005e+01	4.291990e-02	1.761376e+01	5.899159e-01	
4.385847e-03	4.214426e+00	2.955417e-01	3.681741e-03	4.638718e-05	1.609770e+01	2.112248e-02	7.075923e-02	3.261959e-01	4.260920e-05	8.703981e-05	1.637368e+00	8.081280e-01	3.580026e-03	1.077966e-02	3.550781e+00	4.877530e-01	4.142153e-05	1.081013e-04	4.319710e-02	4.442981e-01	1.153782e-01	1.502722e-01	3.052650e-01	4.880450e-01	9.824362e-01	1.029180e-04	3.741610e-02	3.368539e-05	4.177784e+01	4.297021e-02	1.765238e+01	5.867393e-01	
4.386042e-03	4.197385e+00	3.280840e-01	4.389514e-03	5.511004e-05	1.605078e+01	2.123623e-02	6.838946e-02	3.262923e-01	3.961974e-05	7.915502e-05	1.635800e+00	8.079204e-01	3.515682e-03	1.054445e-02	3.544270e+00	4.864994e-01	4.918270e-05	1.236987e-04	4.115864e-02	4.268121e-01	1.237315e-01	1.722031e-01	3.215370e-01	5.257299e-01	9.649179e-01	1.698275e-04	3.795340e-02	3.860015e-05	4.165998e+01	4.319819e-02	1.742078e+01	6.077168e-01	
4.386237e-03	4.188704e+00	3.224745e-01	4.129719e-03	5.207768e-05	1.627180e+01	2.086210e-02	7.077467e-02	3.262850e-01	4.042883e-05	5.935258e-05	1.641444e+00	8.078930e-01	3.990481e-03	1.195239e-02	3.550717e+00	4.880648e-01	4.432828e-05	1.152926e-04	4.281620e-02	4.408304e-01	1.211294e-01	1.615133e-01	3.171278e-01	5.040882e-01	9.921764e-01	6.238408e-05	3.756516e-02	2.536595e-05	4.225345e+01	4.235561e-02	1.742242e+01	6.041210e-01	
4.386426e-03	4.123448e+00	3.389604e-01	4.202610e-03	5.302419e-05	1.622610e+01	2.101556e-02	7.008656e-02	3.263162e-01	4.270032e-05	1.616665e-04	1.633896e+00	8.077798e-01	4.681252e-03	1.408794e-02	3.577756e+00	4.969323e-01	3.913262e-05	1.003600e-04	4.215654e-02	4.370942e-01	1.295112e-01	1.531630e-01	3.167831e-01	5.089538e-01	9.932022e-01	9.315797e-05	3.738544e-02	2.072929e-05	4.206215e+01	4.274472e-02	1.681139e+01	6.480308e-01	
4.386613e-03	4.265698e+00	3.282723e-01	3.875742e-03	4.866987e-05	1.616343e+01	2.102800e-02	6.868576e-02	3.263475e-01	4.331674e-05	5.267828e-05	1.638815e+00	8.086142e-01	3.350218e-03	1.007152e-02	3.538021e+00	4.826832e-01	4.036568e-05	1.025824e-04	4.197160e-02	4.341015e-01	1.263052e-01	1.729363e-01	3.136030e-01	4.980999e-01	1.000277e+00	7.159415e-05	3.744425e-02	2.744146e-05	4.205165e+01	4.262594e-02	1.710754e+01	6.301028e-01	
4.386652e-03	4.320453e+00	3.241183e-01	3.986013e-03	5.003341e-05	1.614765e+01	2.101240e-02	6.967509e-02	3.262661e-01	4.143441e-05	1.180077e-04	1.640365e+00	8.081123e-01	3.726770e-03	1.119190e-02	3.547412e+00	4.861744e-01	4.914453e-05	1.213488e-04	4.081387e-02	4.266466e-01	1.198294e-01	1.618940e-01	3.140880e-01	5.020845e-01	9.771797e-01	1.313364e-04	3.815103e-02	3.114147e-05	4.172178e+01	4.301702e-02	1.781403e+01	5.743026e-01	
4.387290e-03	4.200552e+00	2.814832e-01	4.456151e-03	5.571157e-05	1.618639e+01	2.101119e-02	6.692916e-02	3.263392e-01	3.926752e-05	7.770112e-05	1.634261e+00	8.084801e-01	3.769112e-03	1.136539e-02	3.547931e+00	4.859919e-01	4.339097e-05	1.078377e-04	4.162968e-02	4.404846e-01	1.172188e-01	1.599853e-01	3.139088e-01	5.005886e-01	9.786309e-01	1.670349e-04	3.778669e-02	3.641369e-05	4.206935e+01	4.264699e-02	1.803594e+01	5.674100e-01	
4.387427e-03	4.174863e+00	3.058852e-01	3.591647e-03	4.497605e-05	1.608345e+01	2.118357e-02	6.836085e-02	3.263434e-01	4.468429e-05	7.424532e-05	1.637833e+00	8.081439e-01	3.573243e-03	1.064818e-02	3.537759e+00	4.840489e-01	4.389142e-05	1.119209e-04	4.211257e-02	4.366900e-01	1.233020e-01	1.630289e-01	2.973971e-01	4.687443e-01	9.782511e-01	1.085667e-04	3.741705e-02	2.576038e-05	4.159749e+01	4.330436e-02	1.766026e+01	5.967412e-01	
4.387477e-03	4.251278e+00	3.280296e-01	4.092353e-03	5.151890e-05	1.611481e+01	2.109915e-02	6.814688e-02	3.263014e-01	4.411802e-05	6.171225e-05	1.635797e+00	8.079892e-01	3.759849e-03	1.134456e-02	3.534492e+00	4.839922e-01	4.294420e-05	1.090388e-04	4.247051e-02	4.388616e-01	1.234100e-01	1.618001e-01	3.150757e-01	5.073156e-01	9.694255e-01	1.140489e-04	3.795205e-02	2.930212e-05	4.175830e+01	4.303000e-02	1.732876e+01	6.120742e-01	
4.387548e-03	4.208245e+00	3.129563e-01	3.710851e-03	4.666727e-05	1.626929e+01	2.084612e-02	6.939098e-02	3.263008e-01	4.259215e-05	4.039703e-05	1.638126e+00	8.076305e-01	3.774171e-03	1.119944e-02	3.558639e+00	4.895343e-01	5.021592e-05	1.339808e-04	4.352244e-02	4.417144e-01	1.245280e-01	1.702862e-01	3.012346e-01	4.791586e-01	1.005050e+00	1.020486e-04	3.737022e-02	5.796707e-05	4.223957e+01	4.231996e-02	1.760053e+01	5.929887e-01	
4.387587e-03	4.290240e+00	3.636848e-01	4.031854e-03	5.071767e-05	1.616690e+01	2.105156e-02	6.667851e-02	3.263921e-01	4.309365e-05	9.139857e-05	1.641050e+00	8.086337e-01	3.844321e-03	1.155568e-02	3.556736e+00	4.886515e-01	5.492864e-05	1.374551e-04	4.206279e-02	4.426291e-01	1.102055e-01	1.515730e-01	3.229297e-01	5.119440e-01	9.952736e-01	7.945902e-05	3.767004e-02	3.180697e-05	4.195169e+01	4.278558e-02	1.740812e+01	6.066564e-01	
4.387672e-03	4.235179e+00	2.855360e-01	4.450984e-03	5.594475e-05	1.603787e+01	2.120722e-02	7.038158e-02	3.262288e-01	4.159181e-05	1.472695e-04	1.638018e+00	8.078239e-01	4.157890e-03	1.248090e-02	3.538029e+00	4.823255e-01	4.467776e-05	1.144630e-04	4.167775e-02	4.312306e-01	1.166851e-01	1.538858e-01	3.293230e-01	5.318468e-01	9.599539e-01	1.438547e-04	3.808200e-02	4.577283e-05	4.155940e+01	4.326223e-02	1.815664e+01	5.535230e-01	
4.387678e-03	4.244487e+00	3.624837e-01	4.107742e-03	5.167800e-05	1.621336e+01	2.100664e-02	7.003571e-02	3.262994e-01	4.073833e-05	1.001763e-04	1.634249e+00	8.081608e-01	4.712578e-03	1.425388e-02	3.565523e+00	4.898965e-01	5.029164e-05	1.268047e-04	4.110642e-02	4.298379e-01	1.262943e-01	1.792348e-01	3.190250e-01	5.088555e-01	9.950686e-01	1.169550e-04	3.772205e-02	3.582182e-05	4.203425e+01	4.274357e-02	1.738716e+01	6.082263e-01	
4.387730e-03	4.311829e+00	3.308816e-01	4.121622e-03	5.190152e-05	1.603107e+01	2.119772e-02	6.686292e-02	3.262993e-01	4.095650e-05	9.866266e-05	1.640378e+00	8.085504e-01	3.449715e-03	1.040780e-02	3.570909e+00	4.933816e-01	4.073102e-05	1.013589e-04	4.187732e-02	4.422510e-01	1.172874e-01	1.451866e-01	3.174172e-01	5.168778e-01	9.733140e-01	1.891651e-04	3.785326e-02	2.485623e-05	4.165703e+01	4.309323e-02	1.796912e+01	5.625049e-01	
4.387774e-03	4.302601e+00	3.231740e-01	4.230445e-03	5.339876e-05	1.619422e+01	2.104069e-02	6.589390e-02	3.263126e-01	3.968306e-05	9.017728e-05	1.636307e+00	8.082100e-01	3.348311e-03	1.000735e-02	3.556337e+00	4.893972e-01	4.737676e-05	1.152509e-04	4.065380e-02	4.310903e-01	1.325520e-01	1.792613e-01	3.143954e-01	5.129167e-01	9.683089e-01	1.533023e-04	3.807034e-02	3.733465e-05	4.193673e+01	4.290512e-02	1.728998e+01	6.126771e-01	
4.387946e-03	4.239235e+00	3.440423e-01	4.061208e-03	5.079454e-05	1.615953e+01	2.104952e-02	6.837433e-02	3.263276e-01	4.227030e-05	8.200056e-05	1.638329e+00	8.080093e-01	3.793149e-03	1.128928e-02	3.586634e+00	4.990741e-01	4.870655e-05	1.232812e-04	4.131246e-02	4.296695e-01	1.194983e-01	1.568329e-01	3.261346e-01	5.288789e-01	9.842051e-01	8.599157e-05	3.773799e-02	3.305136e-05	4.204745e+01	4.265012e-02	1.819482e+01	5.579779e-01	
4.387962e-03	4.206056e+00	3.345663e-01	3.916109e-03	4.924355e-05	1.629455e+01	2.088194e-02	7.355964e-02	3.262287e-01	4.476040e-05	5.951394e-05	1.634468e+00	8.080805e-01	4.546876e-03	1.380211e-02	3.556815e+00	4.884511e-01	3.924739e-05	1.020787e-04	4.215840e-02	4.302467e-01	1.288884e-01	1.709422e-01	3.110152e-01	4.968598e-01	1.003476e+00	6.351565e-05	3.721436e-02	1.984098e-05	4.237971e+01	4.228124e-02	1.762509e+01	5.881977e-01	
4.388067e-03	4.240113e+00	3.419811e-01	4.343894e-03	5.456289e-05	1.608984e+01	2.119050e-02	6.939017e-02	3.263024e-01	3.955221e-05	6.908677e-05	1.637826e+00	8.086358e-01	3.448466e-03	1.033731e-02	3.528065e+00	4.818714e-01	4.616269e-05	1.177907e-04	4.288225e-02	4.457390e-01	1.135469e-01	1.706281e-01	3.209809e-01	5.131489e-01	9.871402e-01	9.110218e-05	3.764387e-02	2.648785e-05	4.180514e+01	4.307220e-02	1.757772e+01	5.916197e-01	
4.388191e-03	4.217902e+00	3.498659e-01	3.790575e-03	4.757779e-05	1.620244e+01	2.092559e-02	7.115670e-02	3.262629e-01	4.236141e-05	1.162342e-04	1.642289e+00	8.074358e-01	3.923427e-03	1.158630e-02	3.558650e+00	4.895444e-01	4.760526e-05	1.215161e-04	4.211914e-02	4.374717e-01	1.118201e-01	1.390938e-01	3.153368e-01	5.004477e-01	9.607814e-01	1.528275e-04	3.788877e-02	3.460246e-05	4.189968e+01	4.276968e-02	1.754838e+01	5.976218e-01	
4.388207e-03	4.192639e+00	3.182159e-01	4.419252e-03	5.552836e-05	1.615023e+01	2.106765e-02	6.833797e-02	3.263339e-01	4.079227e-05	6.643568e-05	1.636210e+00	8.078941e-01	3.448164e-03	1.025111e-02	3.567542e+00	4.916762e-01	4.305268e-05	1.112892e-04	4.283238e-02	4.406081e-01	1.139970e-01	1.567855e-01	3.170888e-01	5.083008e-01	9.880503e-01	1.309549e-04	3.745103e-02	3.732616e-05	4.192282e+01	4.281076e-02	1.759452e+01	5.899287e-01	
4.388406e-03	4.178268e+00	3.061409e-01	4.037134e-03	5.074963e-05	1.612251e+01	2.111281e-02	6.901364e-02	3.263090e-01	4.169033e-05	1.598944e-04	1.637985e+00	8.079803e-01	3.427059e-03	1.012072e-02	3.542976e+00	4.835813e-01	4.612120e-05	1.202989e-04	4.251078e-02	4.393571e-01	1.140858e-01	1.531300e-01	3.188539e-01	5.080821e-01	9.979260e-01	1.586557e-04	3.732922e-02	4.184224e-05	4.167942e+01	4.316069e-02	1.750857e+01	6.016254e-01	
4.388443e-03	4.088005e+00	3.140574e-01	4.105037e-03	5.162629e-05	1.613677e+01	2.114644e-02	6.756491e-02	3.263574e-01	3.808140e-05	6.210594e-05	1.634376e+00	8.079703e-01	3.738170e-03	1.115896e-02	3.551998e+00	4.876854e-01	4.407684e-05	1.128830e-04	4.216322e-02	4.381048e-01	1.155040e-01	1.575463e-01	3.158177e-01	4.954231e-01	9.886645e-01	9.977410e-05	3.705452e-02	3.342280e-05	4.180967e+01	4.307666e-02	1.728560e+01	6.137203e-01	
4.388449e-03	4.284438e+00	3.269669e-01	3.589618e-03	4.513390e-05	1.617493e+01	2.098524e-02	6.777512e-02	3.263407e-01	4.324168e-05	1.028962e-04	1.638978e+00	8.079205e-01	3.958677e-03	1.184003e-02	3.528296e+00	4.788751e-01	5.586587e-05	1.368316e-04	4.063934e-02	4.275448e-01	1.092368e-01	1.478940e-01	3.095538e-01	4.831235e-01	9.610521e-01	1.349639e-04	3.791387e-02	4.323704e-05	4.191549e+01	4.276293e-02	1.796673e+01	5.653878e-01	
4.388473e-03	4.297162e+00	3.168321e-01	3.981920e-03	4.989878e-05	1.617318e+01	2.099231e-02	7.190727e-02	3.262220e-01	4.274531e-05	6.656602e-05	1.635162e+00	8.081219e-01	4.149328e-03	1.248192e-02	3.538715e+00	4.838086e-01	3.944785e-05	9.915936e-05	4.153895e-02	4.325329e-01	1.345961e-01	1.912457e-01	3.133101e-01	5.021958e-01	9.809145e-01	1.127429e-04	3.794008e-02	2.665395e-05	4.192506e+01	4.275261e-02	1.790901e+01	5.784007e-01	
4.388485e-03	4.219553e+00	3.263442e-01	4.050468e-03	5.091814e-05	1.623522e+01	2.093095e-02	6.980440e-02	3.262613e-01	4.087494e-05	1.388467e-04	1.640266e+00	8.084418e-01	4.504090e-03	1.382633e-02	3.569769e+00	4.931853e-01	5.115278e-05	1.251246e-04	4.128456e-02	4.373513e-01	1.101060e-01	1.528489e-01	3.166881e-01	5.103964e-01	9.873990e-01	7.640737e-05	3.766430e-02	3.103117e-05	4.195017e+01	4.277025e-02	1.793779e+01	5.673740e-01	
4.388631e-03	4.257891e+00	3.206961e-01	4.016863e-03	5.060860e-05	1.612451e+01	2.115768e-02	6.896685e-02	3.262925e-01	3.784527e-05	9.026747e-05	1.637739e+00	8.083683e-01	4.013215e-03	1.209055e-02	3.560939e+00	4.918407e-01	4.431040e-05	1.084738e-04	4.133443e-02	4.399523e-01	1.155409e-01	1.543522e-01	3.028293e-01	4.743511e-01	9.927935e-01	1.839650e-04	3.760631e-02	4.748652e-05	4.174058e+01	4.318505e-02	1.747839e+01	6.048750e-01	
4.388656e-03	4.287963e+00	3.305657e-01	4.207416e-03	5.263380e-05	1.602275e+01	2.125873e-02	6.795449e-02	3.263301e-01	4.256105e-05	5.009296e-05	1.640434e+00	8.084557e-01	3.471952e-03	1.035506e-02	3.561310e+00	4.926491e-01	3.672306e-05	9.091068e-05	4.145137e-02	4.369058e-01	1.219111e-01	1.591408e-01	3.144171e-01	5.069849e-01	9.767357e-01	1.191807e-04	3.789325e-02	3.175186e-05	4.169457e+01	4.311903e-02	1.742470e+01	6.050209e-01	
4.388664e-03	4.276940e+00	3.324832e-01	4.539596e-03	5.692160e-05	1.625330e+01	2.088467e-02	7.082921e-02	3.262477e-01	4.531413e-05	7.032921e-05	1.638353e+00	8.081406e-01	4.073581e-03	1.235369e-02	3.544831e+00	4.847098e-01	4.422484e-05	1.114957e-04	4.151277e-02	4.290583e-01	1.327925e-01	1.997849e-01	3.291310e-01	5.345112e-01	9.733237e-01	6.812800e-05	3.804073e-02	2.281925e-05	4.209584e+01	4.255152e-02	1.803350e+01	5.667270e-01	
4.388681e-03	4.118414e+00	3.205502e-01	4.252582e-03	5.332469e-05	1.611631e+01	2.116874e-02	6.908878e-02	3.263526e-01	4.044983e-05	4.864605e-05	1.636213e+00	8.078736e-01	3.642350e-03	1.073913e-02	3.554683e+00	4.900218e-01	4.232694e-05	1.078036e-04	4.120000e-02	4.267753e-01	1.253026e-01	1.747275e-01	3.037681e-01	4.782562e-01	9.778791e-01	1.927894e-04	3.747351e-02	3.131573e-05	4.175231e+01	4.316059e-02	1.784100e+01	5.798898e-01	
4.388709e-03	4.249414e+00	3.207003e-01	3.594829e-03	4.526354e-05	1.625716e+01	2.088234e-02	6.874317e-02	3.263001e-01	4.017675e-05	7.726521e-05	1.636440e+00	8.080530e-01	3.909215e-03	1.182279e-02	3.557298e+00	4.885909e-01	4.974815e-05	1.265602e-04	4.213539e-02	4.361031e-01	1.215688e-01	1.410868e-01	3.120108e-01	5.006178e-01	9.758033e-01	9.320278e-05	3.776636e-02	3.785034e-05	4.213518e+01	4.251192e-02	1.766687e+01	5.871346e-01	
4.388762e-03	4.296661e+00	3.109029e-01	3.882611e-03	4.897516e-05	1.621445e+01	2.094542e-02	6.994636e-02	3.262581e-01	4.023747e-05	7.051306e-05	1.638651e+00	8.074991e-01	3.939235e-03	1.163554e-02	3.568046e+00	4.930199e-01	4.046044e-05	1.081479e-04	4.411652e-02	4.497580e-01	1.288549e-01	1.493636e-01	2.987650e-01	4.763542e-01	9.820423e-01	1.710402e-04	3.780111e-02	3.983774e-05	4.176532e+01	4.298160e-02	1.744732e+01	5.975152e-01	
4.388843e-03	4.256356e+00	3.216055e-01	4.110924e-03	5.156198e-05	1.610743e+01	2.110285e-02	6.844434e-02	3.262861e-01	3.887411e-05	7.942066e-05	1.636545e+00	8.079080e-01	4.027515e-03	1.202583e-02	3.543752e+00	4.858367e-01	4.758103e-05	1.229880e-04	4.314164e-02	4.460591e-01	1.200219e-01	1.656831e-01	3.066738e-01	4.978130e-01	9.752141e-01	2.329552e-04	3.787851e-02	4.036800e-05	4.177952e+01	4.296556e-02	1.812070e+01	5.592883e-01	
4.388850e-03	4.245577e+00	2.920187e-01	4.447081e-03	5.547508e-05	1.608088e+01	2.110984e-02	6.900464e-02	3.262647e-01	4.493993e-05	4.073850e-05	1.639791e+00	8.079176e-01	3.590885e-03	1.071918e-02	3.541887e+00	4.861416e-01	4.048963e-05	1.050850e-04	4.255852e-02	4.370942e-01	1.243725e-01	1.722966e-01	3.215356e-01	5.122715e-01	9.592296e-01	1.440782e-04	3.786202e-02	3.004198e-05	4.179735e+01	4.287194e-02	1.778552e+01	5.858748e-01	
4.388897e-03	4.321008e+00	3.288135e-01	3.575464e-03	4.468095e-05	1.617277e+01	2.094813e-02	6.859759e-02	3.262905e-01	4.207659e-05	6.300557e-05	1.639565e+00	8.084352e-01	3.915046e-03	1.176005e-02	3.549015e+00	4.890458e-01	4.282188e-05	1.100807e-04	4.260439e-02	4.422729e-01	1.227936e-01	1.408136e-01	3.118287e-01	5.052166e-01	9.761804e-01	8.996587e-05	3.794678e-02	3.123272e-05	4.203039e+01	4.251665e-02	1.785366e+01	5.840544e-01	
4.388917e-03	4.258728e+00	3.255118e-01	3.974331e-03	4.993279e-05	1.614447e+01	2.109037e-02	6.789342e-02	3.263294e-01	3.953636e-05	8.097311e-05	1.631124e+00	8.084199e-01	3.531478e-03	1.045075e-02	3.566076e+00	4.918805e-01	4.068000e-05	1.036341e-04	4.243998e-02	4.444317e-01	1.230650e-01	1.779072e-01	3.342068e-01	5.359641e-01	9.964720e-01	7.527643e-05	3.764927e-02	3.089891e-05	4.197770e+01	4.278858e-02	1.769397e+01	5.877214e-01	
4.388930e-03	4.222706e+00	3.431877e-01	3.609988e-03	4.534686e-05	1.635628e+01	2.074147e-02	6.989029e-02	3.262718e-01	4.300354e-05	4.356628e-05	1.637220e+00	8.078957e-01	4.526299e-03	1.364119e-02	3.541285e+00	4.853276e-01	5.599942e-05	1.423971e-04	4.158291e-02	4.333503e-01	1.363814e-01	1.706845e-01	3.009957e-01	4.829588e-01	9.572480e-01	1.016339e-04	3.815476e-02	3.390274e-05	4.226200e+01	4.236248e-02	1.747074e+01	5.969025e-01	
4.388938e-03	4.208021e+00	3.124164e-01	4.164492e-03	5.236812e-05	1.609223e+01	2.111609e-02	6.870869e-02	3.263063e-01	3.905002e-05	6.165323e-05	1.636791e+00	8.084227e-01	3.835912e-03	1.149273e-02	3.580063e+00	4.956729e-01	4.440698e-05	1.123760e-04	4.162258e-02	4.382677e-01	1.293145e-01	1.642082e-01	3.156863e-01	5.012813e-01	9.809629e-01	2.144842e-04	3.767312e-02	3.286125e-05	4.178371e+01	4.294507e-02	1.767501e+01	5.813856e-01	
4.389004e-03	4.146904e+00	3.257697e-01	4.357068e-03	5.499784e-05	1.613853e+01	2.111165e-02	7.046035e-02	3.263104e-01	4.058513e-05	1.630640e-04	1.638333e+00	8.089527e-01	3.982938e-03	1.222520e-02	3.545063e+00	4.854259e-01	4.541747e-05	1.147520e-04	4.198955e-02	4.368885e-01	1.079133e-01	1.437233e-01	3.249624e-01	5.211054e-01	1.021276e+00	7.162100e-05	3.724263e-02	2.741662e-05	4.196250e+01	4.278686e-02	1.737126e+01	6.068030e-01	
4.389092e-03	4.273449e+00	3.541902e-01	3.742318e-03	4.686422e-05	1.617676e+01	2.102499e-02	7.247305e-02	3.262548e-01	4.095877e-05	5.688529e-05	1.633415e+00	8.079830e-01	4.412113e-03	1.321882e-02	3.553383e+00	4.882004e-01	4.419840e-05	1.113966e-04	4.140093e-02	4.283209e-01	1.315705e-01	1.833938e-01	3.047559e-01	4.794314e-01	9.912385e-01	1.387981e-04	3.733952e-02	2.619934e-05	4.180458e+01	4.300124e-02	1.770366e+01	5.941871e-01	
4.389100e-03	4.317744e+00	3.602226e-01	3.792769e-03	4.780269e-05	1.632579e+01	2.079690e-02	6.716185e-02	3.263411e-01	4.067932e-05	7.705209e-05	1.640113e+00	8.085659e-01	3.570403e-03	1.080404e-02	3.548540e+00	4.878880e-01	4.883238e-05	1.211075e-04	4.084087e-02	4.293486e-01	1.179337e-01	1.380380e-01	3.303137e-01	5.285372e-01	9.560586e-01	1.191980e-04	3.840616e-02	2.586277e-05	4.246594e+01	4.207973e-02	1.717410e+01	6.186709e-01	
4.389127e-03	4.254478e+00	3.172840e-01	3.980536e-03	4.956460e-05	1.613359e+01	2.101846e-02	6.882001e-02	3.262501e-01	4.032429e-05	1.855066e-04	1.634912e+00	8.078590e-01	4.485627e-03	1.360718e-02	3.541730e+00	4.844763e-01	4.907482e-05	1.199336e-04	4.097416e-02	4.346706e-01	1.119580e-01	1.397944e-01	3.262398e-01	5.259496e-01	9.710313e-01	1.633214e-04	3.777150e-02	2.968024e-05	4.182953e+01	4.281741e-02	1.858438e+01	5.374540e-01	
4.389227e-03	4.178814e+00	3.186742e-01	4.572405e-03	5.756500e-05	1.612794e+01	2.111537e-02	6.564077e-02	3.263842e-01	3.830071e-05	1.342274e-04	1.639717e+00	8.080098e-01	3.619067e-03	1.088258e-02	3.581681e+00	4.975077e-01	4.938786e-05	1.244576e-04	4.265818e-02	4.484411e-01	1.179225e-01	1.543758e-01	3.185741e-01	5.080602e-01	9.859598e-01	1.254193e-04	3.788820e-02	3.473205e-05	4.175657e+01	4.307358e-02	1.740513e+01	5.987314e-01	
4.389320e-03	4.257013e+00	3.396853e-01	4.138931e-03	5.233101e-05	1.617590e+01	2.099486e-02	7.004952e-02	3.262493e-01	4.155187e-05	5.411563e-05	1.634164e+00	8.079170e-01	4.063348e-03	1.218674e-02	3.554036e+00	4.886991e-01	4.429893e-05	1.134623e-04	4.222254e-02	4.342115e-01	1.300772e-01	1.707564e-01	3.165897e-01	5.139237e-01	9.724864e-01	1.162957e-04	3.785340e-02	3.447040e-05	4.193213e+01	4.279784e-02	1.690522e+01	6.442486e-01	
4.389327e-03	4.200808e+00	3.107799e-01	4.310712e-03	5.435166e-05	1.604022e+01	2.124556e-02	6.919078e-02	3.262469e-01	4.130396e-05	1.259571e-04	1.636392e+00	8.079084e-01	3.753172e-03	1.124575e-02	3.553559e+00	4.873223e-01	3.756738e-05	9.494961e-05	4.192019e-02	4.367206e-01	1.112551e-01	1.616014e-01	3.251727e-01	5.172611e-01	9.700584e-01	1.423174e-04	3.744798e-02	3.041738e-05	4.172779e+01	4.310246e-02	1.822510e+01	5.465547e-01	
4.389414e-03	4.245911e+00	3.029558e-01	4.421687e-03	5.547880e-05	1.618140e+01	2.097338e-02	6.758904e-02	3.263238e-01	3.840135e-05	1.287628e-04	1.634732e+00	8.071801e-01	3.575206e-03	1.043663e-02	3.540987e+00	4.829882e-01	4.566681e-05	1.204403e-04	4.358909e-02	4.461346e-01	1.082941e-01	1.437065e-01	3.228861e-01	5.128255e-01	9.739966e-01	2.283360e-04	3.782539e-02	4.394156e-05	4.186573e+01	4.282142e-02	1.801474e+01	5.715879e-01	
4.389418e-03	4.324133e+00	3.609753e-01	3.735980e-03	4.690983e-05	1.616183e+01	2.105815e-02	7.157934e-02	3.262424e-01	4.225268e-05	5.020428e-05	1.641494e+00	8.087829e-01	3.539998e-03	1.081138e-02	3.567533e+00	4.904584e-01	3.778598e-05	9.570276e-05	4.268574e-02	4.445728e-01	1.251721e-01	1.586093e-01	3.110678e-01	5.043918e-01	9.953612e-01	1.293797e-04	3.799975e-02	2.350636e-05	4.209785e+01	4.258848e-02	1.746804e+01	5.976868e-01	
4.389470e-03	4.265583e+00	3.219222e-01	3.842652e-03	4.810229e-05	1.632581e+01	2.079895e-02	6.888060e-02	3.262728e-01	4.158559e-05	9.666865e-05	1.634604e+00	8.082151e-01	3.595075e-03	1.072531e-02	3.558678e+00	4.907669e-01	3.698112e-05	9.599550e-05	4.310150e-02	4.441486e-01	1.203251e-01	1.550272e-01	3.078299e-01	5.011609e-01	9.892931e-01	6.440695e-05	3.766376e-02	2.669289e-05	4.235857e+01	4.226747e-02	1.737733e+01	6.134281e-01	
4.389495e-03	4.196535e+00	3.255846e-01	4.162124e-03	5.242146e-05	1.613836e+01	2.102644e-02	7.029260e-02	3.262606e-01	4.179689e-05	1.685864e-04	1.635043e+00	8.078186e-01	4.560843e-03	1.377852e-02	3.559633e+00	4.901070e-01	4.472917e-05	1.125850e-04	4.131087e-02	4.304210e-01	1.197227e-01	1.435958e-01	3.156237e-01	5.083580e-01	9.552340e-01	1.534664e-04	3.780200e-02	3.046801e-05	4.162090e+01	4.311313e-02	1.788511e+01	5.668810e-01	
4.389506e-03	4.226945e+00	3.339134e-01	4.832101e-03	6.059473e-05	1.623592e+01	2.093150e-02	6.925288e-02	3.262948e-01	3.847465e-05	7.292130e-05	1.638445e+00	8.075968e-01	3.553389e-03	1.059662e-02	3.563421e+00	4.906318e-01	3.334224e-05	8.233425e-05	4.193293e-02	4.394290e-01	1.200106e-01	1.670671e-01	3.131290e-01	4.992443e-01	9.906049e-01	1.397591e-04	3.739658e-02	2.085887e-05	4.201913e+01	4.268962e-02	1.711068e+01	6.384822e-01	
4.389518e-03	4.231907e+00	3.259435e-01	4.228056e-03	5.296157e-05	1.619429e+01	2.093983e-02	7.105723e-02	3.262502e-01	4.402114e-05	7.802119e-05	1.640469e+00	8.084458e-01	4.191891e-03	1.278591e-02	3.565451e+00	4.935851e-01	4.239926e-05	1.063401e-04	4.130103e-02	4.316785e-01	1.236142e-01	1.604354e-01	3.185237e-01	5.033159e-01	9.868047e-01	9.930408e-05	3.780390e-02	2.018168e-05	4.192209e+01	4.274930e-02	1.778256e+01	5.907042e-01	
4.389534e-03	4.250731e+00	3.281185e-01	4.130010e-03	5.245504e-05	1.618671e+01	2.093300e-02	6.878622e-02	3.262831e-01	4.093523e-05	1.130466e-04	1.634528e+00	8.073742e-01	4.053453e-03	1.198338e-02	3.551695e+00	4.872728e-01	4.341297e-05	1.142966e-04	4.223733e-02	4.297343e-01	1.210429e-01	1.534021e-01	3.132068e-01	4.998814e-01	9.577907e-01	1.717619e-04	3.779890e-02	2.729248e-05	4.190144e+01	4.271660e-02	1.760449e+01	5.794545e-01	
4.389618e-03	4.201465e+00	3.027640e-01	4.030282e-03	5.068244e-05	1.604042e+01	2.123799e-02	6.956757e-02	3.263102e-01	3.783692e-05	5.718737e-05	1.638577e+00	8.087317e-01	3.849498e-03	1.170961e-02	3.560664e+00	4.888423e-01	4.656240e-05	1.111217e-04	4.043415e-02	4.338770e-01	1.202885e-01	1.650835e-01	3.174333e-01	4.990318e-01	9.846683e-01	1.978766e-04	3.753088e-02	4.793985e-05	4.163165e+01	4.324171e-02	1.784356e+01	5.714558e-01	
4.389626e-03	4.214835e+00	3.462329e-01	4.086000e-03	5.122227e-05	1.617982e+01	2.097412e-02	6.681672e-02	3.263488e-01	3.841221e-05	1.009368e-04	1.631364e+00	8.077151e-01	3.582660e-03	1.056287e-02	3.550781e+00	4.871278e-01	4.606698e-05	1.151112e-04	4.238773e-02	4.463387e-01	1.099209e-01	1.584140e-01	3.280805e-01	5.211726e-01	9.484232e-01	2.749475e-04	3.805865e-02	3.783573e-05	4.187436e+01	4.282849e-02	1.793778e+01	5.727967e-01	
4.389634e-03	4.269795e+00	3.272314e-01	4.384175e-03	5.493674e-05	1.610677e+01	2.110170e-02	6.841487e-02	3.263021e-01	4.078673e-05	7.379181e-05	1.633573e+00	8.082970e-01	3.498940e-03	1.051441e-02	3.569450e+00	4.938740e-01	3.794103e-05	9.558569e-05	4.163737e-02	4.323847e-01	1.275602e-01	1.752644e-01	3.294819e-01	5.295027e-01	9.888979e-01	1.248752e-04	3.768674e-02	2.465370e-05	4.182984e+01	4.287543e-02	1.763642e+01	6.021207e-01	
4.389663e-03	4.243980e+00	3.377428e-01	3.938917e-03	4.974107e-05	1.610211e+01	2.109102e-02	7.072299e-02	3.262341e-01	4.042658e-05	1.032412e-04	1.639930e+00	8.080315e-01	3.973986e-03	1.190831e-02	3.562057e+00	4.925540e-01	4.351669e-05	1.078662e-04	4.081352e-02	4.262671e-01	1.162247e-01	1.445027e-01	3.137120e-01	5.072095e-01	9.754941e-01	1.432061e-04	3.771170e-02	2.986767e-05	4.161120e+01	4.318531e-02	1.772877e+01	5.775525e-01	
4.389698e-03	4.310656e+00	3.098295e-01	4.410304e-03	5.533952e-05	1.628172e+01	2.079286e-02	6.611489e-02	3.262921e-01	3.588929e-05	7.201881e-05	1.640702e+00	8.081567e-01	3.304074e-03	9.869077e-03	3.546913e+00	4.872401e-01	4.842929e-05	1.236745e-04	4.360097e-02	4.570737e-01	1.085870e-01	1.471960e-01	3.155046e-01	5.077646e-01	9.595278e-01	2.554045e-04	3.832986e-02	4.750321e-05	4.215738e+01	4.239470e-02	1.781068e+01	5.787745e-01	
4.389707e-03	4.238774e+00	3.474432e-01	3.617097e-03	4.561730e-05	1.622846e+01	2.089765e-02	7.006794e-02	3.262475e-01	4.170453e-05	9.097302e-05	1.635836e+00	8.080813e-01	3.940056e-03	1.199272e-02	3.531666e+00	4.807097e-01	4.964717e-05	1.281115e-04	4.272206e-02	4.379465e-01	1.287673e-01	1.570441e-01	3.249848e-01	5.359125e-01	9.663967e-01	1.004965e-04	3.773706e-02	3.712614e-05	4.220412e+01	4.235120e-02	1.721033e+01	6.194923e-01	
4.389710e-03	4.120547e+00	3.198345e-01	4.703812e-03	5.907820e-05	1.607642e+01	2.118683e-02	7.104517e-02	3.262942e-01	3.898912e-05	5.085468e-05	1.641886e+00	8.083277e-01	4.106808e-03	1.247615e-02	3.597072e+00	5.018463e-01	4.229387e-05	1.092753e-04	4.332711e-02	4.491250e-01	1.210543e-01	1.583152e-01	3.187900e-01	5.083126e-01	1.003384e+00	1.648302e-04	3.751337e-02	3.240646e-05	4.170982e+01	4.311453e-02	1.720754e+01	6.136927e-01	
4.389719e-03	4.261999e+00	3.207784e-01	3.874366e-03	4.876238e-05	1.605825e+01	2.112902e-02	6.950619e-02	3.262391e-01	4.150701e-05	1.119664e-04	1.648398e+00	8.079638e-01	3.973189e-03	1.198779e-02	3.573123e+00	4.935467e-01	4.357103e-05	1.080679e-04	4.214061e-02	4.474251e-01	1.131335e-01	1.518586e-01	3.062492e-01	4.869401e-01	1.015197e+00	7.310601e-05	3.722656e-02	3.274009e-05	4.144540e+01	4.333527e-02	1.812521e+01	5.555252e-01	
4.389815e-03	4.244261e+00	3.321833e-01	4.259289e-03	5.385037e-05	1.625635e+01	2.079754e-02	6.868563e-02	3.263135e-01	3.899103e-05	6.601490e-05	1.637791e+00	8.077527e-01	4.460041e-03	1.338127e-02	3.563113e+00	4.887661e-01	5.248721e-05	1.314134e-04	4.194577e-02	4.392463e-01	1.197683e-01	1.632880e-01	3.256968e-01	5.168755e-01	9.738737e-01	2.508452e-04	3.772267e-02	4.363111e-05	4.205788e+01	4.242933e-02	1.716141e+01	6.184182e-01	
4.389856e-03	4.289342e+00	3.402029e-01	3.598371e-03	4.527284e-05	1.630214e+01	2.081310e-02	6.999722e-02	3.263010e-01	3.965190e-05	6.177535e-05	1.637830e+00	8.083701e-01	4.037544e-03	1.209133e-02	3.583107e+00	4.975177e-01	4.881633e-05	1.222096e-04	4.175185e-02	4.390081e-01	1.259698e-01	1.576558e-01	3.143961e-01	5.041291e-01	9.962519e-01	9.813062e-05	3.785744e-02	2.885013e-05	4.218782e+01	4.240574e-02	1.749757e+01	5.987418e-01	
4.389904e-03	4.220284e+00	2.872798e-01	4.572376e-03	5.711905e-05	1.608905e+01	2.117828e-02	6.752021e-02	3.263462e-01	3.951511e-05	7.379491e-05	1.637708e+00	8.080960e-01	3.698076e-03	1.107903e-02	3.559003e+00	4.898827e-01	3.922377e-05	9.844699e-05	4.209156e-02	4.407059e-01	1.230355e-01	1.633681e-01	3.172467e-01	4.971482e-01	9.739975e-01	2.050833e-04	3.779972e-02	3.987748e-05	4.172656e+01	4.309032e-02	1.744671e+01	6.103121e-01	
4.389915e-03	4.135433e+00	2.872225e-01	4.619621e-03	5.789876e-05	1.603113e+01	2.124421e-02	7.048250e-02	3.262953e-01	4.046094e-05	1.631702e-04	1.640633e+00	8.075272e-01	4.224308e-03	1.253247e-02	3.581112e+00	4.992528e-01	3.922203e-05	1.012620e-04	4.263637e-02	4.417165e-01	1.159185e-01	1.432482e-01	3.182795e-01	5.003756e-01	9.844937e-01	1.637451e-04	3.731205e-02	2.821080e-05	4.135444e+01	4.360186e-02	1.791184e+01	5.785781e-01	
4.389966e-03	4.320335e+00	3.442632e-01	4.076549e-03	5.114033e-05	1.612618e+01	2.109092e-02	6.810905e-02	3.262932e-01	3.913578e-05	8.986129e-05	1.639710e+00	8.087487e-01	3.518037e-03	1.074404e-02	3.539940e+00	4.838945e-01	4.636313e-05	1.189092e-04	4.258413e-02	4.414084e-01	1.244454e-01	1.531521e-01	3.194579e-01	5.137909e-01	9.999003e-01	1.185652e-04	3.783942e-02	2.634504e-05	4.193236e+01	4.275540e-02	1.759604e+01	5.928610e-01	
4.390057e-03	4.343785e+00	3.225644e-01	3.719792e-03	4.671751e-05	1.628765e+01	2.089673e-02	6.877361e-02	3.262922e-01	4.168873e-05	6.780846e-05	1.637188e+00	8.085870e-01	3.883777e-03	1.182830e-02	3.546424e+00	4.867571e-01	4.676733e-05	1.158467e-04	4.155850e-02	4.363392e-01	1.235277e-01	1.737154e-01	3.123346e-01	4.929748e-01	9.894955e-01	8.353402e-05	3.795596e-02	2.583310e-05	4.240187e+01	4.227490e-02	1.781888e+01	5.758713e-01	
4.390067e-03	4.195114e+00	3.155174e-01	3.882393e-03	4.875681e-05	1.606028e+01	2.123874e-02	6.558889e-02	3.264113e-01	4.098534e-05	8.525629e-05	1.635689e+00	8.082038e-01	3.585052e-03	1.073873e-02	3.540430e+00	4.846747e-01	4.368614e-05	1.078725e-04	4.172761e-02	4.408275e-01	1.218493e-01	1.556500e-01	3.043618e-01	4.774851e-01	9.923539e-01	1.760573e-04	3.707066e-02	3.515780e-05	4.189567e+01	4.289490e-02	1.800339e+01	5.608415e-01	
4.390074e-03	4.158009e+00	3.171649e-01	3.899371e-03	4.929052e-05	1.615600e+01	2.104874e-02	6.793623e-02	3.263721e-01	4.063096e-05	6.534314e-05	1.634951e+00	8.084522e-01	3.338396e-03	9.928178e-03	3.541530e+00	4.852271e-01	4.880710e-05	1.266198e-04	4.284806e-02	4.443986e-01	1.135497e-01	1.456196e-01	3.207408e-01	5.080968e-01	9.978094e-01	9.257405e-05	3.764834e-02	2.966272e-05	4.202648e+01	4.265413e-02	1.748866e+01	5.890960e-01	
4.390213e-03	4.214637e+00	3.133516e-01	4.701908e-03	5.894569e-05	1.612339e+01	2.110356e-02	6.590691e-02	3.263814e-01	3.980245e-05	1.422178e-04	1.640214e+00	8.086218e-01	3.676513e-03	1.116064e-02	3.573145e+00	4.947332e-01	4.531782e-05	1.104711e-04	4.116459e-02	4.394175e-01	1.199438e-01	1.568605e-01	3.226758e-01	5.141784e-01	9.869005e-01	8.725356e-05	3.785295e-02	2.643210e-05	4.162345e+01	4.320050e-02	1.734334e+01	6.125034e-01	
4.390222e-03	4.341441e+00	3.005429e-01	4.015955e-03	5.014457e-05	1.611682e+01	2.105673e-02	7.010351e-02	3.262396e-01	4.350963e-05	6.111217e-05	1.637503e+00	8.088427e-01	3.690420e-03	1.123582e-02	3.549022e+00	4.846922e-01	3.572270e-05	8.844470e-05	4.099966e-02	4.288012e-01	1.253405e-01	1.895166e-01	3.200592e-01	5.127330e-01	9.922664e-01	8.213791e-05	3.759292e-02	2.647086e-05	4.199607e+01	4.264001e-02	1.769738e+01	5.875298e-01	
4.390234e-03	4.315627e+00	3.475262e-01	3.613596e-03	4.533037e-05	1.621283e+01	2.091502e-02	6.962257e-02	3.262975e-01	4.480996e-05	6.322199e-05	1.635433e+00	8.084599e-01	4.456897e-03	1.357272e-02	3.555415e+00	4.877437e-01	4.561351e-05	1.117871e-04	4.054912e-02	4.246934e-01	1.390116e-01	2.057898e-01	3.197764e-01	5.149687e-01	9.888337e-01	7.336404e-05	3.789004e-02	3.318270e-05	4.203374e+01	4.257174e-02	1.712495e+01	6.391830e-01	
4.390234e-03	4.311913e+00	2.973251e-01	4.327803e-03	5.439060e-05	1.594454e+01	2.136712e-02	6.595217e-02	3.263287e-01	4.114158e-05	5.079808e-05	1.638249e+00	8.081537e-01	2.940606e-03	8.738361e-03	3.532483e+00	4.809988e-01	4.103865e-05	1.060516e-04	4.287366e-02	4.417603e-01	1.204243e-01	1.626322e-01	3.058586e-01	4.879866e-01	9.553857e-01	2.124062e-04	3.812232e-02	3.805628e-05	4.132762e+01	4.360127e-02	1.799091e+01	5.593055e-01	
4.390237e-03	4.142806e+00	2.968858e-01	3.754144e-03	4.724714e-05	1.612984e+01	2.107515e-02	7.177461e-02	3.262354e-01	4.450959e-05	6.004283e-05	1.639148e+00	8.076919e-01	4.160636e-03	1.248671e-02	3.577161e+00	4.952214e-01	4.905182e-05	1.268224e-04	4.226907e-02	4.340335e-01	1.165658e-01	1.553310e-01	3.108686e-01	5.025578e-01	9.781902e-01	1.147447e-04	3.757006e-02	5.635481e-05	4.167978e+01	4.313446e-02	1.834869e+01	5.402399e-01	
4.390251e-03	4.261492e+00	3.168834e-01	4.072920e-03	5.116867e-05	1.632007e+01	2.079522e-02	6.686187e-02	3.263393e-01	3.634065e-05	7.425867e-05	1.638266e+00	8.080337e-01	3.971189e-03	1.182384e-02	3.563724e+00	4.916576e-01	4.641754e-05	1.187239e-04	4.247309e-02	4.450264e-01	1.188979e-01	1.611031e-01	3.050607e-01	4.771099e-01	9.992728e-01	1.118899e-04	3.746265e-02	4.664914e-05	4.213710e+01	4.254801e-02	1.811849e+01	5.582215e-01	
4.390273e-03	4.309596e+00	3.467890e-01	3.964166e-03	5.001835e-05	1.606340e+01	2.116325e-02	7.023725e-02	3.262319e-01	4.357801e-05	9.931231e-05	1.635303e+00	8.078707e-01	4.068690e-03	1.218066e-02	3.576308e+00	4.953927e-01	4.177771e-05	1.051023e-04	4.047027e-02	4.200433e-01	1.354031e-01	1.676382e-01	3.127056e-01	4.964152e-01	9.559921e-01	1.636013e-04	3.798355e-02	2.693409e-05	4.160490e+01	4.321538e-02	1.785968e+01	5.662605e-01	
4.390296e-03	4.143211e+00	3.270781e-01	4.701832e-03	5.899440e-05	1.610559e+01	2.115820e-02	6.817591e-02	3.263281e-01	3.715514e-05	5.996619e-05	1.629672e+00	8.073667e-01	3.847374e-03	1.142329e-02	3.560215e+00	4.894514e-01	4.837288e-05	1.264220e-04	4.289837e-02	4.394253e-01	1.234320e-01	1.653195e-01	3.269629e-01	5.214379e-01	9.602124e-01	4.582650e-04	3.778861e-02	4.005134e-05	4.170858e+01	4.316096e-02	1.810075e+01	5.614775e-01	
4.390296e-03	4.186258e+00	3.107010e-01	4.418498e-03	5.548163e-05	1.628104e+01	2.087779e-02	7.253062e-02	3.262254e-01	3.917654e-05	5.126361e-05	1.632138e+00	8.075285e-01	4.546033e-03	1.363271e-02	3.564438e+00	4.918729e-01	5.244189e-05	1.358685e-04	4.260940e-02	4.378750e-01	1.261083e-01	1.814718e-01	3.225875e-01	5.155796e-01	9.757528e-01	1.176991e-04	3.766233e-02	3.302047e-05	4.208650e+01	4.266682e-02	1.761988e+01	5.892435e-01	
4.390319e-03	4.195036e+00	3.673120e-01	3.447241e-03	4.285862e-05	1.622689e+01	2.093487e-02	7.190684e-02	3.262785e-01	4.334187e-05	7.957808e-05	1.634260e+00	8.078199e-01	4.490703e-03	1.350313e-02	3.561405e+00	4.918676e-01	4.544604e-05	1.183808e-04	4.177339e-02	4.258315e-01	1.184310e-01	1.519904e-01	3.021289e-01	4.793701e-01	9.934282e-01	9.954784e-05	3.712337e-02	3.693001e-05	4.225314e+01	4.233066e-02	1.737703e+01	6.226316e-01	
4.390331e-03	4.255939e+00	3.456717e-01	4.079684e-03	5.140331e-05	1.620352e+01	2.090551e-02	6.922485e-02	3.262930e-01	4.156048e-05	1.572288e-04	1.637086e+00	8.082422e-01	3.968417e-03	1.185886e-02	3.557250e+00	4.874092e-01	4.566909e-05	1.149673e-04	4.176045e-02	4.367394e-01	1.094608e-01	1.443765e-01	3.256138e-01	5.212798e-01	1.001475e+00	7.309307e-05	3.749929e-02	3.568777e-05	4.204301e+01	4.257972e-02	1.700661e+01	6.262542e-01	
4.390336e-03	4.313781e+00	3.598450e-01	3.881338e-03	4.850137e-05	1.613806e+01	2.101193e-02	6.819905e-02	3.262995e-01	4.409658e-05	1.688183e-04	1.640856e+00	8.079345e-01	4.146321e-03	1.249594e-02	3.551529e+00	4.874313e-01	4.732438e-05	1.184706e-04	4.236318e-02	4.432204e-01	1.135574e-01	1.429332e-01	3.229101e-01	5.134882e-01	9.788874e-01	1.015859e-04	3.772852e-02	2.878561e-05	4.172037e+01	4.296975e-02	1.767927e+01	5.953437e-01	
4.390336e-03	4.227970e+00	2.980555e-01	3.819132e-03	4.799338e-05	1.613697e+01	2.104068e-02	6.784775e-02	3.263285e-01	4.332733e-05	1.219298e-04	1.639023e+00	8.081440e-01	4.200247e-03	1.268897e-02	3.539091e+00	4.845579e-01	5.119072e-05	1.255880e-04	4.100260e-02	4.324621e-01	1.128078e-01	1.557201e-01	3.130887e-01	4.873790e-01	9.766159e-01	1.907930e-04	3.780441e-02	3.912052e-05	4.175157e+01	4.296586e-02	1.848738e+01	5.334346e-01	
4.390337e-03	4.341476e+00	3.224910e-01	3.669594e-03	4.611737e-05	1.612460e+01	2.101865e-02	6.937572e-02	3.262195e-01	3.993199e-05	1.098636e-04	1.634398e+00	8.079440e-01	3.412845e-03	1.018831e-02	3.528132e+00	4.795535e-01	3.591575e-05	9.042100e-05	4.140179e-02	4.311122e-01	1.170336e-01	1.441755e-01	3.055361e-01	4.918782e-01	9.654308e-01	1.144678e-04	3.765465e-02	2.527051e-05	4.170549e+01	4.297631e-02	1.761441e+01	5.903314e-01	
4.390344e-03	4.271072e+00	3.087792e-01	4.852021e-03	6.149979e-05	1.609728e+01	2.116750e-02	6.681489e-02	3.263237e-01	3.906193e-05	3.746542e-05	1.637907e+00	8.083358e-01	3.446687e-03	1.037243e-02	3.551337e+00	4.869848e-01	4.595154e-05	1.114286e-04	4.026439e-02	4.260458e-01	1.249121e-01	1.988216e-01	3.163139e-01	4.966278e-01	9.826117e-01	2.188726e-04	3.787161e-02	5.070231e-05	4.171224e+01	4.316985e-02	1.797150e+01	5.530569e-01	
4.390351e-03	4.158681e+00	3.166618e-01	4.422608e-03	5.606785e-05	1.621753e+01	2.099048e-02	6.680760e-02	3.263343e-01	3.844686e-05	7.936273e-05	1.634456e+00	8.073543e-01	3.785227e-03	1.119844e-02	3.551592e+00	4.892393e-01	5.942394e-05	1.485923e-04	4.108308e-02	4.286906e-01	1.278127e-01	1.765430e-01	3.225914e-01	5.219765e-01	9.456311e-01	1.872260e-04	3.827541e-02	4.423193e-05	4.199501e+01	4.278847e-02	1.763901e+01	5.817726e-01	
4.390354e-03	4.243660e+00	2.866778e-01	4.663773e-03	5.841484e-05	1.592845e+01	2.147367e-02	6.908860e-02	3.263124e-01	3.742618e-05	7.643749e-05	1.638881e+00	8.088549e-01	4.001464e-03	1.214637e-02	3.567956e+00	4.930839e-01	4.060019e-05	1.015033e-04	4.165027e-02	4.383383e-01	1.252970e-01	1.783056e-01	3.217876e-01	5.105812e-01	9.874356e-01	1.806415e-04	3.775026e-02	3.308733e-05	4.138165e+01	4.365366e-02	1.844018e+01	5.366272e-01	
4.390395e-03	4.340334e+00	3.495318e-01	3.858109e-03	4.855688e-05	1.630028e+01	2.086018e-02	6.844086e-02	3.263272e-01	4.358631e-05	7.477122e-05	1.633740e+00	8.078884e-01	4.254248e-03	1.276307e-02	3.540627e+00	4.839590e-01	3.972634e-05	1.003370e-04	4.154455e-02	4.304924e-01	1.257176e-01	1.657838e-01	3.208465e-01	5.062165e-01	9.726285e-01	1.391426e-04	3.807552e-02	3.440792e-05	4.253043e+01	4.205703e-02	1.831929e+01	5.434207e-01	
4.390402e-03	4.085017e+00	2.888040e-01	4.032181e-03	5.082132e-05	1.621649e+01	2.094797e-02	6.653539e-02	3.263728e-01	3.992250e-05	1.235098e-04	1.630790e+00	8.074231e-01	3.735281e-03	1.098336e-02	3.542411e+00	4.855432e-01	4.045614e-05	1.041276e-04	4.256378e-02	4.407230e-01	1.189836e-01	1.454793e-01	3.067532e-01	4.924695e-01	9.587040e-01	2.688231e-04	3.739697e-02	2.951709e-05	4.212748e+01	4.252838e-02	1.820794e+01	5.494188e-01	
4.390429e-03	4.245966e+00	3.132220e-01	3.510985e-03	4.406458e-05	1.628424e+01	2.079029e-02	6.898237e-02	3.263050e-01	4.102017e-05	8.093797e-05	1.644619e+00	8.082590e-01	3.766172e-03	1.140102e-02	3.534727e+00	4.818017e-01	5.637927e-05	1.467096e-04	4.293848e-02	4.413013e-01	9.652929e-02	1.161490e-01	3.084133e-01	4.905499e-01	9.834346e-01	1.124839e-04	3.785268e-02	4.607513e-05	4.225601e+01	4.221353e-02	1.770987e+01	5.838169e-01	
4.390430e-03	4.252739e+00	3.112282e-01	3.823481e-03	4.791927e-05	1.620767e+01	2.092853e-02	7.144573e-02	3.262127e-01	4.503234e-05	6.587420e-05	1.637082e+00	8.084135e-01	4.311107e-03	1.312541e-02	3.551565e+00	4.858722e-01	3.955408e-05	9.931169e-05	4.178172e-02	4.374354e-01	1.152741e-01	1.665438e-01	3.047078e-01	4.892250e-01	1.003490e+00	1.025723e-04	3.719910e-02	3.783073e-05	4.208199e+01	4.250562e-02	1.843646e+01	5.374598e-01	
4.390500e-03	4.279001e+00	3.358870e-01	4.055972e-03	5.100041e-05	1.617874e+01	2.103073e-02	7.297233e-02	3.262127e-01	4.415206e-05	4.026253e-05	1.638680e+00	8.077487e-01	4.574655e-03	1.381982e-02	3.543365e+00	4.852979e-01	4.468572e-05	1.135838e-04	4.132227e-02	4.234666e-01	1.326070e-01	1.850562e-01	3.219198e-01	5.183904e-01	9.692599e-01	1.168100e-04	3.788069e-02	2.832404e-05	4.187311e+01	4.288060e-02	1.750681e+01	6.041964e-01	
4.390505e-03	4.190998e+00	2.946734e-01	4.034281e-03	5.053565e-05	1.612904e+01	2.113002e-02	6.850385e-02	3.262767e-01	3.929896e-05	7.342219e-05	1.634253e+00	8.078025e-01	3.803531e-03	1.125507e-02	3.577526e+00	4.968475e-01	3.888737e-05	9.738641e-05	4.169134e-02	4.387656e-01	1.198712e-01	1.695350e-01	3.035064e-01	4.805750e-01	9.762123e-01	1.964593e-04	3.758187e-02	3.470992e-05	4.173673e+01	4.316490e-02	1.821718e+01	5.587610e-01	
4.390506e-03	4.193742e+00	3.182166e-01	4.073410e-03	5.106316e-05	1.617420e+01	2.104561e-02	6.969329e-02	3.263301e-01	4.227506e-05	5.910097e-05	1.634655e+00	8.077389e-01	3.587258e-03	1.059683e-02	3.549564e+00	4.868688e-01	3.602709e-05	9.500524e-05	4.292497e-02	4.394629e-01	1.187853e-01	1.446313e-01	3.081192e-01	4.801447e-01	9.762869e-01	2.113569e-04	3.759690e-02	2.406813e-05	4.195208e+01	4.281762e-02	1.825931e+01	5.522778e-01	
4.390506e-03	4.194499e+00	3.139432e-01	4.572828e-03	5.710678e-05	1.618820e+01	2.105221e-02	6.965421e-02	3.263576e-01	3.831570e-05	1.086286e-04	1.634397e+00	8.082855e-01	3.793229e-03	1.132261e-02	3.543376e+00	4.848791e-01	5.066790e-05	1.269869e-04	4.141227e-02	4.330520e-01	1.230453e-01	1.717369e-01	3.152517e-01	4.928027e-01	9.730488e-01	2.202133e-04	3.794283e-02	3.405624e-05	4.191466e+01	4.290223e-02	1.764715e+01	5.961491e-01	
4.390664e-03	4.171333e+00	3.289951e-01	4.231848e-03	5.351623e-05	1.616483e+01	2.108120e-02	6.853167e-02	3.263565e-01	4.032968e-05	8.754451e-05	1.636010e+00	8.088027e-01	3.146603e-03	9.469327e-03	3.531874e+00	4.817741e-01	3.548632e-05	9.096596e-05	4.253931e-02	4.390195e-01	1.096772e-01	1.499200e-01	3.244045e-01	5.199822e-01	9.943742e-01	1.403685e-04	3.743470e-02	2.471952e-05	4.222241e+01	4.244290e-02	1.732032e+01	6.071275e-01	
4.390765e-03	4.284065e+00	2.993370e-01	4.594157e-03	5.756763e-05	1.607330e+01	2.116416e-02	6.687812e-02	3.263223e-01	4.143202e-05	1.042330e-04	1.644383e+00	8.084578e-01	3.363588e-03	1.009987e-02	3.548950e+00	4.886571e-01	3.972039e-05	9.542104e-05	4.078163e-02	4.338763e-01	1.073726e-01	1.459206e-01	3.198821e-01	5.181993e-01	9.518525e-01	1.858722e-04	3.797006e-02	4.427607e-05	4.175782e+01	4.298743e-02	1.808994e+01	5.593861e-01	
4.390796e-03	4.274585e+00	3.159994e-01	4.727464e-03	5.925530e-05	1.606702e+01	2.118127e-02	6.984926e-02	3.262520e-01	4.026387e-05	6.496094e-05	1.641057e+00	8.085338e-01	3.484050e-03	1.052597e-02	3.558731e+00	4.920203e-01	3.824596e-05	9.556377e-05	4.205470e-02	4.406203e-01	1.129535e-01	1.384711e-01	3.327883e-01	5.460305e-01	9.622011e-01	1.463745e-04	3.818685e-02	3.031176e-05	4.180298e+01	4.298319e-02	1.870861e+01	5.212051e-01	
4.390813e-03	4.254165e+00	3.104059e-01	3.935978e-03	4.921777e-05	1.629271e+01	2.079676e-02	6.777755e-02	3.263201e-01	3.920203e-05	1.223484e-04	1.636955e+00	8.078126e-01	4.026500e-03	1.206086e-02	3.545938e+00	4.864421e-01	5.025881e-05	1.279643e-04	4.259333e-02	4.448262e-01	1.153345e-01	1.397410e-01	3.135435e-01	4.992071e-01	9.654560e-01	2.410906e-04	3.781730e-02	3.879193e-05	4.219060e+01	4.238510e-02	1.794603e+01	5.766080e-01	
4.390850e-03	4.160407e+00	2.974741e-01	4.910041e-03	6.160757e-05	1.594541e+01	2.133863e-02	7.196008e-02	3.262268e-01	4.114342e-05	8.449965e-05	1.633188e+00	8.074646e-01	3.907482e-03	1.168297e-02	3.581676e+00	4.955893e-01	4.189171e-05	1.056401e-04	4.165409e-02	4.307856e-01	1.261147e-01	1.716542e-01	3.262238e-01	5.259559e-01	9.808438e-01	1.569704e-04	3.772868e-02	3.912861e-05	4.143403e+01	4.339221e-02	1.821403e+01	5.508431e-01	
4.390884e-03	4.272136e+00	3.387414e-01	4.424760e-03	5.507451e-05	1.611369e+01	2.116079e-02	6.892063e-02	3.263071e-01	4.040932e-05	6.937245e-05	1.630088e+00	8.079416e-01	3.609105e-03	1.075703e-02	3.561547e+00	4.898125e-01	3.939245e-05	9.678270e-05	4.077949e-02	4.268020e-01	1.380572e-01	2.085898e-01	3.281359e-01	5.315811e-01	9.585183e-01	1.327486e-04	3.806202e-02	2.388731e-05	4.179639e+01	4.309221e-02	1.728412e+01	6.303560e-01	
4.390909e-03	4.262366e+00	3.053790e-01	3.871001e-03	4.838689e-05	1.630071e+01	2.074839e-02	7.478431e-02	3.261589e-01	4.494878e-05	5.397222e-05	1.633630e+00	8.078254e-01	4.246320e-03	1.277426e-02	3.532812e+00	4.803516e-01	3.847504e-05	9.842113e-05	4.097390e-02	4.186183e-01	1.355572e-01	1.929361e-01	3.102918e-01	4.912860e-01	9.911444e-01	5.552007e-05	3.758734e-02	2.192485e-05	4.219322e+01	4.233336e-02	1.791532e+01	5.830089e-01	
4.390912e-03	4.175853e+00	2.917444e-01	4.542257e-03	5.689606e-05	1.603884e+01	2.125689e-02	6.699051e-02	3.263234e-01	4.022897e-05	1.177038e-04	1.633725e+00	8.077548e-01	3.411356e-03	1.005676e-02	3.557568e+00	4.892680e-01	3.389850e-05	8.810730e-05	4.334327e-02	4.498887e-01	1.209318e-01	1.648869e-01	3.176681e-01	5.122753e-01	9.735988e-01	2.487541e-04	3.735457e-02	2.700997e-05	4.153717e+01	4.338317e-02	1.836046e+01	5.436577e-01	
4.390922e-03	4.243022e+00	3.332513e-01	4.165451e-03	5.219590e-05	1.627465e+01	2.078308e-02	7.333308e-02	3.262208e-01	4.037789e-05	9.163113e-05	1.637342e+00	8.075203e-01	4.897046e-03	1.469797e-02	3.560384e+00	4.892900e-01	4.614547e-05	1.192206e-04	4.289450e-02	4.422679e-01	1.269510e-01	1.501012e-01	3.088226e-01	4.966821e-01	9.846733e-01	1.615474e-04	3.775145e-02	3.090214e-05	4.198422e+01	4.256083e-02	1.785104e+01	5.777389e-01	
4.390928e-03	4.078410e+00	3.082963e-01	4.257620e-03	5.375808e-05	1.605894e+01	2.122805e-02	6.943041e-02	3.263256e-01	3.784308e-05	7.423919e-05	1.636517e+00	8.081804e-01	3.642419e-03	1.093109e-02	3.581128e+00	4.970801e-01	4.577826e-05	1.208711e-04	4.428658e-02	4.554338e-01	1.118490e-01	1.363480e-01	3.174299e-01	5.139658e-01	9.907096e-01	1.843693e-04	3.726093e-02	4.907064e-05	4.166213e+01	4.322541e-02	1.810069e+01	5.539660e-01	
4.390986e-03	4.260557e+00	2.998258e-01	3.680503e-03	4.606730e-05	1.612008e+01	2.105964e-02	6.958995e-02	3.261986e-01	4.043534e-05	5.912458e-05	1.635246e+00	8.080784e-01	4.001891e-03	1.205486e-02	3.516137e+00	4.783885e-01	4.709345e-05	1.142438e-04	4.105535e-02	4.372410e-01	1.199750e-01	1.678184e-01	3.097854e-01	4.908664e-01	9.749042e-01	1.238610e-04	3.749223e-02	3.121703e-05	4.165255e+01	4.310748e-02	1.822268e+01	5.572967e-01	
4.391058e-03	4.299468e+00	3.012407e-01	4.024241e-03	5.049634e-05	1.622087e+01	2.091585e-02	6.743466e-02	3.263365e-01	4.261448e-05	4.106010e-05	1.639237e+00	8.085391e-01	3.628719e-03	1.094164e-02	3.520488e+00	4.795246e-01	4.859284e-05	1.176088e-04	3.927017e-02	4.136421e-01	1.235889e-01	1.723323e-01	3.210315e-01	5.085641e-01	9.549510e-01	9.733672e-05	3.819622e-02	4.316246e-05	4.217044e+01	4.241452e-02	1.821277e+01	5.489953e-01	
4.391103e-03	4.195157e+00	3.129768e-01	3.917524e-03	4.918697e-05	1.616025e+01	2.096895e-02	7.157786e-02	3.262105e-01	3.814379e-05	7.151631e-05	1.638972e+00	8.077781e-01	4.136715e-03	1.237313e-02	3.594268e+00	4.994986e-01	4.023949e-05	1.011507e-04	4.258752e-02	4.515220e-01	1.250908e-01	1.627080e-01	2.918357e-01	4.566372e-01	9.979217e-01	1.846359e-04	3.736835e-02	2.664770e-05	4.164493e+01	4.306168e-02	1.792249e+01	5.761678e-01	
4.391112e-03	4.240560e+00	3.315514e-01	3.896617e-03	4.894830e-05	1.621898e+01	2.095162e-02	6.972269e-02	3.262660e-01	4.103187e-05	9.759341e-05	1.641471e+00	8.079806e-01	4.330429e-03	1.308055e-02	3.598760e+00	5.016670e-01	4.693009e-05	1.168655e-04	4.240262e-02	4.488811e-01	1.064663e-01	1.372617e-01	3.152659e-01	5.041214e-01	9.875930e-01	1.371711e-04	3.753724e-02	3.074513e-05	4.203560e+01	4.265932e-02	1.832467e+01	5.424750e-01	
4.391140e-03	4.322747e+00	3.334265e-01	4.102291e-03	5.157790e-05	1.617582e+01	2.098613e-02	6.796997e-02	3.262857e-01	4.177602e-05	8.351759e-05	1.638403e+00	8.081564e-01	3.889874e-03	1.157943e-02	3.539594e+00	4.842382e-01	4.842399e-05	1.281790e-04	4.347573e-02	4.478339e-01	1.099915e-01	1.293133e-01	3.213648e-01	5.205550e-01	9.696866e-01	1.475795e-04	3.789658e-02	3.849441e-05	4.207704e+01	4.251544e-02	1.818071e+01	5.517434e-01	
4.391263e-03	4.245216e+00	3.123768e-01	4.282479e-03	5.344952e-05	1.612319e+01	2.106701e-02	6.903422e-02	3.262694e-01	3.725094e-05	5.495749e-05	1.635187e+00	8.081610e-01	3.423828e-03	1.015509e-02	3.537879e+00	4.832406e-01	3.923213e-05	1.026048e-04	4.361722e-02	4.508418e-01	1.193990e-01	1.504167e-01	3.101999e-01	4.890414e-01	9.816723e-01	1.823671e-04	3.741306e-02	2.896749e-05	4.187378e+01	4.283934e-02	1.807801e+01	5.674014e-01	
4.391271e-03	4.231839e+00	3.236234e-01	4.875596e-03	6.094180e-05	1.614407e+01	2.099882e-02	6.846023e-02	3.263130e-01	3.720261e-05	7.392324e-05	1.637479e+00	8.083849e-01	2.947522e-03	8.768303e-03	3.536956e+00	4.825737e-01	3.770639e-05	9.660553e-05	4.234083e-02	4.393796e-01	1.100362e-01	1.491701e-01	3.326957e-01	5.408366e-01	9.928857e-01	2.290356e-04	3.779080e-02	2.996659e-05	4.192122e+01	4.270771e-02	1.791190e+01	5.816356e-01	
4.391273e-03	4.236035e+00	3.450235e-01	4.225007e-03	5.282546e-05	1.612465e+01	2.111993e-02	7.226437e-02	3.262418e-01	4.315800e-05	8.612201e-05	1.636940e+00	8.080460e-01	4.311815e-03	1.301884e-02	3.555526e+00	4.906938e-01	3.501121e-05	8.751621e-05	4.149694e-02	4.320358e-01	1.194078e-01	1.569808e-01	3.152930e-01	5.039106e-01	9.883876e-01	1.243861e-04	3.733028e-02	2.802956e-05	4.191021e+01	4.285023e-02	1.820522e+01	5.520924e-01	
4.391290e-03	4.225011e+00	3.365813e-01	3.835691e-03	4.807980e-05	1.630366e+01	2.073362e-02	7.091593e-02	3.262359e-01	4.114090e-05	9.806297e-05	1.637559e+00	8.080139e-01	4.407724e-03	1.339002e-02	3.569899e+00	4.909330e-01	4.660660e-05	1.158028e-04	4.179507e-02	4.403153e-01	1.230244e-01	1.498005e-01	3.090237e-01	4.965055e-01	9.747046e-01	1.173719e-04	3.765906e-02	2.188567e-05	4.204956e+01	4.248441e-02	1.816095e+01	5.603177e-01	
4.391301e-03	4.250986e+00	3.343062e-01	3.903747e-03	4.923531e-05	1.632688e+01	2.078556e-02	6.689750e-02	3.263537e-01	4.092718e-05	1.056318e-04	1.637461e+00	8.082751e-01	3.838875e-03	1.150672e-02	3.539417e+00	4.839323e-01	4.806424e-05	1.201658e-04	4.140568e-02	4.358823e-01	1.208350e-01	1.672699e-01	3.274002e-01	5.228713e-01	9.716479e-01	7.405933e-05	3.813407e-02	3.605818e-05	4.232818e+01	4.231168e-02	1.743965e+01	6.076232e-01	
4.391310e-03	4.275857e+00	3.053617e-01	3.706782e-03	4.652895e-05	1.631070e+01	2.072797e-02	6.547609e-02	3.263347e-01	3.908786e-05	5.798723e-05	1.638669e+00	8.082458e-01	3.221447e-03	9.594825e-03	3.548233e+00	4.851814e-01	4.512351e-05	1.107258e-04	4.160547e-02	4.428464e-01	1.175588e-01	1.617202e-01	3.148357e-01	5.025544e-01	9.622884e-01	1.042794e-04	3.808459e-02	3.642275e-05	4.226810e+01	4.221266e-02	1.836892e+01	5.418148e-01	
4.391333e-03	4.314469e+00	3.484814e-01	4.422790e-03	5.577481e-05	1.626789e+01	2.086666e-02	7.028463e-02	3.262642e-01	4.207823e-05	4.409322e-05	1.636504e+00	8.080593e-01	4.048763e-03	1.207354e-02	3.548793e+00	4.876258e-01	4.378686e-05	1.134001e-04	4.190603e-02	4.303660e-01	1.278882e-01	1.722209e-01	3.225824e-01	5.190605e-01	9.859386e-01	1.233833e-04	3.797493e-02	3.651401e-05	4.218901e+01	4.246188e-02	1.834564e+01	5.312941e-01	
4.391488e-03	4.235393e+00	3.182791e-01	4.778848e-03	6.001683e-05	1.625518e+01	2.086883e-02	6.814503e-02	3.263215e-01	4.077840e-05	1.375889e-04	1.636997e+00	8.080451e-01	3.852523e-03	1.149443e-02	3.534561e+00	4.837069e-01	4.084985e-05	1.046484e-04	4.259872e-02	4.433575e-01	1.127870e-01	1.442732e-01	3.194538e-01	5.098049e-01	9.764305e-01	1.779945e-04	3.778687e-02	2.758391e-05	4.201561e+01	4.259439e-02	1.815863e+01	5.608879e-01	
4.391512e-03	4.157135e+00	3.010486e-01	4.194639e-03	5.243659e-05	1.611819e+01	2.110495e-02	6.898908e-02	3.263128e-01	3.992454e-05	6.624527e-05	1.639972e+00	8.078405e-01	4.149507e-03	1.246289e-02	3.571278e+00	4.935318e-01	4.791245e-05	1.226685e-04	4.234530e-02	4.399214e-01	1.117119e-01	1.594606e-01	3.173800e-01	4.953217e-01	9.825416e-01	1.519375e-04	3.755473e-02	4.440040e-05	4.195981e+01	4.277416e-02	1.802927e+01	5.643448e-01	
4.391553e-03	4.292836e+00	3.359809e-01	4.149806e-03	5.204569e-05	1.623737e+01	2.087769e-02	7.041983e-02	3.262263e-01	3.924567e-05	7.057266e-05	1.638432e+00	8.078866e-01	4.105336e-03	1.248063e-02	3.553333e+00	4.869798e-01	4.286047e-05	1.107841e-04	4.276774e-02	4.398656e-01	1.207058e-01	1.548846e-01	3.152352e-01	5.077510e-01	9.591729e-01	2.132563e-04	3.818659e-02	3.521319e-05	4.210697e+01	4.246640e-02	1.840885e+01	5.466459e-01	
4.391586e-03	4.238629e+00	3.087525e-01	4.405660e-03	5.537215e-05	1.618700e+01	2.100327e-02	6.818015e-02	3.263022e-01	4.043749e-05	1.148244e-04	1.639529e+00	8.086459e-01	3.435451e-03	1.039689e-02	3.536710e+00	4.827699e-01	4.681971e-05	1.158818e-04	4.117110e-02	4.326648e-01	1.125650e-01	1.604467e-01	3.231041e-01	5.173757e-01	9.606601e-01	9.515446e-05	3.807688e-02	3.192952e-05	4.204559e+01	4.266832e-02	1.755178e+01	6.066286e-01	
4.391645e-03	4.330684e+00	3.699743e-01	4.272780e-03	5.363171e-05	1.619797e+01	2.090142e-02	6.893910e-02	3.262695e-01	4.050358e-05	1.325064e-04	1.636457e+00	8.081402e-01	3.814570e-03	1.148725e-02	3.531229e+00	4.821581e-01	4.991030e-05	1.289866e-04	4.232450e-02	4.366638e-01	1.206934e-01	1.584800e-01	3.299074e-01	5.376615e-01	9.603590e-01	1.766641e-04	3.834656e-02	3.225654e-05	4.204188e+01	4.251804e-02	1.784370e+01	5.767144e-01	
4.391662e-03	4.240372e+00	3.231172e-01	4.087629e-03	5.123811e-05	1.625484e+01	2.086010e-02	6.803004e-02	3.263387e-01	3.901340e-05	8.130066e-05	1.632827e+00	8.082023e-01	3.478549e-03	1.032347e-02	3.543600e+00	4.848195e-01	4.224969e-05	1.046370e-04	4.130259e-02	4.348700e-01	1.243750e-01	1.634596e-01	3.122407e-01	5.028667e-01	9.866181e-01	1.455611e-04	3.767087e-02	3.732570e-05	4.222304e+01	4.233454e-02	1.761623e+01	5.990350e-01	
4.391667e-03	4.168794e+00	3.124792e-01	4.073504e-03	5.122376e-05	1.623412e+01	2.086374e-02	6.809121e-02	3.263116e-01	4.182056e-05	9.920663e-05	1.633223e+00	8.070735e-01	4.171907e-03	1.221900e-02	3.560321e+00	4.898153e-01	4.989092e-05	1.351586e-04	4.330224e-02	4.411040e-01	1.191809e-01	1.385240e-01	3.106329e-01	4.993675e-01	9.700070e-01	2.586421e-04	3.761767e-02	3.672087e-05	4.202351e+01	4.256347e-02	1.795905e+01	5.671889e-01	
4.391682e-03	4.245460e+00	3.204311e-01	4.468011e-03	5.589906e-05	1.622050e+01	2.099249e-02	7.030696e-02	3.262695e-01	4.186096e-05	8.570449e-05	1.636599e+00	8.076896e-01	3.620550e-03	1.066988e-02	3.570006e+00	4.938603e-01	3.153482e-05	8.192958e-05	4.229152e-02	4.356677e-01	1.213374e-01	1.538346e-01	3.125290e-01	4.962732e-01	9.916357e-01	9.618719e-05	3.763777e-02	2.503348e-05	4.202227e+01	4.276427e-02	1.818111e+01	5.494508e-01	
4.391691e-03	4.388995e+00	3.869817e-01	3.736300e-03	4.672583e-05	1.630554e+01	2.081429e-02	6.925475e-02	3.262731e-01	4.630512e-05	7.101252e-05	1.642185e+00	8.090979e-01	3.431185e-03	1.053462e-02	3.544191e+00	4.847126e-01	4.408668e-05	1.101254e-04	4.076836e-02	4.260403e-01	1.214845e-01	1.534961e-01	3.322073e-01	5.428746e-01	9.900832e-01	3.844093e-05	3.827588e-02	2.324545e-05	4.225920e+01	4.235542e-02	1.729668e+01	6.231704e-01	
4.391701e-03	4.211847e+00	2.760828e-01	3.719244e-03	4.649542e-05	1.617658e+01	2.093942e-02	6.686424e-02	3.263030e-01	4.218627e-05	9.161373e-05	1.641291e+00	8.076546e-01	2.942627e-03	8.640475e-03	3.543310e+00	4.855464e-01	4.427433e-05	1.127128e-04	4.270920e-02	4.453149e-01	1.038463e-01	1.246627e-01	3.060185e-01	4.928695e-01	9.716712e-01	1.875057e-04	3.742819e-02	4.710032e-05	4.205162e+01	4.250029e-02	1.869588e+01	5.230193e-01	
4.391759e-03	4.300301e+00	3.239825e-01	3.976089e-03	5.003088e-05	1.614500e+01	2.097815e-02	6.981070e-02	3.262455e-01	4.043216e-05	6.163963e-05	1.638529e+00	8.080558e-01	4.014001e-03	1.201618e-02	3.549318e+00	4.860551e-01	4.069882e-05	1.015732e-04	4.159850e-02	4.366523e-01	1.270839e-01	1.785366e-01	3.036876e-01	4.761196e-01	9.943954e-01	1.520002e-04	3.743024e-02	2.892812e-05	4.176823e+01	4.291289e-02	1.782766e+01	5.829863e-01	
4.391822e-03	4.200201e+00	3.306072e-01	3.590291e-03	4.483727e-05	1.625271e+01	2.087345e-02	7.134978e-02	3.262568e-01	4.480212e-05	7.026020e-05	1.636972e+00	8.074334e-01	4.601503e-03	1.371621e-02	3.546919e+00	4.878950e-01	4.562970e-05	1.170313e-04	4.143949e-02	4.261564e-01	1.315224e-01	1.570886e-01	3.015352e-01	4.826431e-01	9.764237e-01	9.116328e-05	3.747876e-02	2.650806e-05	4.212631e+01	4.249989e-02	1.797665e+01	5.801143e-01	
4.391856e-03	4.199239e+00	3.434342e-01	4.162156e-03	5.186141e-05	1.631509e+01	2.077811e-02	6.955569e-02	3.263110e-01	4.053798e-05	4.639968e-05	1.641588e+00	8.083604e-01	3.848067e-03	1.158508e-02	3.581570e+00	4.968026e-01	4.718545e-05	1.181911e-04	4.140256e-02	4.339961e-01	1.151093e-01	1.638794e-01	3.147526e-01	5.056085e-01	9.960422e-01	8.509910e-05	3.761435e-02	4.342165e-05	4.236767e+01	4.216951e-02	1.785668e+01	5.805560e-01	
4.391862e-03	4.134633e+00	2.926273e-01	4.180773e-03	5.224945e-05	1.613002e+01	2.112753e-02	6.876662e-02	3.263103e-01	3.754618e-05	5.737827e-05	1.636202e+00	8.080638e-01	3.490635e-03	1.045470e-02	3.581264e+00	4.966908e-01	4.031757e-05	1.030196e-04	4.214913e-02	4.386797e-01	1.208444e-01	1.567739e-01	3.110627e-01	4.922991e-01	1.004812e+00	1.604986e-04	3.719552e-02	2.785577e-05	4.202731e+01	4.274010e-02	1.824427e+01	5.534046e-01	
4.391909e-03	4.146323e+00	2.766589e-01	4.898057e-03	6.139085e-05	1.606866e+01	2.119942e-02	6.805695e-02	3.263337e-01	3.892275e-05	9.157884e-05	1.641782e+00	8.081530e-01	3.909984e-03	1.173626e-02	3.586938e+00	4.996719e-01	4.853494e-05	1.239496e-04	4.277494e-02	4.481158e-01	1.160886e-01	1.558101e-01	3.210086e-01	5.112807e-01	9.839972e-01	2.099306e-04	3.764576e-02	4.970196e-05	4.164135e+01	4.325849e-02	1.822917e+01	5.550940e-01	
4.391939e-03	4.282103e+00	3.194797e-01	4.440412e-03	5.596558e-05	1.610943e+01	2.112348e-02	6.636409e-02	3.263929e-01	4.581355e-05	8.778150e-05	1.639522e+00	8.083273e-01	3.576814e-03	1.072604e-02	3.582706e+00	4.968486e-01	4.746383e-05	1.159962e-04	4.054794e-02	4.265897e-01	1.294936e-01	1.813223e-01	3.363007e-01	5.415286e-01	9.620583e-01	1.225820e-04	3.831775e-02	3.993920e-05	4.192109e+01	4.276737e-02	1.767949e+01	5.790345e-01	
4.391941e-03	4.272226e+00	3.328533e-01	4.150996e-03	5.194011e-05	1.617376e+01	2.102432e-02	6.929537e-02	3.262806e-01	3.809853e-05	7.647259e-05	1.639711e+00	8.086955e-01	4.168291e-03	1.261811e-02	3.537499e+00	4.839495e-01	4.998448e-05	1.229984e-04	4.076138e-02	4.330697e-01	1.223737e-01	1.739062e-01	3.237878e-01	5.141217e-01	9.981772e-01	7.053015e-05	3.762839e-02	2.433004e-05	4.181695e+01	4.294484e-02	1.765818e+01	5.967303e-01	
4.391963e-03	4.133672e+00	2.799108e-01	3.901325e-03	4.881866e-05	1.614683e+01	2.105399e-02	7.005989e-02	3.262640e-01	4.148903e-05	6.416395e-05	1.638017e+00	8.074007e-01	4.426243e-03	1.333155e-02	3.560635e+00	4.907405e-01	4.275315e-05	1.115034e-04	4.330891e-02	4.445301e-01	1.244613e-01	1.618301e-01	2.992843e-01	4.736293e-01	9.795252e-01	1.563558e-04	3.734949e-02	3.359582e-05	4.174914e+01	4.304707e-02	1.813328e+01	5.516902e-01	
4.391984e-03	4.108928e+00	2.919892e-01	4.286591e-03	5.376548e-05	1.603919e+01	2.128727e-02	6.746895e-02	3.263434e-01	4.193871e-05	7.661871e-05	1.633490e+00	8.077558e-01	3.447371e-03	1.023444e-02	3.526336e+00	4.818589e-01	4.286463e-05	1.118819e-04	4.269112e-02	4.381213e-01	1.185351e-01	1.567978e-01	3.098306e-01	4.976836e-01	9.655426e-01	1.904254e-04	3.753984e-02	3.344356e-05	4.161636e+01	4.331038e-02	1.775083e+01	5.811126e-01	
4.392016e-03	4.296047e+00	2.857349e-01	4.185028e-03	5.258725e-05	1.619791e+01	2.096123e-02	6.814261e-02	3.262498e-01	4.041161e-05	9.120207e-05	1.642348e+00	8.083585e-01	3.675039e-03	1.105081e-02	3.541819e+00	4.861934e-01	4.901099e-05	1.182837e-04	4.026494e-02	4.282046e-01	1.226321e-01	1.646636e-01	3.055544e-01	4.900212e-01	9.522725e-01	1.107925e-04	3.821846e-02	3.400675e-05	4.182351e+01	4.291467e-02	1.839535e+01	5.442201e-01	
4.392048e-03	4.323895e+00	3.141323e-01	4.094921e-03	5.134738e-05	1.613561e+01	2.103422e-02	7.061434e-02	3.262429e-01	4.331737e-05	1.504912e-04	1.638402e+00	8.082580e-01	3.591054e-03	1.073549e-02	3.516509e+00	4.753951e-01	4.071248e-05	1.055447e-04	4.266657e-02	4.418746e-01	1.093367e-01	1.371686e-01	3.188994e-01	5.100395e-01	9.789584e-01	1.099244e-04	3.786504e-02	3.111141e-05	4.181606e+01	4.287571e-02	1.794600e+01	5.739575e-01	
4.392054e-03	4.123521e+00	2.979660e-01	4.061965e-03	5.134187e-05	1.607433e+01	2.119106e-02	6.946012e-02	3.262786e-01	4.227632e-05	1.066802e-04	1.638975e+00	8.080125e-01	3.680238e-03	1.110772e-02	3.553702e+00	4.885840e-01	4.134242e-05	1.069252e-04	4.290844e-02	4.450528e-01	1.113223e-01	1.337172e-01	3.162924e-01	4.991040e-01	9.802672e-01	1.359072e-04	3.745668e-02	3.146687e-05	4.180561e+01	4.302204e-02	1.809887e+01	5.465535e-01	
4.392069e-03	4.163265e+00	3.106240e-01	4.347713e-03	5.475197e-05	1.617486e+01	2.103657e-02	6.894744e-02	3.262921e-01	4.014051e-05	1.075731e-04	1.637197e+00	8.081763e-01	4.389061e-03	1.323047e-02	3.561146e+00	4.909625e-01	4.565244e-05	1.169696e-04	4.201614e-02	4.375521e-01	1.138936e-01	1.511492e-01	3.111357e-01	5.028515e-01	9.997923e-01	1.935351e-04	3.731197e-02	3.959502e-05	4.212095e+01	4.260065e-02	1.834970e+01	5.346871e-01	
4.392093e-03	4.183908e+00	3.346546e-01	4.382343e-03	5.500108e-05	1.623984e+01	2.095833e-02	6.881240e-02	3.263209e-01	4.066450e-05	1.019390e-04	1.639455e+00	8.082208e-01	3.553839e-03	1.064665e-02	3.553634e+00	4.872350e-01	4.199534e-05	1.050549e-04	4.158482e-02	4.339333e-01	1.089153e-01	1.576334e-01	3.230829e-01	5.186934e-01	1.003189e+00	1.053026e-04	3.733277e-02	3.349739e-05	4.222758e+01	4.250637e-02	1.801025e+01	5.695648e-01	
4.392109e-03	4.161989e+00	3.017790e-01	3.755515e-03	4.754711e-05	1.615131e+01	2.105948e-02	7.040505e-02	3.262719e-01	4.134207e-05	7.876996e-05	1.633267e+00	8.077148e-01	4.275473e-03	1.282070e-02	3.543344e+00	4.831669e-01	4.721628e-05	1.199496e-04	4.179139e-02	4.332940e-01	1.289544e-01	1.733739e-01	3.086280e-01	4.911754e-01	9.554280e-01	1.130441e-04	3.769955e-02	3.672208e-05	4.174689e+01	4.306581e-02	1.793460e+01	5.665031e-01	
4.392113e-03	4.229742e+00	3.352035e-01	3.423828e-03	4.325153e-05	1.638761e+01	2.069316e-02	6.878380e-02	3.263169e-01	3.979722e-05	8.759629e-05	1.635705e+00	8.071826e-01	4.363016e-03	1.279222e-02	3.572498e+00	4.961721e-01	5.436510e-05	1.375622e-04	4.165381e-02	4.330183e-01	1.237872e-01	1.630358e-01	3.048940e-01	4.835430e-01	9.847140e-01	9.231449e-05	3.750921e-02	4.997642e-05	4.236329e+01	4.226117e-02	1.796112e+01	5.571283e-01	
4.392164e-03	4.243366e+00	2.799841e-01	4.443365e-03	5.609532e-05	1.604174e+01	2.112954e-02	7.041687e-02	3.262486e-01	3.805200e-05	7.146688e-05	1.640170e+00	8.082478e-01	3.760636e-03	1.138852e-02	3.547765e+00	4.873125e-01	4.944004e-05	1.251071e-04	4.244833e-02	4.400202e-01	1.073646e-01	1.456925e-01	3.164654e-01	4.990769e-01	9.611048e-01	3.283536e-04	3.821843e-02	5.128020e-05	4.154280e+01	4.316146e-02	1.853133e+01	5.197342e-01	
4.392193e-03	4.164967e+00	2.962497e-01	4.456247e-03	5.590528e-05	1.613642e+01	2.105034e-02	6.777028e-02	3.263241e-01	4.155234e-05	7.099372e-05	1.635830e+00	8.088343e-01	3.693444e-03	1.120793e-02	3.552406e+00	4.877264e-01	4.037233e-05	1.020319e-04	4.148559e-02	4.348105e-01	1.231278e-01	1.640314e-01	3.311536e-01	5.304784e-01	9.739080e-01	1.031970e-04	3.779537e-02	2.717700e-05	4.183564e+01	4.287830e-02	1.758556e+01	6.052934e-01	
4.392260e-03	4.204465e+00	2.939865e-01	3.854754e-03	4.834012e-05	1.610047e+01	2.109360e-02	6.792360e-02	3.262793e-01	4.008333e-05	1.452447e-04	1.640241e+00	8.078845e-01	3.736651e-03	1.124077e-02	3.570932e+00	4.940847e-01	4.189362e-05	1.054092e-04	4.249448e-02	4.453815e-01	1.099028e-01	1.452813e-01	3.078690e-01	4.972124e-01	9.665377e-01	1.530422e-04	3.771808e-02	3.963142e-05	4.167531e+01	4.307789e-02	1.833869e+01	5.399780e-01	
4.392294e-03	4.167753e+00	2.926120e-01	3.775086e-03	4.737359e-05	1.621796e+01	2.100183e-02	6.810414e-02	3.263446e-01	4.142411e-05	4.592911e-05	1.640833e+00	8.083377e-01	3.627790e-03	1.094696e-02	3.570561e+00	4.937518e-01	4.373776e-05	1.110465e-04	4.323768e-02	4.504645e-01	1.251642e-01	1.553219e-01	3.034167e-01	4.852383e-01	1.007982e+00	9.667886e-05	3.726287e-02	4.240017e-05	4.226700e+01	4.247465e-02	1.779212e+01	5.821333e-01	
4.392322e-03	4.251339e+00	3.361479e-01	3.833834e-03	4.829777e-05	1.627906e+01	2.085867e-02	7.034690e-02	3.262843e-01	3.941844e-05	5.212866e-05	1.634780e+00	8.084745e-01	3.681324e-03	1.109073e-02	3.524513e+00	4.804946e-01	4.274167e-05	1.105147e-04	4.238374e-02	4.360354e-01	1.250600e-01	1.500732e-01	3.084192e-01	4.893549e-01	9.803667e-01	1.491092e-04	3.775302e-02	2.139541e-05	4.236420e+01	4.223399e-02	1.809595e+01	5.647402e-01	
4.392322e-03	4.186172e+00	2.982034e-01	4.136195e-03	5.165983e-05	1.607378e+01	2.107466e-02	6.897515e-02	3.262956e-01	4.036439e-05	1.513748e-04	1.635686e+00	8.080745e-01	4.391777e-03	1.324762e-02	3.535035e+00	4.831594e-01	4.927375e-05	1.211594e-04	4.073043e-02	4.297094e-01	1.201622e-01	1.605075e-01	3.148882e-01	5.059980e-01	9.490337e-01	2.350118e-04	3.782896e-02	2.465455e-05	4.163072e+01	4.301828e-02	1.849435e+01	5.371167e-01	
4.392344e-03	4.129764e+00	2.905722e-01	4.799726e-03	6.034410e-05	1.610619e+01	2.113252e-02	6.629800e-02	3.263536e-01	3.500742e-05	9.579389e-05	1.630792e+00	8.080600e-01	3.409095e-03	1.018045e-02	3.562913e+00	4.915021e-01	3.642911e-05	9.491922e-05	4.354789e-02	4.523280e-01	1.114609e-01	1.505564e-01	3.245528e-01	5.193239e-01	9.796313e-01	3.581279e-04	3.745231e-02	3.564734e-05	4.199301e+01	4.273087e-02	1.780096e+01	5.805463e-01	
4.392384e-03	4.258570e+00	3.285046e-01	4.521242e-03	5.680744e-05	1.620130e+01	2.104266e-02	7.154749e-02	3.262337e-01	4.163616e-05	9.689387e-05	1.642076e+00	8.082215e-01	4.068107e-03	1.239591e-02	3.566518e+00	4.923034e-01	4.387027e-05	1.101687e-04	4.260509e-02	4.442444e-01	1.198831e-01	1.684550e-01	3.272165e-01	5.297298e-01	9.997970e-01	7.311877e-05	3.757070e-02	2.507221e-05	4.205593e+01	4.278477e-02	1.769074e+01	5.809799e-01	
4.392396e-03	4.266800e+00	3.343610e-01	4.009068e-03	5.049192e-05	1.628184e+01	2.085146e-02	7.136180e-02	3.262640e-01	4.090778e-05	5.321782e-05	1.643127e+00	8.083802e-01	3.652889e-03	1.106509e-02	3.566269e+00	4.919098e-01	4.611430e-05	1.185901e-04	4.295442e-02	4.434227e-01	1.099084e-01	1.447478e-01	3.169819e-01	4.984756e-01	1.012930e+00	1.176170e-04	3.745906e-02	3.989906e-05	4.214337e+01	4.250679e-02	1.819547e+01	5.531138e-01	
4.392408e-03	4.307371e+00	3.083833e-01	4.251892e-03	5.371177e-05	1.605725e+01	2.119039e-02	6.644970e-02	3.263031e-01	3.939838e-05	8.788876e-05	1.637948e+00	8.080500e-01	3.126029e-03	9.162467e-03	3.546706e+00	4.857740e-01	3.903021e-05	1.017710e-04	4.292336e-02	4.434866e-01	1.207374e-01	1.677059e-01	3.157176e-01	5.024760e-01	9.705529e-01	1.500363e-04	3.774325e-02	3.254894e-05	4.157036e+01	4.328208e-02	1.778045e+01	5.749339e-01	
4.392451e-03	4.295321e+00	3.407251e-01	3.970252e-03	4.988912e-05	1.624420e+01	2.086290e-02	6.914448e-02	3.262632e-01	4.328957e-05	6.311085e-05	1.641314e+00	8.085466e-01	3.698341e-03	1.123500e-02	3.565484e+00	4.915918e-01	4.502680e-05	1.119395e-04	4.137671e-02	4.338373e-01	1.196086e-01	1.540441e-01	3.175126e-01	5.132099e-01	9.949805e-01	9.843471e-05	3.773426e-02	2.960514e-05	4.239998e+01	4.209834e-02	1.787785e+01	5.614989e-01	
4.392460e-03	4.130597e+00	3.172045e-01	4.186446e-03	5.237165e-05	1.629399e+01	2.097403e-02	6.970954e-02	3.263367e-01	3.909316e-05	7.007479e-05	1.633719e+00	8.081698e-01	3.654687e-03	1.096019e-02	3.551550e+00	4.887767e-01	4.130986e-05	1.080803e-04	4.297220e-02	4.394069e-01	1.161655e-01	1.501042e-01	3.177338e-01	5.108663e-01	9.718114e-01	1.741858e-04	3.758428e-02	2.296817e-05	4.243940e+01	4.240798e-02	1.740423e+01	6.151674e-01	
4.392468e-03	4.229110e+00	3.020664e-01	5.125950e-03	6.484456e-05	1.608379e+01	2.121436e-02	6.591186e-02	3.263844e-01	3.834458e-05	8.054240e-05	1.641791e+00	8.082059e-01	3.149587e-03	9.358644e-03	3.562580e+00	4.912059e-01	4.448495e-05	1.106106e-04	4.172238e-02	4.357488e-01	1.234726e-01	1.822365e-01	3.204729e-01	5.120732e-01	9.822603e-01	1.973042e-04	3.784052e-02	4.487022e-05	4.173048e+01	4.316667e-02	1.742405e+01	5.965827e-01	
4.392559e-03	4.241251e+00	3.255150e-01	4.373492e-03	5.502688e-05	1.622253e+01	2.091570e-02	6.660903e-02	3.263350e-01	3.856356e-05	4.631271e-05	1.634085e+00	8.078672e-01	4.126361e-03	1.224360e-02	3.556832e+00	4.885005e-01	4.903080e-05	1.232089e-04	4.113060e-02	4.287913e-01	1.278117e-01	2.014053e-01	3.103971e-01	4.949183e-01	9.934340e-01	1.281951e-04	3.759062e-02	4.656999e-05	4.191569e+01	4.279377e-02	1.800678e+01	5.621100e-01	
4.392564e-03	4.235384e+00	3.288821e-01	4.071269e-03	5.091070e-05	1.628838e+01	2.089040e-02	6.597482e-02	3.263502e-01	3.565694e-05	4.454080e-05	1.637586e+00	8.081602e-01	3.614201e-03	1.090369e-02	3.594621e+00	5.005929e-01	5.856934e-05	1.480894e-04	4.295580e-02	4.497316e-01	1.229794e-01	1.700378e-01	3.108371e-01	5.025809e-01	9.747243e-01	2.414020e-04	3.812938e-02	4.524202e-05	4.231008e+01	4.240603e-02	1.814023e+01	5.594845e-01	
4.392602e-03	4.196955e+00	3.013320e-01	3.642328e-03	4.558094e-05	1.622023e+01	2.093979e-02	6.884268e-02	3.262824e-01	4.415739e-05	1.199698e-04	1.632959e+00	8.074643e-01	4.209741e-03	1.258313e-02	3.544091e+00	4.871969e-01	4.499025e-05	1.135477e-04	4.143648e-02	4.317524e-01	1.256424e-01	1.405788e-01	3.131827e-01	5.009447e-01	9.463122e-01	1.464485e-04	3.801843e-02	2.753313e-05	4.197273e+01	4.272406e-02	1.848263e+01	5.361836e-01	
4.392609e-03	4.196780e+00	3.190609e-01	3.847562e-03	4.802011e-05	1.615174e+01	2.108944e-02	7.025493e-02	3.263083e-01	4.365678e-05	4.191015e-05	1.637775e+00	8.082842e-01	3.711961e-03	1.108225e-02	3.564485e+00	4.916483e-01	4.558362e-05	1.186616e-04	4.245885e-02	4.383672e-01	1.277550e-01	1.650410e-01	3.134084e-01	5.033373e-01	9.820327e-01	1.291518e-04	3.790365e-02	2.571806e-05	4.207809e+01	4.266980e-02	1.840862e+01	5.495885e-01	
4.392673e-03	4.231843e+00	3.284531e-01	4.265942e-03	5.363537e-05	1.627099e+01	2.084444e-02	6.819475e-02	3.262758e-01	3.844123e-05	7.814813e-05	1.631051e+00	8.082515e-01	4.097003e-03	1.234596e-02	3.550489e+00	4.851498e-01	3.627840e-05	9.159466e-05	4.205405e-02	4.405042e-01	1.217807e-01	1.681431e-01	3.171674e-01	5.170473e-01	9.666711e-01	1.496196e-04	3.755012e-02	2.848406e-05	4.228973e+01	4.228248e-02	1.825927e+01	5.454677e-01	
4.392846e-03	4.179604e+00	2.836395e-01	4.315891e-03	5.401830e-05	1.603287e+01	2.123686e-02	6.819208e-02	3.262914e-01	3.803551e-05	1.200261e-04	1.635360e+00	8.080664e-01	3.951741e-03	1.175431e-02	3.534117e+00	4.836982e-01	3.766646e-05	9.621731e-05	4.328573e-02	4.532248e-01	1.186662e-01	1.568985e-01	3.134403e-01	5.029420e-01	9.842378e-01	2.183352e-04	3.731532e-02	2.912050e-05	4.165224e+01	4.318338e-02	1.808078e+01	5.664164e-01	
4.393111e-03	4.169475e+00	3.112637e-01	4.096544e-03	5.132817e-05	1.610002e+01	2.113314e-02	6.678067e-02	3.263741e-01	3.858557e-05	1.113423e-04	1.639807e+00	8.081516e-01	3.337616e-03	9.999234e-03	3.568878e+00	4.931297e-01	5.211763e-05	1.333737e-04	4.317173e-02	4.496222e-01	1.032225e-01	1.208921e-01	3.112623e-01	5.005332e-01	9.699059e-01	2.963509e-04	3.781844e-02	4.704542e-05	4.189706e+01	4.284938e-02	1.753721e+01	5.880898e-01	
4.393142e-03	4.245747e+00	3.166340e-01	4.195992e-03	5.274433e-05	1.614006e+01	2.103005e-02	7.076424e-02	3.262859e-01	4.167913e-05	8.687686e-05	1.637467e+00	8.082258e-01	3.735739e-03	1.114035e-02	3.534011e+00	4.814053e-01	3.838114e-05	1.002010e-04	4.316564e-02	4.442992e-01	1.078232e-01	1.456175e-01	3.202590e-01	5.093153e-01	9.848670e-01	2.332812e-04	3.795787e-02	3.205929e-05	4.195773e+01	4.271274e-02	1.795980e+01	5.743460e-01	
4.393148e-03	4.272144e+00	3.059960e-01	4.106456e-03	5.141613e-05	1.607809e+01	2.111218e-02	6.856134e-02	3.263140e-01	4.470352e-05	7.174560e-05	1.638297e+00	8.085646e-01	3.485894e-03	1.039512e-02	3.535362e+00	4.826362e-01	3.521533e-05	8.674078e-05	4.030517e-02	4.259631e-01	1.189244e-01	1.701267e-01	3.150411e-01	4.918398e-01	9.834750e-01	1.176694e-04	3.740414e-02	2.333837e-05	4.186367e+01	4.282958e-02	1.761245e+01	5.950973e-01	
4.393159e-03	4.275972e+00	3.209544e-01	3.830539e-03	4.800556e-05	1.616935e+01	2.101571e-02	7.072742e-02	3.262778e-01	4.182035e-05	6.055793e-05	1.647656e+00	8.087205e-01	3.876444e-03	1.183000e-02	3.557621e+00	4.888202e-01	5.200086e-05	1.304354e-04	4.159649e-02	4.361131e-01	1.127715e-01	1.532998e-01	3.119898e-01	4.903385e-01	1.003674e+00	9.922747e-05	3.759878e-02	3.451427e-05	4.186888e+01	4.281422e-02	1.776739e+01	5.798319e-01	
4.393177e-03	4.281540e+00	3.618439e-01	3.885502e-03	4.919266e-05	1.615410e+01	2.101950e-02	6.843415e-02	3.263030e-01	4.192211e-05	8.006711e-05	1.639978e+00	8.082141e-01	3.793788e-03	1.140656e-02	3.575820e+00	4.942543e-01	5.357970e-05	1.376328e-04	4.229226e-02	4.373632e-01	1.199352e-01	1.569730e-01	3.143312e-01	5.100895e-01	9.878339e-01	1.549729e-04	3.785922e-02	3.702688e-05	4.203054e+01	4.262736e-02	1.800239e+01	5.501291e-01	
4.393190e-03	4.415498e+00	3.319416e-01	4.093602e-03	5.128235e-05	1.614517e+01	2.102618e-02	6.759829e-02	3.262857e-01	4.370308e-05	4.985893e-05	1.640194e+00	8.090324e-01	3.432008e-03	1.056493e-02	3.548659e+00	4.873829e-01	3.542087e-05	8.599120e-05	4.055573e-02	4.268027e-01	1.241214e-01	1.589409e-01	3.200683e-01	5.144732e-01	9.667354e-01	1.297226e-04	3.824436e-02	1.647633e-05	4.205994e+01	4.256578e-02	1.798239e+01	5.718257e-01	
4.393288e-03	4.281614e+00	3.349907e-01	4.761894e-03	5.990969e-05	1.620783e+01	2.101602e-02	6.880006e-02	3.262724e-01	4.180908e-05	8.570739e-05	1.633776e+00	8.082340e-01	3.704904e-03	1.119150e-02	3.547934e+00	4.873168e-01	3.574024e-05	8.915826e-05	4.136296e-02	4.318182e-01	1.216555e-01	1.781784e-01	3.307633e-01	5.382849e-01	9.671868e-01	1.123703e-04	3.781214e-02	2.454006e-05	4.210308e+01	4.266269e-02	1.802334e+01	5.599690e-01	
4.393360e-03	4.292008e+00	3.247391e-01	3.595262e-03	4.504164e-05	1.620487e+01	2.089474e-02	7.112706e-02	3.262730e-01	4.165680e-05	6.298065e-05	1.639200e+00	8.084982e-01	3.547696e-03	1.064661e-02	3.562040e+00	4.907075e-01	4.369144e-05	1.100006e-04	4.253654e-02	4.430573e-01	1.167675e-01	1.636660e-01	3.141011e-01	4.958676e-01	1.009435e+00	1.010987e-04	3.770676e-02	2.390973e-05	4.197111e+01	4.264212e-02	1.787143e+01	5.702517e-01	
4.393367e-03	4.168564e+00	2.943982e-01	4.662754e-03	5.899165e-05	1.601507e+01	2.131229e-02	7.000959e-02	3.262405e-01	4.000012e-05	7.042048e-05	1.632892e+00	8.079401e-01	3.741360e-03	1.113815e-02	3.561597e+00	4.906649e-01	3.738948e-05	9.491480e-05	4.148780e-02	4.306086e-01	1.299491e-01	1.923329e-01	3.253570e-01	5.341346e-01	9.692918e-01	1.346392e-04	3.774730e-02	3.501885e-05	4.160888e+01	4.332121e-02	1.864875e+01	5.194098e-01	
4.393405e-03	4.087087e+00	3.190841e-01	4.051311e-03	5.104130e-05	1.623751e+01	2.097863e-02	6.985341e-02	3.263372e-01	3.908203e-05	9.281706e-05	1.633446e+00	8.079054e-01	4.221951e-03	1.269546e-02	3.557341e+00	4.889240e-01	4.866879e-05	1.273041e-04	4.298706e-02	4.397883e-01	1.168360e-01	1.447145e-01	3.127984e-01	5.085542e-01	9.921606e-01	1.761442e-04	3.744346e-02	3.373170e-05	4.229379e+01	4.245253e-02	1.811562e+01	5.601170e-01	
4.393406e-03	4.141114e+00	2.727666e-01	4.470827e-03	5.552270e-05	1.606413e+01	2.119343e-02	6.940767e-02	3.263140e-01	4.294139e-05	8.649669e-05	1.634384e+00	8.079246e-01	3.591184e-03	1.065683e-02	3.541995e+00	4.864730e-01	3.742895e-05	9.794744e-05	4.335793e-02	4.442517e-01	1.140345e-01	1.469260e-01	3.174428e-01	5.073420e-01	9.930947e-01	1.710047e-04	3.714717e-02	3.228504e-05	4.186368e+01	4.291325e-02	1.835117e+01	5.520694e-01	
4.393458e-03	4.217983e+00	3.457102e-01	3.575363e-03	4.499795e-05	1.630623e+01	2.084294e-02	6.605926e-02	3.263922e-01	3.941112e-05	9.430414e-05	1.630369e+00	8.078991e-01	4.128575e-03	1.227818e-02	3.570781e+00	4.933296e-01	5.274575e-05	1.318065e-04	4.124180e-02	4.332317e-01	1.272788e-01	1.642059e-01	3.126278e-01	4.995158e-01	9.673426e-01	1.774297e-04	3.802016e-02	3.371566e-05	4.219586e+01	4.253836e-02	1.841136e+01	5.277401e-01	
4.393564e-03	4.262237e+00	3.229360e-01	4.168276e-03	5.264325e-05	1.627525e+01	2.078120e-02	7.222643e-02	3.261890e-01	4.347403e-05	6.387309e-05	1.638315e+00	8.075562e-01	4.846172e-03	1.465243e-02	3.570089e+00	4.933717e-01	4.500948e-05	1.143613e-04	4.206212e-02	4.342070e-01	1.135581e-01	1.508265e-01	3.218925e-01	5.127841e-01	9.731114e-01	1.619452e-04	3.784678e-02	4.841817e-05	4.215634e+01	4.236087e-02	1.838641e+01	5.445214e-01	
4.393613e-03	4.196210e+00	2.937609e-01	4.393291e-03	5.521515e-05	1.608447e+01	2.120791e-02	6.453839e-02	3.264052e-01	3.895074e-05	7.679401e-05	1.635782e+00	8.086786e-01	3.197620e-03	9.647354e-03	3.535313e+00	4.847118e-01	4.402622e-05	1.081357e-04	4.076188e-02	4.270368e-01	1.225162e-01	1.635886e-01	3.179121e-01	5.151468e-01	9.687554e-01	1.471613e-04	3.780166e-02	3.443765e-05	4.184705e+01	4.295796e-02	1.785492e+01	5.784770e-01	
4.393645e-03	4.234569e+00	3.254580e-01	4.384587e-03	5.500421e-05	1.623349e+01	2.094098e-02	6.812781e-02	3.262514e-01	3.990073e-05	9.038119e-05	1.634193e+00	8.072868e-01	3.554245e-03	1.050561e-02	3.542857e+00	4.878442e-01	3.954616e-05	1.030679e-04	4.279759e-02	4.396144e-01	1.211545e-01	1.515398e-01	3.206066e-01	5.156950e-01	9.485378e-01	2.546423e-04	3.800055e-02	2.671144e-05	4.214529e+01	4.252169e-02	1.840068e+01	5.376427e-01	
4.393648e-03	4.196179e+00	3.319760e-01	4.276752e-03	5.386671e-05	1.613791e+01	2.102724e-02	6.841237e-02	3.263354e-01	3.853362e-05	7.262816e-05	1.642605e+00	8.080477e-01	3.658919e-03	1.098287e-02	3.568019e+00	4.939821e-01	4.757834e-05	1.208504e-04	4.252776e-02	4.433137e-01	1.006216e-01	1.225874e-01	3.221388e-01	4.994444e-01	9.919019e-01	2.603619e-04	3.731651e-02	4.145060e-05	4.181079e+01	4.284836e-02	1.824959e+01	5.478326e-01	
4.393685e-03	4.289879e+00	3.540800e-01	3.926427e-03	4.954359e-05	1.626995e+01	2.081836e-02	6.846780e-02	3.263189e-01	4.464649e-05	7.908638e-05	1.636994e+00	8.072610e-01	3.878493e-03	1.129727e-02	3.560676e+00	4.909064e-01	4.680290e-05	1.235948e-04	4.279291e-02	4.355971e-01	1.215904e-01	1.579662e-01	3.118866e-01	5.076894e-01	9.775085e-01	1.107967e-04	3.813621e-02	4.337949e-05	4.220260e+01	4.236314e-02	1.719320e+01	6.041478e-01	
4.393750e-03	4.156405e+00	3.287487e-01	3.818596e-03	4.803362e-05	1.637939e+01	2.066612e-02	6.988580e-02	3.262947e-01	3.796058e-05	1.037763e-04	1.632506e+00	8.078184e-01	4.298316e-03	1.290160e-02	3.541123e+00	4.847139e-01	4.431749e-05	1.129541e-04	4.168830e-02	4.312735e-01	1.190082e-01	1.596260e-01	3.083650e-01	4.825976e-01	1.007425e+00	1.401284e-04	3.693339e-02	3.681916e-05	4.250789e+01	4.194102e-02	1.753708e+01	6.068333e-01	
4.393768e-03	4.213498e+00	3.535599e-01	4.304237e-03	5.377040e-05	1.614191e+01	2.104255e-02	6.745773e-02	3.263597e-01	3.995309e-05	9.102362e-05	1.637675e+00	8.076831e-01	3.807079e-03	1.121008e-02	3.560972e+00	4.887715e-01	4.599581e-05	1.184530e-04	4.226817e-02	4.410026e-01	1.122288e-01	1.584407e-01	3.191072e-01	5.067055e-01	9.868882e-01	1.417884e-04	3.755897e-02	2.664411e-05	4.184102e+01	4.284228e-02	1.737201e+01	6.098482e-01	
4.393856e-03	4.280728e+00	3.266443e-01	4.876632e-03	6.141617e-05	1.604092e+01	2.122321e-02	6.426118e-02	3.263986e-01	3.910406e-05	7.774104e-05	1.642128e+00	8.087163e-01	3.154778e-03	9.561439e-03	3.544768e+00	4.876877e-01	4.093843e-05	9.872147e-05	4.100541e-02	4.363229e-01	1.132503e-01	1.506934e-01	3.295955e-01	5.294580e-01	9.772169e-01	2.761037e-04	3.797536e-02	3.563989e-05	4.174149e+01	4.302931e-02	1.867270e+01	5.118362e-01	
4.393903e-03	4.322451e+00	3.337638e-01	3.874483e-03	4.882832e-05	1.616460e+01	2.098037e-02	7.149333e-02	3.262266e-01	4.532119e-05	7.493414e-05	1.636313e+00	8.078509e-01	4.226100e-03	1.278132e-02	3.567278e+00	4.906982e-01	4.046003e-05	1.020160e-04	4.243217e-02	4.384421e-01	1.224749e-01	1.662018e-01	3.124816e-01	4.977708e-01	9.901940e-01	1.213492e-04	3.772034e-02	3.750025e-05	4.195533e+01	4.270410e-02	1.788455e+01	5.646825e-01	
4.393937e-03	4.211587e+00	2.966067e-01	4.452410e-03	5.617165e-05	1.614841e+01	2.099123e-02	6.752929e-02	3.263360e-01	3.783998e-05	6.882816e-05	1.635388e+00	8.076598e-01	4.145229e-03	1.242798e-02	3.540961e+00	4.863976e-01	4.584662e-05	1.132030e-04	4.109714e-02	4.289581e-01	1.291415e-01	1.744889e-01	3.191442e-01	5.002826e-01	9.603455e-01	3.713510e-04	3.769716e-02	4.227217e-05	4.178067e+01	4.290019e-02	1.821604e+01	5.432693e-01	
4.393950e-03	4.217005e+00	3.069178e-01	4.288581e-03	5.388293e-05	1.629393e+01	2.080860e-02	7.122219e-02	3.262503e-01	4.328615e-05	4.791497e-05	1.636942e+00	8.075490e-01	4.003289e-03	1.182527e-02	3.547114e+00	4.873491e-01	3.331517e-05	8.696404e-05	4.206785e-02	4.314698e-01	1.204101e-01	1.601883e-01	3.119366e-01	4.912469e-01	9.951887e-01	8.578408e-05	3.707977e-02	2.031797e-05	4.240454e+01	4.210157e-02	1.858258e+01	5.225225e-01	
4.394044e-03	4.240740e+00	3.108420e-01	4.466122e-03	5.634922e-05	1.616701e+01	2.103533e-02	6.484051e-02	3.263792e-01	3.689040e-05	7.735098e-05	1.639320e+00	8.082094e-01	3.190018e-03	9.539306e-03	3.555987e+00	4.912890e-01	4.102671e-05	1.039126e-04	4.386927e-02	4.590173e-01	1.026389e-01	1.260142e-01	3.114247e-01	5.030180e-01	9.866357e-01	3.095772e-04	3.778474e-02	5.377676e-05	4.195089e+01	4.274399e-02	1.834294e+01	5.356122e-01	
4.394058e-03	4.252401e+00	3.009177e-01	4.262971e-03	5.375321e-05	1.612471e+01	2.105458e-02	6.838275e-02	3.262799e-01	4.070492e-05	7.679260e-05	1.638670e+00	8.077121e-01	3.535502e-03	1.052088e-02	3.546251e+00	4.864714e-01	5.410001e-05	1.330753e-04	4.119697e-02	4.331763e-01	1.157773e-01	1.548991e-01	3.263191e-01	5.248928e-01	9.533185e-01	1.364526e-04	3.794038e-02	4.777279e-05	4.185146e+01	4.282906e-02	1.791948e+01	5.555829e-01	
4.394096e-03	4.226755e+00	3.192784e-01	3.619875e-03	4.514798e-05	1.624873e+01	2.095941e-02	7.029950e-02	3.262996e-01	3.977335e-05	1.550323e-04	1.637499e+00	8.080095e-01	3.760781e-03	1.121988e-02	3.549324e+00	4.888820e-01	5.160655e-05	1.320230e-04	4.280316e-02	4.451704e-01	1.129428e-01	1.438388e-01	3.112582e-01	4.926803e-01	9.689545e-01	1.228964e-04	3.796071e-02	2.831306e-05	4.202289e+01	4.275453e-02	1.834381e+01	5.521074e-01	
4.394222e-03	4.288527e+00	3.004550e-01	3.966156e-03	4.991437e-05	1.619055e+01	2.086966e-02	6.806059e-02	3.262775e-01	3.698293e-05	7.596004e-05	1.641139e+00	8.080684e-01	3.687355e-03	1.099490e-02	3.534307e+00	4.819274e-01	5.030278e-05	1.279790e-04	4.256549e-02	4.449740e-01	1.181301e-01	1.557173e-01	3.169016e-01	5.091091e-01	9.644544e-01	1.810122e-04	3.805249e-02	3.382450e-05	4.195396e+01	4.254037e-02	1.774365e+01	5.932489e-01	
4.394679e-03	4.135459e+00	3.252490e-01	4.154658e-03	5.223852e-05	1.626644e+01	2.089560e-02	6.873835e-02	3.262859e-01	3.801300e-05	1.289530e-04	1.629740e+00	8.073115e-01	4.085040e-03	1.221573e-02	3.545328e+00	4.868224e-01	4.813984e-05	1.199061e-04	4.195829e-02	4.386242e-01	1.227656e-01	1.494087e-01	3.212585e-01	5.227319e-01	9.451574e-01	2.655745e-04	3.796283e-02	3.760170e-05	4.221346e+01	4.243451e-02	1.805407e+01	5.659717e-01	
4.394749e-03	4.124118e+00	3.025125e-01	4.053901e-03	5.126566e-05	1.631947e+01	2.086877e-02	6.848089e-02	3.263599e-01	4.278762e-05	6.416544e-05	1.634186e+00	8.077148e-01	4.376900e-03	1.306145e-02	3.549976e+00	4.862612e-01	5.055466e-05	1.291108e-04	4.155036e-02	4.287787e-01	1.201700e-01	1.552456e-01	3.098774e-01	4.956345e-01	9.764192e-01	1.272477e-04	3.748383e-02	4.756212e-05	4.250594e+01	4.214742e-02	1.812295e+01	5.560045e-01	
4.395003e-03	4.173037e+00	2.694002e-01	4.679675e-03	5.858180e-05	1.598323e+01	2.128731e-02	6.692767e-02	3.263030e-01	3.940238e-05	7.907191e-05	1.640772e+00	8.078051e-01	3.477612e-03	1.035793e-02	3.556634e+00	4.900928e-01	4.444169e-05	1.152832e-04	4.331242e-02	4.483522e-01	1.097028e-01	1.544327e-01	3.072799e-01	4.970381e-01	9.792652e-01	2.194300e-04	3.751910e-02	6.573879e-05	4.152919e+01	4.328784e-02	1.923985e+01	4.931696e-01	
4.395011e-03	4.189283e+00	3.032838e-01	3.878496e-03	4.870411e-05	1.624760e+01	2.087372e-02	6.804553e-02	3.263321e-01	4.038500e-05	1.103137e-04	1.636123e+00	8.076399e-01	4.054163e-03	1.204838e-02	3.560788e+00	4.927002e-01	5.044610e-05	1.264445e-04	4.194262e-02	4.364678e-01	1.134703e-01	1.486038e-01	3.111876e-01	4.890014e-01	9.642799e-01	1.620238e-04	3.777654e-02	3.670381e-05	4.209095e+01	4.252877e-02	1.831592e+01	5.398239e-01	
4.395193e-03	4.287081e+00	3.282315e-01	4.059153e-03	5.110052e-05	1.610987e+01	2.114537e-02	6.547437e-02	3.263056e-01	4.080034e-05	8.984221e-05	1.638012e+00	8.079540e-01	3.600127e-03	1.092000e-02	3.553337e+00	4.891228e-01	4.048870e-05	1.023284e-04	4.323688e-02	4.514474e-01	1.245151e-01	1.653812e-01	3.165761e-01	5.133618e-01	9.808281e-01	1.236812e-04	3.779461e-02	3.000764e-05	4.182498e+01	4.297927e-02	1.860409e+01	5.184675e-01	
4.395276e-03	4.263370e+00	3.314589e-01	4.051039e-03	5.104610e-05	1.605596e+01	2.114120e-02	7.092614e-02	3.262237e-01	4.295138e-05	9.799501e-05	1.638899e+00	8.084165e-01	3.616406e-03	1.090986e-02	3.542774e+00	4.848810e-01	4.134691e-05	1.000446e-04	4.031022e-02	4.257320e-01	1.157195e-01	1.705135e-01	3.257107e-01	5.103705e-01	9.880747e-01	7.826192e-05	3.740788e-02	1.783160e-05	4.166339e+01	4.304203e-02	1.783897e+01	5.823155e-01	
4.395690e-03	4.254953e+00	3.026509e-01	3.802199e-03	4.765805e-05	1.620990e+01	2.095241e-02	7.064943e-02	3.262840e-01	4.185270e-05	6.540991e-05	1.641609e+00	8.078253e-01	4.338475e-03	1.310779e-02	3.567278e+00	4.929924e-01	5.211311e-05	1.351538e-04	4.384201e-02	4.510593e-01	1.120944e-01	1.481116e-01	3.111344e-01	4.909297e-01	9.944439e-01	1.253316e-04	3.777684e-02	4.782658e-05	4.193404e+01	4.275955e-02	1.835177e+01	5.353303e-01	
4.395725e-03	4.265168e+00	3.057912e-01	4.559184e-03	5.737924e-05	1.608045e+01	2.109462e-02	6.612698e-02	3.263068e-01	3.929276e-05	6.828239e-05	1.633192e+00	8.080221e-01	3.161747e-03	9.424631e-03	3.550832e+00	4.872431e-01	4.087855e-05	1.025603e-04	4.161538e-02	4.346586e-01	1.199743e-01	1.534282e-01	3.304724e-01	5.374218e-01	9.518859e-01	2.000792e-04	3.801729e-02	2.702639e-05	4.176570e+01	4.284403e-02	1.837152e+01	5.303011e-01	
4.395809e-03	4.267904e+00	2.914193e-01	4.137824e-03	5.163358e-05	1.604300e+01	2.116329e-02	6.621892e-02	3.263613e-01	4.109449e-05	1.141854e-04	1.638923e+00	8.083866e-01	3.387612e-03	9.997983e-03	3.548603e+00	4.854398e-01	4.316301e-05	1.085728e-04	4.173362e-02	4.410334e-01	1.167954e-01	1.513526e-01	3.165832e-01	5.050493e-01	9.886998e-01	1.291863e-04	3.750368e-02	3.097588e-05	4.157695e+01	4.312518e-02	1.747612e+01	6.147243e-01	
4.395915e-03	4.198653e+00	3.539935e-01	4.199083e-03	5.284681e-05	1.625468e+01	2.090122e-02	6.556497e-02	3.264019e-01	3.703567e-05	6.812821e-05	1.635995e+00	8.083248e-01	3.532338e-03	1.069893e-02	3.569553e+00	4.911555e-01	4.875586e-05	1.245990e-04	4.301977e-02	4.455143e-01	1.124012e-01	1.581053e-01	3.133462e-01	4.984927e-01	1.001257e+00	1.763860e-04	3.757402e-02	4.822094e-05	4.234210e+01	4.231247e-02	1.826676e+01	5.387715e-01	
4.395994e-03	4.289378e+00	3.427217e-01	3.802891e-03	4.775044e-05	1.635475e+01	2.071737e-02	6.763232e-02	3.263143e-01	3.906883e-05	7.370789e-05	1.636870e+00	8.079624e-01	3.819398e-03	1.149011e-02	3.551685e+00	4.837971e-01	6.127634e-05	1.474016e-04	4.013972e-02	4.261509e-01	1.176404e-01	1.622521e-01	3.129831e-01	4.976892e-01	9.585009e-01	1.348377e-04	3.822745e-02	3.510923e-05	4.217252e+01	4.239712e-02	1.793229e+01	5.750723e-01	
4.396021e-03	4.076489e+00	2.895925e-01	4.249880e-03	5.324856e-05	1.619715e+01	2.099688e-02	7.007652e-02	3.262645e-01	3.850273e-05	8.762619e-05	1.633250e+00	8.076357e-01	4.028899e-03	1.201693e-02	3.571197e+00	4.963028e-01	4.023332e-05	1.038325e-04	4.335641e-02	4.507309e-01	1.156991e-01	1.527444e-01	3.043914e-01	4.842667e-01	9.950817e-01	1.975765e-04	3.690880e-02	3.741253e-05	4.215328e+01	4.254302e-02	1.855975e+01	5.239211e-01	
4.397993e-03	4.167839e+00	2.885584e-01	4.037777e-03	5.030076e-05	1.615508e+01	2.103232e-02	6.750114e-02	3.263501e-01	4.086584e-05	1.192713e-04	1.639850e+00	8.083032e-01	3.413645e-03	1.013572e-02	3.575354e+00	4.965855e-01	4.354924e-05	1.065326e-04	4.173779e-02	4.439298e-01	1.091935e-01	1.391251e-01	3.245782e-01	5.199684e-01	9.705545e-01	8.691537e-05	3.774845e-02	3.136545e-05	4.197662e+01	4.274037e-02	1.820527e+01	5.584316e-01	
