f	x(1)	x(2)	x(3)	x(4)	x(5)	x(6)	x(7)	x(8)	x(9)	x(10)	x(11)	x(12)	x(13)	x(14)	x(15)	x(16)	x(17)	x(18)	x(19)	x(20)	x(21)	x(22)	x(23)	x(24)	x(25)	x(26)	x(27)	x(28)	x(29)	x(30)	x(31)	x(32)	
2.268040e-03	2.868093e+00	4.371763e-01	2.125203e+00	2.797678e-02	1.399804e+01	2.522660e-02	2.821874e-02	3.267621e-01	1.711108e+00	2.865710e-03	1.769154e-01	6.613435e-01	2.700879e-01	7.901144e-01	2.679925e+00	2.776558e-01	2.401233e+00	9.316217e+02	2.905199e-02	5.913820e-01	1.067479e-05	1.002240e-05	1.515214e-05	1.871433e-05	9.821251e-04	1.399790e-04	5.700272e-02	2.999944e-04	3.603645e+01	5.300838e-02	1.069285e+01	1.343562e+00	
2.268323e-03	2.821161e+00	5.571645e-01	2.111159e+00	2.781905e-02	1.397144e+01	2.524411e-02	3.096742e-02	3.267134e-01	1.695276e+00	2.830169e-03	1.866292e-01	6.611117e-01	2.725156e-01	8.199326e-01	2.665770e+00	2.751400e-01	2.371114e+00	9.448169e+02	2.950472e-02	5.981839e-01	1.066302e-05	1.016999e-05	1.419607e-05	1.735486e-05	1.401847e-03	1.274686e-04	5.691021e-02	2.952912e-04	3.606631e+01	5.292379e-02	1.079807e+01	1.328738e+00	
2.269186e-03	2.730452e+00	3.829222e-01	2.136969e+00	2.828262e-02	1.393754e+01	2.537406e-02	2.710340e-02	3.268568e-01	1.723651e+00	2.372349e-03	1.663898e-01	6.597410e-01	2.744099e-01	8.099492e-01	2.698499e+00	2.801423e-01	2.340062e+00	9.420452e+02	2.938863e-02	5.878080e-01	1.064156e-05	1.004007e-05	1.406327e-05	1.712135e-05	1.606897e-03	1.300648e-04	5.680451e-02	2.797061e-04	3.607855e+01	5.300210e-02	1.083886e+01	1.309236e+00	
2.269807e-03	2.770866e+00	5.416436e-01	2.198200e+00	2.900626e-02	1.391012e+01	2.544024e-02	2.990466e-02	3.267828e-01	1.705875e+00	2.349479e-03	1.769533e-01	6.623177e-01	2.693040e-01	8.065841e-01	2.676773e+00	2.765489e-01	2.419532e+00	9.433413e+02	2.868387e-02	5.845371e-01	1.053198e-05	1.004347e-05	1.454331e-05	1.797799e-05	1.676946e-03	1.291225e-04	5.647557e-02	3.324084e-04	3.595201e+01	5.324278e-02	1.065835e+01	1.354409e+00	
2.270962e-03	2.754998e+00	4.839484e-01	2.152380e+00	2.846756e-02	1.397751e+01	2.531928e-02	2.813116e-02	3.268505e-01	1.702269e+00	2.546118e-03	1.852701e-01	6.615842e-01	2.709529e-01	8.118605e-01	2.688554e+00	2.782977e-01	2.453831e+00	9.412601e+02	2.796687e-02	5.756112e-01	1.058600e-05	1.008927e-05	1.431805e-05	1.747877e-05	1.497879e-03	1.292001e-04	5.667261e-02	2.166508e-04	3.600974e+01	5.314179e-02	1.068804e+01	1.338622e+00	
2.271292e-03	2.835237e+00	4.628294e-01	2.148779e+00	2.847839e-02	1.399697e+01	2.520786e-02	2.784939e-02	3.267925e-01	1.699261e+00	2.318415e-03	1.895821e-01	6.620929e-01	2.694646e-01	8.015799e-01	2.675930e+00	2.770889e-01	2.470555e+00	9.414875e+02	2.807437e-02	5.848482e-01	1.056923e-05	1.016560e-05	1.413721e-05	1.730946e-05	1.629869e-03	1.350753e-04	5.747625e-02	1.774874e-04	3.598387e+01	5.309054e-02	1.095525e+01	1.291620e+00	
2.271433e-03	2.921282e+00	4.724727e-01	2.120200e+00	2.802041e-02	1.390989e+01	2.535696e-02	2.971930e-02	3.267305e-01	1.694417e+00	2.549860e-03	1.877051e-01	6.616128e-01	2.711503e-01	8.147176e-01	2.688404e+00	2.788624e-01	2.420054e+00	9.422854e+02	2.859811e-02	5.824786e-01	1.077574e-05	1.010678e-05	1.407580e-05	1.729103e-05	1.330810e-03	1.301492e-04	5.739244e-02	3.771824e-04	3.589258e+01	5.319650e-02	1.082931e+01	1.310514e+00	
2.271586e-03	2.792961e+00	5.924489e-01	2.124554e+00	2.791424e-02	1.398052e+01	2.530976e-02	2.660064e-02	3.268235e-01	1.721911e+00	2.523851e-03	1.660902e-01	6.614052e-01	2.691320e-01	7.819662e-01	2.676924e+00	2.763533e-01	2.447368e+00	9.403677e+02	2.856197e-02	5.908215e-01	1.065564e-05	1.004484e-05	1.486491e-05	1.826978e-05	1.003119e-03	1.297172e-04	5.613516e-02	2.478832e-04	3.605385e+01	5.308408e-02	1.117370e+01	1.269158e+00	
2.271865e-03	2.745290e+00	4.387909e-01	2.109039e+00	2.791141e-02	1.394949e+01	2.543242e-02	2.831031e-02	3.268413e-01	1.713200e+00	2.374967e-03	1.747465e-01	6.631914e-01	2.674373e-01	7.992476e-01	2.687797e+00	2.788499e-01	2.356070e+00	9.372632e+02	2.964013e-02	5.986900e-01	1.060733e-05	1.019582e-05	1.603674e-05	1.958192e-05	1.379639e-03	1.425225e-04	5.696799e-02	1.568200e-04	3.593405e+01	5.341045e-02	1.076408e+01	1.325555e+00	
2.271915e-03	2.814652e+00	6.455034e-01	2.059305e+00	2.710752e-02	1.397962e+01	2.523971e-02	2.916289e-02	3.267846e-01	1.707559e+00	2.405795e-03	1.754534e-01	6.616441e-01	2.696306e-01	7.954973e-01	2.675268e+00	2.762347e-01	2.334519e+00	9.386153e+02	2.980962e-02	5.969752e-01	1.058100e-05	1.013441e-05	1.503227e-05	1.846229e-05	1.532912e-03	1.248136e-04	5.727420e-02	1.629262e-04	3.616361e+01	5.274383e-02	1.123549e+01	1.261487e+00	
2.272124e-03	2.728591e+00	6.260154e-01	2.095053e+00	2.769998e-02	1.388704e+01	2.557592e-02	2.650934e-02	3.268989e-01	1.711204e+00	1.924710e-03	1.764111e-01	6.606362e-01	2.728372e-01	8.083139e-01	2.680587e+00	2.784980e-01	2.448298e+00	9.387059e+02	2.866146e-02	5.924247e-01	1.063966e-05	1.020665e-05	1.361450e-05	1.661153e-05	1.252408e-03	1.327963e-04	5.661854e-02	2.856934e-04	3.612130e+01	5.311011e-02	1.105139e+01	1.280293e+00	
2.272300e-03	2.793712e+00	4.869128e-01	1.995909e+00	2.629983e-02	1.394421e+01	2.536735e-02	2.917327e-02	3.267713e-01	1.697179e+00	2.315345e-03	1.880237e-01	6.614573e-01	2.719147e-01	8.245675e-01	2.681679e+00	2.768920e-01	2.428013e+00	9.451578e+02	2.907285e-02	6.038747e-01	1.052027e-05	1.012957e-05	1.397735e-05	1.677544e-05	1.528886e-03	1.357826e-04	5.703177e-02	1.598593e-04	3.596907e+01	5.322148e-02	1.070711e+01	1.338632e+00	
2.272986e-03	2.804657e+00	7.264027e-01	2.197542e+00	2.891072e-02	1.389149e+01	2.546065e-02	2.887229e-02	3.267495e-01	1.700310e+00	2.498064e-03	1.805630e-01	6.609109e-01	2.709555e-01	7.956485e-01	2.689582e+00	2.794915e-01	2.364749e+00	9.400081e+02	2.988175e-02	6.043699e-01	1.064179e-05	1.004660e-05	1.591542e-05	1.963648e-05	1.788254e-03	1.161626e-04	5.657582e-02	2.622381e-04	3.594229e+01	5.324765e-02	1.124642e+01	1.256012e+00	
2.273082e-03	2.882276e+00	4.051598e-01	2.103294e+00	2.782362e-02	1.394584e+01	2.534719e-02	2.821787e-02	3.268159e-01	1.717871e+00	2.568327e-03	1.769926e-01	6.628477e-01	2.685944e-01	8.059508e-01	2.690004e+00	2.785652e-01	2.373833e+00	9.384580e+02	2.933714e-02	5.956624e-01	1.071376e-05	1.020252e-05	1.538446e-05	1.876553e-05	1.684362e-03	1.321280e-04	5.813786e-02	1.185498e-04	3.609349e+01	5.294758e-02	1.057818e+01	1.357658e+00	
2.273184e-03	2.801050e+00	5.087135e-01	2.065072e+00	2.727137e-02	1.396627e+01	2.536146e-02	2.871855e-02	3.268001e-01	1.708052e+00	2.553594e-03	1.752437e-01	6.616296e-01	2.704116e-01	8.002233e-01	2.705336e+00	2.819684e-01	2.390722e+00	9.331569e+02	2.908306e-02	5.884874e-01	1.066997e-05	1.008691e-05	1.439506e-05	1.765952e-05	8.810194e-04	1.228740e-04	5.638772e-02	3.401519e-04	3.609928e+01	5.305340e-02	1.086689e+01	1.308491e+00	
2.273259e-03	2.914284e+00	5.669959e-01	2.166084e+00	2.861139e-02	1.393147e+01	2.542352e-02	3.168937e-02	3.266789e-01	1.702270e+00	2.621730e-03	1.848692e-01	6.622153e-01	2.691004e-01	8.006240e-01	2.687673e+00	2.792215e-01	2.323599e+00	9.397930e+02	3.005630e-02	6.010887e-01	1.076127e-05	1.010867e-05	1.567078e-05	1.902275e-05	9.301097e-04	1.285032e-04	5.721677e-02	6.329564e-04	3.594442e+01	5.333006e-02	1.082767e+01	1.320093e+00	
2.273528e-03	2.845971e+00	5.453249e-01	2.327679e+00	3.096635e-02	1.395181e+01	2.529464e-02	2.853751e-02	3.268064e-01	1.719761e+00	2.422619e-03	1.725644e-01	6.635800e-01	2.663759e-01	7.904621e-01	2.649302e+00	2.722501e-01	2.442237e+00	9.369713e+02	2.864506e-02	5.925796e-01	1.063234e-05	1.004715e-05	1.535219e-05	1.875268e-05	1.846587e-03	1.309698e-04	5.769307e-02	1.511576e-04	3.595926e+01	5.315049e-02	1.083318e+01	1.313107e+00	
2.273530e-03	2.858831e+00	6.007127e-01	2.053375e+00	2.709710e-02	1.397915e+01	2.532479e-02	2.956969e-02	3.267787e-01	1.716135e+00	2.664574e-03	1.753779e-01	6.624193e-01	2.684659e-01	7.986342e-01	2.682524e+00	2.770878e-01	2.442512e+00	9.411099e+02	2.813605e-02	5.763778e-01	1.070962e-05	1.005107e-05	1.403027e-05	1.712358e-05	1.446150e-03	1.258560e-04	5.697105e-02	2.559535e-04	3.626332e+01	5.269740e-02	1.114860e+01	1.265600e+00	
2.273688e-03	2.854306e+00	5.202267e-01	2.117485e+00	2.781137e-02	1.392529e+01	2.541336e-02	2.995865e-02	3.267556e-01	1.693848e+00	2.558924e-03	1.843829e-01	6.621850e-01	2.694945e-01	7.998156e-01	2.686669e+00	2.791553e-01	2.371435e+00	9.367653e+02	2.961832e-02	5.979059e-01	1.058619e-05	1.018881e-05	1.502683e-05	1.852720e-05	1.222427e-03	1.307130e-04	5.702781e-02	2.678704e-04	3.592102e+01	5.335148e-02	1.098091e+01	1.302789e+00	
2.273869e-03	2.829740e+00	7.983630e-01	2.058943e+00	2.714993e-02	1.393273e+01	2.539532e-02	3.030401e-02	3.268068e-01	1.709328e+00	1.965721e-03	1.750703e-01	6.623741e-01	2.699745e-01	8.176684e-01	2.672025e+00	2.762483e-01	2.436603e+00	9.409244e+02	2.854796e-02	5.854450e-01	1.044961e-05	1.014883e-05	1.405739e-05	1.699237e-05	8.040949e-04	1.308685e-04	5.777019e-02	3.674671e-04	3.606767e+01	5.303378e-02	1.094805e+01	1.297997e+00	
2.273940e-03	2.824869e+00	4.541647e-01	2.143119e+00	2.828672e-02	1.398494e+01	2.520560e-02	2.713019e-02	3.268106e-01	1.689744e+00	2.582993e-03	1.895472e-01	6.625507e-01	2.667947e-01	7.750273e-01	2.692953e+00	2.786889e-01	2.381269e+00	9.333460e+02	2.940505e-02	5.985399e-01	1.060823e-05	1.008321e-05	1.563219e-05	1.896704e-05	1.302722e-03	1.286929e-04	5.658900e-02	2.901302e-04	3.604721e+01	5.290316e-02	1.092985e+01	1.307586e+00	
2.273968e-03	2.868716e+00	4.400771e-01	2.135973e+00	2.805393e-02	1.395470e+01	2.531614e-02	2.884005e-02	3.267507e-01	1.712735e+00	2.490317e-03	1.718358e-01	6.629599e-01	2.658428e-01	7.672711e-01	2.685052e+00	2.786043e-01	2.359496e+00	9.309120e+02	2.980792e-02	6.017923e-01	1.073701e-05	1.014766e-05	1.561081e-05	1.931434e-05	1.468613e-03	1.334146e-04	5.702663e-02	1.595635e-04	3.600525e+01	5.307196e-02	1.120196e+01	1.261018e+00	
2.274103e-03	2.855904e+00	3.840750e-01	2.049857e+00	2.686282e-02	1.399256e+01	2.519867e-02	2.853127e-02	3.267439e-01	1.699361e+00	2.291209e-03	1.893963e-01	6.617519e-01	2.697656e-01	8.065147e-01	2.677857e+00	2.765305e-01	2.407319e+00	9.385829e+02	2.876200e-02	5.866370e-01	1.063245e-05	1.013364e-05	1.363104e-05	1.671114e-05	1.742427e-03	1.273068e-04	5.693264e-02	1.299309e-04	3.622005e+01	5.257524e-02	1.122496e+01	1.260701e+00	
2.274235e-03	2.819649e+00	7.337659e-01	2.176030e+00	2.891329e-02	1.396711e+01	2.527226e-02	2.833810e-02	3.267801e-01	1.690745e+00	2.586109e-03	1.889204e-01	6.618009e-01	2.708083e-01	8.167471e-01	2.689670e+00	2.782995e-01	2.413645e+00	9.446593e+02	2.881998e-02	5.914648e-01	1.072760e-05	1.008192e-05	1.511558e-05	1.877556e-05	1.227706e-03	1.212919e-04	5.731931e-02	4.203230e-04	3.614442e+01	5.278769e-02	1.094205e+01	1.286049e+00	
2.274419e-03	2.894986e+00	9.372204e-01	2.123892e+00	2.799535e-02	1.394116e+01	2.544208e-02	2.787939e-02	3.268196e-01	1.709923e+00	2.273742e-03	1.724103e-01	6.654390e-01	2.614140e-01	7.661225e-01	2.668777e+00	2.760083e-01	2.461539e+00	9.293951e+02	2.863573e-02	5.963750e-01	1.063194e-05	1.018032e-05	1.485814e-05	1.813703e-05	8.923251e-04	1.316048e-04	5.701044e-02	3.710518e-04	3.603695e+01	5.322032e-02	1.102857e+01	1.289200e+00	
2.274572e-03	2.779332e+00	4.829973e-01	2.185490e+00	2.890725e-02	1.392313e+01	2.535242e-02	2.936978e-02	3.267599e-01	1.698910e+00	2.814912e-03	1.783190e-01	6.624596e-01	2.697436e-01	8.105471e-01	2.676863e+00	2.769035e-01	2.383401e+00	9.317647e+02	2.931142e-02	5.976585e-01	1.065390e-05	1.013462e-05	1.465956e-05	1.797430e-05	1.253260e-03	1.354351e-04	5.668682e-02	2.694046e-04	3.590777e+01	5.325778e-02	1.072957e+01	1.333677e+00	
2.274756e-03	2.907643e+00	5.874408e-01	2.044947e+00	2.688015e-02	1.395755e+01	2.530606e-02	3.290763e-02	3.266288e-01	1.692211e+00	2.511749e-03	1.893386e-01	6.622387e-01	2.699112e-01	8.162698e-01	2.685562e+00	2.782732e-01	2.395894e+00	9.367711e+02	2.928986e-02	5.994927e-01	1.057780e-05	1.016961e-05	1.437491e-05	1.735472e-05	1.004955e-03	1.336995e-04	5.731720e-02	4.059184e-04	3.595712e+01	5.318493e-02	1.075305e+01	1.340472e+00	
2.274866e-03	2.832722e+00	5.652295e-01	2.039585e+00	2.703850e-02	1.397790e+01	2.530238e-02	2.798838e-02	3.267635e-01	1.718800e+00	2.417211e-03	1.747265e-01	6.618719e-01	2.680871e-01	7.832871e-01	2.677866e+00	2.773363e-01	2.423660e+00	9.271070e+02	2.927471e-02	6.039991e-01	1.064361e-05	1.012036e-05	1.392640e-05	1.712821e-05	1.146003e-03	1.284433e-04	5.736294e-02	1.460238e-04	3.608605e+01	5.301823e-02	1.098916e+01	1.282638e+00	
2.275193e-03	2.848242e+00	6.031498e-01	2.072085e+00	2.715596e-02	1.388059e+01	2.553365e-02	2.943560e-02	3.267721e-01	1.702673e+00	2.654314e-03	1.796249e-01	6.610400e-01	2.729784e-01	8.198835e-01	2.698096e+00	2.803801e-01	2.368701e+00	9.349840e+02	2.930307e-02	5.966584e-01	1.076386e-05	1.010774e-05	1.477078e-05	1.795656e-05	1.230300e-03	1.261682e-04	5.719361e-02	3.899057e-04	3.592473e+01	5.336644e-02	1.036214e+01	1.398615e+00	
2.275210e-03	2.800834e+00	5.622765e-01	2.099891e+00	2.758635e-02	1.394453e+01	2.538918e-02	2.864376e-02	3.268007e-01	1.721580e+00	2.570397e-03	1.691232e-01	6.634543e-01	2.667400e-01	7.924057e-01	2.679880e+00	2.776757e-01	2.354503e+00	9.327217e+02	2.977863e-02	6.051929e-01	1.065825e-05	1.002442e-05	1.557358e-05	1.884994e-05	1.238945e-03	1.275134e-04	5.648484e-02	2.159585e-04	3.607370e+01	5.302320e-02	1.091057e+01	1.313101e+00	
2.275237e-03	2.785746e+00	7.106217e-01	2.059184e+00	2.708463e-02	1.390402e+01	2.547557e-02	3.023434e-02	3.267489e-01	1.695701e+00	2.376140e-03	1.807455e-01	6.623838e-01	2.677464e-01	7.833047e-01	2.686049e+00	2.791846e-01	2.330012e+00	9.407040e+02	2.993150e-02	5.994996e-01	1.060421e-05	1.021206e-05	1.425979e-05	1.751219e-05	1.358758e-03	1.229304e-04	5.645043e-02	4.303341e-04	3.598124e+01	5.325704e-02	1.095648e+01	1.302626e+00	
2.275286e-03	2.991357e+00	5.395664e-01	1.968758e+00	2.591910e-02	1.396686e+01	2.528470e-02	3.090401e-02	3.266452e-01	1.713813e+00	2.383762e-03	1.833828e-01	6.613082e-01	2.710858e-01	8.025379e-01	2.686189e+00	2.794241e-01	2.412268e+00	9.353971e+02	2.953162e-02	6.124593e-01	1.067927e-05	1.004387e-05	1.531155e-05	1.892739e-05	1.470768e-03	1.248000e-04	5.843167e-02	1.265027e-04	3.622663e+01	5.264742e-02	1.110457e+01	1.268509e+00	
2.275318e-03	2.748393e+00	4.414152e-01	2.126481e+00	2.805609e-02	1.396134e+01	2.525208e-02	2.858604e-02	3.267980e-01	1.712625e+00	2.430445e-03	1.720606e-01	6.606832e-01	2.730257e-01	8.241001e-01	2.679271e+00	2.763712e-01	2.396366e+00	9.380409e+02	2.902685e-02	5.863515e-01	1.068390e-05	1.013426e-05	1.386023e-05	1.728768e-05	1.403532e-03	1.281478e-04	5.666770e-02	1.774134e-04	3.615010e+01	5.267362e-02	1.122160e+01	1.257106e+00	
2.275510e-03	2.715937e+00	4.100233e-01	2.059585e+00	2.711983e-02	1.394548e+01	2.531949e-02	2.914720e-02	3.267730e-01	1.717115e+00	2.390680e-03	1.734269e-01	6.634554e-01	2.665804e-01	8.044449e-01	2.680747e+00	2.771779e-01	2.360568e+00	9.317560e+02	2.982569e-02	6.063231e-01	1.059708e-05	1.015467e-05	1.428401e-05	1.736995e-05	1.653139e-03	1.398914e-04	5.744561e-02	8.886342e-05	3.610857e+01	5.284940e-02	1.101735e+01	1.289940e+00	
2.275541e-03	2.848195e+00	5.076920e-01	2.192519e+00	2.886783e-02	1.393511e+01	2.535019e-02	2.970826e-02	3.267991e-01	1.704078e+00	2.746758e-03	1.817450e-01	6.620612e-01	2.707455e-01	8.168735e-01	2.692639e+00	2.789483e-01	2.427951e+00	9.363076e+02	2.858732e-02	5.861513e-01	1.072524e-05	1.014352e-05	1.525537e-05	1.844873e-05	1.098521e-03	1.285338e-04	5.776642e-02	4.103761e-04	3.596586e+01	5.313784e-02	1.064744e+01	1.354720e+00	
2.275549e-03	2.906026e+00	6.050724e-01	2.101347e+00	2.771793e-02	1.404385e+01	2.518640e-02	2.822465e-02	3.267618e-01	1.696608e+00	2.325698e-03	1.896897e-01	6.615469e-01	2.696341e-01	7.859508e-01	2.691207e+00	2.799770e-01	2.349892e+00	9.348187e+02	2.934437e-02	5.895547e-01	1.055577e-05	1.009331e-05	1.422764e-05	1.729187e-05	6.116947e-04	1.366025e-04	5.657652e-02	5.143722e-04	3.606819e+01	5.309080e-02	1.102995e+01	1.288782e+00	
2.275657e-03	2.792046e+00	6.837946e-01	2.111947e+00	2.764094e-02	1.393802e+01	2.534902e-02	2.786943e-02	3.268415e-01	1.688827e+00	1.954672e-03	1.904357e-01	6.605414e-01	2.717320e-01	7.966363e-01	2.696182e+00	2.802370e-01	2.428421e+00	9.470641e+02	2.814081e-02	5.713463e-01	1.056001e-05	1.010605e-05	1.481427e-05	1.818223e-05	1.147926e-03	1.230322e-04	5.629512e-02	2.228922e-04	3.605249e+01	5.299923e-02	1.123340e+01	1.263601e+00	
2.275708e-03	2.815284e+00	6.152788e-01	2.087012e+00	2.748937e-02	1.394077e+01	2.541424e-02	2.930105e-02	3.268618e-01	1.706005e+00	2.286501e-03	1.787171e-01	6.642338e-01	2.649595e-01	7.854830e-01	2.695063e+00	2.792093e-01	2.402538e+00	9.436404e+02	2.910562e-02	5.928610e-01	1.047737e-05	1.013286e-05	1.460280e-05	1.769047e-05	1.329361e-03	1.326720e-04	5.700854e-02	2.129375e-04	3.599580e+01	5.323746e-02	1.092802e+01	1.305867e+00	
2.275720e-03	2.888132e+00	6.061646e-01	2.178775e+00	2.878381e-02	1.390694e+01	2.540014e-02	3.094627e-02	3.267249e-01	1.708226e+00	2.600591e-03	1.806063e-01	6.643971e-01	2.633378e-01	7.745229e-01	2.687408e+00	2.786193e-01	2.386133e+00	9.396703e+02	2.893466e-02	5.841270e-01	1.067732e-05	1.009899e-05	1.578744e-05	1.940648e-05	1.175832e-03	1.226868e-04	5.704496e-02	3.760484e-04	3.599667e+01	5.306862e-02	1.095521e+01	1.302970e+00	
2.275734e-03	2.875239e+00	4.535875e-01	2.004191e+00	2.647940e-02	1.390100e+01	2.540426e-02	3.124505e-02	3.266903e-01	1.697857e+00	2.528756e-03	1.873352e-01	6.627566e-01	2.680243e-01	8.034056e-01	2.682529e+00	2.783188e-01	2.342286e+00	9.324473e+02	2.961147e-02	5.871924e-01	1.072172e-05	1.018445e-05	1.360675e-05	1.688269e-05	9.507117e-04	1.319079e-04	5.729839e-02	1.775924e-04	3.601222e+01	5.303697e-02	1.108238e+01	1.273237e+00	
2.275934e-03	2.903095e+00	4.289675e-01	2.069381e+00	2.732190e-02	1.406661e+01	2.514451e-02	3.209950e-02	3.266289e-01	1.690098e+00	3.130551e-03	1.909991e-01	6.627130e-01	2.671068e-01	7.859651e-01	2.687557e+00	2.786736e-01	2.334345e+00	9.340653e+02	3.003025e-02	6.014627e-01	1.070276e-05	1.015438e-05	1.590547e-05	1.962943e-05	9.477261e-04	1.361401e-04	5.686681e-02	2.225207e-04	3.612219e+01	5.295627e-02	1.085458e+01	1.319389e+00	
2.275970e-03	2.840632e+00	6.231198e-01	2.053622e+00	2.700728e-02	1.396192e+01	2.541437e-02	3.010798e-02	3.268218e-01	1.700956e+00	2.578300e-03	1.846255e-01	6.640364e-01	2.663279e-01	8.012896e-01	2.676639e+00	2.769295e-01	2.453581e+00	9.358526e+02	2.817670e-02	5.823566e-01	1.059763e-05	1.005685e-05	1.383718e-05	1.665950e-05	1.079048e-03	1.297210e-04	5.695848e-02	1.927068e-04	3.608885e+01	5.313822e-02	1.071623e+01	1.338474e+00	
2.275999e-03	2.746802e+00	7.035652e-01	2.035072e+00	2.682056e-02	1.390953e+01	2.547842e-02	2.934715e-02	3.268050e-01	1.707204e+00	1.976126e-03	1.782117e-01	6.640541e-01	2.649441e-01	7.905334e-01	2.683697e+00	2.787393e-01	2.311203e+00	9.332024e+02	3.016011e-02	5.992830e-01	1.048085e-05	1.017329e-05	1.470019e-05	1.791620e-05	1.007997e-03	1.324539e-04	5.676543e-02	1.695962e-04	3.608883e+01	5.307122e-02	1.122261e+01	1.250919e+00	
2.276041e-03	2.763377e+00	7.440333e-01	2.159497e+00	2.860770e-02	1.401152e+01	2.529438e-02	2.804206e-02	3.268102e-01	1.707268e+00	2.639285e-03	1.785705e-01	6.620979e-01	2.668877e-01	7.698488e-01	2.679988e+00	2.776531e-01	2.361978e+00	9.346387e+02	2.968588e-02	6.014503e-01	1.066623e-05	1.006583e-05	1.506078e-05	1.835245e-05	8.500823e-04	1.270799e-04	5.637510e-02	4.032693e-04	3.615298e+01	5.299035e-02	1.113054e+01	1.267271e+00	
2.276063e-03	2.772107e+00	6.770459e-01	2.061366e+00	2.729646e-02	1.397969e+01	2.521175e-02	2.972381e-02	3.267494e-01	1.698877e+00	2.818798e-03	1.873012e-01	6.613304e-01	2.716402e-01	8.188853e-01	2.686740e+00	2.779654e-01	2.270844e+00	9.422079e+02	3.079173e-02	6.066732e-01	1.062583e-05	1.005134e-05	1.445309e-05	1.780318e-05	1.089311e-03	1.202421e-04	5.703358e-02	1.580993e-04	3.639881e+01	5.226645e-02	1.121955e+01	1.252209e+00	
2.276082e-03	2.953619e+00	4.881289e-01	2.064674e+00	2.710877e-02	1.396586e+01	2.526423e-02	3.058796e-02	3.266579e-01	1.696803e+00	2.814428e-03	1.900798e-01	6.630435e-01	2.670481e-01	7.949723e-01	2.694800e+00	2.808193e-01	2.405022e+00	9.311240e+02	2.928421e-02	5.982584e-01	1.061914e-05	1.005265e-05	1.408290e-05	1.734401e-05	9.059743e-04	1.305080e-04	5.711292e-02	3.048391e-04	3.606827e+01	5.293022e-02	1.073809e+01	1.338095e+00	
2.276115e-03	2.851986e+00	8.505734e-01	2.077208e+00	2.747176e-02	1.396472e+01	2.533590e-02	3.082387e-02	3.267405e-01	1.699201e+00	2.528150e-03	1.854137e-01	6.652030e-01	2.616796e-01	7.732059e-01	2.697940e+00	2.807655e-01	2.375298e+00	9.364099e+02	2.977614e-02	6.054898e-01	1.053777e-05	1.013296e-05	1.616478e-05	1.965790e-05	1.034711e-03	1.295645e-04	5.753268e-02	1.891475e-04	3.602968e+01	5.310719e-02	1.125863e+01	1.252351e+00	
2.276131e-03	2.923528e+00	4.796398e-01	2.042871e+00	2.688632e-02	1.397864e+01	2.524269e-02	3.111934e-02	3.267341e-01	1.700346e+00	2.663064e-03	1.903983e-01	6.634123e-01	2.657807e-01	7.813009e-01	2.693121e+00	2.794535e-01	2.378460e+00	9.429219e+02	2.948003e-02	5.984372e-01	1.076297e-05	1.010983e-05	1.587173e-05	1.934261e-05	9.152184e-04	1.265640e-04	5.793028e-02	4.853576e-04	3.612254e+01	5.281538e-02	1.093003e+01	1.304100e+00	
2.276193e-03	2.800722e+00	5.205047e-01	2.146694e+00	2.839816e-02	1.391124e+01	2.550124e-02	2.912903e-02	3.267799e-01	1.716692e+00	2.595045e-03	1.715173e-01	6.619383e-01	2.687210e-01	7.944598e-01	2.672512e+00	2.757528e-01	2.482379e+00	9.336406e+02	2.835545e-02	5.914499e-01	1.071680e-05	1.008783e-05	1.405807e-05	1.733072e-05	1.323154e-03	1.309741e-04	5.717356e-02	3.372184e-04	3.607276e+01	5.311922e-02	1.066108e+01	1.332172e+00	
2.276207e-03	2.764518e+00	6.778022e-01	2.125430e+00	2.794218e-02	1.391274e+01	2.541327e-02	3.030015e-02	3.268013e-01	1.715428e+00	2.633160e-03	1.691715e-01	6.628320e-01	2.680513e-01	7.979567e-01	2.695555e+00	2.790118e-01	2.266011e+00	9.315539e+02	3.058480e-02	5.988458e-01	1.068760e-05	1.017627e-05	1.564846e-05	1.943505e-05	1.125765e-03	1.237605e-04	5.722485e-02	2.346860e-04	3.599504e+01	5.314814e-02	1.114315e+01	1.272409e+00	
2.276296e-03	2.787996e+00	5.886223e-01	2.080270e+00	2.754563e-02	1.394099e+01	2.544466e-02	2.938083e-02	3.267947e-01	1.713703e+00	2.172389e-03	1.745787e-01	6.634749e-01	2.660835e-01	7.931457e-01	2.675317e+00	2.774602e-01	2.471644e+00	9.351914e+02	2.826397e-02	5.863790e-01	1.064900e-05	1.016759e-05	1.360934e-05	1.664166e-05	1.133015e-03	1.314800e-04	5.724764e-02	2.710360e-04	3.604645e+01	5.316662e-02	1.070613e+01	1.329279e+00	
2.276335e-03	2.806688e+00	3.601168e-01	2.250185e+00	2.950363e-02	1.391385e+01	2.544676e-02	2.725634e-02	3.268351e-01	1.714288e+00	2.102097e-03	1.715956e-01	6.627082e-01	2.665803e-01	7.760821e-01	2.677404e+00	2.774443e-01	2.589521e+00	9.379516e+02	2.723335e-02	5.837004e-01	1.061978e-05	1.010106e-05	1.406455e-05	1.708544e-05	2.267371e-03	1.365231e-04	5.671282e-02	9.997005e-05	3.602908e+01	5.311780e-02	1.075608e+01	1.336768e+00	
2.276340e-03	2.876874e+00	6.666008e-01	2.059639e+00	2.718363e-02	1.398160e+01	2.525598e-02	3.063702e-02	3.267431e-01	1.698710e+00	2.664241e-03	1.844262e-01	6.627589e-01	2.661662e-01	7.695966e-01	2.687724e+00	2.783708e-01	2.265941e+00	9.255129e+02	3.041762e-02	5.963219e-01	1.058738e-05	1.023841e-05	1.710937e-05	2.097321e-05	1.069495e-03	1.279018e-04	5.751453e-02	2.313216e-04	3.600438e+01	5.306278e-02	1.135398e+01	1.239046e+00	
2.276457e-03	2.854553e+00	4.892897e-01	2.111701e+00	2.777983e-02	1.386600e+01	2.552808e-02	2.843860e-02	3.267956e-01	1.711926e+00	2.715667e-03	1.717109e-01	6.620747e-01	2.691484e-01	7.946049e-01	2.696235e+00	2.813288e-01	2.480549e+00	9.345455e+02	2.833396e-02	5.887179e-01	1.087374e-05	1.014810e-05	1.449053e-05	1.765662e-05	1.091546e-03	1.377992e-04	5.715328e-02	6.371853e-04	3.578057e+01	5.359212e-02	1.051562e+01	1.379975e+00	
2.276500e-03	2.746339e+00	6.740338e-01	2.159738e+00	2.848841e-02	1.395011e+01	2.535123e-02	2.964116e-02	3.267936e-01	1.700417e+00	2.352389e-03	1.824553e-01	6.615966e-01	2.698119e-01	8.018708e-01	2.693339e+00	2.786360e-01	2.403397e+00	9.340574e+02	2.873461e-02	5.844070e-01	1.051428e-05	1.014273e-05	1.467257e-05	1.775455e-05	1.034532e-03	1.216609e-04	5.684575e-02	1.911838e-04	3.616071e+01	5.286699e-02	1.121611e+01	1.255222e+00	
2.276591e-03	2.878854e+00	6.101347e-01	2.155308e+00	2.837750e-02	1.396068e+01	2.525336e-02	3.015071e-02	3.267320e-01	1.708627e+00	2.363225e-03	1.817156e-01	6.617234e-01	2.704962e-01	8.103834e-01	2.688783e+00	2.788941e-01	2.374664e+00	9.416642e+02	2.925330e-02	5.875722e-01	1.068937e-05	1.012660e-05	1.519338e-05	1.890126e-05	1.603778e-03	1.233049e-04	5.739352e-02	3.244727e-04	3.610070e+01	5.283112e-02	1.128565e+01	1.239091e+00	
2.276618e-03	2.883316e+00	5.825692e-01	2.055447e+00	2.715782e-02	1.394717e+01	2.521065e-02	3.082797e-02	3.266954e-01	1.708524e+00	2.468168e-03	1.848681e-01	6.633931e-01	2.654805e-01	7.831342e-01	2.671838e+00	2.764775e-01	2.302121e+00	9.400483e+02	2.998935e-02	5.921733e-01	1.065261e-05	1.011905e-05	1.462780e-05	1.806380e-05	9.481576e-04	1.379241e-04	5.782725e-02	2.263072e-04	3.598460e+01	5.291836e-02	1.112284e+01	1.264736e+00	
2.276667e-03	2.886508e+00	4.148011e-01	2.193803e+00	2.901714e-02	1.393140e+01	2.535654e-02	3.178053e-02	3.267090e-01	1.703226e+00	3.039234e-03	1.816774e-01	6.661282e-01	2.597249e-01	7.627144e-01	2.687655e+00	2.780342e-01	2.401819e+00	9.312381e+02	2.909332e-02	5.946351e-01	1.069250e-05	1.018322e-05	1.578814e-05	1.928984e-05	1.403252e-03	1.419685e-04	5.765688e-02	1.661836e-04	3.595054e+01	5.316109e-02	1.069031e+01	1.338157e+00	
2.276692e-03	2.926345e+00	7.479127e-01	2.131561e+00	2.820472e-02	1.396128e+01	2.532778e-02	3.212426e-02	3.266908e-01	1.697317e+00	3.041971e-03	1.925481e-01	6.632587e-01	2.675092e-01	8.012203e-01	2.688592e+00	2.789747e-01	2.359268e+00	9.311318e+02	2.936493e-02	5.913066e-01	1.058470e-05	1.010966e-05	1.612122e-05	1.977435e-05	7.702571e-04	1.371814e-04	5.793097e-02	4.202623e-04	3.578778e+01	5.354762e-02	1.063820e+01	1.349501e+00	
2.276708e-03	2.772746e+00	6.970335e-01	1.937508e+00	2.555721e-02	1.393764e+01	2.537405e-02	2.874406e-02	3.268194e-01	1.712666e+00	2.767970e-03	1.774187e-01	6.635826e-01	2.659668e-01	7.941415e-01	2.702978e+00	2.809293e-01	2.448889e+00	9.280802e+02	2.893762e-02	6.030538e-01	1.072887e-05	1.008901e-05	1.535265e-05	1.872307e-05	8.267504e-04	1.245805e-04	5.693330e-02	3.422794e-04	3.607678e+01	5.302662e-02	1.102735e+01	1.283132e+00	
2.276721e-03	2.831856e+00	1.051853e+00	2.067068e+00	2.705204e-02	1.391305e+01	2.547371e-02	2.946708e-02	3.268299e-01	1.699877e+00	2.465853e-03	1.850846e-01	6.624638e-01	2.701567e-01	8.184406e-01	2.688363e+00	2.788389e-01	2.382632e+00	9.423339e+02	2.902081e-02	5.896825e-01	1.064365e-05	1.012605e-05	1.429904e-05	1.731848e-05	1.043014e-03	1.208332e-04	5.712408e-02	5.599869e-04	3.600056e+01	5.325446e-02	1.083232e+01	1.336108e+00	
2.276808e-03	2.822609e+00	6.806262e-01	2.085949e+00	2.753520e-02	1.395626e+01	2.539926e-02	2.979743e-02	3.267592e-01	1.702094e+00	2.369969e-03	1.816411e-01	6.636143e-01	2.643583e-01	7.728660e-01	2.667874e+00	2.751672e-01	2.332164e+00	9.363725e+02	2.949094e-02	5.887253e-01	1.061981e-05	1.012373e-05	1.394237e-05	1.704302e-05	1.169223e-03	1.271541e-04	5.722413e-02	2.217792e-04	3.606482e+01	5.313507e-02	1.093083e+01	1.303418e+00	
2.276825e-03	2.996735e+00	5.996119e-01	2.019301e+00	2.654624e-02	1.402364e+01	2.517834e-02	3.173891e-02	3.266921e-01	1.696984e+00	2.895530e-03	1.869247e-01	6.636072e-01	2.655700e-01	7.776634e-01	2.702328e+00	2.806839e-01	2.414116e+00	9.295965e+02	2.906271e-02	5.967412e-01	1.076698e-05	1.024878e-05	1.503242e-05	1.839315e-05	6.777914e-04	1.239509e-04	5.798295e-02	4.051206e-04	3.613341e+01	5.281929e-02	1.138366e+01	1.232672e+00	
2.276860e-03	2.783662e+00	4.897249e-01	2.222318e+00	2.925107e-02	1.389039e+01	2.549006e-02	2.767407e-02	3.267643e-01	1.714825e+00	2.713426e-03	1.671299e-01	6.629707e-01	2.669345e-01	7.896186e-01	2.676519e+00	2.762197e-01	2.371871e+00	9.304774e+02	2.971532e-02	6.083549e-01	1.072797e-05	1.013917e-05	1.470350e-05	1.818417e-05	1.285098e-03	1.317190e-04	5.693485e-02	3.273170e-04	3.592266e+01	5.335542e-02	1.070318e+01	1.346225e+00	
2.276875e-03	2.874436e+00	6.436008e-01	2.152577e+00	2.849932e-02	1.393510e+01	2.537190e-02	3.000241e-02	3.267601e-01	1.699529e+00	2.412806e-03	1.811365e-01	6.654610e-01	2.612141e-01	7.667804e-01	2.679826e+00	2.771280e-01	2.394574e+00	9.319593e+02	2.925368e-02	5.997046e-01	1.065491e-05	1.011253e-05	1.512303e-05	1.834925e-05	1.220594e-03	1.286246e-04	5.736098e-02	3.375918e-04	3.605823e+01	5.301985e-02	1.099953e+01	1.284289e+00	
2.276884e-03	2.739667e+00	5.832041e-01	2.163463e+00	2.848166e-02	1.393057e+01	2.541197e-02	2.879910e-02	3.268177e-01	1.706650e+00	2.376231e-03	1.726960e-01	6.622777e-01	2.677631e-01	7.861579e-01	2.683904e+00	2.773665e-01	2.372344e+00	9.380167e+02	2.922472e-02	5.923005e-01	1.065322e-05	1.016916e-05	1.462035e-05	1.752278e-05	1.456709e-03	1.308143e-04	5.655831e-02	2.379448e-04	3.596858e+01	5.327705e-02	1.108062e+01	1.284499e+00	
2.276885e-03	2.787308e+00	9.166012e-01	2.031743e+00	2.689253e-02	1.388893e+01	2.550468e-02	2.996414e-02	3.267890e-01	1.722495e+00	2.573477e-03	1.662413e-01	6.633606e-01	2.669090e-01	8.045563e-01	2.690681e+00	2.786257e-01	2.311060e+00	9.285346e+02	3.057997e-02	6.110837e-01	1.071712e-05	1.008912e-05	1.541110e-05	1.889033e-05	8.909751e-04	1.196818e-04	5.736579e-02	2.185281e-04	3.612996e+01	5.297748e-02	1.096711e+01	1.286121e+00	
2.276982e-03	2.785139e+00	7.835034e-01	2.030398e+00	2.658874e-02	1.392857e+01	2.542768e-02	3.102232e-02	3.267547e-01	1.699219e+00	2.396858e-03	1.807393e-01	6.609782e-01	2.713796e-01	7.959482e-01	2.711590e+00	2.835114e-01	2.411864e+00	9.395663e+02	2.824841e-02	5.742794e-01	1.063332e-05	1.008744e-05	1.536708e-05	1.891002e-05	9.675014e-04	1.259586e-04	5.667469e-02	5.583375e-04	3.605509e+01	5.308971e-02	1.108153e+01	1.290299e+00	
2.277020e-03	2.877716e+00	5.045875e-01	1.994921e+00	2.630024e-02	1.393654e+01	2.546064e-02	3.108522e-02	3.267202e-01	1.712300e+00	2.521314e-03	1.764189e-01	6.638519e-01	2.653394e-01	7.871063e-01	2.696291e+00	2.802074e-01	2.405248e+00	9.388673e+02	2.934133e-02	6.024090e-01	1.067659e-05	1.012338e-05	1.501226e-05	1.828303e-05	9.859496e-04	1.289350e-04	5.693290e-02	3.401058e-04	3.599743e+01	5.331911e-02	1.077370e+01	1.325533e+00	
2.277145e-03	2.786307e+00	9.461165e-01	2.144043e+00	2.821356e-02	1.394367e+01	2.540565e-02	3.057036e-02	3.267953e-01	1.706671e+00	2.383615e-03	1.779992e-01	6.650053e-01	2.626247e-01	7.799359e-01	2.679643e+00	2.767370e-01	2.380618e+00	9.367903e+02	2.920682e-02	5.911390e-01	1.056648e-05	1.015286e-05	1.523329e-05	1.857690e-05	1.049930e-03	1.237449e-04	5.732308e-02	3.823103e-04	3.605765e+01	5.315542e-02	1.118765e+01	1.272044e+00	
2.277220e-03	2.810693e+00	7.771782e-01	2.072710e+00	2.735582e-02	1.394887e+01	2.535889e-02	2.988532e-02	3.267624e-01	1.707621e+00	2.346864e-03	1.783010e-01	6.628032e-01	2.686240e-01	8.165400e-01	2.685444e+00	2.782392e-01	2.424111e+00	9.417307e+02	2.905804e-02	6.012849e-01	1.053396e-05	1.009347e-05	1.524952e-05	1.842069e-05	1.138011e-03	1.257880e-04	5.756165e-02	1.634075e-04	3.617993e+01	5.284775e-02	1.125231e+01	1.254018e+00	
2.277232e-03	2.838614e+00	8.426561e-01	2.154625e+00	2.841801e-02	1.396233e+01	2.530589e-02	3.200008e-02	3.266851e-01	1.703787e+00	2.765098e-03	1.830701e-01	6.614798e-01	2.704611e-01	8.032521e-01	2.685877e+00	2.786735e-01	2.343504e+00	9.409811e+02	2.996972e-02	6.018763e-01	1.065652e-05	1.011026e-05	1.441735e-05	1.792956e-05	8.798641e-04	1.195296e-04	5.779162e-02	3.570280e-04	3.603700e+01	5.307960e-02	1.111719e+01	1.275838e+00	
2.277487e-03	2.867169e+00	6.843633e-01	1.986517e+00	2.593973e-02	1.395325e+01	2.529582e-02	2.920619e-02	3.267668e-01	1.687946e+00	2.647602e-03	1.943005e-01	6.619136e-01	2.690915e-01	7.948612e-01	2.703679e+00	2.819150e-01	2.510517e+00	9.439052e+02	2.752411e-02	5.767689e-01	1.076807e-05	1.006515e-05	1.397752e-05	1.699056e-05	1.155913e-03	1.223959e-04	5.631074e-02	4.519136e-04	3.611588e+01	5.283488e-02	1.115396e+01	1.274824e+00	
2.277535e-03	2.786964e+00	5.166643e-01	2.145783e+00	2.828190e-02	1.399956e+01	2.519773e-02	3.015144e-02	3.267813e-01	1.696905e+00	2.644115e-03	1.861358e-01	6.606980e-01	2.726696e-01	8.064023e-01	2.697836e+00	2.814303e-01	2.414273e+00	9.443548e+02	2.892826e-02	5.889341e-01	1.066070e-05	1.017492e-05	1.441926e-05	1.771134e-05	1.297476e-03	1.338606e-04	5.732229e-02	2.119173e-04	3.600871e+01	5.300541e-02	1.095766e+01	1.303580e+00	
2.277549e-03	2.711010e+00	7.439905e-01	2.073966e+00	2.736003e-02	1.395176e+01	2.535117e-02	2.766319e-02	3.267955e-01	1.709978e+00	2.711154e-03	1.735846e-01	6.620529e-01	2.679177e-01	7.878464e-01	2.686289e+00	2.776110e-01	2.331588e+00	9.317469e+02	2.978802e-02	5.988354e-01	1.071641e-05	1.004761e-05	1.508318e-05	1.862581e-05	1.114364e-03	1.194754e-04	5.629445e-02	3.426967e-04	3.609688e+01	5.301833e-02	1.105026e+01	1.278925e+00	
2.277577e-03	2.912927e+00	5.658919e-01	2.010221e+00	2.655877e-02	1.388990e+01	2.542760e-02	3.089159e-02	3.267201e-01	1.701323e+00	2.746596e-03	1.886182e-01	6.624901e-01	2.691534e-01	8.032108e-01	2.690571e+00	2.793387e-01	2.427091e+00	9.376073e+02	2.877171e-02	5.911936e-01	1.081352e-05	1.010804e-05	1.418151e-05	1.743615e-05	1.463628e-03	1.242793e-04	5.790493e-02	5.348293e-04	3.599105e+01	5.312297e-02	1.076850e+01	1.318786e+00	
2.277621e-03	2.865975e+00	6.774810e-01	2.091650e+00	2.752536e-02	1.395511e+01	2.533432e-02	3.057294e-02	3.267281e-01	1.688788e+00	2.713700e-03	1.891010e-01	6.612557e-01	2.715289e-01	8.200486e-01	2.696382e+00	2.805746e-01	2.451654e+00	9.383073e+02	2.864448e-02	5.882903e-01	1.072030e-05	1.014711e-05	1.462562e-05	1.785743e-05	9.558115e-04	1.271528e-04	5.719230e-02	3.895954e-04	3.600639e+01	5.308489e-02	1.067458e+01	1.350785e+00	
2.277644e-03	2.920388e+00	8.734644e-01	2.061568e+00	2.710321e-02	1.396277e+01	2.530523e-02	3.101855e-02	3.267528e-01	1.692370e+00	2.712147e-03	1.936974e-01	6.611447e-01	2.723752e-01	8.149297e-01	2.702051e+00	2.818023e-01	2.350682e+00	9.377014e+02	2.953938e-02	5.920332e-01	1.073296e-05	1.014877e-05	1.477930e-05	1.806078e-05	6.439127e-04	1.155595e-04	5.806749e-02	5.597564e-04	3.625522e+01	5.265191e-02	1.139762e+01	1.224145e+00	
2.277714e-03	2.826961e+00	6.335889e-01	2.091328e+00	2.767590e-02	1.393840e+01	2.538528e-02	2.991221e-02	3.267475e-01	1.706112e+00	2.810720e-03	1.724105e-01	6.624074e-01	2.670793e-01	7.764425e-01	2.686901e+00	2.785574e-01	2.346483e+00	9.261061e+02	3.002728e-02	6.069023e-01	1.053484e-05	1.011715e-05	1.573575e-05	1.918793e-05	1.339259e-03	1.293981e-04	5.705421e-02	1.418272e-04	3.607276e+01	5.300242e-02	1.103176e+01	1.281716e+00	
2.277854e-03	2.889178e+00	3.040769e-01	2.231319e+00	2.949617e-02	1.392018e+01	2.533393e-02	2.919615e-02	3.267229e-01	1.713632e+00	2.553550e-03	1.772672e-01	6.637718e-01	2.654445e-01	7.884236e-01	2.679397e+00	2.777667e-01	2.488436e+00	9.384148e+02	2.847686e-02	5.980246e-01	1.075115e-05	1.011076e-05	1.489058e-05	1.835785e-05	1.604899e-03	1.412631e-04	5.805500e-02	2.327711e-04	3.581097e+01	5.335676e-02	1.054711e+01	1.367492e+00	
2.277877e-03	2.886669e+00	6.209956e-01	2.145064e+00	2.842152e-02	1.387386e+01	2.549798e-02	3.285144e-02	3.266667e-01	1.703355e+00	2.678956e-03	1.796157e-01	6.638885e-01	2.651938e-01	7.834185e-01	2.700269e+00	2.818319e-01	2.249365e+00	9.209606e+02	3.132117e-02	6.142816e-01	1.076329e-05	1.005715e-05	1.674692e-05	2.059317e-05	8.939815e-04	1.320030e-04	5.756997e-02	2.098814e-04	3.584032e+01	5.342558e-02	1.104502e+01	1.274114e+00	
2.277885e-03	2.854646e+00	4.069098e-01	2.192460e+00	2.908102e-02	1.392845e+01	2.533115e-02	2.918643e-02	3.267611e-01	1.703625e+00	2.259738e-03	1.780465e-01	6.615539e-01	2.716135e-01	8.137922e-01	2.678007e+00	2.776794e-01	2.429259e+00	9.333964e+02	2.894111e-02	5.977062e-01	1.060849e-05	1.015612e-05	1.467800e-05	1.769053e-05	1.360372e-03	1.372244e-04	5.788654e-02	1.337791e-04	3.588753e+01	5.326001e-02	1.081613e+01	1.302965e+00	
2.278129e-03	2.744063e+00	3.470841e-01	2.310173e+00	3.041912e-02	1.389206e+01	2.545267e-02	2.839559e-02	3.268465e-01	1.704685e+00	2.202756e-03	1.755841e-01	6.619670e-01	2.700819e-01	8.033443e-01	2.683668e+00	2.782093e-01	2.475092e+00	9.396293e+02	2.822975e-02	5.844526e-01	1.062826e-05	1.017813e-05	1.424103e-05	1.732574e-05	1.737400e-03	1.395866e-04	5.648636e-02	1.435531e-04	3.584554e+01	5.344580e-02	1.063129e+01	1.348185e+00	
2.278155e-03	2.835084e+00	5.925083e-01	2.030688e+00	2.679230e-02	1.403347e+01	2.517053e-02	2.814440e-02	3.267848e-01	1.699973e+00	2.617157e-03	1.858211e-01	6.650660e-01	2.626050e-01	7.792763e-01	2.681094e+00	2.779015e-01	2.394456e+00	9.332369e+02	2.938054e-02	6.036891e-01	1.060381e-05	1.009695e-05	1.428389e-05	1.763356e-05	1.113427e-03	1.284394e-04	5.697496e-02	2.164231e-04	3.621944e+01	5.272989e-02	1.088681e+01	1.299473e+00	
2.278197e-03	2.822145e+00	6.665138e-01	2.120651e+00	2.793134e-02	1.394837e+01	2.537501e-02	2.842546e-02	3.268032e-01	1.696627e+00	2.278538e-03	1.799767e-01	6.639632e-01	2.640055e-01	7.748735e-01	2.685566e+00	2.773662e-01	2.442319e+00	9.359009e+02	2.879049e-02	5.941301e-01	1.056476e-05	1.024550e-05	1.477576e-05	1.808402e-05	8.098136e-04	1.320733e-04	5.710836e-02	2.895990e-04	3.615280e+01	5.286575e-02	1.116760e+01	1.269673e+00	
2.278248e-03	2.840239e+00	5.883000e-01	2.156341e+00	2.842766e-02	1.390303e+01	2.542293e-02	3.042948e-02	3.267770e-01	1.703531e+00	2.345317e-03	1.873388e-01	6.638962e-01	2.666040e-01	8.065926e-01	2.673044e+00	2.763839e-01	2.463536e+00	9.431954e+02	2.788059e-02	5.766376e-01	1.064970e-05	1.007130e-05	1.493363e-05	1.832137e-05	1.839509e-03	1.361260e-04	5.771862e-02	1.656215e-04	3.595161e+01	5.314987e-02	1.100235e+01	1.282394e+00	
2.278306e-03	2.873925e+00	4.563780e-01	2.135686e+00	2.820315e-02	1.392992e+01	2.538157e-02	3.008947e-02	3.267031e-01	1.719056e+00	2.597463e-03	1.702257e-01	6.633242e-01	2.663174e-01	7.823377e-01	2.671384e+00	2.764520e-01	2.354598e+00	9.346686e+02	2.985501e-02	6.041347e-01	1.063057e-05	1.012735e-05	1.512823e-05	1.867370e-05	1.138945e-03	1.360866e-04	5.721518e-02	2.476442e-04	3.584746e+01	5.336655e-02	1.081827e+01	1.321036e+00	
2.278359e-03	2.866043e+00	6.605358e-01	2.069385e+00	2.721175e-02	1.390464e+01	2.546751e-02	2.971305e-02	3.267972e-01	1.714705e+00	2.154192e-03	1.762474e-01	6.636693e-01	2.655409e-01	7.814264e-01	2.677935e+00	2.780835e-01	2.343748e+00	9.344509e+02	3.032925e-02	6.101054e-01	1.055592e-05	1.023110e-05	1.475936e-05	1.818875e-05	1.225306e-03	1.288410e-04	5.827375e-02	2.028457e-04	3.596968e+01	5.325972e-02	1.106893e+01	1.287585e+00	
2.278364e-03	2.792136e+00	4.231255e-01	2.077582e+00	2.719743e-02	1.394252e+01	2.532861e-02	3.046833e-02	3.267616e-01	1.691622e+00	2.903899e-03	1.897868e-01	6.586624e-01	2.770714e-01	8.179990e-01	2.694251e+00	2.805071e-01	2.475522e+00	9.367300e+02	2.796016e-02	5.775314e-01	1.077735e-05	1.007772e-05	1.295765e-05	1.589282e-05	1.369537e-03	1.325407e-04	5.671817e-02	3.802049e-04	3.605904e+01	5.293270e-02	1.053517e+01	1.380511e+00	
2.278366e-03	2.880587e+00	5.620835e-01	2.135710e+00	2.827965e-02	1.394868e+01	2.538990e-02	3.051348e-02	3.267749e-01	1.712201e+00	2.908733e-03	1.773391e-01	6.631119e-01	2.674890e-01	8.009666e-01	2.697039e+00	2.802858e-01	2.410226e+00	9.319057e+02	2.910518e-02	5.960296e-01	1.070206e-05	1.016663e-05	1.577676e-05	1.906291e-05	1.015412e-03	1.260103e-04	5.791851e-02	3.646877e-04	3.589583e+01	5.337875e-02	1.056856e+01	1.351133e+00	
2.278413e-03	2.783820e+00	3.652558e-01	2.059135e+00	2.733393e-02	1.394078e+01	2.531556e-02	2.768753e-02	3.267915e-01	1.713536e+00	2.236512e-03	1.734402e-01	6.618359e-01	2.696036e-01	8.034605e-01	2.672315e+00	2.749331e-01	2.441831e+00	9.362942e+02	2.888214e-02	5.950763e-01	1.067277e-05	1.017372e-05	1.413919e-05	1.754814e-05	1.543031e-03	1.332256e-04	5.726232e-02	9.237112e-05	3.601542e+01	5.299768e-02	1.116786e+01	1.257620e+00	
2.278430e-03	2.860827e+00	7.578366e-01	2.074894e+00	2.733218e-02	1.391684e+01	2.543163e-02	3.155437e-02	3.267408e-01	1.715594e+00	2.250792e-03	1.745903e-01	6.629419e-01	2.683947e-01	8.039967e-01	2.692784e+00	2.794687e-01	2.426155e+00	9.293829e+02	2.847039e-02	5.819292e-01	1.056194e-05	1.009497e-05	1.419429e-05	1.749920e-05	7.057148e-04	1.357062e-04	5.754041e-02	2.374907e-04	3.599738e+01	5.317533e-02	1.102747e+01	1.284342e+00	
2.278491e-03	2.829740e+00	4.413205e-01	1.977558e+00	2.583057e-02	1.395679e+01	2.524152e-02	2.949286e-02	3.267313e-01	1.702796e+00	2.828316e-03	1.827742e-01	6.629476e-01	2.664439e-01	7.853298e-01	2.702627e+00	2.808530e-01	2.403557e+00	9.346394e+02	2.902213e-02	5.944643e-01	1.065458e-05	1.015795e-05	1.439388e-05	1.767077e-05	1.144846e-03	1.342499e-04	5.695331e-02	2.275884e-04	3.597349e+01	5.302243e-02	1.095542e+01	1.318716e+00	
2.278509e-03	2.764314e+00	5.822354e-01	2.134357e+00	2.822817e-02	1.394966e+01	2.532354e-02	2.949759e-02	3.267200e-01	1.727015e+00	2.445299e-03	1.633393e-01	6.634249e-01	2.647342e-01	7.705979e-01	2.656756e+00	2.736631e-01	2.295787e+00	9.218528e+02	3.077165e-02	6.170332e-01	1.062597e-05	1.010404e-05	1.565501e-05	1.926862e-05	1.243263e-03	1.426431e-04	5.714460e-02	8.196919e-05	3.596784e+01	5.314370e-02	1.114532e+01	1.259590e+00	
2.278512e-03	2.809729e+00	6.847443e-01	2.176007e+00	2.866488e-02	1.387356e+01	2.550236e-02	3.018005e-02	3.267576e-01	1.714740e+00	2.747842e-03	1.724181e-01	6.624665e-01	2.675620e-01	7.794324e-01	2.698812e+00	2.822892e-01	2.353632e+00	9.357561e+02	3.004757e-02	6.076480e-01	1.073584e-05	1.020874e-05	1.630651e-05	2.002284e-05	1.264674e-03	1.278827e-04	5.774246e-02	2.887102e-04	3.584755e+01	5.340860e-02	1.077314e+01	1.337606e+00	
2.278539e-03	2.696015e+00	4.112829e-01	2.100573e+00	2.769445e-02	1.393729e+01	2.537467e-02	2.805892e-02	3.268155e-01	1.721060e+00	2.273151e-03	1.617481e-01	6.607541e-01	2.708662e-01	7.924033e-01	2.680842e+00	2.765846e-01	2.375316e+00	9.362721e+02	2.970868e-02	6.013447e-01	1.057632e-05	1.020083e-05	1.459419e-05	1.816840e-05	1.438463e-03	1.341451e-04	5.636939e-02	9.135688e-05	3.599642e+01	5.317365e-02	1.101805e+01	1.294063e+00	
2.278572e-03	2.845601e+00	3.428062e-01	2.175317e+00	2.863012e-02	1.396361e+01	2.525926e-02	2.732217e-02	3.267974e-01	1.700200e+00	2.321028e-03	1.799842e-01	6.645252e-01	2.633298e-01	7.779223e-01	2.687304e+00	2.785256e-01	2.473218e+00	9.368121e+02	2.860505e-02	5.956767e-01	1.060199e-05	1.010747e-05	1.522051e-05	1.876722e-05	1.583094e-03	1.280531e-04	5.727764e-02	1.622905e-04	3.607893e+01	5.292129e-02	1.088490e+01	1.311444e+00	
2.278620e-03	2.773490e+00	4.519418e-01	2.291965e+00	3.020367e-02	1.395365e+01	2.535921e-02	2.862330e-02	3.268259e-01	1.703401e+00	2.478458e-03	1.819664e-01	6.614566e-01	2.700288e-01	7.968025e-01	2.678400e+00	2.775224e-01	2.427673e+00	9.398543e+02	2.881321e-02	5.856939e-01	1.074644e-05	1.001398e-05	1.473735e-05	1.831976e-05	1.079534e-03	1.239537e-04	5.716592e-02	2.993114e-04	3.608094e+01	5.302469e-02	1.081202e+01	1.330734e+00	
2.278740e-03	2.784068e+00	6.172653e-01	2.279295e+00	2.999118e-02	1.386693e+01	2.558305e-02	2.780908e-02	3.268906e-01	1.711130e+00	2.006243e-03	1.720482e-01	6.633431e-01	2.668728e-01	7.927731e-01	2.671360e+00	2.763228e-01	2.469511e+00	9.410676e+02	2.787105e-02	5.767221e-01	1.067549e-05	1.008534e-05	1.485006e-05	1.791972e-05	1.557078e-03	1.279784e-04	5.699770e-02	3.319771e-04	3.598018e+01	5.330602e-02	1.088698e+01	1.324406e+00	
2.278744e-03	2.912901e+00	4.664337e-01	2.065208e+00	2.731524e-02	1.395719e+01	2.531619e-02	2.835968e-02	3.268028e-01	1.700054e+00	2.226795e-03	1.867587e-01	6.628802e-01	2.696203e-01	8.252976e-01	2.671719e+00	2.759916e-01	2.481742e+00	9.422149e+02	2.823218e-02	5.867250e-01	1.072079e-05	1.013255e-05	1.378929e-05	1.665307e-05	1.104993e-03	1.335528e-04	5.810486e-02	2.523308e-04	3.598822e+01	5.312268e-02	1.060588e+01	1.345144e+00	
2.278783e-03	2.825398e+00	3.588670e-01	2.027784e+00	2.664707e-02	1.392886e+01	2.535515e-02	2.939910e-02	3.267388e-01	1.702822e+00	2.264113e-03	1.826133e-01	6.618929e-01	2.696386e-01	7.987329e-01	2.699588e+00	2.806226e-01	2.471521e+00	9.382671e+02	2.822555e-02	5.824483e-01	1.057783e-05	1.014470e-05	1.317320e-05	1.650717e-05	1.260695e-03	1.297440e-04	5.689558e-02	2.412733e-04	3.600367e+01	5.307480e-02	1.066218e+01	1.341336e+00	
2.278803e-03	2.845989e+00	5.274691e-01	2.188009e+00	2.904847e-02	1.392519e+01	2.536940e-02	2.869334e-02	3.268005e-01	1.709023e+00	2.296135e-03	1.814508e-01	6.624583e-01	2.680779e-01	7.911404e-01	2.686323e+00	2.774805e-01	2.368614e+00	9.347647e+02	2.886109e-02	5.833288e-01	1.051750e-05	1.005511e-05	1.525039e-05	1.843032e-05	1.115914e-03	1.333713e-04	5.743720e-02	1.954708e-04	3.596279e+01	5.312136e-02	1.088274e+01	1.297175e+00	
2.278821e-03	2.877819e+00	6.747456e-01	2.079735e+00	2.731350e-02	1.395978e+01	2.534860e-02	3.050749e-02	3.267765e-01	1.714442e+00	2.605843e-03	1.783243e-01	6.646667e-01	2.634142e-01	7.802649e-01	2.709040e+00	2.817724e-01	2.338256e+00	9.320926e+02	2.991694e-02	6.005104e-01	1.063903e-05	1.005828e-05	1.514930e-05	1.838682e-05	7.822129e-04	1.232089e-04	5.746800e-02	2.479079e-04	3.620272e+01	5.282504e-02	1.133484e+01	1.243611e+00	
2.278848e-03	2.885493e+00	5.186510e-01	2.077618e+00	2.745745e-02	1.399491e+01	2.517638e-02	3.139052e-02	3.266329e-01	1.680373e+00	2.907696e-03	1.948025e-01	6.636571e-01	2.651797e-01	7.835634e-01	2.701499e+00	2.813685e-01	2.440387e+00	9.334393e+02	2.887226e-02	5.968788e-01	1.072360e-05	1.012176e-05	1.600975e-05	1.974508e-05	1.238119e-03	1.248019e-04	5.694250e-02	4.050918e-04	3.591735e+01	5.315020e-02	1.123515e+01	1.249132e+00	
2.278858e-03	2.845876e+00	3.721686e-01	2.181147e+00	2.884238e-02	1.393649e+01	2.527637e-02	2.927339e-02	3.267799e-01	1.699071e+00	2.477870e-03	1.869762e-01	6.640076e-01	2.657787e-01	7.944152e-01	2.696738e+00	2.808887e-01	2.458986e+00	9.320892e+02	2.831453e-02	5.833833e-01	1.066266e-05	1.009392e-05	1.480101e-05	1.818867e-05	1.268919e-03	1.378942e-04	5.745399e-02	3.281821e-04	3.593391e+01	5.306374e-02	1.079834e+01	1.317937e+00	
2.278947e-03	2.912859e+00	8.326935e-01	2.078049e+00	2.745840e-02	1.394869e+01	2.540498e-02	2.914548e-02	3.267674e-01	1.709519e+00	2.290940e-03	1.805621e-01	6.638747e-01	2.641751e-01	7.694765e-01	2.682761e+00	2.783292e-01	2.390555e+00	9.336730e+02	2.907924e-02	5.905775e-01	1.068233e-05	1.012811e-05	1.511380e-05	1.837677e-05	8.771589e-04	1.249722e-04	5.703028e-02	5.211915e-04	3.595518e+01	5.335060e-02	1.092362e+01	1.307145e+00	
2.278969e-03	2.862479e+00	4.938644e-01	2.166281e+00	2.842401e-02	1.392391e+01	2.531876e-02	3.212636e-02	3.267479e-01	1.693059e+00	2.461699e-03	1.894666e-01	6.626819e-01	2.689032e-01	8.085077e-01	2.697954e+00	2.799544e-01	2.461269e+00	9.358330e+02	2.819402e-02	5.800804e-01	1.057295e-05	1.013765e-05	1.527050e-05	1.834845e-05	1.830835e-03	1.303550e-04	5.758919e-02	1.020828e-04	3.594897e+01	5.308545e-02	1.099336e+01	1.297168e+00	
2.278974e-03	2.811185e+00	3.400317e-01	2.131726e+00	2.817600e-02	1.395937e+01	2.525350e-02	2.816798e-02	3.267447e-01	1.711115e+00	2.430481e-03	1.771998e-01	6.624780e-01	2.676733e-01	7.936095e-01	2.697254e+00	2.802584e-01	2.392424e+00	9.271474e+02	2.939433e-02	5.991776e-01	1.063799e-05	1.001965e-05	1.511020e-05	1.886947e-05	1.205497e-03	1.362891e-04	5.694373e-02	1.942042e-04	3.602360e+01	5.295019e-02	1.090699e+01	1.301635e+00	
2.278979e-03	2.849632e+00	5.215858e-01	2.222474e+00	2.914973e-02	1.392868e+01	2.541743e-02	2.986445e-02	3.267703e-01	1.706878e+00	2.614723e-03	1.775915e-01	6.608019e-01	2.725287e-01	8.141961e-01	2.701500e+00	2.806575e-01	2.395230e+00	9.413191e+02	2.886961e-02	5.852582e-01	1.071290e-05	1.013600e-05	1.511585e-05	1.858175e-05	1.230932e-03	1.331119e-04	5.775874e-02	4.199126e-04	3.595569e+01	5.323358e-02	1.074200e+01	1.355065e+00	
2.278987e-03	2.791059e+00	3.220810e-01	2.182841e+00	2.889603e-02	1.398452e+01	2.525607e-02	2.867736e-02	3.267825e-01	1.702269e+00	2.488068e-03	1.826888e-01	6.630559e-01	2.674223e-01	8.079592e-01	2.682874e+00	2.777439e-01	2.412405e+00	9.329991e+02	2.899515e-02	5.908532e-01	1.059239e-05	1.020039e-05	1.558016e-05	1.873152e-05	1.092080e-03	1.410315e-04	5.775721e-02	1.010042e-04	3.605716e+01	5.299397e-02	1.105500e+01	1.278772e+00	
2.278988e-03	3.017098e+00	4.622674e-01	2.111585e+00	2.769150e-02	1.387984e+01	2.545147e-02	3.138965e-02	3.266718e-01	1.716357e+00	2.902261e-03	1.723308e-01	6.641921e-01	2.648274e-01	7.821645e-01	2.702008e+00	2.809375e-01	2.419898e+00	9.302139e+02	2.893946e-02	5.972255e-01	1.078098e-05	1.013987e-05	1.549482e-05	1.900463e-05	1.076292e-03	1.339311e-04	5.837354e-02	3.167633e-04	3.586033e+01	5.331342e-02	1.063837e+01	1.352693e+00	
2.278991e-03	2.836379e+00	4.662726e-01	2.178905e+00	2.873993e-02	1.388505e+01	2.547378e-02	2.831813e-02	3.267525e-01	1.702665e+00	2.677350e-03	1.808260e-01	6.622594e-01	2.688999e-01	8.105212e-01	2.695817e+00	2.797929e-01	2.478361e+00	9.387508e+02	2.857250e-02	5.972631e-01	1.070655e-05	1.012655e-05	1.508473e-05	1.845530e-05	1.350715e-03	1.297581e-04	5.731399e-02	5.829982e-04	3.579360e+01	5.355302e-02	1.030543e+01	1.420120e+00	
2.278998e-03	2.845513e+00	4.672952e-01	2.154864e+00	2.842116e-02	1.389852e+01	2.539947e-02	2.716648e-02	3.268301e-01	1.707182e+00	2.290855e-03	1.780047e-01	6.623432e-01	2.683529e-01	7.817059e-01	2.690173e+00	2.795883e-01	2.488570e+00	9.380560e+02	2.792233e-02	5.849181e-01	1.066815e-05	1.008358e-05	1.582177e-05	1.942264e-05	1.147104e-03	1.250662e-04	5.762477e-02	2.135660e-04	3.598406e+01	5.304092e-02	1.094028e+01	1.296220e+00	
2.279009e-03	2.842760e+00	5.715522e-01	2.059626e+00	2.736417e-02	1.397266e+01	2.529152e-02	2.989129e-02	3.267363e-01	1.707506e+00	2.464559e-03	1.825281e-01	6.629235e-01	2.675687e-01	7.998762e-01	2.678652e+00	2.767113e-01	2.389684e+00	9.356869e+02	2.935708e-02	5.998584e-01	1.050146e-05	1.011716e-05	1.552998e-05	1.883166e-05	1.072043e-03	1.281477e-04	5.735829e-02	1.314757e-04	3.614409e+01	5.289905e-02	1.107437e+01	1.270699e+00	
2.279012e-03	2.948630e+00	6.481916e-01	2.212296e+00	2.909169e-02	1.394704e+01	2.531355e-02	3.300659e-02	3.266476e-01	1.705534e+00	2.549865e-03	1.768029e-01	6.647051e-01	2.617179e-01	7.579769e-01	2.677528e+00	2.768431e-01	2.389860e+00	9.307100e+02	2.915512e-02	5.909212e-01	1.064666e-05	1.017202e-05	1.653145e-05	2.030047e-05	1.116273e-03	1.273932e-04	5.744546e-02	3.811556e-04	3.592624e+01	5.320723e-02	1.135142e+01	1.250420e+00	
2.279102e-03	2.922920e+00	6.808552e-01	2.100064e+00	2.752265e-02	1.397931e+01	2.529252e-02	3.111349e-02	3.266865e-01	1.704051e+00	2.871489e-03	1.844497e-01	6.637608e-01	2.660305e-01	8.069873e-01	2.679902e+00	2.774603e-01	2.452542e+00	9.366279e+02	2.867088e-02	5.956835e-01	1.069122e-05	1.010452e-05	1.520844e-05	1.848208e-05	1.116671e-03	1.229914e-04	5.773984e-02	3.720342e-04	3.617815e+01	5.279062e-02	1.083147e+01	1.323730e+00	
2.279150e-03	2.853653e+00	7.476591e-01	2.209599e+00	2.925972e-02	1.393316e+01	2.536081e-02	3.079796e-02	3.267330e-01	1.695131e+00	2.580628e-03	1.865725e-01	6.622089e-01	2.696715e-01	7.996451e-01	2.703016e+00	2.814335e-01	2.363770e+00	9.348192e+02	2.933168e-02	5.945465e-01	1.067341e-05	1.021093e-05	1.631293e-05	2.011460e-05	9.016645e-04	1.236003e-04	5.776439e-02	2.809648e-04	3.592289e+01	5.325864e-02	1.097649e+01	1.292166e+00	
2.279248e-03	2.809912e+00	4.838279e-01	2.151844e+00	2.829269e-02	1.394244e+01	2.534438e-02	2.813144e-02	3.267933e-01	1.696215e+00	2.296780e-03	1.892347e-01	6.638666e-01	2.645377e-01	7.775642e-01	2.685107e+00	2.789873e-01	2.513384e+00	9.387400e+02	2.802979e-02	5.931826e-01	1.064606e-05	1.009555e-05	1.574091e-05	1.932913e-05	1.511375e-03	1.332650e-04	5.768842e-02	1.778772e-04	3.603317e+01	5.308169e-02	1.102998e+01	1.299987e+00	
2.279342e-03	2.768483e+00	4.353560e-01	2.112401e+00	2.787738e-02	1.390566e+01	2.536343e-02	2.809061e-02	3.267928e-01	1.726416e+00	2.212072e-03	1.656810e-01	6.603811e-01	2.754833e-01	8.480652e-01	2.676623e+00	2.767118e-01	2.448256e+00	9.337261e+02	2.866441e-02	5.943277e-01	1.063289e-05	1.015263e-05	1.404834e-05	1.729033e-05	1.706332e-03	1.394918e-04	5.747878e-02	1.070036e-04	3.597805e+01	5.303100e-02	1.101285e+01	1.274636e+00	
2.279345e-03	2.851780e+00	5.378165e-01	2.002938e+00	2.657949e-02	1.394404e+01	2.534920e-02	2.824369e-02	3.267884e-01	1.701466e+00	2.146854e-03	1.858791e-01	6.597105e-01	2.750252e-01	8.141115e-01	2.702404e+00	2.817059e-01	2.390089e+00	9.425338e+02	2.906698e-02	5.895813e-01	1.067993e-05	1.002809e-05	1.414630e-05	1.750407e-05	1.301204e-03	1.269792e-04	5.699113e-02	3.251967e-04	3.612362e+01	5.287609e-02	1.068208e+01	1.311611e+00	
2.279361e-03	2.886441e+00	5.272609e-01	2.089415e+00	2.764563e-02	1.388609e+01	2.545107e-02	2.904184e-02	3.267400e-01	1.713464e+00	2.294330e-03	1.765733e-01	6.645203e-01	2.645179e-01	7.864134e-01	2.680799e+00	2.787863e-01	2.399237e+00	9.365002e+02	2.946790e-02	6.067650e-01	1.063711e-05	1.002744e-05	1.466890e-05	1.810825e-05	1.303039e-03	1.320561e-04	5.759443e-02	2.652906e-04	3.594496e+01	5.320476e-02	1.076429e+01	1.323780e+00	
2.279403e-03	2.919030e+00	6.401693e-01	2.067915e+00	2.706617e-02	1.392102e+01	2.541241e-02	2.874178e-02	3.268147e-01	1.720045e+00	2.399429e-03	1.725346e-01	6.659050e-01	2.599416e-01	7.572676e-01	2.671690e+00	2.758334e-01	2.434902e+00	9.320284e+02	2.901066e-02	6.003273e-01	1.072156e-05	1.014006e-05	1.443919e-05	1.772659e-05	8.744283e-04	1.265746e-04	5.804484e-02	2.631754e-04	3.612473e+01	5.292874e-02	1.099117e+01	1.299579e+00	
2.279487e-03	2.857470e+00	3.969680e-01	1.911126e+00	2.507786e-02	1.399975e+01	2.517264e-02	2.880475e-02	3.267074e-01	1.710127e+00	2.656598e-03	1.819422e-01	6.624389e-01	2.673694e-01	7.818222e-01	2.681567e+00	2.785690e-01	2.349368e+00	9.305742e+02	2.966142e-02	6.007469e-01	1.063803e-05	1.019351e-05	1.430919e-05	1.775605e-05	1.353080e-03	1.409067e-04	5.731238e-02	6.915355e-05	3.619080e+01	5.264672e-02	1.123187e+01	1.257769e+00	
2.279555e-03	2.812205e+00	7.825954e-01	2.134146e+00	2.827613e-02	1.390499e+01	2.539219e-02	3.095884e-02	3.267697e-01	1.694275e+00	2.571692e-03	1.893229e-01	6.617936e-01	2.704108e-01	8.050387e-01	2.694651e+00	2.805011e-01	2.257544e+00	9.279128e+02	3.039186e-02	5.915295e-01	1.070363e-05	1.000751e-05	1.527264e-05	1.882484e-05	7.216497e-04	1.214399e-04	5.723236e-02	4.679645e-04	3.598190e+01	5.313773e-02	1.092258e+01	1.296448e+00	
2.279568e-03	2.797941e+00	6.594479e-01	2.017741e+00	2.654930e-02	1.393239e+01	2.539403e-02	3.063435e-02	3.267625e-01	1.701358e+00	2.370169e-03	1.873758e-01	6.615061e-01	2.719905e-01	8.208704e-01	2.689117e+00	2.783271e-01	2.408100e+00	9.422874e+02	2.939182e-02	6.060842e-01	1.059560e-05	1.015902e-05	1.432446e-05	1.749796e-05	1.283981e-03	1.230199e-04	5.774556e-02	3.651142e-04	3.601074e+01	5.318610e-02	1.083773e+01	1.314790e+00	
2.279603e-03	2.830377e+00	7.213614e-01	2.121821e+00	2.790006e-02	1.395516e+01	2.537954e-02	2.816810e-02	3.268236e-01	1.716685e+00	2.586913e-03	1.751237e-01	6.644866e-01	2.624151e-01	7.557782e-01	2.675457e+00	2.762580e-01	2.414579e+00	9.290647e+02	2.898464e-02	6.005958e-01	1.058254e-05	1.010873e-05	1.483006e-05	1.787870e-05	1.256729e-03	1.379243e-04	5.723661e-02	1.387782e-04	3.604305e+01	5.316624e-02	1.096991e+01	1.303894e+00	
2.279603e-03	2.808991e+00	5.714480e-01	2.094538e+00	2.790086e-02	1.391554e+01	2.536114e-02	2.825677e-02	3.267784e-01	1.700518e+00	2.579929e-03	1.776375e-01	6.614554e-01	2.706257e-01	8.090098e-01	2.684555e+00	2.766490e-01	2.417887e+00	9.331676e+02	2.879785e-02	5.906610e-01	1.069446e-05	1.010817e-05	1.456626e-05	1.770302e-05	1.326099e-03	1.272360e-04	5.711952e-02	3.473284e-04	3.592594e+01	5.319178e-02	1.080699e+01	1.305518e+00	
2.279673e-03	2.921852e+00	5.032741e-01	2.033865e+00	2.658433e-02	1.400164e+01	2.521089e-02	3.058292e-02	3.267286e-01	1.707179e+00	2.384973e-03	1.829495e-01	6.641321e-01	2.651833e-01	7.974144e-01	2.667300e+00	2.752671e-01	2.382762e+00	9.354902e+02	2.969212e-02	6.049978e-01	1.057373e-05	1.011225e-05	1.319138e-05	1.609463e-05	1.098834e-03	1.367264e-04	5.760443e-02	1.690043e-04	3.613007e+01	5.280242e-02	1.140338e+01	1.238312e+00	
2.279698e-03	2.902751e+00	8.421792e-01	2.076696e+00	2.733241e-02	1.396767e+01	2.530561e-02	3.087615e-02	3.267184e-01	1.694550e+00	2.760537e-03	1.895338e-01	6.636164e-01	2.659801e-01	8.029582e-01	2.690169e+00	2.794197e-01	2.392170e+00	9.428811e+02	2.942103e-02	5.986146e-01	1.060132e-05	1.015658e-05	1.505832e-05	1.829302e-05	9.715386e-04	1.213480e-04	5.832120e-02	2.414057e-04	3.607623e+01	5.297893e-02	1.095145e+01	1.290761e+00	
2.279833e-03	2.871777e+00	1.033427e+00	2.012664e+00	2.635064e-02	1.395585e+01	2.533612e-02	2.981936e-02	3.267552e-01	1.691701e+00	2.748384e-03	1.917829e-01	6.643483e-01	2.622867e-01	7.521071e-01	2.698814e+00	2.813127e-01	2.343405e+00	9.238411e+02	3.010325e-02	6.056203e-01	1.063753e-05	1.011119e-05	1.544847e-05	1.931632e-05	7.525378e-04	1.347380e-04	5.667511e-02	3.336992e-04	3.594237e+01	5.325293e-02	1.125268e+01	1.261110e+00	
2.279847e-03	2.823248e+00	5.253359e-01	1.999022e+00	2.615535e-02	1.397505e+01	2.531209e-02	3.045559e-02	3.267490e-01	1.707946e+00	2.596987e-03	1.753893e-01	6.649395e-01	2.614442e-01	7.585476e-01	2.691955e+00	2.791576e-01	2.373905e+00	9.322523e+02	2.964184e-02	6.043097e-01	1.051413e-05	1.011020e-05	1.564584e-05	1.910645e-05	1.143668e-03	1.361834e-04	5.660888e-02	8.697904e-05	3.622078e+01	5.273563e-02	1.141342e+01	1.234899e+00	
2.279936e-03	2.905437e+00	6.043918e-01	2.164618e+00	2.837693e-02	1.392462e+01	2.537156e-02	3.212964e-02	3.266824e-01	1.711717e+00	2.179853e-03	1.775867e-01	6.648647e-01	2.629112e-01	7.875196e-01	2.695752e+00	2.795492e-01	2.396551e+00	9.300460e+02	2.946508e-02	5.992803e-01	1.057615e-05	1.006384e-05	1.569712e-05	1.929093e-05	1.334493e-03	1.300317e-04	5.749862e-02	1.848990e-04	3.602298e+01	5.308105e-02	1.125718e+01	1.260395e+00	
2.279946e-03	2.879311e+00	5.183487e-01	2.059055e+00	2.729746e-02	1.392202e+01	2.538871e-02	3.126343e-02	3.267527e-01	1.709002e+00	2.483839e-03	1.850951e-01	6.631315e-01	2.681883e-01	8.033530e-01	2.688521e+00	2.795224e-01	2.452032e+00	9.387629e+02	2.831068e-02	5.856663e-01	1.058392e-05	1.011048e-05	1.502752e-05	1.806649e-05	9.453867e-04	1.372500e-04	5.748531e-02	2.831499e-04	3.592798e+01	5.321657e-02	1.058621e+01	1.346092e+00	
2.279956e-03	2.861890e+00	7.537542e-01	2.164265e+00	2.870665e-02	1.398061e+01	2.535034e-02	2.820127e-02	3.268177e-01	1.703598e+00	2.133473e-03	1.818290e-01	6.645413e-01	2.625079e-01	7.651001e-01	2.665623e+00	2.748379e-01	2.467972e+00	9.366238e+02	2.788281e-02	5.765109e-01	1.060705e-05	1.022018e-05	1.488650e-05	1.835666e-05	6.936597e-04	1.314796e-04	5.796704e-02	3.543099e-04	3.612843e+01	5.302683e-02	1.125210e+01	1.245146e+00	
2.279995e-03	2.792845e+00	6.183540e-01	1.995451e+00	2.631177e-02	1.396013e+01	2.533687e-02	2.846481e-02	3.268115e-01	1.707804e+00	2.321929e-03	1.774995e-01	6.638786e-01	2.640731e-01	7.747329e-01	2.701250e+00	2.798651e-01	2.329760e+00	9.275647e+02	3.001427e-02	6.032778e-01	1.068196e-05	1.020350e-05	1.534017e-05	1.882187e-05	1.001241e-03	1.320336e-04	5.711574e-02	2.233685e-04	3.600680e+01	5.311104e-02	1.137304e+01	1.232923e+00	
2.280044e-03	2.874984e+00	5.175502e-01	2.108254e+00	2.797459e-02	1.398109e+01	2.527288e-02	2.836986e-02	3.267995e-01	1.714413e+00	2.587604e-03	1.790253e-01	6.624567e-01	2.684151e-01	7.977788e-01	2.682625e+00	2.770912e-01	2.407644e+00	9.396736e+02	2.891937e-02	5.914297e-01	1.071015e-05	1.019563e-05	1.530362e-05	1.893624e-05	1.269683e-03	1.305804e-04	5.774377e-02	1.892523e-04	3.602673e+01	5.301155e-02	1.092731e+01	1.287322e+00	
2.280179e-03	2.828417e+00	6.515059e-01	2.032329e+00	2.683982e-02	1.396263e+01	2.530795e-02	3.126971e-02	3.266739e-01	1.710764e+00	2.781732e-03	1.783969e-01	6.631036e-01	2.649478e-01	7.723418e-01	2.703073e+00	2.812122e-01	2.350858e+00	9.315370e+02	2.965149e-02	5.936469e-01	1.055586e-05	1.002814e-05	1.577984e-05	1.953080e-05	7.821694e-04	1.343033e-04	5.612231e-02	4.041094e-04	3.600493e+01	5.307690e-02	1.108033e+01	1.274865e+00	
2.280183e-03	2.862351e+00	5.475248e-01	2.141563e+00	2.814648e-02	1.393873e+01	2.532353e-02	2.930576e-02	3.267770e-01	1.691495e+00	2.466162e-03	1.902702e-01	6.658694e-01	2.600410e-01	7.612619e-01	2.693083e+00	2.795666e-01	2.533821e+00	9.352584e+02	2.746212e-02	5.818903e-01	1.069276e-05	1.010625e-05	1.542920e-05	1.864457e-05	1.213759e-03	1.287907e-04	5.683982e-02	3.552054e-04	3.589787e+01	5.327120e-02	1.099792e+01	1.302905e+00	
2.280256e-03	2.823352e+00	4.351431e-01	2.080630e+00	2.743813e-02	1.395799e+01	2.530256e-02	2.893852e-02	3.267772e-01	1.701634e+00	2.524973e-03	1.828380e-01	6.635521e-01	2.657652e-01	7.899794e-01	2.687221e+00	2.782293e-01	2.439783e+00	9.359330e+02	2.864602e-02	5.932575e-01	1.069318e-05	1.020418e-05	1.443539e-05	1.765899e-05	1.088232e-03	1.334186e-04	5.739612e-02	4.338821e-04	3.604842e+01	5.301025e-02	1.098242e+01	1.297953e+00	
2.280374e-03	2.781353e+00	4.746021e-01	1.990108e+00	2.627228e-02	1.391918e+01	2.542484e-02	2.956055e-02	3.267753e-01	1.720555e+00	1.999709e-03	1.769182e-01	6.640486e-01	2.641002e-01	7.893298e-01	2.692180e+00	2.797574e-01	2.330000e+00	9.310070e+02	2.986095e-02	5.935660e-01	1.046301e-05	1.009292e-05	1.491888e-05	1.818416e-05	1.517725e-03	1.474680e-04	5.723935e-02	1.183340e-04	3.597727e+01	5.321020e-02	1.077480e+01	1.325117e+00	
2.280389e-03	2.894841e+00	7.765905e-01	2.126735e+00	2.807847e-02	1.390102e+01	2.546429e-02	2.970513e-02	3.267534e-01	1.694292e+00	2.414445e-03	1.846282e-01	6.647922e-01	2.637866e-01	7.802421e-01	2.687190e+00	2.793359e-01	2.377600e+00	9.285591e+02	2.954629e-02	6.041012e-01	1.064640e-05	1.018055e-05	1.526620e-05	1.886060e-05	7.794551e-04	1.398403e-04	5.753156e-02	4.655517e-04	3.593765e+01	5.329015e-02	1.104900e+01	1.272518e+00	
2.280397e-03	2.789257e+00	6.252447e-01	2.132277e+00	2.808608e-02	1.395198e+01	2.542438e-02	2.905334e-02	3.267682e-01	1.700996e+00	2.589655e-03	1.827963e-01	6.623285e-01	2.674663e-01	7.843836e-01	2.692912e+00	2.788830e-01	2.425497e+00	9.359197e+02	2.828546e-02	5.800323e-01	1.058191e-05	1.014009e-05	1.466124e-05	1.806425e-05	9.262847e-04	1.245902e-04	5.698051e-02	4.701063e-04	3.586161e+01	5.357143e-02	1.055906e+01	1.373273e+00	
2.280408e-03	2.851750e+00	5.437170e-01	2.082756e+00	2.732717e-02	1.397315e+01	2.527553e-02	3.020332e-02	3.267285e-01	1.711571e+00	2.424499e-03	1.734008e-01	6.589726e-01	2.765637e-01	8.256289e-01	2.682837e+00	2.786175e-01	2.399880e+00	9.371771e+02	2.886476e-02	5.797399e-01	1.070382e-05	1.009446e-05	1.429478e-05	1.790736e-05	9.026053e-04	1.320252e-04	5.675568e-02	2.700449e-04	3.608745e+01	5.297427e-02	1.110054e+01	1.292026e+00	
2.280440e-03	2.953252e+00	7.930507e-01	2.025623e+00	2.646784e-02	1.388259e+01	2.545156e-02	3.149943e-02	3.267061e-01	1.700845e+00	2.510897e-03	1.843942e-01	6.656259e-01	2.598950e-01	7.528450e-01	2.692325e+00	2.795664e-01	2.333110e+00	9.320951e+02	2.998417e-02	6.010309e-01	1.061238e-05	1.019831e-05	1.635683e-05	2.005360e-05	1.150078e-03	1.225813e-04	5.742073e-02	3.584438e-04	3.581987e+01	5.340402e-02	1.114553e+01	1.273656e+00	
2.280526e-03	2.837049e+00	7.515499e-01	2.043707e+00	2.688604e-02	1.393909e+01	2.532023e-02	3.003205e-02	3.267119e-01	1.699376e+00	2.692160e-03	1.894511e-01	6.636692e-01	2.628872e-01	7.574602e-01	2.688046e+00	2.788498e-01	2.345418e+00	9.368191e+02	2.989642e-02	6.040129e-01	1.068023e-05	1.017557e-05	1.557378e-05	1.911558e-05	1.030369e-03	1.289790e-04	5.739060e-02	2.979928e-04	3.611985e+01	5.281978e-02	1.120287e+01	1.267011e+00	
2.280618e-03	2.874412e+00	5.177807e-01	2.129656e+00	2.799749e-02	1.395708e+01	2.539994e-02	2.807270e-02	3.268066e-01	1.723955e+00	2.311275e-03	1.671367e-01	6.649149e-01	2.602428e-01	7.423160e-01	2.675247e+00	2.762718e-01	2.409395e+00	9.343734e+02	2.893267e-02	5.916495e-01	1.058814e-05	1.013340e-05	1.402253e-05	1.727116e-05	9.086970e-04	1.324474e-04	5.714952e-02	1.396216e-04	3.621768e+01	5.284591e-02	1.128951e+01	1.246947e+00	
2.280629e-03	2.884838e+00	6.658728e-01	2.225611e+00	2.946483e-02	1.395210e+01	2.538887e-02	3.083043e-02	3.267712e-01	1.710753e+00	2.474205e-03	1.730990e-01	6.646659e-01	2.655003e-01	8.074585e-01	2.685524e+00	2.780598e-01	2.313413e+00	9.344651e+02	3.034783e-02	6.044950e-01	1.061622e-05	1.024060e-05	1.563078e-05	1.896106e-05	1.024115e-03	1.302229e-04	5.808828e-02	3.729632e-04	3.586850e+01	5.343015e-02	1.077140e+01	1.317590e+00	
2.280868e-03	2.922784e+00	8.551535e-01	1.964359e+00	2.574034e-02	1.395184e+01	2.533592e-02	3.133351e-02	3.266921e-01	1.693946e+00	2.229839e-03	1.874742e-01	6.628646e-01	2.670368e-01	7.983342e-01	2.692924e+00	2.791915e-01	2.353647e+00	9.345869e+02	2.965402e-02	5.944239e-01	1.055162e-05	1.015174e-05	1.476469e-05	1.825721e-05	9.793443e-04	1.296151e-04	5.731585e-02	2.719067e-04	3.620101e+01	5.273840e-02	1.152116e+01	1.219147e+00	
2.280873e-03	2.894319e+00	6.749160e-01	2.023847e+00	2.648226e-02	1.395566e+01	2.536369e-02	3.050625e-02	3.267246e-01	1.696870e+00	2.517799e-03	1.855490e-01	6.653195e-01	2.616331e-01	7.755189e-01	2.697690e+00	2.807876e-01	2.451460e+00	9.343066e+02	2.854802e-02	5.893797e-01	1.058382e-05	1.010371e-05	1.492843e-05	1.838282e-05	7.195885e-04	1.265194e-04	5.720427e-02	4.375711e-04	3.603230e+01	5.313147e-02	1.118976e+01	1.282716e+00	
2.280905e-03	2.938669e+00	7.468500e-01	1.991537e+00	2.628807e-02	1.398422e+01	2.527262e-02	3.045729e-02	3.266901e-01	1.707097e+00	2.858046e-03	1.879585e-01	6.639307e-01	2.645036e-01	7.798014e-01	2.675268e+00	2.774947e-01	2.411670e+00	9.294700e+02	2.912615e-02	6.013940e-01	1.061392e-05	1.010682e-05	1.585993e-05	1.955336e-05	9.515232e-04	1.387933e-04	5.810815e-02	3.895657e-04	3.595721e+01	5.318402e-02	1.125325e+01	1.249854e+00	
2.280924e-03	2.912790e+00	8.023954e-01	2.043740e+00	2.692523e-02	1.400649e+01	2.519182e-02	2.908589e-02	3.267377e-01	1.685453e+00	2.558512e-03	2.012054e-01	6.619656e-01	2.689602e-01	8.078658e-01	2.697224e+00	2.803039e-01	2.367265e+00	9.417140e+02	2.916409e-02	5.861022e-01	1.061329e-05	1.011808e-05	1.476628e-05	1.807979e-05	8.165603e-04	1.248463e-04	5.740335e-02	5.872323e-04	3.611252e+01	5.286586e-02	1.119777e+01	1.259416e+00	
2.281130e-03	2.854091e+00	7.119096e-01	2.033374e+00	2.690457e-02	1.395042e+01	2.538015e-02	2.838478e-02	3.267375e-01	1.725705e+00	2.247123e-03	1.674599e-01	6.646172e-01	2.612417e-01	7.517149e-01	2.675510e+00	2.775248e-01	2.326214e+00	9.287030e+02	3.035381e-02	6.106564e-01	1.050139e-05	1.013435e-05	1.498160e-05	1.853248e-05	7.268536e-04	1.400634e-04	5.753852e-02	2.173920e-04	3.594505e+01	5.332228e-02	1.107448e+01	1.278046e+00	
2.281182e-03	2.812449e+00	6.080436e-01	2.207908e+00	2.924078e-02	1.393961e+01	2.541807e-02	2.813759e-02	3.267923e-01	1.721337e+00	2.506922e-03	1.648492e-01	6.608829e-01	2.727356e-01	8.301930e-01	2.687675e+00	2.780583e-01	2.395569e+00	9.330466e+02	2.912118e-02	5.902517e-01	1.069768e-05	1.016036e-05	1.510959e-05	1.860880e-05	1.119570e-03	1.276805e-04	5.743715e-02	1.855309e-04	3.598719e+01	5.319332e-02	1.087680e+01	1.303876e+00	
2.281283e-03	2.863345e+00	4.786543e-01	2.087555e+00	2.749094e-02	1.397263e+01	2.527393e-02	3.087092e-02	3.267396e-01	1.712845e+00	2.728144e-03	1.770132e-01	6.649754e-01	2.611022e-01	7.594231e-01	2.673776e+00	2.757179e-01	2.389098e+00	9.311444e+02	2.905865e-02	5.893490e-01	1.064720e-05	1.014741e-05	1.497732e-05	1.848541e-05	1.239907e-03	1.350104e-04	5.762936e-02	1.835995e-04	3.616010e+01	5.275886e-02	1.118755e+01	1.262669e+00	
2.281345e-03	2.972771e+00	3.749468e-01	1.985251e+00	2.591449e-02	1.392912e+01	2.537616e-02	3.081429e-02	3.266758e-01	1.689016e+00	2.509050e-03	1.917767e-01	6.650202e-01	2.633293e-01	7.850775e-01	2.700907e+00	2.813754e-01	2.390164e+00	9.300621e+02	2.953063e-02	6.039465e-01	1.069341e-05	1.026119e-05	1.426382e-05	1.740018e-05	1.137515e-03	1.282004e-04	5.793534e-02	1.749140e-04	3.603123e+01	5.303971e-02	1.092775e+01	1.309582e+00	
2.281470e-03	2.651163e+00	6.309001e-01	2.217709e+00	2.944660e-02	1.391494e+01	2.539212e-02	2.880075e-02	3.268284e-01	1.714444e+00	2.126960e-03	1.707875e-01	6.585708e-01	2.780683e-01	8.472026e-01	2.650066e+00	2.731348e-01	2.339638e+00	9.448801e+02	2.952305e-02	5.865691e-01	1.065874e-05	1.007555e-05	1.308074e-05	1.623930e-05	1.730117e-03	1.234780e-04	5.640314e-02	1.613361e-04	3.602738e+01	5.306389e-02	1.102842e+01	1.277463e+00	
2.281512e-03	2.933163e+00	5.047873e-01	2.167768e+00	2.859656e-02	1.390104e+01	2.538117e-02	3.266444e-02	3.266824e-01	1.708796e+00	2.714877e-03	1.730507e-01	6.632083e-01	2.660183e-01	7.741081e-01	2.697183e+00	2.796924e-01	2.402288e+00	9.276476e+02	2.906974e-02	5.922972e-01	1.062267e-05	1.018731e-05	1.557040e-05	1.908634e-05	1.312638e-03	1.345304e-04	5.751790e-02	1.856191e-04	3.559963e+01	5.376616e-02	1.086906e+01	1.320655e+00	
2.281549e-03	2.928377e+00	7.380451e-01	2.131303e+00	2.824902e-02	1.393191e+01	2.537324e-02	3.370175e-02	3.266395e-01	1.701766e+00	2.902508e-03	1.832649e-01	6.638673e-01	2.648990e-01	7.753109e-01	2.695077e+00	2.804246e-01	2.344218e+00	9.331550e+02	2.961855e-02	5.943381e-01	1.075255e-05	1.011010e-05	1.566595e-05	1.931919e-05	6.687964e-04	1.254095e-04	5.724346e-02	7.044114e-04	3.600882e+01	5.310343e-02	1.095993e+01	1.299753e+00	
2.281560e-03	2.835841e+00	5.046774e-01	2.016795e+00	2.650092e-02	1.396427e+01	2.533344e-02	3.067189e-02	3.267718e-01	1.698563e+00	2.606379e-03	1.838975e-01	6.616969e-01	2.718121e-01	8.143653e-01	2.692432e+00	2.791853e-01	2.372193e+00	9.319205e+02	2.898541e-02	5.835429e-01	1.066299e-05	1.014794e-05	1.380077e-05	1.705024e-05	9.472198e-04	1.295640e-04	5.730078e-02	2.504828e-04	3.602515e+01	5.307017e-02	1.078734e+01	1.326894e+00	
2.281562e-03	2.880933e+00	4.184781e-01	2.093389e+00	2.750810e-02	1.396947e+01	2.528676e-02	3.002093e-02	3.267217e-01	1.702405e+00	2.592307e-03	1.877166e-01	6.651854e-01	2.615035e-01	7.662386e-01	2.689950e+00	2.798302e-01	2.481063e+00	9.307402e+02	2.816201e-02	5.920545e-01	1.067809e-05	1.008828e-05	1.579650e-05	1.893834e-05	1.827549e-03	1.317313e-04	5.726546e-02	1.699750e-04	3.617346e+01	5.279911e-02	1.102184e+01	1.297731e+00	
2.281659e-03	2.866560e+00	5.162913e-01	2.045109e+00	2.690656e-02	1.389536e+01	2.543280e-02	2.903061e-02	3.267831e-01	1.716700e+00	2.313575e-03	1.755532e-01	6.615718e-01	2.691095e-01	7.931064e-01	2.693035e+00	2.791295e-01	2.426327e+00	9.272156e+02	2.894614e-02	5.909119e-01	1.061765e-05	1.009902e-05	1.477964e-05	1.810039e-05	8.188728e-04	1.324295e-04	5.768931e-02	1.946474e-04	3.601383e+01	5.310861e-02	1.099431e+01	1.296290e+00	
2.281929e-03	2.804691e+00	5.744039e-01	2.054636e+00	2.714195e-02	1.390595e+01	2.534527e-02	3.027699e-02	3.267154e-01	1.691841e+00	2.612972e-03	1.872812e-01	6.606414e-01	2.731882e-01	8.234317e-01	2.706825e+00	2.825693e-01	2.364403e+00	9.278701e+02	2.973960e-02	6.007675e-01	1.066375e-05	1.011727e-05	1.433206e-05	1.773311e-05	7.851241e-04	1.222001e-04	5.704531e-02	6.661730e-04	3.589732e+01	5.316643e-02	1.093867e+01	1.280064e+00	
2.281974e-03	2.863462e+00	7.112860e-01	2.039384e+00	2.695095e-02	1.392129e+01	2.545879e-02	2.884206e-02	3.267602e-01	1.711015e+00	2.286813e-03	1.734877e-01	6.633791e-01	2.647719e-01	7.742710e-01	2.686584e+00	2.787172e-01	2.354142e+00	9.315398e+02	2.999484e-02	6.047133e-01	1.061998e-05	1.012512e-05	1.443759e-05	1.782635e-05	1.156046e-03	1.265039e-04	5.677020e-02	2.685547e-04	3.608222e+01	5.311412e-02	1.088330e+01	1.297198e+00	
2.282032e-03	2.799905e+00	7.038896e-01	1.992494e+00	2.636121e-02	1.396763e+01	2.534348e-02	2.819682e-02	3.267963e-01	1.720063e+00	2.357985e-03	1.729987e-01	6.643066e-01	2.624055e-01	7.626077e-01	2.691709e+00	2.797722e-01	2.415319e+00	9.289564e+02	2.899076e-02	5.955812e-01	1.064263e-05	1.003671e-05	1.517859e-05	1.882594e-05	8.019655e-04	1.347535e-04	5.722121e-02	2.390890e-04	3.612148e+01	5.297034e-02	1.108364e+01	1.258891e+00	
2.282228e-03	2.909999e+00	5.636388e-01	2.198852e+00	2.903584e-02	1.390514e+01	2.540223e-02	3.079204e-02	3.267332e-01	1.696797e+00	2.686987e-03	1.822433e-01	6.635023e-01	2.663049e-01	7.798703e-01	2.691407e+00	2.795428e-01	2.437480e+00	9.365072e+02	2.874468e-02	5.953892e-01	1.072672e-05	1.013307e-05	1.604270e-05	1.940350e-05	9.055732e-04	1.296724e-04	5.798204e-02	4.498309e-04	3.581277e+01	5.344714e-02	1.084731e+01	1.309557e+00	
2.282427e-03	2.773594e+00	5.856757e-01	2.117538e+00	2.789619e-02	1.392814e+01	2.534518e-02	3.026605e-02	3.267299e-01	1.696639e+00	2.474278e-03	1.840768e-01	6.640826e-01	2.640388e-01	7.833096e-01	2.703450e+00	2.819144e-01	2.325547e+00	9.329927e+02	3.044906e-02	6.110361e-01	1.063968e-05	1.008610e-05	1.584856e-05	1.973861e-05	9.933809e-04	1.305401e-04	5.736344e-02	1.969091e-04	3.605805e+01	5.296154e-02	1.097414e+01	1.292811e+00	
2.282493e-03	2.776614e+00	5.050767e-01	2.114363e+00	2.790382e-02	1.393134e+01	2.536323e-02	2.681285e-02	3.268590e-01	1.711145e+00	2.285812e-03	1.796355e-01	6.610887e-01	2.697925e-01	7.838246e-01	2.693653e+00	2.795636e-01	2.341893e+00	9.339741e+02	2.918861e-02	5.808866e-01	1.067137e-05	1.015061e-05	1.429429e-05	1.770144e-05	1.104654e-03	1.297711e-04	5.662750e-02	3.861438e-04	3.598763e+01	5.311997e-02	1.077844e+01	1.335864e+00	
2.282504e-03	2.907373e+00	5.716672e-01	2.093097e+00	2.762560e-02	1.390647e+01	2.541339e-02	3.137628e-02	3.266753e-01	1.704543e+00	2.358869e-03	1.843588e-01	6.616656e-01	2.707996e-01	8.125430e-01	2.698740e+00	2.800013e-01	2.291737e+00	9.407129e+02	3.063130e-02	6.045808e-01	1.068337e-05	1.010921e-05	1.516319e-05	1.866858e-05	1.349396e-03	1.213667e-04	5.721944e-02	2.587243e-04	3.600734e+01	5.307161e-02	1.116201e+01	1.264861e+00	
2.282621e-03	2.859749e+00	6.249022e-01	2.091584e+00	2.759049e-02	1.393239e+01	2.531814e-02	3.159323e-02	3.266988e-01	1.715407e+00	2.597193e-03	1.733411e-01	6.638831e-01	2.658889e-01	8.061568e-01	2.686125e+00	2.787228e-01	2.350222e+00	9.259295e+02	2.978869e-02	5.937625e-01	1.053739e-05	1.010038e-05	1.478131e-05	1.805512e-05	1.005854e-03	1.336242e-04	5.717794e-02	1.225008e-04	3.602864e+01	5.298013e-02	1.125232e+01	1.254275e+00	
2.282645e-03	2.859317e+00	7.149334e-01	1.963726e+00	2.580346e-02	1.392295e+01	2.544881e-02	3.020067e-02	3.267591e-01	1.705994e+00	2.489056e-03	1.823670e-01	6.661932e-01	2.599328e-01	7.666499e-01	2.678163e+00	2.770926e-01	2.423587e+00	9.393072e+02	2.842229e-02	5.829279e-01	1.065781e-05	1.024978e-05	1.470177e-05	1.835738e-05	1.038452e-03	1.259972e-04	5.756934e-02	3.528606e-04	3.610471e+01	5.301072e-02	1.122476e+01	1.257309e+00	
2.282674e-03	2.859058e+00	6.594956e-01	2.062746e+00	2.714343e-02	1.396395e+01	2.531818e-02	3.066967e-02	3.267523e-01	1.699702e+00	2.282966e-03	1.864335e-01	6.643215e-01	2.637544e-01	7.715471e-01	2.696418e+00	2.803781e-01	2.343259e+00	9.304711e+02	2.965066e-02	5.909727e-01	1.054933e-05	1.007659e-05	1.546393e-05	1.911141e-05	9.698427e-04	1.312169e-04	5.689905e-02	3.755593e-04	3.602534e+01	5.309699e-02	1.130088e+01	1.255975e+00	
2.282782e-03	2.875726e+00	6.521815e-01	2.102386e+00	2.764545e-02	1.394363e+01	2.535848e-02	3.043664e-02	3.267188e-01	1.717764e+00	2.289402e-03	1.704838e-01	6.645401e-01	2.643631e-01	7.894374e-01	2.688382e+00	2.783590e-01	2.438802e+00	9.326267e+02	2.942778e-02	6.173187e-01	1.054591e-05	1.013719e-05	1.573386e-05	1.897230e-05	1.297627e-03	1.295870e-04	5.747850e-02	1.374501e-04	3.600293e+01	5.313443e-02	1.118822e+01	1.253876e+00	
2.282812e-03	2.826381e+00	4.037757e-01	2.066469e+00	2.723497e-02	1.393142e+01	2.536903e-02	3.010929e-02	3.267338e-01	1.708852e+00	2.684416e-03	1.794405e-01	6.634525e-01	2.646642e-01	7.772261e-01	2.688508e+00	2.784622e-01	2.449593e+00	9.355046e+02	2.876013e-02	5.977019e-01	1.074884e-05	1.018277e-05	1.521821e-05	1.844340e-05	1.144164e-03	1.380594e-04	5.741548e-02	2.257612e-04	3.610766e+01	5.289704e-02	1.079096e+01	1.320362e+00	
2.282976e-03	2.840824e+00	3.800923e-01	2.137105e+00	2.814425e-02	1.389712e+01	2.541042e-02	3.036230e-02	3.267546e-01	1.714165e+00	2.311493e-03	1.774848e-01	6.662213e-01	2.593274e-01	7.553033e-01	2.681138e+00	2.779428e-01	2.474306e+00	9.284394e+02	2.862135e-02	5.971974e-01	1.057951e-05	1.014139e-05	1.388587e-05	1.731954e-05	1.634728e-03	1.370060e-04	5.771891e-02	8.205908e-05	3.597310e+01	5.310416e-02	1.097014e+01	1.298546e+00	
2.283390e-03	2.932293e+00	6.177131e-01	2.094024e+00	2.753099e-02	1.402676e+01	2.520668e-02	3.095894e-02	3.267399e-01	1.709527e+00	2.605847e-03	1.711401e-01	6.653866e-01	2.619774e-01	7.702571e-01	2.667829e+00	2.760116e-01	2.513833e+00	9.342438e+02	2.802763e-02	5.920917e-01	1.062357e-05	1.017331e-05	1.410456e-05	1.720685e-05	9.296754e-04	1.306987e-04	5.748604e-02	2.776191e-04	3.614957e+01	5.285339e-02	1.117426e+01	1.263577e+00	
2.283618e-03	2.880782e+00	4.398218e-01	2.176494e+00	2.879284e-02	1.393047e+01	2.527421e-02	3.057962e-02	3.267449e-01	1.692457e+00	2.589365e-03	1.863174e-01	6.630570e-01	2.666628e-01	7.856072e-01	2.679961e+00	2.764593e-01	2.332717e+00	9.316406e+02	2.942230e-02	5.858546e-01	1.067563e-05	1.017282e-05	1.440380e-05	1.731378e-05	1.345570e-03	1.347564e-04	5.706450e-02	2.348619e-04	3.601691e+01	5.294431e-02	1.114395e+01	1.266170e+00	
2.283620e-03	2.926734e+00	5.543690e-01	2.141243e+00	2.814112e-02	1.390756e+01	2.539143e-02	3.215266e-02	3.266928e-01	1.707203e+00	2.538862e-03	1.857213e-01	6.628935e-01	2.683703e-01	8.091025e-01	2.710669e+00	2.830045e-01	2.347428e+00	9.363074e+02	2.953942e-02	5.926306e-01	1.068104e-05	1.009630e-05	1.620192e-05	2.003926e-05	1.197037e-03	1.241266e-04	5.799830e-02	1.607789e-04	3.605267e+01	5.297693e-02	1.104958e+01	1.279737e+00	
2.283715e-03	2.943459e+00	7.285547e-01	2.248071e+00	2.972571e-02	1.394495e+01	2.535838e-02	3.056768e-02	3.267558e-01	1.697448e+00	2.675182e-03	1.847105e-01	6.642772e-01	2.633465e-01	7.637395e-01	2.678619e+00	2.774259e-01	2.377807e+00	9.269636e+02	2.901324e-02	5.839598e-01	1.062509e-05	1.016150e-05	1.534548e-05	1.857995e-05	9.931717e-04	1.335325e-04	5.784495e-02	3.562806e-04	3.586457e+01	5.341900e-02	1.101378e+01	1.274087e+00	
2.283752e-03	2.914888e+00	5.063815e-01	2.097464e+00	2.747416e-02	1.389146e+01	2.540016e-02	3.223886e-02	3.266701e-01	1.698533e+00	2.546040e-03	1.921123e-01	6.646680e-01	2.619762e-01	7.632873e-01	2.694094e+00	2.804453e-01	2.486486e+00	9.365039e+02	2.780601e-02	5.745201e-01	1.073528e-05	1.017206e-05	1.434494e-05	1.791983e-05	8.460582e-04	1.338711e-04	5.775073e-02	5.390546e-04	3.581573e+01	5.334268e-02	1.065628e+01	1.352933e+00	
2.283763e-03	2.844748e+00	6.106162e-01	2.187275e+00	2.889648e-02	1.387696e+01	2.554368e-02	2.914674e-02	3.268121e-01	1.726844e+00	2.149489e-03	1.677540e-01	6.625266e-01	2.678299e-01	7.898448e-01	2.680186e+00	2.789501e-01	2.355109e+00	9.241661e+02	2.943368e-02	5.880260e-01	1.065907e-05	1.016581e-05	1.651465e-05	2.027572e-05	1.244663e-03	1.355894e-04	5.758297e-02	1.958890e-04	3.577014e+01	5.363583e-02	1.086432e+01	1.301577e+00	
2.283774e-03	2.849554e+00	5.342148e-01	2.079065e+00	2.744636e-02	1.394934e+01	2.538527e-02	3.054185e-02	3.267450e-01	1.704676e+00	2.335218e-03	1.790493e-01	6.643280e-01	2.634457e-01	7.639223e-01	2.684587e+00	2.777783e-01	2.412536e+00	9.283609e+02	2.898656e-02	5.985631e-01	1.055834e-05	1.017119e-05	1.517237e-05	1.832066e-05	7.352998e-04	1.358968e-04	5.721491e-02	3.637735e-04	3.603137e+01	5.319083e-02	1.129544e+01	1.246253e+00	
2.283912e-03	2.891785e+00	2.441070e-01	2.191504e+00	2.888623e-02	1.399472e+01	2.520565e-02	2.703562e-02	3.268373e-01	1.700328e+00	2.888790e-03	1.840252e-01	6.618003e-01	2.709530e-01	8.120519e-01	2.671303e+00	2.755586e-01	2.620802e+00	9.442228e+02	2.725217e-02	5.908292e-01	1.083934e-05	1.022224e-05	1.323303e-05	1.620276e-05	1.779012e-03	1.278559e-04	5.827968e-02	1.923717e-04	3.614480e+01	5.277209e-02	1.060668e+01	1.355619e+00	
2.284003e-03	2.901409e+00	6.603720e-01	2.027814e+00	2.668175e-02	1.395646e+01	2.532926e-02	3.042751e-02	3.267995e-01	1.711175e+00	2.451123e-03	1.842933e-01	6.653133e-01	2.638698e-01	8.062791e-01	2.687497e+00	2.785686e-01	2.404387e+00	9.380425e+02	2.948266e-02	6.020017e-01	1.064771e-05	1.004918e-05	1.445650e-05	1.762533e-05	9.240822e-04	1.290957e-04	5.865501e-02	1.932543e-04	3.620362e+01	5.274628e-02	1.093894e+01	1.306638e+00	
2.284121e-03	2.855164e+00	6.653885e-01	2.135238e+00	2.805239e-02	1.394733e+01	2.536821e-02	3.122187e-02	3.267516e-01	1.719130e+00	2.495589e-03	1.721691e-01	6.636744e-01	2.638504e-01	7.645669e-01	2.690036e+00	2.787605e-01	2.353930e+00	9.284891e+02	2.973609e-02	5.956273e-01	1.047264e-05	1.017107e-05	1.635863e-05	1.994240e-05	1.032239e-03	1.321080e-04	5.800878e-02	1.649373e-04	3.598011e+01	5.322918e-02	1.105850e+01	1.276547e+00	
2.284121e-03	2.838888e+00	7.129562e-01	2.028609e+00	2.666619e-02	1.390997e+01	2.539324e-02	2.887979e-02	3.268120e-01	1.706076e+00	2.243359e-03	1.845373e-01	6.610823e-01	2.743023e-01	8.433822e-01	2.690408e+00	2.797627e-01	2.410400e+00	9.501235e+02	2.874658e-02	5.851777e-01	1.072017e-05	1.017255e-05	1.359437e-05	1.724725e-05	1.167156e-03	1.187982e-04	5.768339e-02	5.873331e-04	3.612439e+01	5.285476e-02	1.113166e+01	1.277104e+00	
2.284242e-03	2.810795e+00	7.690607e-01	2.205833e+00	2.906299e-02	1.392149e+01	2.538736e-02	3.085588e-02	3.267345e-01	1.694389e+00	2.985532e-03	1.825124e-01	6.643656e-01	2.651149e-01	7.963429e-01	2.691694e+00	2.796768e-01	2.358586e+00	9.323959e+02	2.966756e-02	6.024022e-01	1.073211e-05	1.022663e-05	1.631472e-05	1.991703e-05	1.082542e-03	1.239296e-04	5.782886e-02	1.412951e-04	3.618931e+01	5.273726e-02	1.122199e+01	1.252304e+00	
2.284295e-03	2.968664e+00	5.296344e-01	2.105988e+00	2.772166e-02	1.396116e+01	2.520346e-02	3.016960e-02	3.267141e-01	1.699858e+00	2.966864e-03	1.895925e-01	6.642444e-01	2.642711e-01	7.798286e-01	2.687030e+00	2.793859e-01	2.422562e+00	9.369205e+02	2.888442e-02	5.946021e-01	1.071000e-05	1.011318e-05	1.485814e-05	1.838007e-05	1.177077e-03	1.299264e-04	5.826687e-02	2.547350e-04	3.592164e+01	5.301578e-02	1.094805e+01	1.308596e+00	
2.284371e-03	2.803882e+00	6.577284e-01	2.163140e+00	2.861164e-02	1.393093e+01	2.536903e-02	2.945010e-02	3.267584e-01	1.722689e+00	2.744353e-03	1.655477e-01	6.628607e-01	2.664169e-01	7.779461e-01	2.692457e+00	2.795447e-01	2.276955e+00	9.279377e+02	3.090213e-02	6.138307e-01	1.065246e-05	1.014194e-05	1.579816e-05	1.907715e-05	9.052664e-04	1.313882e-04	5.742527e-02	1.786321e-04	3.595986e+01	5.320511e-02	1.131898e+01	1.224287e+00	
2.284408e-03	2.866000e+00	5.841518e-01	2.117837e+00	2.790151e-02	1.396827e+01	2.529007e-02	3.160434e-02	3.266816e-01	1.704996e+00	2.590587e-03	1.731120e-01	6.652645e-01	2.603438e-01	7.567809e-01	2.688368e+00	2.785449e-01	2.240762e+00	9.286591e+02	3.157717e-02	6.199504e-01	1.066211e-05	1.020067e-05	1.641018e-05	2.000314e-05	6.390957e-04	1.329144e-04	5.715401e-02	1.741250e-04	3.601782e+01	5.305448e-02	1.151950e+01	1.210113e+00	
2.284466e-03	2.839703e+00	6.675727e-01	2.098814e+00	2.771118e-02	1.395796e+01	2.530180e-02	3.085640e-02	3.267595e-01	1.708908e+00	2.300624e-03	1.774366e-01	6.639260e-01	2.645350e-01	7.863927e-01	2.686317e+00	2.787832e-01	2.437607e+00	9.374346e+02	2.853451e-02	5.822875e-01	1.050207e-05	1.009012e-05	1.452270e-05	1.765097e-05	1.057299e-03	1.274705e-04	5.711040e-02	1.537429e-04	3.607598e+01	5.296524e-02	1.139336e+01	1.222642e+00	
2.284979e-03	2.794312e+00	9.721838e-01	1.958110e+00	2.568712e-02	1.394951e+01	2.536770e-02	3.100830e-02	3.267402e-01	1.697564e+00	2.468561e-03	1.867638e-01	6.651400e-01	2.604823e-01	7.592491e-01	2.707133e+00	2.821469e-01	2.204051e+00	9.229038e+02	3.077618e-02	5.864739e-01	1.054527e-05	1.016821e-05	1.592891e-05	1.969974e-05	6.557917e-04	1.310384e-04	5.632755e-02	4.079299e-04	3.596763e+01	5.324063e-02	1.137079e+01	1.229503e+00	
2.285116e-03	2.899420e+00	6.530202e-01	2.017612e+00	2.663505e-02	1.395545e+01	2.534621e-02	3.097049e-02	3.266995e-01	1.705767e+00	2.518018e-03	1.830441e-01	6.663889e-01	2.585882e-01	7.663257e-01	2.687123e+00	2.777458e-01	2.376667e+00	9.303866e+02	2.960923e-02	6.001100e-01	1.059828e-05	1.018080e-05	1.464326e-05	1.798314e-05	9.352530e-04	1.312524e-04	5.769396e-02	2.664510e-04	3.607496e+01	5.295535e-02	1.114157e+01	1.270487e+00	
2.285266e-03	2.915131e+00	7.928220e-01	2.156452e+00	2.840073e-02	1.390032e+01	2.545105e-02	3.171703e-02	3.266758e-01	1.712401e+00	2.682202e-03	1.771181e-01	6.647037e-01	2.611474e-01	7.583593e-01	2.688338e+00	2.787989e-01	2.376184e+00	9.327051e+02	3.000782e-02	6.103892e-01	1.064252e-05	1.014210e-05	1.634864e-05	2.017006e-05	1.048560e-03	1.285165e-04	5.761255e-02	3.360250e-04	3.584710e+01	5.346552e-02	1.080498e+01	1.314461e+00	
2.285452e-03	2.612364e+00	6.234764e-01	2.134904e+00	2.846375e-02	1.398472e+01	2.527741e-02	2.799520e-02	3.268895e-01	1.702616e+00	2.322281e-03	1.843785e-01	6.575916e-01	2.793373e-01	8.325554e-01	2.680903e+00	2.780350e-01	2.421990e+00	9.497136e+02	2.843619e-02	5.803619e-01	1.064947e-05	1.002691e-05	1.447440e-05	1.785525e-05	2.802928e-03	1.235737e-04	5.635157e-02	1.563166e-04	3.613020e+01	5.286198e-02	1.129112e+01	1.233560e+00	
2.285533e-03	2.974556e+00	7.275422e-01	2.086204e+00	2.742936e-02	1.395059e+01	2.535531e-02	2.961786e-02	3.267136e-01	1.708772e+00	2.492780e-03	1.803839e-01	6.658099e-01	2.592921e-01	7.514954e-01	2.686112e+00	2.783576e-01	2.409914e+00	9.326287e+02	2.905583e-02	5.969502e-01	1.060349e-05	1.013720e-05	1.580055e-05	1.952307e-05	7.424765e-04	1.245274e-04	5.737926e-02	4.738151e-04	3.593275e+01	5.327782e-02	1.131215e+01	1.233190e+00	
2.285850e-03	2.882506e+00	7.377139e-01	2.140621e+00	2.830195e-02	1.393931e+01	2.538141e-02	3.268871e-02	3.266453e-01	1.695037e+00	2.616635e-03	1.878139e-01	6.617187e-01	2.674887e-01	7.760056e-01	2.690938e+00	2.790768e-01	2.361976e+00	9.401378e+02	2.970597e-02	5.986556e-01	1.058624e-05	1.020308e-05	1.559525e-05	1.879377e-05	1.217483e-03	1.258137e-04	5.730752e-02	5.086898e-04	3.589696e+01	5.334011e-02	1.090951e+01	1.307477e+00	
2.287532e-03	2.847660e+00	4.553187e-01	2.366778e+00	3.138631e-02	1.390843e+01	2.541450e-02	3.149248e-02	3.267496e-01	1.718479e+00	2.440494e-03	1.727166e-01	6.639748e-01	2.630672e-01	7.551749e-01	2.676717e+00	2.773382e-01	2.445293e+00	9.328537e+02	2.788866e-02	5.658351e-01	1.068782e-05	1.005989e-05	1.636310e-05	1.996774e-05	9.652703e-04	1.429838e-04	5.673693e-02	2.734719e-04	3.577564e+01	5.352714e-02	1.092772e+01	1.290886e+00	
2.288853e-03	2.846794e+00	4.842679e-01	2.162253e+00	2.863066e-02	1.391000e+01	2.538606e-02	2.882310e-02	3.268130e-01	1.719593e+00	2.527030e-03	1.669325e-01	6.642950e-01	2.647876e-01	7.741576e-01	2.678026e+00	2.773634e-01	2.386978e+00	9.284569e+02	2.925250e-02	5.991570e-01	1.065835e-05	1.018679e-05	1.510038e-05	1.870976e-05	1.003896e-03	1.336208e-04	5.786499e-02	2.035019e-04	3.596660e+01	5.305733e-02	1.116224e+01	1.260320e+00	
2.289837e-03	2.861335e+00	7.044940e-01	2.048740e+00	2.699583e-02	1.392185e+01	2.540758e-02	3.366254e-02	3.266602e-01	1.696594e+00	2.678786e-03	1.869314e-01	6.640986e-01	2.631070e-01	7.645796e-01	2.678576e+00	2.769467e-01	2.349214e+00	9.286468e+02	2.935757e-02	5.874111e-01	1.065335e-05	1.015578e-05	1.552811e-05	1.910368e-05	8.993857e-04	1.370322e-04	5.711504e-02	2.580940e-04	3.596094e+01	5.312818e-02	1.099197e+01	1.286082e+00	
2.290291e-03	2.785541e+00	4.154883e-01	2.212067e+00	2.946280e-02	1.393628e+01	2.534367e-02	2.863028e-02	3.267708e-01	1.722128e+00	2.436073e-03	1.645567e-01	6.624733e-01	2.681254e-01	8.013407e-01	2.668338e+00	2.757264e-01	2.329848e+00	9.393898e+02	2.975158e-02	5.932624e-01	1.069169e-05	1.014957e-05	1.480562e-05	1.811412e-05	1.364184e-03	1.235215e-04	5.719384e-02	1.663766e-04	3.609875e+01	5.283960e-02	1.086265e+01	1.285070e+00	
