f	x(1)	x(2)	x(3)	x(4)	x(5)	x(6)	x(7)	x(8)	x(9)	x(10)	x(11)	x(12)	x(13)	x(14)	x(15)	x(16)	x(17)	x(18)	x(19)	x(20)	x(21)	x(22)	x(23)	x(24)	x(25)	x(26)	x(27)	x(28)	x(29)	x(30)	x(31)	x(32)	
4.522655e-03	3.414184e+00	5.453410e+00	8.237132e+00	1.195546e-01	1.648548e+01	2.079341e-02	1.458535e-02	3.273842e-01	1.950426e+00	1.840539e-03	1.244431e-05	7.467521e-01	1.246211e-01	5.607276e-01	7.663072e-04	4.573691e-05	5.621253e-05	1.496514e-04	3.950795e-02	3.967390e-01	3.049280e-02	2.382119e-02	1.660122e-01	2.441123e-01	2.187186e-02	3.547331e-01	2.615009e-02	9.458753e-01	4.379847e+01	4.090578e-02	3.256885e+01	1.086534e-05	
4.524185e-03	3.476342e+00	8.741184e+00	8.995470e+00	1.332393e-01	1.637864e+01	2.095789e-02	1.575958e-02	3.273955e-01	1.949095e+00	1.786080e-03	1.213640e-05	7.470098e-01	1.257768e-01	5.908891e-01	7.063905e-04	4.212915e-05	6.152698e-05	1.651463e-04	4.071987e-02	4.071606e-01	3.292125e-02	2.773949e-02	1.685510e-01	2.438061e-01	2.063792e-02	3.380350e-01	2.732015e-02	8.757617e-01	4.338131e+01	4.141241e-02	3.241979e+01	1.105436e-05	
4.524822e-03	3.413880e+00	6.924435e+00	9.231687e+00	1.372060e-01	1.644043e+01	2.079707e-02	1.486280e-02	3.274273e-01	1.950138e+00	1.458563e-03	1.146657e-05	7.483984e-01	1.241595e-01	5.792846e-01	7.821571e-04	4.672693e-05	5.729516e-05	1.471813e-04	3.867095e-02	3.955450e-01	3.157658e-02	2.585150e-02	1.576290e-01	2.280167e-01	2.299773e-02	3.536123e-01	2.651066e-02	8.794857e-01	4.361784e+01	4.096259e-02	3.250649e+01	1.105938e-05	
4.525118e-03	3.472292e+00	5.915831e+00	8.804832e+00	1.299910e-01	1.642378e+01	2.091007e-02	1.576420e-02	3.273720e-01	1.949200e+00	1.978756e-03	1.145472e-05	7.462205e-01	1.268540e-01	5.868431e-01	7.693591e-04	4.597914e-05	5.868586e-05	1.580746e-04	4.056962e-02	4.044427e-01	3.297960e-02	2.729225e-02	1.656649e-01	2.400421e-01	2.297657e-02	3.445249e-01	2.692269e-02	9.135470e-01	4.338190e+01	4.144191e-02	3.239802e+01	1.068077e-05	
4.525264e-03	3.391955e+00	8.421187e+00	8.256584e+00	1.200904e-01	1.633870e+01	2.093840e-02	1.410030e-02	3.274302e-01	1.944622e+00	1.369814e-03	1.256042e-05	7.456265e-01	1.277378e-01	5.830377e-01	7.491711e-04	4.471904e-05	5.459567e-05	1.536633e-04	4.225776e-02	4.160458e-01	3.420237e-02	2.476807e-02	1.433504e-01	2.126708e-01	1.969199e-02	3.534333e-01	2.585623e-02	9.805446e-01	4.354466e+01	4.103655e-02	3.255406e+01	1.143338e-05	
4.525280e-03	3.499855e+00	5.856545e+00	8.224913e+00	1.203111e-01	1.640393e+01	2.091561e-02	1.482874e-02	3.273959e-01	1.954957e+00	1.650671e-03	1.296116e-05	7.473843e-01	1.236401e-01	5.520532e-01	7.877563e-04	4.711609e-05	6.163585e-05	1.625026e-04	3.782177e-02	3.763744e-01	3.227115e-02	2.691187e-02	1.653250e-01	2.448930e-01	2.499943e-02	3.573346e-01	2.644532e-02	9.338611e-01	4.319961e+01	4.162151e-02	3.231603e+01	1.037321e-05	
4.525359e-03	3.422194e+00	8.197128e+00	8.996829e+00	1.329967e-01	1.641300e+01	2.084979e-02	1.520119e-02	3.274060e-01	1.941354e+00	1.606703e-03	1.222833e-05	7.453368e-01	1.283526e-01	5.887744e-01	7.234127e-04	4.302043e-05	5.444711e-05	1.494176e-04	4.160900e-02	4.167113e-01	3.313398e-02	2.476258e-02	1.588536e-01	2.317077e-01	2.139281e-02	3.475815e-01	2.666872e-02	8.955359e-01	4.341838e+01	4.127653e-02	3.249954e+01	1.095848e-05	
4.525450e-03	3.481280e+00	5.808099e+00	8.880277e+00	1.316695e-01	1.642603e+01	2.083605e-02	1.457696e-02	3.273803e-01	1.946636e+00	2.128070e-03	1.228639e-05	7.459882e-01	1.264836e-01	5.705144e-01	8.576041e-04	5.130102e-05	5.809460e-05	1.571676e-04	4.035831e-02	3.993823e-01	2.991409e-02	2.415935e-02	1.516856e-01	2.219634e-01	2.297757e-02	3.454719e-01	2.671500e-02	8.776845e-01	4.317652e+01	4.165335e-02	3.249462e+01	1.038586e-05	
4.525606e-03	3.494474e+00	9.259244e+00	9.472791e+00	1.413952e-01	1.641284e+01	2.083315e-02	1.725603e-02	3.273594e-01	1.946562e+00	2.925585e-03	1.260446e-05	7.475805e-01	1.253588e-01	5.879750e-01	7.304593e-04	4.356095e-05	6.106532e-05	1.592663e-04	3.970359e-02	4.047559e-01	3.096183e-02	2.550968e-02	1.544091e-01	2.204538e-01	2.089646e-02	3.461883e-01	2.698599e-02	9.017332e-01	4.325294e+01	4.145680e-02	3.245107e+01	1.108340e-05	
4.525823e-03	3.384088e+00	6.841560e+00	8.961479e+00	1.330373e-01	1.653260e+01	2.067578e-02	1.475209e-02	3.274304e-01	1.949178e+00	1.599675e-03	1.130260e-05	7.470107e-01	1.240976e-01	5.659239e-01	8.123934e-04	4.849791e-05	5.770218e-05	1.529631e-04	3.899671e-02	3.871402e-01	3.288858e-02	2.564650e-02	1.515267e-01	2.229876e-01	2.138056e-02	3.473216e-01	2.671334e-02	8.838070e-01	4.352025e+01	4.118607e-02	3.242009e+01	1.097225e-05	
4.525842e-03	3.658301e+00	5.899547e+00	8.926763e+00	1.315026e-01	1.650909e+01	2.063536e-02	1.538338e-02	3.273642e-01	1.947681e+00	2.386895e-03	1.111788e-05	7.474903e-01	1.246977e-01	5.688058e-01	6.627987e-04	3.955241e-05	6.107959e-05	1.601911e-04	3.908236e-02	3.936335e-01	2.910378e-02	2.321631e-02	1.686135e-01	2.472928e-01	2.382968e-02	3.580581e-01	2.684260e-02	9.256111e-01	4.325343e+01	4.133994e-02	3.245178e+01	1.071721e-05	
4.525889e-03	3.465389e+00	6.544740e+00	8.651382e+00	1.274499e-01	1.659080e+01	2.055261e-02	1.423278e-02	3.274126e-01	1.949698e+00	1.694118e-03	1.220649e-05	7.472808e-01	1.241593e-01	5.599310e-01	7.201180e-04	4.310060e-05	6.118594e-05	1.584841e-04	3.841680e-02	3.895951e-01	3.156212e-02	2.323060e-02	1.762053e-01	2.620974e-01	2.098033e-02	3.468454e-01	2.693655e-02	8.988149e-01	4.349509e+01	4.113862e-02	3.254548e+01	1.116338e-05	
4.526025e-03	3.454212e+00	6.536124e+00	9.207177e+00	1.377392e-01	1.637359e+01	2.087447e-02	1.536748e-02	3.273744e-01	1.950682e+00	1.824488e-03	1.076171e-05	7.463266e-01	1.259056e-01	5.843770e-01	8.365231e-04	4.977317e-05	5.499410e-05	1.452575e-04	3.990483e-02	4.008672e-01	2.885938e-02	2.391553e-02	1.485064e-01	2.134121e-01	2.119925e-02	3.386329e-01	2.697947e-02	8.658234e-01	4.327580e+01	4.139009e-02	3.254421e+01	1.097581e-05	
4.526159e-03	3.473727e+00	6.589682e+00	9.991555e+00	1.515719e-01	1.622581e+01	2.121719e-02	1.594602e-02	3.273976e-01	1.945542e+00	2.175581e-03	1.289267e-05	7.473407e-01	1.257058e-01	5.887014e-01	7.985948e-04	4.758905e-05	6.055908e-05	1.612524e-04	3.862348e-02	3.838110e-01	2.934159e-02	2.446466e-02	1.647694e-01	2.414836e-01	2.150555e-02	3.642478e-01	2.643887e-02	9.142958e-01	4.290305e+01	4.209249e-02	3.236153e+01	1.043971e-05	
4.526165e-03	3.373622e+00	7.271399e+00	8.565226e+00	1.259162e-01	1.635427e+01	2.096184e-02	1.514514e-02	3.273670e-01	1.946452e+00	2.242331e-03	1.278692e-05	7.458983e-01	1.260465e-01	5.794662e-01	7.683786e-04	4.589482e-05	5.617912e-05	1.524985e-04	4.061990e-02	4.027215e-01	3.199697e-02	2.561543e-02	1.574069e-01	2.273782e-01	2.009700e-02	3.569295e-01	2.623017e-02	9.376282e-01	4.349913e+01	4.118957e-02	3.246039e+01	1.105651e-05	
4.526208e-03	3.541313e+00	6.531483e+00	8.422403e+00	1.236027e-01	1.642756e+01	2.079629e-02	1.557862e-02	3.273871e-01	1.944493e+00	1.776973e-03	1.210010e-05	7.468577e-01	1.256418e-01	5.766219e-01	7.149084e-04	4.262351e-05	5.790937e-05	1.467535e-04	3.706393e-02	3.741006e-01	3.189527e-02	2.481190e-02	1.584809e-01	2.323012e-01	2.462213e-02	3.596400e-01	2.620901e-02	9.614012e-01	4.355681e+01	4.102339e-02	3.242269e+01	1.043909e-05	
4.526211e-03	3.457513e+00	5.328264e+00	9.400033e+00	1.408563e-01	1.645786e+01	2.072650e-02	1.435351e-02	3.274040e-01	1.947552e+00	1.770924e-03	1.236921e-05	7.470073e-01	1.249637e-01	5.655468e-01	7.035750e-04	4.198518e-05	5.756014e-05	1.516492e-04	3.792153e-02	3.809917e-01	3.130554e-02	2.554276e-02	1.728120e-01	2.536245e-01	2.318775e-02	3.509805e-01	2.655775e-02	8.814201e-01	4.347556e+01	4.108248e-02	3.242091e+01	1.084416e-05	
4.526272e-03	3.449883e+00	5.043412e+00	9.355543e+00	1.394178e-01	1.645149e+01	2.091031e-02	1.463019e-02	3.274605e-01	1.947609e+00	1.581529e-03	1.261451e-05	7.477893e-01	1.237588e-01	5.619474e-01	7.174974e-04	4.284802e-05	6.069487e-05	1.630442e-04	3.936942e-02	3.906527e-01	3.098402e-02	2.548628e-02	1.806048e-01	2.691697e-01	2.272955e-02	3.479727e-01	2.668030e-02	9.104332e-01	4.341246e+01	4.148777e-02	3.241333e+01	1.083763e-05	
4.526288e-03	3.408178e+00	6.581986e+00	8.760243e+00	1.294949e-01	1.633208e+01	2.107445e-02	1.435422e-02	3.273985e-01	1.939927e+00	2.586883e-03	1.334872e-05	7.458511e-01	1.265902e-01	5.701424e-01	6.910747e-04	4.133305e-05	5.781210e-05	1.545066e-04	3.982946e-02	3.987717e-01	3.210441e-02	2.416855e-02	1.740516e-01	2.620160e-01	1.960433e-02	3.557061e-01	2.614645e-02	9.564660e-01	4.315692e+01	4.181871e-02	3.245315e+01	1.101107e-05	
4.526462e-03	3.490556e+00	6.354023e+00	9.123358e+00	1.351129e-01	1.638545e+01	2.089613e-02	1.486422e-02	3.274095e-01	1.949270e+00	2.003807e-03	1.201642e-05	7.476111e-01	1.228433e-01	5.451553e-01	6.838179e-04	4.081718e-05	6.128534e-05	1.599745e-04	3.814283e-02	3.827844e-01	2.870521e-02	2.387922e-02	1.624111e-01	2.366287e-01	2.317241e-02	3.602467e-01	2.645462e-02	9.023194e-01	4.336929e+01	4.132270e-02	3.238474e+01	1.102253e-05	
4.526477e-03	3.424974e+00	6.250152e+00	9.048963e+00	1.336451e-01	1.648989e+01	2.069027e-02	1.541861e-02	3.273639e-01	1.950874e+00	2.274834e-03	1.230660e-05	7.456711e-01	1.268371e-01	5.754390e-01	7.367279e-04	4.398847e-05	5.777026e-05	1.529810e-04	3.997371e-02	4.016541e-01	3.252861e-02	2.502816e-02	1.694284e-01	2.487565e-01	2.324471e-02	3.505770e-01	2.645932e-02	9.051674e-01	4.368447e+01	4.086111e-02	3.257205e+01	1.084882e-05	
4.526483e-03	3.471050e+00	7.477523e+00	9.621898e+00	1.448549e-01	1.647289e+01	2.074317e-02	1.556909e-02	3.273644e-01	1.946813e+00	2.082285e-03	1.158221e-05	7.469549e-01	1.259878e-01	5.883298e-01	6.922334e-04	4.119570e-05	5.786308e-05	1.464570e-04	3.858827e-02	3.982035e-01	3.175524e-02	2.591945e-02	1.474541e-01	2.101839e-01	2.257803e-02	3.462673e-01	2.671461e-02	8.723671e-01	4.350544e+01	4.114242e-02	3.245356e+01	1.047943e-05	
4.526524e-03	3.435225e+00	6.982758e+00	9.072833e+00	1.355763e-01	1.640697e+01	2.090567e-02	1.564920e-02	3.273818e-01	1.943186e+00	2.282788e-03	1.136271e-05	7.473288e-01	1.247379e-01	5.796750e-01	7.905360e-04	4.716264e-05	6.245146e-05	1.557216e-04	3.704757e-02	3.797891e-01	2.843346e-02	2.342613e-02	1.463303e-01	2.086504e-01	2.267477e-02	3.480051e-01	2.683019e-02	8.320624e-01	4.312810e+01	4.173172e-02	3.246028e+01	1.021017e-05	
4.526586e-03	3.416042e+00	6.722295e+00	9.366917e+00	1.389530e-01	1.663451e+01	2.061491e-02	1.573867e-02	3.273678e-01	1.944933e+00	2.149727e-03	1.144092e-05	7.472886e-01	1.245796e-01	5.770342e-01	8.432099e-04	5.039565e-05	5.941827e-05	1.551474e-04	3.946277e-02	3.960474e-01	3.162946e-02	2.596213e-02	1.608536e-01	2.393846e-01	2.067615e-02	3.459985e-01	2.661229e-02	8.780812e-01	4.397592e+01	4.073879e-02	3.259611e+01	1.087510e-05	
4.526684e-03	3.590920e+00	6.913152e+00	9.236435e+00	1.384163e-01	1.635320e+01	2.092147e-02	1.678880e-02	3.272935e-01	1.949465e+00	1.907316e-03	1.069913e-05	7.471562e-01	1.252734e-01	5.870250e-01	7.495214e-04	4.472944e-05	6.163968e-05	1.575532e-04	3.821224e-02	3.856648e-01	3.217949e-02	2.813390e-02	1.564662e-01	2.305931e-01	2.450191e-02	3.506618e-01	2.679418e-02	9.002171e-01	4.319862e+01	4.148715e-02	3.228993e+01	1.051093e-05	
4.526950e-03	3.491862e+00	5.902958e+00	9.265250e+00	1.374438e-01	1.660373e+01	2.051962e-02	1.565406e-02	3.273865e-01	1.942936e+00	1.482252e-03	1.316963e-05	7.463247e-01	1.264776e-01	5.765541e-01	7.606239e-04	4.537568e-05	5.985303e-05	1.517419e-04	3.699218e-02	3.742745e-01	3.442336e-02	2.717040e-02	1.532844e-01	2.251438e-01	2.514515e-02	3.575662e-01	2.605576e-02	9.745658e-01	4.387723e+01	4.061526e-02	3.249372e+01	1.090940e-05	
4.527161e-03	3.497305e+00	5.028927e+00	9.944019e+00	1.498842e-01	1.645152e+01	2.086028e-02	1.517547e-02	3.274195e-01	1.940557e+00	2.128428e-03	1.215275e-05	7.469811e-01	1.260147e-01	5.834779e-01	7.657700e-04	4.571723e-05	6.155770e-05	1.595648e-04	3.670400e-02	3.670278e-01	3.193635e-02	2.540649e-02	1.802554e-01	2.645235e-01	2.209610e-02	3.519990e-01	2.634642e-02	9.778861e-01	4.338470e+01	4.140834e-02	3.247276e+01	1.096688e-05	
4.527569e-03	3.550802e+00	7.231574e+00	9.720068e+00	1.469486e-01	1.643174e+01	2.085501e-02	1.522253e-02	3.273708e-01	1.950738e+00	1.728740e-03	1.255287e-05	7.469438e-01	1.251386e-01	5.763436e-01	7.322168e-04	4.363606e-05	5.882272e-05	1.526042e-04	3.941777e-02	3.983820e-01	3.054152e-02	2.575301e-02	1.526065e-01	2.233477e-01	2.175432e-02	3.438441e-01	2.708001e-02	8.664525e-01	4.336188e+01	4.140861e-02	3.240102e+01	1.107579e-05	
4.527737e-03	3.495521e+00	5.171925e+00	8.714493e+00	1.289266e-01	1.641613e+01	2.087361e-02	1.530756e-02	3.273665e-01	1.952804e+00	2.225607e-03	1.266372e-05	7.464479e-01	1.257339e-01	5.849585e-01	7.424853e-04	4.438639e-05	6.206830e-05	1.554820e-04	3.710471e-02	3.757821e-01	3.009429e-02	2.643392e-02	1.665305e-01	2.452102e-01	2.287870e-02	3.353025e-01	2.712954e-02	8.821983e-01	4.313652e+01	4.165226e-02	3.233722e+01	1.078372e-05	
4.527776e-03	3.423400e+00	7.941681e+00	9.593479e+00	1.439190e-01	1.653248e+01	2.068790e-02	1.649292e-02	3.273590e-01	1.940385e+00	3.437314e-03	1.241326e-05	7.479050e-01	1.244097e-01	5.876029e-01	7.542288e-04	4.497088e-05	5.927780e-05	1.555418e-04	3.855800e-02	3.852313e-01	3.022656e-02	2.395640e-02	1.553127e-01	2.304518e-01	2.075952e-02	3.485819e-01	2.650026e-02	9.649213e-01	4.368877e+01	4.099331e-02	3.254156e+01	1.071446e-05	
4.527778e-03	3.590574e+00	7.112596e+00	9.666927e+00	1.443521e-01	1.659264e+01	2.050793e-02	1.537670e-02	3.273418e-01	1.950605e+00	1.950529e-03	1.180516e-05	7.471832e-01	1.246848e-01	5.702057e-01	7.182547e-04	4.291642e-05	5.700962e-05	1.522877e-04	3.960999e-02	3.956143e-01	3.084101e-02	2.495308e-02	1.587231e-01	2.312241e-01	2.199434e-02	3.409108e-01	2.697348e-02	9.320447e-01	4.383051e+01	4.064954e-02	3.253101e+01	1.101347e-05	
4.527945e-03	3.481857e+00	8.974063e+00	9.475751e+00	1.413499e-01	1.651445e+01	2.076584e-02	1.680501e-02	3.273451e-01	1.944648e+00	1.646040e-03	1.183567e-05	7.471946e-01	1.260344e-01	5.962079e-01	7.963471e-04	4.757566e-05	6.034753e-05	1.611324e-04	4.020885e-02	4.015200e-01	3.302152e-02	2.880131e-02	1.633832e-01	2.387153e-01	2.087592e-02	3.377682e-01	2.713095e-02	9.288791e-01	4.368404e+01	4.108635e-02	3.245010e+01	1.110452e-05	
4.528078e-03	3.534540e+00	4.986615e+00	8.350398e+00	1.217870e-01	1.646239e+01	2.081699e-02	1.479496e-02	3.273866e-01	1.951998e+00	1.631331e-03	1.158419e-05	7.466569e-01	1.252410e-01	5.660369e-01	7.490689e-04	4.463923e-05	6.092792e-05	1.554358e-04	3.772254e-02	3.835009e-01	3.092042e-02	2.554811e-02	1.758286e-01	2.572526e-01	2.350359e-02	3.499865e-01	2.688508e-02	8.901947e-01	4.339582e+01	4.133269e-02	3.248054e+01	1.085845e-05	
4.528222e-03	3.408826e+00	7.194258e+00	8.766221e+00	1.294419e-01	1.652697e+01	2.070700e-02	1.491954e-02	3.274289e-01	1.953800e+00	2.371941e-03	1.301131e-05	7.487892e-01	1.220630e-01	5.622091e-01	7.727369e-04	4.599023e-05	5.924303e-05	1.614606e-04	3.975652e-02	3.955629e-01	3.262958e-02	2.664254e-02	1.699432e-01	2.446810e-01	2.184492e-02	3.547624e-01	2.644067e-02	8.847870e-01	4.379053e+01	4.084744e-02	3.240081e+01	1.110529e-05	
4.528254e-03	3.493239e+00	6.692036e+00	9.029808e+00	1.340991e-01	1.640120e+01	2.083323e-02	1.419972e-02	3.273497e-01	1.955817e+00	1.994141e-03	1.099761e-05	7.479169e-01	1.222659e-01	5.542407e-01	6.135251e-04	3.657997e-05	6.143347e-05	1.573739e-04	3.843156e-02	3.922043e-01	2.918992e-02	2.458825e-02	1.893616e-01	2.800641e-01	2.142922e-02	3.416741e-01	2.693132e-02	8.606927e-01	4.338620e+01	4.125348e-02	3.231097e+01	1.181076e-05	
4.528399e-03	3.364989e+00	7.403105e+00	8.854517e+00	1.300799e-01	1.653028e+01	2.071799e-02	1.517140e-02	3.274469e-01	1.951343e+00	2.452302e-03	1.147383e-05	7.475378e-01	1.246955e-01	5.678792e-01	7.878627e-04	4.723239e-05	5.575830e-05	1.539672e-04	4.078027e-02	4.022190e-01	3.098335e-02	2.562971e-02	1.559348e-01	2.226508e-01	2.087768e-02	3.495576e-01	2.661579e-02	8.732497e-01	4.387284e+01	4.078601e-02	3.257627e+01	1.087182e-05	
4.528405e-03	3.421599e+00	8.021897e+00	9.389521e+00	1.404259e-01	1.653775e+01	2.064917e-02	1.516125e-02	3.273687e-01	1.952098e+00	2.599222e-03	1.174052e-05	7.481559e-01	1.225108e-01	5.584148e-01	7.026733e-04	4.197783e-05	5.543832e-05	1.491968e-04	4.043496e-02	4.034923e-01	3.062197e-02	2.391368e-02	1.730768e-01	2.584942e-01	2.139020e-02	3.486637e-01	2.679652e-02	8.909410e-01	4.386155e+01	4.068798e-02	3.248848e+01	1.155044e-05	
4.528406e-03	3.579965e+00	4.861268e+00	8.744701e+00	1.299347e-01	1.656066e+01	2.070046e-02	1.517335e-02	3.273497e-01	1.947327e+00	1.642147e-03	1.120202e-05	7.469625e-01	1.256764e-01	5.870382e-01	7.433796e-04	4.430692e-05	6.130547e-05	1.538093e-04	3.670578e-02	3.734641e-01	3.258698e-02	2.890591e-02	1.733456e-01	2.551152e-01	2.214846e-02	3.401089e-01	2.689024e-02	8.929245e-01	4.367467e+01	4.107695e-02	3.237367e+01	1.093289e-05	
4.528464e-03	3.379003e+00	6.734478e+00	1.020509e+01	1.550687e-01	1.656121e+01	2.060050e-02	1.519963e-02	3.273916e-01	1.951107e+00	1.317750e-03	1.237458e-05	7.474962e-01	1.243493e-01	5.726748e-01	8.172364e-04	4.876104e-05	5.342021e-05	1.407170e-04	3.882848e-02	3.891781e-01	3.157873e-02	2.666115e-02	1.637342e-01	2.403847e-01	2.267048e-02	3.341886e-01	2.702290e-02	8.228025e-01	4.383716e+01	4.072857e-02	3.259070e+01	1.158099e-05	
4.528471e-03	3.553030e+00	6.698412e+00	9.139372e+00	1.362813e-01	1.651036e+01	2.077362e-02	1.528727e-02	3.273607e-01	1.951302e+00	2.747376e-03	1.151056e-05	7.485100e-01	1.223408e-01	5.685857e-01	6.876166e-04	4.094871e-05	5.927898e-05	1.511812e-04	3.903366e-02	3.979963e-01	2.897761e-02	2.561615e-02	1.643021e-01	2.390309e-01	2.261547e-02	3.397280e-01	2.714487e-02	9.061542e-01	4.368037e+01	4.108811e-02	3.237581e+01	1.096142e-05	
4.528521e-03	3.502829e+00	5.208230e+00	9.867969e+00	1.496472e-01	1.662736e+01	2.055390e-02	1.409966e-02	3.274418e-01	1.946647e+00	1.475041e-03	1.259452e-05	7.472927e-01	1.256548e-01	5.822207e-01	7.558961e-04	4.509876e-05	5.908599e-05	1.497718e-04	3.693054e-02	3.759376e-01	3.165336e-02	2.501518e-02	1.583430e-01	2.316269e-01	2.287027e-02	3.495687e-01	2.677641e-02	8.931237e-01	4.372243e+01	4.096043e-02	3.245328e+01	1.082044e-05	
4.528775e-03	3.462057e+00	8.168349e+00	9.853354e+00	1.483992e-01	1.649199e+01	2.077905e-02	1.641478e-02	3.273643e-01	1.951441e+00	3.666762e-03	1.107355e-05	7.473099e-01	1.245622e-01	5.753529e-01	7.923546e-04	4.727919e-05	5.836135e-05	1.594679e-04	4.075174e-02	4.057141e-01	2.859245e-02	2.311968e-02	1.479310e-01	2.111220e-01	2.203731e-02	3.375466e-01	2.738177e-02	8.685645e-01	4.355346e+01	4.121300e-02	3.255951e+01	1.084111e-05	
4.528815e-03	3.533357e+00	7.270917e+00	9.800634e+00	1.473758e-01	1.645674e+01	2.075615e-02	1.624471e-02	3.273586e-01	1.951276e+00	1.699340e-03	1.281572e-05	7.484514e-01	1.228354e-01	5.666172e-01	7.157164e-04	4.260718e-05	6.223250e-05	1.615763e-04	3.862028e-02	3.917349e-01	3.109549e-02	2.695772e-02	1.583667e-01	2.279913e-01	2.291973e-02	3.425208e-01	2.723889e-02	8.437778e-01	4.334297e+01	4.134925e-02	3.240627e+01	1.062733e-05	
4.528823e-03	3.442481e+00	4.915753e+00	9.995332e+00	1.503824e-01	1.665888e+01	2.059982e-02	1.423258e-02	3.274413e-01	1.944617e+00	1.613949e-03	1.201277e-05	7.490418e-01	1.217122e-01	5.626505e-01	7.012487e-04	4.175156e-05	6.455837e-05	1.599178e-04	3.570988e-02	3.650967e-01	3.071464e-02	2.634630e-02	1.902405e-01	2.827824e-01	2.053974e-02	3.519327e-01	2.665108e-02	8.864673e-01	4.379975e+01	4.101456e-02	3.250973e+01	1.084225e-05	
4.528888e-03	3.468353e+00	7.212012e+00	8.895489e+00	1.312240e-01	1.650567e+01	2.077063e-02	1.619884e-02	3.273976e-01	1.939214e+00	1.600200e-03	1.237479e-05	7.487379e-01	1.239747e-01	5.941709e-01	7.419918e-04	4.425746e-05	6.384313e-05	1.611339e-04	3.699602e-02	3.746428e-01	3.166577e-02	2.906156e-02	1.624566e-01	2.314923e-01	2.237087e-02	3.458922e-01	2.669351e-02	8.809132e-01	4.366413e+01	4.106509e-02	3.232259e+01	1.047527e-05	
4.529044e-03	3.548111e+00	5.450841e+00	8.843747e+00	1.302457e-01	1.649560e+01	2.068750e-02	1.469395e-02	3.273691e-01	1.948930e+00	1.852987e-03	1.296965e-05	7.471611e-01	1.242451e-01	5.571289e-01	7.587000e-04	4.531861e-05	5.989351e-05	1.508628e-04	3.608285e-02	3.651832e-01	3.117349e-02	2.492080e-02	1.619173e-01	2.410299e-01	2.430175e-02	3.522060e-01	2.642632e-02	8.768695e-01	4.345542e+01	4.110526e-02	3.244855e+01	1.100914e-05	
4.529047e-03	3.419816e+00	6.208890e+00	9.345944e+00	1.393352e-01	1.663426e+01	2.047602e-02	1.407540e-02	3.274784e-01	1.942395e+00	1.421310e-03	1.093668e-05	7.465127e-01	1.256955e-01	5.749182e-01	7.676274e-04	4.554768e-05	5.908845e-05	1.594414e-04	3.856758e-02	3.804728e-01	3.314608e-02	2.565436e-02	1.602162e-01	2.354304e-01	1.997903e-02	3.385962e-01	2.714937e-02	8.546105e-01	4.361776e+01	4.094666e-02	3.248468e+01	1.126926e-05	
4.529149e-03	3.556517e+00	5.900120e+00	9.648955e+00	1.451945e-01	1.638932e+01	2.078739e-02	1.552701e-02	3.273793e-01	1.949546e+00	2.216937e-03	1.168629e-05	7.476459e-01	1.241095e-01	5.695467e-01	7.494247e-04	4.477536e-05	6.276195e-05	1.592404e-04	3.656610e-02	3.689759e-01	3.087859e-02	2.647971e-02	1.578622e-01	2.296446e-01	2.369256e-02	3.627499e-01	2.661380e-02	9.103403e-01	4.317008e+01	4.141250e-02	3.230979e+01	1.108588e-05	
4.529155e-03	3.434408e+00	6.742573e+00	9.707823e+00	1.457580e-01	1.640150e+01	2.098356e-02	1.583406e-02	3.273707e-01	1.954777e+00	1.912962e-03	1.123788e-05	7.478337e-01	1.238179e-01	5.766480e-01	7.436143e-04	4.452474e-05	6.134111e-05	1.644769e-04	4.009552e-02	3.963634e-01	3.043302e-02	2.702676e-02	1.800832e-01	2.673916e-01	2.229262e-02	3.375839e-01	2.698256e-02	8.734343e-01	4.344368e+01	4.146618e-02	3.246310e+01	1.102006e-05	
4.529577e-03	3.459082e+00	5.594392e+00	9.962775e+00	1.506659e-01	1.635692e+01	2.090755e-02	1.482627e-02	3.273871e-01	1.949499e+00	1.934192e-03	1.263931e-05	7.462169e-01	1.262490e-01	5.770079e-01	7.321895e-04	4.369531e-05	5.660681e-05	1.475041e-04	3.893591e-02	3.924027e-01	2.989793e-02	2.422533e-02	1.664523e-01	2.502130e-01	2.313542e-02	3.489490e-01	2.647191e-02	9.724887e-01	4.332568e+01	4.132383e-02	3.252915e+01	1.088227e-05	
4.529594e-03	3.589751e+00	7.018057e+00	8.604036e+00	1.258028e-01	1.632656e+01	2.100384e-02	1.508322e-02	3.273162e-01	1.950543e+00	1.749502e-03	1.151650e-05	7.472417e-01	1.243454e-01	5.675557e-01	6.553734e-04	3.905363e-05	5.660804e-05	1.530082e-04	4.154186e-02	4.161936e-01	2.955980e-02	2.509469e-02	1.611194e-01	2.424878e-01	2.302853e-02	3.433196e-01	2.685781e-02	9.460257e-01	4.368451e+01	4.096023e-02	3.247706e+01	1.121998e-05	
4.529610e-03	3.439419e+00	5.558282e+00	9.593442e+00	1.437216e-01	1.646654e+01	2.083391e-02	1.486798e-02	3.275160e-01	1.948108e+00	1.374709e-03	1.305247e-05	7.473244e-01	1.258525e-01	5.799691e-01	7.884043e-04	4.693859e-05	5.954407e-05	1.624316e-04	4.001846e-02	3.967525e-01	3.315541e-02	2.542467e-02	1.585872e-01	2.314154e-01	2.151723e-02	3.435495e-01	2.698702e-02	9.055507e-01	4.354488e+01	4.119351e-02	3.248797e+01	1.086507e-05	
4.529672e-03	3.438785e+00	7.043737e+00	9.223835e+00	1.379830e-01	1.642069e+01	2.082256e-02	1.675490e-02	3.273969e-01	1.942097e+00	2.469871e-03	1.163856e-05	7.488970e-01	1.232347e-01	5.855475e-01	7.173503e-04	4.261251e-05	6.205465e-05	1.588492e-04	3.716555e-02	3.759068e-01	2.955205e-02	2.577631e-02	1.662150e-01	2.420897e-01	2.277529e-02	3.501251e-01	2.687310e-02	8.790151e-01	4.360031e+01	4.097098e-02	3.238434e+01	1.086524e-05	
4.529723e-03	3.474457e+00	6.781541e+00	9.668547e+00	1.461937e-01	1.645941e+01	2.077493e-02	1.537660e-02	3.274066e-01	1.944129e+00	1.736411e-03	1.174848e-05	7.473838e-01	1.248535e-01	5.757082e-01	7.600227e-04	4.527904e-05	5.750923e-05	1.519741e-04	3.982350e-02	4.006909e-01	3.238295e-02	2.530161e-02	1.533950e-01	2.211120e-01	2.357832e-02	3.439296e-01	2.666597e-02	8.929390e-01	4.374681e+01	4.086403e-02	3.238040e+01	1.105452e-05	
4.529740e-03	3.399625e+00	7.530319e+00	9.028453e+00	1.335281e-01	1.646282e+01	2.077082e-02	1.596560e-02	3.273565e-01	1.951930e+00	2.547561e-03	1.198609e-05	7.483181e-01	1.219103e-01	5.540493e-01	7.434233e-04	4.425131e-05	6.146979e-05	1.568663e-04	3.748110e-02	3.823272e-01	2.955209e-02	2.425671e-02	1.626766e-01	2.393017e-01	2.082714e-02	3.508642e-01	2.664921e-02	8.322650e-01	4.330628e+01	4.136849e-02	3.248292e+01	1.062370e-05	
4.529753e-03	3.521628e+00	5.277744e+00	1.006162e+01	1.521877e-01	1.638234e+01	2.087581e-02	1.564147e-02	3.273280e-01	1.952658e+00	1.964304e-03	1.238536e-05	7.473220e-01	1.237373e-01	5.718756e-01	8.053087e-04	4.792092e-05	6.261303e-05	1.579672e-04	3.679125e-02	3.735160e-01	3.012363e-02	2.479426e-02	1.660641e-01	2.422519e-01	2.065802e-02	3.551539e-01	2.623896e-02	9.877597e-01	4.330157e+01	4.141555e-02	3.248244e+01	1.093490e-05	
4.529761e-03	3.514934e+00	7.099888e+00	1.022675e+01	1.551645e-01	1.637295e+01	2.101997e-02	1.561161e-02	3.274528e-01	1.940286e+00	2.062584e-03	1.205352e-05	7.489186e-01	1.225940e-01	5.649462e-01	6.839244e-04	4.074116e-05	6.100397e-05	1.640216e-04	3.907521e-02	3.857734e-01	3.113700e-02	2.560113e-02	1.644298e-01	2.388334e-01	2.167715e-02	3.576034e-01	2.631341e-02	9.594116e-01	4.347486e+01	4.134912e-02	3.244311e+01	1.136313e-05	
4.529791e-03	3.449120e+00	6.458811e+00	8.916003e+00	1.315449e-01	1.645061e+01	2.073929e-02	1.508096e-02	3.273935e-01	1.951527e+00	1.929911e-03	1.319534e-05	7.469182e-01	1.252848e-01	5.758195e-01	7.204519e-04	4.308209e-05	5.755931e-05	1.561392e-04	3.904481e-02	3.863202e-01	3.289208e-02	2.517455e-02	1.625408e-01	2.396535e-01	2.232745e-02	3.482906e-01	2.655837e-02	9.178993e-01	4.330333e+01	4.134488e-02	3.235623e+01	1.083172e-05	
4.529857e-03	3.563693e+00	6.912638e+00	9.008038e+00	1.331420e-01	1.649408e+01	2.057714e-02	1.652248e-02	3.272341e-01	1.957955e+00	1.960670e-03	1.337677e-05	7.469291e-01	1.235326e-01	5.545065e-01	7.293894e-04	4.357657e-05	5.755486e-05	1.463550e-04	3.790469e-02	3.854941e-01	3.100674e-02	2.530830e-02	1.750710e-01	2.642087e-01	2.394450e-02	3.387398e-01	2.688252e-02	8.857456e-01	4.356612e+01	4.082318e-02	3.244375e+01	1.115342e-05	
4.529907e-03	3.451476e+00	6.534617e+00	9.548899e+00	1.432907e-01	1.643344e+01	2.075798e-02	1.552989e-02	3.274092e-01	1.948265e+00	1.804406e-03	1.210778e-05	7.476470e-01	1.235463e-01	5.571429e-01	7.478260e-04	4.450272e-05	6.434310e-05	1.663091e-04	3.710302e-02	3.737180e-01	3.168932e-02	2.680278e-02	1.579961e-01	2.258243e-01	2.180886e-02	3.504234e-01	2.665111e-02	8.817378e-01	4.343089e+01	4.115422e-02	3.232931e+01	1.061756e-05	
4.529913e-03	3.509109e+00	6.474884e+00	9.172979e+00	1.362357e-01	1.664301e+01	2.059070e-02	1.496200e-02	3.274176e-01	1.943942e+00	1.831174e-03	1.318607e-05	7.469878e-01	1.250422e-01	5.697211e-01	6.835421e-04	4.083027e-05	6.328271e-05	1.681940e-04	3.906925e-02	3.884350e-01	3.439052e-02	2.696210e-02	1.802663e-01	2.697465e-01	2.269138e-02	3.579861e-01	2.621717e-02	9.542460e-01	4.395122e+01	4.075544e-02	3.235702e+01	1.068333e-05	
4.530145e-03	3.560705e+00	6.158116e+00	9.913124e+00	1.503583e-01	1.640186e+01	2.079828e-02	1.446096e-02	3.273638e-01	1.943844e+00	2.631693e-03	1.202002e-05	7.479520e-01	1.228068e-01	5.521443e-01	6.196078e-04	3.705654e-05	6.182654e-05	1.600109e-04	3.760065e-02	3.767818e-01	3.012690e-02	2.363571e-02	1.705038e-01	2.519700e-01	2.350535e-02	3.587762e-01	2.629096e-02	9.260645e-01	4.330332e+01	4.130714e-02	3.235301e+01	1.116176e-05	
4.530206e-03	3.303886e+00	6.306235e+00	8.830772e+00	1.301865e-01	1.647534e+01	2.085656e-02	1.482524e-02	3.274689e-01	1.947898e+00	2.177282e-03	1.289939e-05	7.482002e-01	1.235278e-01	5.685086e-01	7.805655e-04	4.679437e-05	5.960405e-05	1.592036e-04	3.981734e-02	3.955121e-01	2.943442e-02	2.463499e-02	1.709523e-01	2.600991e-01	2.047412e-02	3.476754e-01	2.665578e-02	9.045030e-01	4.361336e+01	4.121238e-02	3.254817e+01	1.072009e-05	
4.530277e-03	3.492903e+00	6.911694e+00	9.153272e+00	1.367471e-01	1.646404e+01	2.078307e-02	1.540089e-02	3.273118e-01	1.951362e+00	2.663673e-03	1.183896e-05	7.464436e-01	1.253637e-01	5.708806e-01	6.844130e-04	4.091857e-05	5.912301e-05	1.510714e-04	3.876736e-02	3.925243e-01	3.001300e-02	2.521928e-02	1.730532e-01	2.617758e-01	2.257638e-02	3.549171e-01	2.627220e-02	9.216612e-01	4.357137e+01	4.106211e-02	3.238830e+01	1.103413e-05	
4.530283e-03	3.376946e+00	8.431897e+00	9.382762e+00	1.390920e-01	1.644342e+01	2.083677e-02	1.646520e-02	3.273464e-01	1.944901e+00	1.807661e-03	1.185305e-05	7.476001e-01	1.252467e-01	5.950975e-01	8.303913e-04	4.955706e-05	5.924111e-05	1.590675e-04	4.026704e-02	4.040173e-01	3.473741e-02	2.792511e-02	1.575554e-01	2.301429e-01	2.320046e-02	3.463141e-01	2.651433e-02	8.426580e-01	4.351230e+01	4.120928e-02	3.242737e+01	1.064799e-05	
4.530351e-03	3.476273e+00	6.449653e+00	8.646689e+00	1.270486e-01	1.631203e+01	2.103240e-02	1.473446e-02	3.273795e-01	1.950039e+00	1.942739e-03	1.169485e-05	7.464623e-01	1.255291e-01	5.756715e-01	7.569444e-04	4.529106e-05	6.088851e-05	1.585909e-04	3.916720e-02	3.941870e-01	3.135252e-02	2.624152e-02	1.694046e-01	2.533426e-01	2.165394e-02	3.489434e-01	2.664192e-02	9.345913e-01	4.314019e+01	4.163537e-02	3.239680e+01	1.102636e-05	
4.530371e-03	3.517903e+00	7.087188e+00	9.377148e+00	1.402506e-01	1.645377e+01	2.078526e-02	1.583805e-02	3.272989e-01	1.951266e+00	2.509693e-03	1.177586e-05	7.473956e-01	1.223585e-01	5.529258e-01	7.508392e-04	4.467524e-05	5.869934e-05	1.576511e-04	3.906117e-02	3.846874e-01	2.968975e-02	2.431318e-02	1.569209e-01	2.324969e-01	2.193230e-02	3.438417e-01	2.642386e-02	9.693807e-01	4.343617e+01	4.120626e-02	3.246041e+01	1.119416e-05	
4.530371e-03	3.407452e+00	5.881437e+00	9.429874e+00	1.403736e-01	1.653721e+01	2.085629e-02	1.427297e-02	3.274344e-01	1.944321e+00	1.707989e-03	1.163945e-05	7.470583e-01	1.249396e-01	5.771261e-01	7.729207e-04	4.621043e-05	5.901586e-05	1.519548e-04	3.834925e-02	3.876144e-01	3.224593e-02	2.591724e-02	1.706999e-01	2.567919e-01	2.153430e-02	3.516029e-01	2.651864e-02	9.323913e-01	4.380850e+01	4.109532e-02	3.252184e+01	1.056267e-05	
4.530375e-03	3.516223e+00	6.610760e+00	9.571516e+00	1.434023e-01	1.661613e+01	2.056722e-02	1.525884e-02	3.273518e-01	1.941099e+00	2.101517e-03	1.197106e-05	7.468278e-01	1.240279e-01	5.519109e-01	7.312704e-04	4.357918e-05	5.792970e-05	1.507599e-04	3.793568e-02	3.795064e-01	3.156820e-02	2.399422e-02	1.504487e-01	2.234882e-01	2.335083e-02	3.595499e-01	2.617945e-02	9.474517e-01	4.372925e+01	4.092267e-02	3.252099e+01	1.074462e-05	
4.530378e-03	3.409947e+00	6.067434e+00	9.279884e+00	1.371434e-01	1.626092e+01	2.114793e-02	1.517088e-02	3.273540e-01	1.948838e+00	1.948613e-03	1.310991e-05	7.465752e-01	1.247284e-01	5.720005e-01	7.375274e-04	4.390146e-05	5.422665e-05	1.386929e-04	3.811810e-02	3.866827e-01	2.756816e-02	2.342477e-02	1.656877e-01	2.494352e-01	2.060144e-02	3.529036e-01	2.626537e-02	9.468309e-01	4.330417e+01	4.150228e-02	3.255417e+01	1.101385e-05	
4.530398e-03	3.451984e+00	7.194666e+00	9.752911e+00	1.464379e-01	1.651445e+01	2.068191e-02	1.616926e-02	3.273829e-01	1.948322e+00	2.777107e-03	1.282132e-05	7.466671e-01	1.248323e-01	5.584325e-01	7.280170e-04	4.352280e-05	5.953653e-05	1.550075e-04	3.897384e-02	3.909627e-01	3.028043e-02	2.517545e-02	1.623856e-01	2.350133e-01	2.193729e-02	3.449822e-01	2.672258e-02	8.986705e-01	4.336022e+01	4.131782e-02	3.243560e+01	1.067911e-05	
4.530404e-03	3.469101e+00	6.322136e+00	8.888768e+00	1.321990e-01	1.649916e+01	2.070685e-02	1.413465e-02	3.274155e-01	1.943705e+00	2.108873e-03	1.217331e-05	7.472740e-01	1.243896e-01	5.608115e-01	6.101609e-04	3.634753e-05	6.188209e-05	1.638421e-04	3.808201e-02	3.821371e-01	3.156274e-02	2.619214e-02	1.830838e-01	2.725890e-01	2.104698e-02	3.478752e-01	2.683270e-02	9.494021e-01	4.361970e+01	4.102342e-02	3.242488e+01	1.114792e-05	
4.530435e-03	3.490411e+00	6.168618e+00	1.005382e+01	1.529567e-01	1.640401e+01	2.094544e-02	1.447101e-02	3.274471e-01	1.948842e+00	1.763077e-03	1.286773e-05	7.470046e-01	1.249065e-01	5.616349e-01	7.112997e-04	4.239321e-05	6.525744e-05	1.682471e-04	3.765684e-02	3.789403e-01	3.124557e-02	2.506199e-02	1.540338e-01	2.270910e-01	2.090266e-02	3.545223e-01	2.661263e-02	9.016426e-01	4.326115e+01	4.163744e-02	3.236264e+01	1.060826e-05	
4.530456e-03	3.537932e+00	5.676489e+00	1.006810e+01	1.525242e-01	1.636173e+01	2.094674e-02	1.530217e-02	3.273581e-01	1.948969e+00	2.901894e-03	1.249323e-05	7.479294e-01	1.243359e-01	5.774596e-01	6.562812e-04	3.918597e-05	5.888939e-05	1.526218e-04	3.887696e-02	3.960132e-01	3.063190e-02	2.475526e-02	1.724250e-01	2.576808e-01	2.274484e-02	3.483659e-01	2.669411e-02	9.800006e-01	4.331951e+01	4.136981e-02	3.243421e+01	1.140948e-05	
4.530464e-03	3.489324e+00	7.263360e+00	8.248266e+00	1.209085e-01	1.665721e+01	2.046689e-02	1.507842e-02	3.273954e-01	1.949839e+00	1.908642e-03	1.261545e-05	7.478727e-01	1.235483e-01	5.711622e-01	7.365905e-04	4.393340e-05	5.561806e-05	1.479874e-04	4.005206e-02	4.058990e-01	3.209460e-02	2.482463e-02	1.643842e-01	2.348203e-01	2.322997e-02	3.411732e-01	2.707605e-02	9.185016e-01	4.416436e+01	4.028977e-02	3.253482e+01	1.134314e-05	
4.530467e-03	3.453156e+00	5.712659e+00	9.408734e+00	1.396099e-01	1.658027e+01	2.061041e-02	1.499129e-02	3.273474e-01	1.950351e+00	1.642109e-03	1.241880e-05	7.447242e-01	1.292381e-01	5.928910e-01	8.348395e-04	5.003269e-05	5.624785e-05	1.534787e-04	4.094165e-02	4.068712e-01	3.303640e-02	2.466125e-02	1.698929e-01	2.535634e-01	2.174179e-02	3.333102e-01	2.674273e-02	1.008954e+00	4.369795e+01	4.094447e-02	3.268117e+01	1.055402e-05	
4.530500e-03	3.387179e+00	7.432563e+00	9.851332e+00	1.493877e-01	1.623818e+01	2.118772e-02	1.495000e-02	3.274045e-01	1.941238e+00	2.059363e-03	1.133470e-05	7.472899e-01	1.246009e-01	5.717512e-01	7.031552e-04	4.196381e-05	5.804500e-05	1.568911e-04	4.018145e-02	4.021999e-01	2.986805e-02	2.306602e-02	1.479083e-01	2.153257e-01	2.252847e-02	3.565820e-01	2.631494e-02	9.289555e-01	4.320631e+01	4.162302e-02	3.243061e+01	1.111425e-05	
4.530503e-03	3.479440e+00	6.433323e+00	1.023972e+01	1.553310e-01	1.640984e+01	2.083653e-02	1.456620e-02	3.273955e-01	1.945303e+00	1.873814e-03	1.262484e-05	7.463918e-01	1.252269e-01	5.704668e-01	7.379816e-04	4.378724e-05	6.177285e-05	1.645062e-04	3.897082e-02	3.874527e-01	3.152496e-02	2.584891e-02	1.708635e-01	2.556070e-01	2.118481e-02	3.582340e-01	2.649905e-02	9.355293e-01	4.325182e+01	4.145196e-02	3.247993e+01	1.134501e-05	
4.530556e-03	3.539738e+00	7.006940e+00	9.760443e+00	1.470090e-01	1.618812e+01	2.125010e-02	1.650155e-02	3.273247e-01	1.947627e+00	1.748004e-03	1.130460e-05	7.471181e-01	1.252498e-01	5.753765e-01	7.273625e-04	4.349821e-05	6.091643e-05	1.604767e-04	3.970507e-02	3.974307e-01	2.838382e-02	2.597499e-02	1.493954e-01	2.154879e-01	2.168904e-02	3.473274e-01	2.661634e-02	1.002872e+00	4.322478e+01	4.159004e-02	3.249099e+01	1.089822e-05	
4.530580e-03	3.447577e+00	6.254803e+00	9.311067e+00	1.382933e-01	1.650726e+01	2.067851e-02	1.480231e-02	3.274586e-01	1.947876e+00	2.110042e-03	1.121419e-05	7.486078e-01	1.219397e-01	5.658557e-01	7.287716e-04	4.331048e-05	6.301017e-05	1.658293e-04	3.806583e-02	3.776085e-01	3.148435e-02	2.483471e-02	1.594428e-01	2.369084e-01	2.237453e-02	3.438749e-01	2.707305e-02	8.454129e-01	4.348723e+01	4.113882e-02	3.245672e+01	1.113707e-05	
4.530666e-03	3.530017e+00	7.520940e+00	9.845160e+00	1.492434e-01	1.635387e+01	2.084969e-02	1.546814e-02	3.273638e-01	1.945066e+00	2.050303e-03	1.193824e-05	7.483636e-01	1.235531e-01	5.677962e-01	6.214154e-04	3.707728e-05	6.213999e-05	1.624080e-04	3.781155e-02	3.814490e-01	3.160916e-02	2.511910e-02	1.597228e-01	2.341284e-01	2.374623e-02	3.569717e-01	2.652281e-02	9.257534e-01	4.325465e+01	4.128303e-02	3.234111e+01	1.096204e-05	
4.530675e-03	3.474037e+00	6.034391e+00	9.839971e+00	1.476789e-01	1.628233e+01	2.102406e-02	1.521555e-02	3.273984e-01	1.948891e+00	2.311299e-03	1.354229e-05	7.467113e-01	1.254369e-01	5.719554e-01	7.868510e-04	4.700185e-05	6.104727e-05	1.571061e-04	3.689084e-02	3.711463e-01	3.021666e-02	2.367857e-02	1.663641e-01	2.506887e-01	2.187208e-02	3.596064e-01	2.656646e-02	9.008833e-01	4.284777e+01	4.199077e-02	3.248099e+01	1.047717e-05	
4.530736e-03	3.402052e+00	8.804561e+00	9.635450e+00	1.450176e-01	1.642065e+01	2.088978e-02	1.383807e-02	3.274322e-01	1.940657e+00	1.841318e-03	1.234381e-05	7.462717e-01	1.268091e-01	5.809409e-01	6.731139e-04	4.019449e-05	5.711408e-05	1.541328e-04	4.018879e-02	4.009646e-01	3.343746e-02	2.436890e-02	1.617814e-01	2.419405e-01	1.929477e-02	3.566705e-01	2.640053e-02	8.653364e-01	4.344996e+01	4.137137e-02	3.233210e+01	1.104116e-05	
4.530742e-03	3.466660e+00	6.062361e+00	9.213225e+00	1.378545e-01	1.646343e+01	2.074468e-02	1.455588e-02	3.274124e-01	1.944879e+00	1.831565e-03	1.083567e-05	7.473067e-01	1.232573e-01	5.511881e-01	7.189710e-04	4.274065e-05	5.977341e-05	1.528360e-04	3.676244e-02	3.717883e-01	3.075542e-02	2.419024e-02	1.525674e-01	2.217905e-01	2.292001e-02	3.560024e-01	2.655288e-02	8.984163e-01	4.340792e+01	4.119081e-02	3.244925e+01	1.101442e-05	
4.530835e-03	3.460701e+00	6.980250e+00	8.871897e+00	1.305076e-01	1.635147e+01	2.103804e-02	1.483105e-02	3.273368e-01	1.949877e+00	2.314498e-03	1.220562e-05	7.471191e-01	1.243736e-01	5.750839e-01	7.233642e-04	4.319708e-05	5.868911e-05	1.576608e-04	4.067797e-02	4.064795e-01	3.078709e-02	2.508691e-02	1.639010e-01	2.423997e-01	1.970715e-02	3.582096e-01	2.629827e-02	9.597443e-01	4.322791e+01	4.164342e-02	3.243546e+01	1.077144e-05	
4.530861e-03	3.574326e+00	5.798353e+00	9.304916e+00	1.390489e-01	1.644889e+01	2.078817e-02	1.534761e-02	3.272921e-01	1.946323e+00	1.922756e-03	1.136168e-05	7.475067e-01	1.244064e-01	5.745573e-01	7.137023e-04	4.262352e-05	5.944338e-05	1.540624e-04	3.836304e-02	3.860344e-01	3.057566e-02	2.495351e-02	1.744115e-01	2.710566e-01	2.394485e-02	3.551449e-01	2.634889e-02	9.953920e-01	4.345802e+01	4.119219e-02	3.242014e+01	1.093728e-05	
4.530920e-03	3.563985e+00	6.424246e+00	9.881298e+00	1.499558e-01	1.653897e+01	2.068361e-02	1.751746e-02	3.273290e-01	1.951163e+00	2.860601e-03	1.134467e-05	7.493333e-01	1.226435e-01	5.848781e-01	7.529693e-04	4.481643e-05	6.182755e-05	1.596952e-04	3.810649e-02	3.854053e-01	2.984341e-02	2.592918e-02	1.665833e-01	2.413009e-01	2.305990e-02	3.479941e-01	2.715509e-02	8.712627e-01	4.345432e+01	4.123801e-02	3.238280e+01	1.064333e-05	
4.530933e-03	3.407068e+00	6.977968e+00	8.629753e+00	1.272588e-01	1.647141e+01	2.078133e-02	1.443773e-02	3.273538e-01	1.946195e+00	2.841248e-03	1.142196e-05	7.465749e-01	1.257422e-01	5.718995e-01	7.632629e-04	4.550546e-05	5.422061e-05	1.432507e-04	3.830818e-02	3.866310e-01	3.288182e-02	2.422689e-02	1.618527e-01	2.461801e-01	2.265328e-02	3.604612e-01	2.605445e-02	9.319905e-01	4.343636e+01	4.127091e-02	3.241845e+01	1.095590e-05	
4.530971e-03	3.510320e+00	7.755017e+00	1.037195e+01	1.583957e-01	1.636277e+01	2.097802e-02	1.492799e-02	3.274276e-01	1.947243e+00	2.638833e-03	1.171267e-05	7.478688e-01	1.229141e-01	5.520760e-01	6.052810e-04	3.614671e-05	6.474985e-05	1.747910e-04	3.933140e-02	3.869392e-01	3.008888e-02	2.354022e-02	1.712083e-01	2.550088e-01	1.900736e-02	3.629615e-01	2.626298e-02	9.362827e-01	4.309226e+01	4.173553e-02	3.246136e+01	1.117382e-05	
4.530991e-03	3.521473e+00	5.185551e+00	9.515758e+00	1.427596e-01	1.658990e+01	2.052668e-02	1.512040e-02	3.273890e-01	1.949122e+00	1.635000e-03	1.318555e-05	7.462305e-01	1.266582e-01	5.699514e-01	8.027195e-04	4.806542e-05	5.993381e-05	1.520439e-04	3.694025e-02	3.744964e-01	3.409362e-02	2.582992e-02	1.680486e-01	2.511217e-01	2.429440e-02	3.558860e-01	2.644593e-02	8.806892e-01	4.350458e+01	4.110701e-02	3.250203e+01	1.074343e-05	
4.531101e-03	3.525736e+00	5.274913e+00	9.663416e+00	1.451675e-01	1.638645e+01	2.089408e-02	1.473750e-02	3.273896e-01	1.952605e+00	1.409235e-03	1.153071e-05	7.471218e-01	1.236860e-01	5.552609e-01	6.724711e-04	3.997875e-05	6.268628e-05	1.611404e-04	3.825848e-02	3.856323e-01	2.995977e-02	2.489624e-02	1.756631e-01	2.636268e-01	2.000262e-02	3.502644e-01	2.681518e-02	9.162138e-01	4.330400e+01	4.140348e-02	3.249341e+01	1.123159e-05	
4.531137e-03	3.468967e+00	7.932643e+00	8.771162e+00	1.296728e-01	1.661645e+01	2.055865e-02	1.627514e-02	3.273417e-01	1.943694e+00	2.488940e-03	1.151182e-05	7.472143e-01	1.246091e-01	5.642358e-01	7.207445e-04	4.285054e-05	6.099436e-05	1.582926e-04	3.919497e-02	4.000849e-01	3.241881e-02	2.569534e-02	1.582496e-01	2.303184e-01	2.151596e-02	3.487936e-01	2.657460e-02	8.466911e-01	4.364496e+01	4.101613e-02	3.245924e+01	1.122183e-05	
4.531186e-03	3.475650e+00	5.304235e+00	1.000168e+01	1.520230e-01	1.647218e+01	2.075482e-02	1.445634e-02	3.273820e-01	1.946473e+00	1.408510e-03	1.075409e-05	7.475642e-01	1.241489e-01	5.699680e-01	7.172136e-04	4.290562e-05	6.560394e-05	1.660221e-04	3.681109e-02	3.748953e-01	2.957639e-02	2.384645e-02	1.783229e-01	2.645771e-01	2.221180e-02	3.448107e-01	2.675865e-02	9.051801e-01	4.335116e+01	4.135183e-02	3.244151e+01	1.049001e-05	
4.531249e-03	3.517574e+00	6.294380e+00	1.045572e+01	1.597242e-01	1.656002e+01	2.068014e-02	1.391538e-02	3.274071e-01	1.954258e+00	2.315064e-03	1.182549e-05	7.470344e-01	1.239470e-01	5.496108e-01	6.646539e-04	3.972362e-05	5.877023e-05	1.585940e-04	4.053652e-02	4.070188e-01	3.029685e-02	2.224665e-02	1.583993e-01	2.336600e-01	2.072845e-02	3.439386e-01	2.701849e-02	9.043805e-01	4.368323e+01	4.103625e-02	3.246862e+01	1.120162e-05	
4.531477e-03	3.468980e+00	6.294942e+00	9.914295e+00	1.499888e-01	1.669265e+01	2.051398e-02	1.597777e-02	3.273614e-01	1.948856e+00	1.601541e-03	1.222344e-05	7.472820e-01	1.249738e-01	5.754384e-01	7.081301e-04	4.227190e-05	5.708288e-05	1.548330e-04	3.980778e-02	3.940763e-01	3.339313e-02	2.620588e-02	1.819941e-01	2.712907e-01	2.022738e-02	3.417218e-01	2.685196e-02	8.833712e-01	4.405352e+01	4.068370e-02	3.251528e+01	1.110959e-05	
4.531542e-03	3.476015e+00	8.673687e+00	9.722881e+00	1.466819e-01	1.634436e+01	2.096724e-02	1.563160e-02	3.273902e-01	1.946912e+00	3.292116e-03	1.136472e-05	7.471604e-01	1.238064e-01	5.577234e-01	6.206156e-04	3.712026e-05	6.034862e-05	1.553679e-04	3.888231e-02	3.921233e-01	2.793504e-02	2.278295e-02	1.606369e-01	2.350290e-01	2.016710e-02	3.608175e-01	2.657023e-02	8.859997e-01	4.317674e+01	4.161412e-02	3.241308e+01	1.086764e-05	
4.531544e-03	3.648806e+00	5.929930e+00	9.173498e+00	1.362401e-01	1.648991e+01	2.070857e-02	1.517909e-02	3.273131e-01	1.952638e+00	1.199247e-03	1.287917e-05	7.469446e-01	1.244235e-01	5.715032e-01	7.310683e-04	4.344425e-05	6.300338e-05	1.577459e-04	3.676167e-02	3.745118e-01	3.131956e-02	2.687033e-02	1.809486e-01	2.728063e-01	2.456904e-02	3.447307e-01	2.691310e-02	9.344489e-01	4.357008e+01	4.106086e-02	3.239991e+01	1.121794e-05	
4.531617e-03	3.352658e+00	5.815021e+00	1.033234e+01	1.574793e-01	1.653375e+01	2.069215e-02	1.398388e-02	3.274990e-01	1.939431e+00	2.000147e-03	1.265952e-05	7.471557e-01	1.250475e-01	5.659328e-01	7.427116e-04	4.434005e-05	5.899375e-05	1.586524e-04	3.846718e-02	3.795594e-01	3.253086e-02	2.536613e-02	1.613718e-01	2.396232e-01	2.090068e-02	3.442779e-01	2.668676e-02	9.056304e-01	4.352739e+01	4.121657e-02	3.240374e+01	1.124564e-05	
4.531630e-03	3.423134e+00	7.495088e+00	9.590928e+00	1.442388e-01	1.638937e+01	2.087818e-02	1.619817e-02	3.273491e-01	1.948917e+00	2.427635e-03	1.173323e-05	7.476728e-01	1.229568e-01	5.583717e-01	7.214132e-04	4.302234e-05	5.284074e-05	1.434464e-04	4.015316e-02	3.999878e-01	2.956999e-02	2.430817e-02	1.750775e-01	2.540701e-01	2.420081e-02	3.587468e-01	2.601534e-02	9.161291e-01	4.355419e+01	4.105408e-02	3.253780e+01	1.147673e-05	
4.531847e-03	3.563703e+00	5.299500e+00	1.015200e+01	1.546913e-01	1.646742e+01	2.066448e-02	1.504996e-02	3.273543e-01	1.942466e+00	1.993203e-03	1.129078e-05	7.471543e-01	1.248472e-01	5.770484e-01	6.470660e-04	3.853900e-05	5.900535e-05	1.515743e-04	3.776825e-02	3.810148e-01	3.248103e-02	2.473504e-02	1.750612e-01	2.597663e-01	2.330445e-02	3.618109e-01	2.633984e-02	9.708096e-01	4.363566e+01	4.083554e-02	3.243078e+01	1.132784e-05	
4.531851e-03	3.449658e+00	7.116324e+00	1.020944e+01	1.549694e-01	1.641297e+01	2.087906e-02	1.544126e-02	3.274242e-01	1.947130e+00	2.273988e-03	1.233392e-05	7.478383e-01	1.237971e-01	5.678922e-01	7.332270e-04	4.365087e-05	5.667329e-05	1.488765e-04	3.893832e-02	3.897692e-01	2.907894e-02	2.442717e-02	1.569909e-01	2.307330e-01	2.055550e-02	3.455937e-01	2.699870e-02	8.827042e-01	4.350093e+01	4.122551e-02	3.226185e+01	1.083451e-05	
4.531977e-03	3.399495e+00	9.441678e+00	1.045059e+01	1.604531e-01	1.634382e+01	2.096558e-02	1.609511e-02	3.273845e-01	1.936339e+00	3.432762e-03	1.201246e-05	7.476825e-01	1.247929e-01	5.760088e-01	6.949078e-04	4.150691e-05	5.827488e-05	1.535674e-04	3.921780e-02	3.944038e-01	2.993441e-02	2.386537e-02	1.485247e-01	2.138400e-01	2.059090e-02	3.666215e-01	2.591355e-02	9.157389e-01	4.343248e+01	4.129133e-02	3.232935e+01	1.063192e-05	
4.532133e-03	3.501751e+00	6.118987e+00	8.359725e+00	1.220043e-01	1.644504e+01	2.083126e-02	1.473023e-02	3.273919e-01	1.953581e+00	1.669524e-03	1.197382e-05	7.472756e-01	1.241745e-01	5.636984e-01	7.579768e-04	4.551336e-05	5.901816e-05	1.533169e-04	3.884477e-02	3.893053e-01	3.118332e-02	2.487432e-02	1.712342e-01	2.579279e-01	2.370676e-02	3.524586e-01	2.664560e-02	9.054963e-01	4.345245e+01	4.126218e-02	3.242610e+01	1.093550e-05	
4.532212e-03	3.433309e+00	5.925979e+00	8.589439e+00	1.248861e-01	1.658191e+01	2.059203e-02	1.449239e-02	3.274044e-01	1.944053e+00	1.764408e-03	1.121604e-05	7.468414e-01	1.258939e-01	5.781255e-01	7.857749e-04	4.690323e-05	5.632834e-05	1.483463e-04	3.934115e-02	3.996128e-01	3.307278e-02	2.439037e-02	1.564165e-01	2.339754e-01	2.373151e-02	3.462987e-01	2.653754e-02	9.648456e-01	4.377076e+01	4.077817e-02	3.253256e+01	1.155451e-05	
4.532267e-03	3.556363e+00	5.698001e+00	9.783447e+00	1.476741e-01	1.645695e+01	2.085218e-02	1.547245e-02	3.273457e-01	1.946601e+00	2.035223e-03	1.233284e-05	7.472667e-01	1.238939e-01	5.683681e-01	7.202148e-04	4.297285e-05	6.357945e-05	1.584673e-04	3.653214e-02	3.689918e-01	3.098024e-02	2.616362e-02	1.725579e-01	2.555831e-01	2.422542e-02	3.495412e-01	2.678871e-02	8.747642e-01	4.347423e+01	4.130375e-02	3.233063e+01	1.065930e-05	
4.532350e-03	3.388905e+00	8.835350e+00	1.070953e+01	1.644540e-01	1.636021e+01	2.093584e-02	1.479058e-02	3.274398e-01	1.947608e+00	3.418365e-03	1.134121e-05	7.495468e-01	1.212515e-01	5.578315e-01	6.815527e-04	4.068642e-05	6.098804e-05	1.661323e-04	4.046207e-02	4.035059e-01	3.011185e-02	2.322635e-02	1.739207e-01	2.594484e-01	2.061672e-02	3.558386e-01	2.708475e-02	8.106314e-01	4.306232e+01	4.174951e-02	3.236826e+01	1.110832e-05	
4.532430e-03	3.449208e+00	6.979357e+00	9.131921e+00	1.361289e-01	1.632306e+01	2.093689e-02	1.557753e-02	3.273160e-01	1.950999e+00	1.642544e-03	1.083423e-05	7.472393e-01	1.242818e-01	5.679039e-01	7.225148e-04	4.303523e-05	5.685174e-05	1.468542e-04	3.794009e-02	3.868005e-01	2.861621e-02	2.541789e-02	1.570266e-01	2.262835e-01	2.268058e-02	3.516482e-01	2.656278e-02	8.870488e-01	4.334109e+01	4.125522e-02	3.240469e+01	1.103958e-05	
4.532454e-03	3.524590e+00	7.301440e+00	9.011790e+00	1.346949e-01	1.617262e+01	2.128003e-02	1.584333e-02	3.273086e-01	1.944429e+00	2.270149e-03	1.274285e-05	7.471594e-01	1.250126e-01	5.885715e-01	7.299657e-04	4.340474e-05	6.222377e-05	1.644250e-04	3.929425e-02	3.939474e-01	3.089863e-02	2.586788e-02	1.499632e-01	2.230014e-01	2.088037e-02	3.594095e-01	2.632277e-02	9.736991e-01	4.296132e+01	4.190834e-02	3.226801e+01	1.018602e-05	
4.532474e-03	3.482709e+00	7.560351e+00	9.599755e+00	1.443452e-01	1.629186e+01	2.103352e-02	1.593891e-02	3.272851e-01	1.951564e+00	1.874663e-03	1.185141e-05	7.473994e-01	1.234503e-01	5.639412e-01	6.326527e-04	3.790471e-05	6.038658e-05	1.577388e-04	4.002646e-02	4.044975e-01	3.033362e-02	2.566964e-02	1.714167e-01	2.549586e-01	2.040334e-02	3.393600e-01	2.706970e-02	8.368073e-01	4.328048e+01	4.146057e-02	3.246417e+01	1.112271e-05	
4.532476e-03	3.576006e+00	4.790349e+00	8.856063e+00	1.309580e-01	1.655410e+01	2.068171e-02	1.436629e-02	3.273873e-01	1.947828e+00	1.338535e-03	1.121278e-05	7.466837e-01	1.257454e-01	5.816791e-01	7.270930e-04	4.337535e-05	6.043032e-05	1.596510e-04	3.806653e-02	3.783220e-01	3.168631e-02	2.633976e-02	1.712677e-01	2.525426e-01	2.260424e-02	3.389686e-01	2.681284e-02	9.031351e-01	4.359891e+01	4.108148e-02	3.229582e+01	1.088377e-05	
4.532606e-03	3.366198e+00	6.845918e+00	8.653873e+00	1.259998e-01	1.643073e+01	2.082417e-02	1.536216e-02	3.274651e-01	1.948670e+00	2.019863e-03	1.323480e-05	7.473109e-01	1.241503e-01	5.602285e-01	7.912243e-04	4.726688e-05	5.582127e-05	1.486079e-04	3.822764e-02	3.796667e-01	3.244965e-02	2.501160e-02	1.503474e-01	2.173445e-01	2.132026e-02	3.570047e-01	2.640281e-02	9.160825e-01	4.360320e+01	4.100263e-02	3.249100e+01	1.128308e-05	
4.532688e-03	3.297506e+00	5.993315e+00	9.726628e+00	1.471817e-01	1.648065e+01	2.072143e-02	1.476125e-02	3.274578e-01	1.944325e+00	2.326135e-03	1.145765e-05	7.461031e-01	1.265415e-01	5.801636e-01	8.761966e-04	5.236954e-05	5.944194e-05	1.531678e-04	3.727373e-02	3.756002e-01	3.228830e-02	2.395720e-02	1.698052e-01	2.482109e-01	2.351858e-02	3.549878e-01	2.658373e-02	8.105285e-01	4.307825e+01	4.171632e-02	3.248464e+01	1.067667e-05	
4.532705e-03	3.458345e+00	6.267407e+00	9.386264e+00	1.397735e-01	1.660056e+01	2.059359e-02	1.496139e-02	3.273503e-01	1.948493e+00	2.380997e-03	1.224487e-05	7.466513e-01	1.242181e-01	5.548650e-01	7.893345e-04	4.732562e-05	5.736556e-05	1.510731e-04	3.873275e-02	3.867365e-01	3.229362e-02	2.449874e-02	1.600231e-01	2.376120e-01	2.229654e-02	3.540218e-01	2.664026e-02	8.764865e-01	4.355029e+01	4.116018e-02	3.247765e+01	1.105558e-05	
4.532712e-03	3.462056e+00	6.968255e+00	9.990670e+00	1.520579e-01	1.638584e+01	2.084656e-02	1.593451e-02	3.273833e-01	1.946352e+00	1.538241e-03	1.142499e-05	7.472727e-01	1.248896e-01	5.802350e-01	7.852525e-04	4.688432e-05	5.848891e-05	1.539172e-04	3.881892e-02	3.900244e-01	3.202847e-02	2.473307e-02	1.594932e-01	2.302899e-01	2.440514e-02	3.509354e-01	2.675307e-02	8.672126e-01	4.337929e+01	4.125845e-02	3.237278e+01	1.084830e-05	
4.532725e-03	3.502617e+00	7.175561e+00	8.737941e+00	1.288449e-01	1.651638e+01	2.072066e-02	1.541315e-02	3.273724e-01	1.949720e+00	1.964447e-03	1.126102e-05	7.468109e-01	1.254097e-01	5.831531e-01	7.157627e-04	4.274228e-05	5.815188e-05	1.462098e-04	3.876851e-02	3.918643e-01	3.056939e-02	2.639884e-02	1.558060e-01	2.317800e-01	2.223163e-02	3.435878e-01	2.686299e-02	8.747741e-01	4.370642e+01	4.096886e-02	3.244400e+01	1.102183e-05	
4.532736e-03	3.418714e+00	6.915908e+00	9.513691e+00	1.423782e-01	1.637010e+01	2.097647e-02	1.538710e-02	3.274171e-01	1.950986e+00	1.809756e-03	1.267394e-05	7.479042e-01	1.223428e-01	5.585801e-01	7.629463e-04	4.535804e-05	5.977741e-05	1.583088e-04	3.863594e-02	3.818095e-01	2.792794e-02	2.308380e-02	1.621861e-01	2.433000e-01	2.006903e-02	3.392087e-01	2.681192e-02	8.795847e-01	4.345878e+01	4.132704e-02	3.247172e+01	1.061470e-05	
4.532745e-03	3.343411e+00	6.533436e+00	9.833111e+00	1.478168e-01	1.656883e+01	2.074792e-02	1.453744e-02	3.274773e-01	1.943545e+00	2.064989e-03	1.272011e-05	7.485633e-01	1.229931e-01	5.712901e-01	7.096032e-04	4.246825e-05	5.853720e-05	1.508637e-04	3.855792e-02	3.885562e-01	3.322477e-02	2.511928e-02	1.796582e-01	2.711300e-01	2.021085e-02	3.491030e-01	2.680277e-02	8.640720e-01	4.376664e+01	4.108452e-02	3.248583e+01	1.129691e-05	
4.532747e-03	3.401937e+00	7.364508e+00	9.445509e+00	1.428842e-01	1.637418e+01	2.087522e-02	1.419736e-02	3.274670e-01	1.941763e+00	2.094021e-03	1.284830e-05	7.478566e-01	1.240644e-01	5.726318e-01	6.901591e-04	4.121007e-05	6.089128e-05	1.587656e-04	3.815142e-02	3.816168e-01	3.249759e-02	2.430076e-02	1.555514e-01	2.258031e-01	2.191623e-02	3.518495e-01	2.645029e-02	8.755352e-01	4.341734e+01	4.118819e-02	3.224946e+01	1.072936e-05	
4.532809e-03	3.486123e+00	6.623357e+00	8.933267e+00	1.323538e-01	1.653917e+01	2.067860e-02	1.489093e-02	3.273174e-01	1.946501e+00	1.539047e-03	1.265380e-05	7.463682e-01	1.258822e-01	5.842058e-01	7.064091e-04	4.208477e-05	5.261788e-05	1.371422e-04	3.896993e-02	3.945274e-01	3.272660e-02	2.736119e-02	1.675147e-01	2.510288e-01	2.138711e-02	3.409488e-01	2.648995e-02	9.490108e-01	4.418494e+01	4.031631e-02	3.240638e+01	1.138141e-05	
4.532906e-03	3.535936e+00	5.536632e+00	9.419897e+00	1.415548e-01	1.668095e+01	2.040987e-02	1.536375e-02	3.273699e-01	1.950531e+00	2.094066e-03	1.270231e-05	7.487465e-01	1.225752e-01	5.792490e-01	7.269722e-04	4.328357e-05	6.306747e-05	1.645663e-04	3.795316e-02	3.798722e-01	3.033920e-02	2.687903e-02	1.827905e-01	2.642482e-01	2.035551e-02	3.415483e-01	2.691264e-02	9.757352e-01	4.408400e+01	4.041313e-02	3.250149e+01	1.115215e-05	
4.532947e-03	3.482931e+00	7.517676e+00	1.008968e+01	1.519785e-01	1.638187e+01	2.085728e-02	1.516321e-02	3.273916e-01	1.945245e+00	2.811528e-03	1.190309e-05	7.470012e-01	1.237386e-01	5.569922e-01	6.865804e-04	4.100100e-05	5.832509e-05	1.569614e-04	4.043472e-02	4.027156e-01	3.065318e-02	2.334862e-02	1.598066e-01	2.302559e-01	2.003819e-02	3.534429e-01	2.639875e-02	9.465899e-01	4.316590e+01	4.151764e-02	3.245337e+01	1.136685e-05	
4.533024e-03	3.598771e+00	5.318003e+00	9.546603e+00	1.432827e-01	1.653106e+01	2.051766e-02	1.472412e-02	3.273477e-01	1.954671e+00	1.973433e-03	1.162940e-05	7.467929e-01	1.241475e-01	5.576552e-01	6.851691e-04	4.089586e-05	6.304902e-05	1.549302e-04	3.575612e-02	3.685400e-01	2.958520e-02	2.392512e-02	1.593225e-01	2.304925e-01	2.214141e-02	3.560150e-01	2.675026e-02	9.089420e-01	4.344212e+01	4.097110e-02	3.244695e+01	1.080020e-05	
4.533032e-03	3.610702e+00	7.227083e+00	9.497853e+00	1.432958e-01	1.635621e+01	2.095636e-02	1.615333e-02	3.273090e-01	1.944924e+00	2.331163e-03	1.287925e-05	7.473282e-01	1.248628e-01	5.835408e-01	6.444474e-04	3.828992e-05	6.439486e-05	1.670785e-04	3.876363e-02	3.919714e-01	3.125758e-02	2.595420e-02	1.577693e-01	2.309678e-01	2.286111e-02	3.534809e-01	2.644675e-02	9.283460e-01	4.335975e+01	4.138595e-02	3.225563e+01	1.079515e-05	
4.533037e-03	3.589022e+00	7.107572e+00	9.655658e+00	1.458687e-01	1.655029e+01	2.059362e-02	1.521912e-02	3.273688e-01	1.958625e+00	1.949023e-03	1.202646e-05	7.491491e-01	1.212714e-01	5.511522e-01	7.094169e-04	4.230466e-05	5.973149e-05	1.545421e-04	3.780412e-02	3.815739e-01	3.161237e-02	2.531426e-02	1.584948e-01	2.318627e-01	2.383522e-02	3.377826e-01	2.715710e-02	8.900745e-01	4.385749e+01	4.060198e-02	3.233413e+01	1.098860e-05	
4.533045e-03	3.407945e+00	6.493906e+00	9.932260e+00	1.499186e-01	1.653617e+01	2.059974e-02	1.474348e-02	3.274053e-01	1.946629e+00	1.765508e-03	1.237849e-05	7.464367e-01	1.247367e-01	5.654100e-01	7.474611e-04	4.435348e-05	5.807913e-05	1.546672e-04	3.833268e-02	3.815233e-01	3.590094e-02	2.644146e-02	1.698311e-01	2.516269e-01	2.392142e-02	3.464883e-01	2.647482e-02	9.102067e-01	4.358984e+01	4.097508e-02	3.241736e+01	1.123950e-05	
4.533143e-03	3.458100e+00	7.343854e+00	9.900927e+00	1.500169e-01	1.662574e+01	2.049497e-02	1.464207e-02	3.274322e-01	1.946339e+00	1.474784e-03	1.237089e-05	7.480800e-01	1.233393e-01	5.800922e-01	7.103157e-04	4.235115e-05	6.072582e-05	1.628280e-04	3.951395e-02	3.887989e-01	3.213030e-02	2.613116e-02	1.661079e-01	2.384570e-01	2.105647e-02	3.482219e-01	2.685579e-02	8.642682e-01	4.397465e+01	4.052510e-02	3.237042e+01	1.070599e-05	
4.533194e-03	3.474626e+00	8.287786e+00	8.869718e+00	1.323021e-01	1.650996e+01	2.071508e-02	1.483563e-02	3.274091e-01	1.958705e+00	2.221476e-03	1.165578e-05	7.484115e-01	1.217442e-01	5.569037e-01	7.459993e-04	4.445638e-05	5.678580e-05	1.530009e-04	4.157104e-02	4.144361e-01	3.041128e-02	2.466633e-02	1.615572e-01	2.353638e-01	2.314870e-02	3.466942e-01	2.691417e-02	8.679582e-01	4.387277e+01	4.067626e-02	3.238858e+01	1.094927e-05	
4.533422e-03	3.286687e+00	6.650298e+00	1.113113e+01	1.728536e-01	1.627895e+01	2.112352e-02	1.467650e-02	3.274127e-01	1.949505e+00	2.448706e-03	1.276781e-05	7.473302e-01	1.238206e-01	5.652634e-01	7.602564e-04	4.540835e-05	5.052492e-05	1.363672e-04	4.027660e-02	3.992716e-01	2.855341e-02	2.404166e-02	1.677630e-01	2.457904e-01	1.911335e-02	3.548950e-01	2.606250e-02	8.808981e-01	4.337421e+01	4.149352e-02	3.248482e+01	1.137361e-05	
4.533494e-03	3.457990e+00	6.768954e+00	9.733331e+00	1.457371e-01	1.638468e+01	2.077457e-02	1.567389e-02	3.273253e-01	1.948361e+00	2.247578e-03	1.129867e-05	7.475997e-01	1.234334e-01	5.745010e-01	7.572218e-04	4.498557e-05	5.937125e-05	1.499668e-04	3.699468e-02	3.780042e-01	3.046506e-02	2.408310e-02	1.572368e-01	2.316229e-01	2.244467e-02	3.480858e-01	2.656286e-02	9.178454e-01	4.321284e+01	4.133654e-02	3.244874e+01	1.066843e-05	
4.533635e-03	3.589561e+00	7.183068e+00	9.386684e+00	1.389573e-01	1.655285e+01	2.065873e-02	1.608009e-02	3.273131e-01	1.946876e+00	2.113607e-03	1.224229e-05	7.463951e-01	1.255542e-01	5.617949e-01	7.180330e-04	4.279235e-05	5.718147e-05	1.552688e-04	4.011167e-02	3.987516e-01	3.171790e-02	2.593043e-02	1.564860e-01	2.363215e-01	2.351385e-02	3.468865e-01	2.660938e-02	9.459186e-01	4.360638e+01	4.107094e-02	3.247995e+01	1.106685e-05	
4.533757e-03	3.460922e+00	5.457608e+00	1.048026e+01	1.588457e-01	1.641779e+01	2.073947e-02	1.456616e-02	3.274620e-01	1.950167e+00	2.456545e-03	1.431248e-05	7.473514e-01	1.229635e-01	5.373498e-01	7.230569e-04	4.320608e-05	5.920776e-05	1.565330e-04	3.709002e-02	3.672243e-01	3.113822e-02	2.240419e-02	1.773794e-01	2.649389e-01	2.138327e-02	3.645053e-01	2.604949e-02	9.486616e-01	4.330967e+01	4.121367e-02	3.253773e+01	1.145256e-05	
4.533788e-03	3.593811e+00	6.200256e+00	9.939006e+00	1.503207e-01	1.631460e+01	2.097510e-02	1.562111e-02	3.273896e-01	1.944242e+00	1.963506e-03	1.197221e-05	7.485359e-01	1.229073e-01	5.560548e-01	6.058903e-04	3.611861e-05	6.833723e-05	1.715052e-04	3.613616e-02	3.662117e-01	2.987476e-02	2.538183e-02	1.713120e-01	2.504422e-01	2.290886e-02	3.576231e-01	2.661397e-02	8.456885e-01	4.296704e+01	4.178470e-02	3.219334e+01	1.065931e-05	
4.533826e-03	3.498830e+00	7.456731e+00	8.947458e+00	1.329396e-01	1.641640e+01	2.078186e-02	1.562951e-02	3.273593e-01	1.949234e+00	2.639964e-03	1.291590e-05	7.495793e-01	1.207865e-01	5.562977e-01	6.690599e-04	3.975367e-05	6.396050e-05	1.644632e-04	3.704169e-02	3.749807e-01	2.723733e-02	2.355764e-02	1.597970e-01	2.343706e-01	2.140105e-02	3.531143e-01	2.646869e-02	9.134268e-01	4.334906e+01	4.119417e-02	3.233340e+01	1.093887e-05	
4.533841e-03	3.436131e+00	6.229531e+00	9.971557e+00	1.521021e-01	1.645127e+01	2.076052e-02	1.490555e-02	3.274051e-01	1.944998e+00	2.500972e-03	1.253925e-05	7.491602e-01	1.211605e-01	5.543291e-01	7.335061e-04	4.379028e-05	5.670820e-05	1.447853e-04	3.695629e-02	3.733232e-01	3.054115e-02	2.462061e-02	1.565546e-01	2.306627e-01	2.222694e-02	3.572860e-01	2.636577e-02	9.403269e-01	4.358360e+01	4.103987e-02	3.238389e+01	1.135655e-05	
4.533874e-03	3.524324e+00	5.808046e+00	8.655935e+00	1.276318e-01	1.648126e+01	2.075951e-02	1.496133e-02	3.274335e-01	1.946380e+00	1.990687e-03	1.192228e-05	7.488162e-01	1.242203e-01	5.922273e-01	7.779263e-04	4.622808e-05	5.991026e-05	1.582926e-04	3.790152e-02	3.821263e-01	2.983164e-02	2.495051e-02	1.635192e-01	2.389051e-01	2.348235e-02	3.496919e-01	2.684314e-02	9.392284e-01	4.366076e+01	4.093937e-02	3.237704e+01	1.050037e-05	
4.533919e-03	3.412395e+00	7.083218e+00	9.941289e+00	1.503539e-01	1.650689e+01	2.071186e-02	1.514187e-02	3.274780e-01	1.949008e+00	2.568480e-03	1.177907e-05	7.488000e-01	1.219507e-01	5.476338e-01	7.005820e-04	4.183215e-05	6.200961e-05	1.636204e-04	3.868783e-02	3.884142e-01	2.847182e-02	2.212799e-02	1.681375e-01	2.478086e-01	2.110628e-02	3.622009e-01	2.672330e-02	8.748204e-01	4.349520e+01	4.111809e-02	3.239009e+01	1.065906e-05	
4.534058e-03	3.383970e+00	6.663049e+00	9.775164e+00	1.475826e-01	1.630245e+01	2.114351e-02	1.460331e-02	3.274091e-01	1.946035e+00	2.655211e-03	1.212931e-05	7.464721e-01	1.253051e-01	5.695858e-01	7.486091e-04	4.469908e-05	5.884589e-05	1.588467e-04	3.923018e-02	3.896943e-01	3.241397e-02	2.544958e-02	1.610802e-01	2.389150e-01	2.158737e-02	3.471124e-01	2.611738e-02	9.414002e-01	4.318605e+01	4.174277e-02	3.240862e+01	1.092211e-05	
4.534090e-03	3.534920e+00	5.822830e+00	9.557320e+00	1.446646e-01	1.648592e+01	2.080636e-02	1.515353e-02	3.273514e-01	1.948499e+00	2.710963e-03	1.129297e-05	7.475817e-01	1.241237e-01	5.715606e-01	5.997912e-04	3.582964e-05	6.681286e-05	1.728208e-04	3.707244e-02	3.719012e-01	3.031917e-02	2.574953e-02	1.691842e-01	2.528807e-01	2.214523e-02	3.537688e-01	2.677364e-02	8.789195e-01	4.321984e+01	4.162945e-02	3.224138e+01	1.075125e-05	
4.534156e-03	3.520625e+00	7.336913e+00	1.005853e+01	1.519445e-01	1.644417e+01	2.078181e-02	1.624754e-02	3.273655e-01	1.953999e+00	1.685011e-03	1.272837e-05	7.471933e-01	1.257561e-01	5.837157e-01	7.874242e-04	4.692292e-05	5.670913e-05	1.490889e-04	3.906297e-02	3.910699e-01	2.999536e-02	2.593022e-02	1.575393e-01	2.310178e-01	2.402171e-02	3.424028e-01	2.697463e-02	8.832698e-01	4.352087e+01	4.105643e-02	3.239607e+01	1.116799e-05	
4.534181e-03	3.560006e+00	6.011834e+00	9.671618e+00	1.461643e-01	1.644800e+01	2.073665e-02	1.474986e-02	3.273835e-01	1.954861e+00	2.469034e-03	1.202218e-05	7.479469e-01	1.235261e-01	5.692990e-01	6.311718e-04	3.748739e-05	6.124292e-05	1.557937e-04	3.748778e-02	3.836196e-01	2.934221e-02	2.344663e-02	1.722605e-01	2.561155e-01	2.074474e-02	3.506546e-01	2.672794e-02	9.662958e-01	4.357690e+01	4.097582e-02	3.238266e+01	1.105626e-05	
4.534317e-03	3.407224e+00	6.437349e+00	9.993146e+00	1.498617e-01	1.662383e+01	2.051765e-02	1.463213e-02	3.274527e-01	1.943701e+00	1.438443e-03	1.081316e-05	7.491416e-01	1.222906e-01	5.651201e-01	7.673781e-04	4.558551e-05	5.801020e-05	1.519701e-04	3.893088e-02	3.946688e-01	3.163011e-02	2.547227e-02	1.553647e-01	2.248318e-01	2.458750e-02	3.507417e-01	2.669284e-02	8.450661e-01	4.372456e+01	4.087643e-02	3.249284e+01	1.090594e-05	
4.534329e-03	3.380492e+00	7.636345e+00	1.024811e+01	1.555722e-01	1.635557e+01	2.098371e-02	1.478974e-02	3.274857e-01	1.943505e+00	1.999481e-03	1.227032e-05	7.470747e-01	1.254892e-01	5.765116e-01	7.243355e-04	4.322174e-05	5.802377e-05	1.512251e-04	3.880419e-02	3.913733e-01	3.445958e-02	2.490031e-02	1.575813e-01	2.301114e-01	2.208609e-02	3.529870e-01	2.660742e-02	8.886472e-01	4.328032e+01	4.151466e-02	3.224830e+01	1.091313e-05	
4.534337e-03	3.405915e+00	6.816507e+00	9.505010e+00	1.411187e-01	1.640246e+01	2.086907e-02	1.485641e-02	3.274369e-01	1.940072e+00	1.870895e-03	1.143992e-05	7.474174e-01	1.251122e-01	5.737280e-01	7.180456e-04	4.292231e-05	5.483525e-05	1.511975e-04	4.024935e-02	3.975657e-01	3.115213e-02	2.309494e-02	1.545579e-01	2.297717e-01	1.962002e-02	3.545601e-01	2.655198e-02	9.688106e-01	4.366068e+01	4.097605e-02	3.251106e+01	1.108597e-05	
4.534444e-03	3.377505e+00	6.101184e+00	9.668353e+00	1.459250e-01	1.656697e+01	2.055092e-02	1.426726e-02	3.274504e-01	1.941535e+00	2.235434e-03	1.213694e-05	7.472273e-01	1.242094e-01	5.692445e-01	7.799172e-04	4.653076e-05	5.635411e-05	1.433365e-04	3.760204e-02	3.782471e-01	3.170939e-02	2.396801e-02	1.642102e-01	2.428474e-01	2.249246e-02	3.605081e-01	2.624054e-02	9.139419e-01	4.367352e+01	4.080776e-02	3.239503e+01	1.114914e-05	
4.534461e-03	3.348378e+00	5.094932e+00	9.109215e+00	1.342456e-01	1.654353e+01	2.070622e-02	1.359229e-02	3.274677e-01	1.951500e+00	1.882694e-03	1.164646e-05	7.477582e-01	1.234042e-01	5.603146e-01	8.041650e-04	4.797615e-05	5.701104e-05	1.528912e-04	3.870962e-02	3.870632e-01	3.139735e-02	2.347163e-02	1.777103e-01	2.723942e-01	2.082189e-02	3.465496e-01	2.663461e-02	9.406302e-01	4.373582e+01	4.094337e-02	3.244944e+01	1.081346e-05	
4.534499e-03	3.595456e+00	8.268115e+00	9.359539e+00	1.402016e-01	1.654199e+01	2.057381e-02	1.582931e-02	3.273231e-01	1.949370e+00	2.066447e-03	1.229949e-05	7.471665e-01	1.233459e-01	5.455892e-01	6.118309e-04	3.644002e-05	6.451326e-05	1.729714e-04	3.911651e-02	3.925555e-01	3.234834e-02	2.390363e-02	1.747234e-01	2.606699e-01	2.230117e-02	3.575330e-01	2.651915e-02	9.307851e-01	4.346174e+01	4.108683e-02	3.239817e+01	1.100292e-05	
4.534559e-03	3.536621e+00	6.400353e+00	8.557501e+00	1.256667e-01	1.649690e+01	2.077811e-02	1.452931e-02	3.273900e-01	1.947855e+00	1.508749e-03	1.071464e-05	7.470621e-01	1.256607e-01	5.716391e-01	7.612445e-04	4.545592e-05	5.577361e-05	1.506389e-04	4.041053e-02	4.044056e-01	3.028878e-02	2.552929e-02	1.407730e-01	2.055455e-01	2.301665e-02	3.466951e-01	2.655009e-02	9.818182e-01	4.393564e+01	4.062470e-02	3.253329e+01	1.106472e-05	
4.534644e-03	3.516310e+00	6.396613e+00	8.975147e+00	1.335273e-01	1.635083e+01	2.100830e-02	1.562041e-02	3.273557e-01	1.946501e+00	2.311589e-03	1.261671e-05	7.459660e-01	1.266924e-01	5.764351e-01	7.005955e-04	4.187605e-05	5.803858e-05	1.561323e-04	3.881958e-02	3.864195e-01	3.090703e-02	2.446823e-02	1.534116e-01	2.229221e-01	2.197116e-02	3.494674e-01	2.651839e-02	8.907219e-01	4.316344e+01	4.163925e-02	3.242548e+01	1.052075e-05	
4.534660e-03	3.459763e+00	7.435169e+00	1.048392e+01	1.597305e-01	1.636248e+01	2.094496e-02	1.503269e-02	3.273780e-01	1.945208e+00	2.710075e-03	1.358525e-05	7.466733e-01	1.253439e-01	5.727067e-01	6.428923e-04	3.840217e-05	6.098300e-05	1.566974e-04	3.803504e-02	3.852787e-01	3.220364e-02	2.423629e-02	1.670920e-01	2.500883e-01	2.226200e-02	3.460021e-01	2.678975e-02	8.684858e-01	4.304475e+01	4.180429e-02	3.224487e+01	1.059022e-05	
4.534708e-03	3.527590e+00	8.145121e+00	9.177007e+00	1.367338e-01	1.627948e+01	2.097986e-02	1.602378e-02	3.273387e-01	1.950849e+00	2.729846e-03	1.239645e-05	7.482525e-01	1.223114e-01	5.591735e-01	6.553610e-04	3.923179e-05	5.889317e-05	1.562514e-04	4.033858e-02	4.018693e-01	3.013659e-02	2.391331e-02	1.658195e-01	2.508738e-01	2.261676e-02	3.503178e-01	2.674003e-02	9.316523e-01	4.319988e+01	4.136581e-02	3.239190e+01	1.124048e-05	
4.534742e-03	3.465906e+00	6.750482e+00	1.111339e+01	1.714622e-01	1.640957e+01	2.083070e-02	1.501067e-02	3.273938e-01	1.945079e+00	2.054496e-03	1.235026e-05	7.475168e-01	1.240505e-01	5.729231e-01	7.469349e-04	4.439244e-05	6.070136e-05	1.575690e-04	3.708953e-02	3.737052e-01	2.988383e-02	2.419213e-02	1.594649e-01	2.299431e-01	2.134745e-02	3.515086e-01	2.691991e-02	8.213711e-01	4.320871e+01	4.149658e-02	3.240945e+01	1.085843e-05	
4.534767e-03	3.502317e+00	5.632797e+00	9.005591e+00	1.341181e-01	1.641673e+01	2.083249e-02	1.482718e-02	3.273625e-01	1.948523e+00	2.707036e-03	1.172645e-05	7.475620e-01	1.223546e-01	5.536916e-01	6.908400e-04	4.105116e-05	6.059794e-05	1.547731e-04	3.708813e-02	3.703500e-01	2.927138e-02	2.277311e-02	1.633099e-01	2.485507e-01	2.295861e-02	3.611249e-01	2.640173e-02	8.870161e-01	4.328080e+01	4.142456e-02	3.236816e+01	1.053951e-05	
4.534833e-03	3.350375e+00	1.003282e+01	9.338384e+00	1.383080e-01	1.630374e+01	2.114370e-02	1.638670e-02	3.273886e-01	1.944713e+00	2.095152e-03	1.173010e-05	7.480200e-01	1.245439e-01	5.932534e-01	7.999007e-04	4.773811e-05	5.946037e-05	1.577854e-04	4.072714e-02	4.117600e-01	2.990999e-02	2.575593e-02	1.442565e-01	2.101135e-01	1.907846e-02	3.561386e-01	2.660747e-02	8.551067e-01	4.327080e+01	4.161899e-02	3.241421e+01	1.008409e-05	
4.534991e-03	3.471348e+00	7.275558e+00	1.019744e+01	1.559005e-01	1.637805e+01	2.089227e-02	1.570483e-02	3.273874e-01	1.947803e+00	2.754114e-03	1.302192e-05	7.473266e-01	1.229284e-01	5.532722e-01	6.848250e-04	4.085420e-05	6.222707e-05	1.583251e-04	3.729308e-02	3.748343e-01	2.910827e-02	2.310839e-02	1.646638e-01	2.432763e-01	2.126710e-02	3.533153e-01	2.670904e-02	8.837625e-01	4.314164e+01	4.158013e-02	3.231473e+01	1.089556e-05	
4.535030e-03	3.447981e+00	7.146853e+00	1.062239e+01	1.634318e-01	1.635195e+01	2.097197e-02	1.606827e-02	3.274317e-01	1.944019e+00	2.728900e-03	1.195965e-05	7.475062e-01	1.252463e-01	5.801904e-01	7.399690e-04	4.403972e-05	6.504885e-05	1.674269e-04	3.728316e-02	3.779242e-01	3.052836e-02	2.428669e-02	1.520783e-01	2.181828e-01	2.215192e-02	3.477254e-01	2.710667e-02	8.495605e-01	4.296951e+01	4.197006e-02	3.238579e+01	1.096611e-05	
4.535219e-03	3.510530e+00	6.293424e+00	9.942006e+00	1.504715e-01	1.615699e+01	2.120016e-02	1.474156e-02	3.273887e-01	1.949817e+00	2.268644e-03	1.320058e-05	7.466064e-01	1.249463e-01	5.657518e-01	7.365531e-04	4.386988e-05	5.892421e-05	1.578146e-04	3.903567e-02	3.919002e-01	3.011057e-02	2.479738e-02	1.513816e-01	2.146206e-01	2.041624e-02	3.565913e-01	2.632036e-02	1.021576e+00	4.287622e+01	4.184773e-02	3.238967e+01	1.072778e-05	
4.535337e-03	3.490149e+00	6.547991e+00	8.828824e+00	1.293086e-01	1.657434e+01	2.053017e-02	1.458070e-02	3.274378e-01	1.945887e+00	2.346236e-03	1.149205e-05	7.481252e-01	1.222558e-01	5.540422e-01	6.546345e-04	3.899516e-05	6.002924e-05	1.545806e-04	3.798010e-02	3.843671e-01	2.987507e-02	2.301880e-02	1.530687e-01	2.231641e-01	2.168597e-02	3.488019e-01	2.682726e-02	8.790486e-01	4.360063e+01	4.085514e-02	3.245581e+01	1.083324e-05	
4.535389e-03	3.531807e+00	6.492797e+00	9.583536e+00	1.431202e-01	1.659700e+01	2.053983e-02	1.477850e-02	3.273702e-01	1.945932e+00	1.469193e-03	1.268716e-05	7.462565e-01	1.257588e-01	5.644889e-01	7.278766e-04	4.363326e-05	5.931847e-05	1.589382e-04	3.958254e-02	3.964417e-01	3.219396e-02	2.378500e-02	1.613049e-01	2.372912e-01	2.070891e-02	3.500626e-01	2.655730e-02	9.860435e-01	4.389379e+01	4.062782e-02	3.257138e+01	1.070583e-05	
4.535556e-03	3.564774e+00	6.810688e+00	9.057178e+00	1.333611e-01	1.652544e+01	2.066914e-02	1.539678e-02	3.273597e-01	1.948727e+00	1.818917e-03	1.085247e-05	7.471986e-01	1.236088e-01	5.625477e-01	7.129625e-04	4.257000e-05	5.978297e-05	1.595546e-04	3.935651e-02	3.909140e-01	2.993132e-02	2.480904e-02	1.551588e-01	2.232603e-01	2.211272e-02	3.419903e-01	2.694455e-02	9.028749e-01	4.369408e+01	4.090417e-02	3.241733e+01	1.107954e-05	
4.535581e-03	3.475061e+00	7.788639e+00	9.565748e+00	1.428984e-01	1.630268e+01	2.108295e-02	1.586893e-02	3.273825e-01	1.946906e+00	2.197350e-03	1.213157e-05	7.468740e-01	1.256588e-01	5.862759e-01	7.398960e-04	4.405085e-05	6.172760e-05	1.669185e-04	4.089095e-02	4.074819e-01	2.966911e-02	2.513769e-02	1.616999e-01	2.441791e-01	1.968534e-02	3.492314e-01	2.666611e-02	9.637487e-01	4.297988e+01	4.191645e-02	3.244420e+01	1.078707e-05	
4.535586e-03	3.423355e+00	7.571990e+00	8.566401e+00	1.248776e-01	1.647699e+01	2.070174e-02	1.385182e-02	3.274257e-01	1.943473e+00	1.733536e-03	1.192376e-05	7.470696e-01	1.250519e-01	5.640978e-01	7.454299e-04	4.469415e-05	5.933847e-05	1.582948e-04	4.007110e-02	4.014360e-01	3.258431e-02	2.432649e-02	1.551164e-01	2.326134e-01	2.192282e-02	3.508237e-01	2.640084e-02	8.935968e-01	4.381898e+01	4.070530e-02	3.247566e+01	1.066106e-05	
4.535737e-03	3.472317e+00	5.793430e+00	1.055521e+01	1.620183e-01	1.644870e+01	2.078517e-02	1.531661e-02	3.273751e-01	1.950616e+00	2.044445e-03	1.239193e-05	7.482265e-01	1.216824e-01	5.490475e-01	6.876534e-04	4.108197e-05	5.970259e-05	1.561553e-04	3.883304e-02	3.881628e-01	2.742153e-02	2.354907e-02	1.795985e-01	2.597285e-01	2.241420e-02	3.560142e-01	2.645153e-02	8.953263e-01	4.363531e+01	4.091823e-02	3.253027e+01	1.102775e-05	
4.535775e-03	3.369379e+00	7.253080e+00	9.658392e+00	1.455861e-01	1.642047e+01	2.092772e-02	1.476991e-02	3.274874e-01	1.941181e+00	1.953268e-03	1.090002e-05	7.490936e-01	1.225234e-01	5.685675e-01	7.018262e-04	4.184111e-05	6.330910e-05	1.614886e-04	3.768587e-02	3.830513e-01	3.076028e-02	2.433246e-02	1.634744e-01	2.416291e-01	2.325415e-02	3.588857e-01	2.658816e-02	8.160938e-01	4.348433e+01	4.126327e-02	3.228761e+01	1.027047e-05	
4.535821e-03	3.528499e+00	7.787967e+00	9.888244e+00	1.494307e-01	1.633957e+01	2.087148e-02	1.561551e-02	3.273488e-01	1.948122e+00	2.200637e-03	1.198015e-05	7.469225e-01	1.242958e-01	5.535023e-01	7.571047e-04	4.514484e-05	5.958038e-05	1.641797e-04	3.927662e-02	3.853521e-01	2.997327e-02	2.319363e-02	1.394495e-01	2.036584e-01	2.437636e-02	3.524635e-01	2.655494e-02	8.985128e-01	4.321503e+01	4.144068e-02	3.240446e+01	1.116951e-05	
4.535906e-03	3.355128e+00	8.112690e+00	1.033114e+01	1.591134e-01	1.637141e+01	2.083041e-02	1.458308e-02	3.274907e-01	1.945792e+00	1.601006e-03	1.210146e-05	7.486037e-01	1.227050e-01	5.712598e-01	7.605059e-04	4.537564e-05	5.702286e-05	1.505338e-04	3.814522e-02	3.772190e-01	3.012649e-02	2.418086e-02	1.531356e-01	2.202322e-01	2.262285e-02	3.513271e-01	2.674583e-02	8.175352e-01	4.335285e+01	4.122775e-02	3.229269e+01	1.112260e-05	
4.536043e-03	3.507905e+00	6.855058e+00	1.034296e+01	1.585287e-01	1.638231e+01	2.088711e-02	1.514738e-02	3.274761e-01	1.952988e+00	1.652159e-03	1.259273e-05	7.477569e-01	1.237958e-01	5.667536e-01	8.194318e-04	4.877381e-05	6.329631e-05	1.685277e-04	3.817677e-02	3.740291e-01	3.058951e-02	2.397934e-02	1.477569e-01	2.149916e-01	2.178497e-02	3.524276e-01	2.702643e-02	8.595670e-01	4.303269e+01	4.173454e-02	3.235959e+01	1.076750e-05	
4.536199e-03	3.362188e+00	5.944813e+00	8.201289e+00	1.189931e-01	1.645231e+01	2.078879e-02	1.432910e-02	3.274213e-01	1.950273e+00	1.172456e-03	1.231256e-05	7.451411e-01	1.278782e-01	5.833393e-01	8.902653e-04	5.296707e-05	5.311032e-05	1.426452e-04	4.038057e-02	4.021493e-01	3.462503e-02	2.636363e-02	1.511242e-01	2.250017e-01	2.357385e-02	3.403870e-01	2.650342e-02	9.271817e-01	4.373811e+01	4.085900e-02	3.245505e+01	1.070255e-05	
4.536200e-03	3.481918e+00	6.532426e+00	9.654485e+00	1.449943e-01	1.649866e+01	2.071651e-02	1.535512e-02	3.273819e-01	1.945186e+00	1.593225e-03	1.226429e-05	7.476443e-01	1.243695e-01	5.606937e-01	7.277858e-04	4.347333e-05	5.589352e-05	1.494424e-04	3.770483e-02	3.788234e-01	3.646478e-02	2.633733e-02	1.663624e-01	2.406547e-01	2.680862e-02	3.561487e-01	2.603546e-02	9.342661e-01	4.364995e+01	4.094679e-02	3.237313e+01	1.092380e-05	
4.536223e-03	3.554332e+00	7.754621e+00	1.046794e+01	1.603964e-01	1.647050e+01	2.079159e-02	1.668799e-02	3.272815e-01	1.946139e+00	3.442502e-03	1.143734e-05	7.475910e-01	1.247440e-01	5.878951e-01	6.722969e-04	4.000997e-05	6.052872e-05	1.493374e-04	3.726491e-02	3.887531e-01	3.073940e-02	2.380327e-02	1.606376e-01	2.348938e-01	2.312822e-02	3.639488e-01	2.646992e-02	8.852537e-01	4.353428e+01	4.117990e-02	3.229163e+01	1.090838e-05	
4.536284e-03	3.494039e+00	7.795101e+00	1.074103e+01	1.644725e-01	1.641864e+01	2.088930e-02	1.581065e-02	3.273953e-01	1.951322e+00	4.130218e-03	1.223561e-05	7.480257e-01	1.226894e-01	5.555826e-01	6.471531e-04	3.873497e-05	6.289508e-05	1.580945e-04	3.717804e-02	3.795082e-01	2.810114e-02	2.163157e-02	1.600433e-01	2.306422e-01	2.115913e-02	3.584249e-01	2.666163e-02	8.600717e-01	4.318889e+01	4.162442e-02	3.236645e+01	1.084049e-05	
4.536295e-03	3.600942e+00	7.017981e+00	8.720614e+00	1.273857e-01	1.648096e+01	2.073158e-02	1.546807e-02	3.273650e-01	1.949985e+00	2.059185e-03	1.243682e-05	7.476060e-01	1.236448e-01	5.572619e-01	6.317359e-04	3.761027e-05	6.295233e-05	1.612444e-04	3.757981e-02	3.808673e-01	3.180829e-02	2.591240e-02	1.741496e-01	2.539689e-01	2.376211e-02	3.560011e-01	2.680033e-02	8.751913e-01	4.358920e+01	4.103301e-02	3.237414e+01	1.055869e-05	
4.536466e-03	3.508631e+00	8.342185e+00	1.021867e+01	1.564270e-01	1.630686e+01	2.103892e-02	1.599850e-02	3.273410e-01	1.943214e+00	3.450565e-03	1.133147e-05	7.482259e-01	1.239892e-01	5.797564e-01	5.763717e-04	3.433878e-05	6.197874e-05	1.633757e-04	4.004691e-02	4.091308e-01	2.959407e-02	2.334039e-02	1.643499e-01	2.349918e-01	2.002714e-02	3.499682e-01	2.637377e-02	9.592434e-01	4.343031e+01	4.131360e-02	3.240151e+01	1.105188e-05	
4.536787e-03	3.629049e+00	5.727412e+00	1.028241e+01	1.568985e-01	1.654465e+01	2.063106e-02	1.595548e-02	3.273542e-01	1.955219e+00	2.394399e-03	1.220578e-05	7.481276e-01	1.241712e-01	5.666671e-01	6.540870e-04	3.925245e-05	6.222451e-05	1.579778e-04	3.798544e-02	3.875668e-01	2.987187e-02	2.523772e-02	1.807228e-01	2.644050e-01	2.218195e-02	3.471264e-01	2.684906e-02	9.201149e-01	4.342176e+01	4.121851e-02	3.244369e+01	1.089493e-05	
4.536832e-03	3.485085e+00	7.203993e+00	1.015791e+01	1.544931e-01	1.626768e+01	2.111833e-02	1.566197e-02	3.273923e-01	1.945637e+00	2.283187e-03	1.202749e-05	7.482622e-01	1.244969e-01	5.869727e-01	7.219071e-04	4.317213e-05	6.229082e-05	1.592745e-04	3.802839e-02	3.860957e-01	2.866680e-02	2.445102e-02	1.561584e-01	2.306327e-01	2.077099e-02	3.522705e-01	2.649355e-02	9.143153e-01	4.301234e+01	4.178522e-02	3.243095e+01	1.049167e-05	
4.536931e-03	3.416424e+00	5.839249e+00	9.964533e+00	1.522224e-01	1.655737e+01	2.062845e-02	1.568127e-02	3.274019e-01	1.946130e+00	2.221259e-03	1.243370e-05	7.478748e-01	1.244045e-01	5.704445e-01	8.140232e-04	4.853882e-05	5.763692e-05	1.474888e-04	3.701770e-02	3.774276e-01	3.145908e-02	2.542164e-02	1.613997e-01	2.321448e-01	2.211134e-02	3.525390e-01	2.638774e-02	9.494064e-01	4.374809e+01	4.088337e-02	3.241298e+01	1.071366e-05	
4.537136e-03	3.437408e+00	7.593716e+00	9.708119e+00	1.453366e-01	1.638782e+01	2.084769e-02	1.472472e-02	3.273519e-01	1.945529e+00	2.048144e-03	1.287193e-05	7.462298e-01	1.255360e-01	5.660563e-01	6.956582e-04	4.150985e-05	5.499967e-05	1.409440e-04	3.898514e-02	3.994265e-01	3.099247e-02	2.514286e-02	1.515468e-01	2.140834e-01	2.290604e-02	3.578330e-01	2.627940e-02	9.085721e-01	4.347335e+01	4.112887e-02	3.241978e+01	1.149038e-05	
4.537224e-03	3.467477e+00	6.971062e+00	1.022128e+01	1.552058e-01	1.631809e+01	2.099979e-02	1.489927e-02	3.274317e-01	1.953053e+00	2.043355e-03	1.337970e-05	7.474495e-01	1.245333e-01	5.636004e-01	7.277406e-04	4.338986e-05	6.185457e-05	1.667724e-04	3.894050e-02	3.880955e-01	2.990712e-02	2.565828e-02	1.642228e-01	2.393863e-01	1.940490e-02	3.508929e-01	2.661216e-02	9.059215e-01	4.290378e+01	4.202830e-02	3.248265e+01	1.104810e-05	
4.537345e-03	3.382149e+00	6.475573e+00	9.412993e+00	1.405047e-01	1.652879e+01	2.063985e-02	1.444053e-02	3.274267e-01	1.948636e+00	1.899053e-03	1.312489e-05	7.461041e-01	1.252850e-01	5.505448e-01	7.195544e-04	4.314510e-05	5.663291e-05	1.537179e-04	3.978498e-02	3.940823e-01	3.325201e-02	2.330199e-02	1.796400e-01	2.649517e-01	2.100390e-02	3.543544e-01	2.624130e-02	9.437108e-01	4.378512e+01	4.071682e-02	3.248829e+01	1.116763e-05	
4.537480e-03	3.490153e+00	5.689189e+00	9.157185e+00	1.358790e-01	1.661284e+01	2.062734e-02	1.454536e-02	3.274303e-01	1.952971e+00	1.555340e-03	1.236759e-05	7.468569e-01	1.242565e-01	5.673894e-01	7.418199e-04	4.415449e-05	6.236911e-05	1.644618e-04	3.802652e-02	3.770621e-01	3.044205e-02	2.621089e-02	1.705784e-01	2.556674e-01	2.163556e-02	3.399116e-01	2.709226e-02	8.986115e-01	4.360707e+01	4.112343e-02	3.240340e+01	1.050582e-05	
4.537564e-03	3.366960e+00	6.593503e+00	1.029003e+01	1.562562e-01	1.656417e+01	2.060995e-02	1.625031e-02	3.274203e-01	1.943263e+00	2.323189e-03	1.288816e-05	7.490256e-01	1.231460e-01	5.783779e-01	8.665983e-04	5.152527e-05	5.916496e-05	1.511617e-04	3.593884e-02	3.675928e-01	3.240901e-02	2.505887e-02	1.668085e-01	2.416914e-01	2.220697e-02	3.540621e-01	2.644655e-02	8.863792e-01	4.366996e+01	4.093670e-02	3.249047e+01	1.117009e-05	
4.537646e-03	3.560309e+00	6.524366e+00	9.128674e+00	1.360143e-01	1.638802e+01	2.085817e-02	1.502335e-02	3.273043e-01	1.953000e+00	1.745176e-03	1.252038e-05	7.467153e-01	1.253290e-01	5.691151e-01	6.578430e-04	3.947682e-05	6.164503e-05	1.640102e-04	3.883074e-02	3.890077e-01	3.195290e-02	2.533784e-02	1.673306e-01	2.470444e-01	2.314790e-02	3.491167e-01	2.689331e-02	9.374890e-01	4.352572e+01	4.111471e-02	3.238035e+01	1.059970e-05	
4.537652e-03	3.545104e+00	6.918266e+00	8.622371e+00	1.259361e-01	1.657524e+01	2.067860e-02	1.458134e-02	3.273939e-01	1.952533e+00	2.299859e-03	1.229307e-05	7.472294e-01	1.246540e-01	5.591951e-01	7.488284e-04	4.490731e-05	5.621488e-05	1.589726e-04	4.095143e-02	3.993543e-01	3.178172e-02	2.380356e-02	1.583157e-01	2.324724e-01	2.332413e-02	3.488841e-01	2.637304e-02	9.680623e-01	4.398065e+01	4.063546e-02	3.251597e+01	1.082668e-05	
4.537977e-03	3.430490e+00	6.466155e+00	9.775286e+00	1.480086e-01	1.638331e+01	2.083395e-02	1.590527e-02	3.273538e-01	1.943109e+00	2.583921e-03	1.142527e-05	7.473972e-01	1.243715e-01	5.902657e-01	8.109283e-04	4.826535e-05	5.783575e-05	1.500258e-04	3.818125e-02	3.788804e-01	3.110053e-02	2.580206e-02	1.615562e-01	2.441693e-01	2.070421e-02	3.581124e-01	2.624821e-02	9.666775e-01	4.349944e+01	4.107631e-02	3.258345e+01	1.127775e-05	
4.538213e-03	3.518352e+00	7.748858e+00	9.918089e+00	1.492282e-01	1.631588e+01	2.098067e-02	1.640101e-02	3.272747e-01	1.956137e+00	1.787568e-03	1.108765e-05	7.469238e-01	1.245077e-01	5.735061e-01	7.465087e-04	4.465345e-05	5.365513e-05	1.429161e-04	4.120502e-02	4.156610e-01	3.036628e-02	2.425844e-02	1.727832e-01	2.608326e-01	2.271275e-02	3.385355e-01	2.691486e-02	9.180187e-01	4.346667e+01	4.120974e-02	3.249948e+01	1.161387e-05	
4.538681e-03	3.521651e+00	6.566986e+00	9.382113e+00	1.414452e-01	1.671758e+01	2.047715e-02	1.458468e-02	3.273891e-01	1.948486e+00	1.493388e-03	1.086612e-05	7.482101e-01	1.227883e-01	5.562958e-01	7.681691e-04	4.579377e-05	5.900960e-05	1.511052e-04	3.877820e-02	3.954636e-01	2.918436e-02	2.479768e-02	1.730605e-01	2.583065e-01	2.185397e-02	3.381894e-01	2.726910e-02	8.127997e-01	4.397576e+01	4.076279e-02	3.247492e+01	1.077821e-05	
4.538722e-03	3.599541e+00	6.841823e+00	9.901186e+00	1.505119e-01	1.648682e+01	2.070444e-02	1.598670e-02	3.273272e-01	1.948197e+00	2.249751e-03	1.250254e-05	7.481721e-01	1.243654e-01	5.833553e-01	7.031066e-04	4.202648e-05	6.158682e-05	1.584982e-04	3.684299e-02	3.721592e-01	3.111081e-02	2.575269e-02	1.545395e-01	2.294865e-01	2.260863e-02	3.435077e-01	2.699021e-02	9.592551e-01	4.353958e+01	4.102891e-02	3.230832e+01	1.100755e-05	
4.539048e-03	3.444520e+00	7.563923e+00	1.003863e+01	1.536830e-01	1.656849e+01	2.058474e-02	1.600676e-02	3.273752e-01	1.950580e+00	3.021307e-03	1.157680e-05	7.490625e-01	1.215113e-01	5.557098e-01	7.234682e-04	4.337957e-05	6.074277e-05	1.599044e-04	3.860306e-02	3.866334e-01	3.055969e-02	2.379988e-02	1.614283e-01	2.353067e-01	2.170497e-02	3.569139e-01	2.662220e-02	8.750988e-01	4.350238e+01	4.112660e-02	3.239006e+01	1.074072e-05	
4.539099e-03	3.404830e+00	7.293608e+00	1.023972e+01	1.573909e-01	1.647936e+01	2.092865e-02	1.472789e-02	3.274552e-01	1.947983e+00	2.155711e-03	1.322570e-05	7.480921e-01	1.232709e-01	5.687453e-01	6.592140e-04	3.921495e-05	5.787288e-05	1.535591e-04	3.932693e-02	3.929452e-01	3.256827e-02	2.587054e-02	1.777480e-01	2.634637e-01	1.892509e-02	3.521761e-01	2.644760e-02	9.142358e-01	4.376054e+01	4.117357e-02	3.229095e+01	1.088161e-05	
4.539174e-03	3.414083e+00	5.346206e+00	1.054376e+01	1.616126e-01	1.658671e+01	2.068239e-02	1.473509e-02	3.274834e-01	1.938744e+00	1.599436e-03	1.109145e-05	7.471783e-01	1.251292e-01	5.555090e-01	6.135297e-04	3.661958e-05	6.449585e-05	1.682059e-04	3.683818e-02	3.675319e-01	3.218403e-02	2.644877e-02	1.708986e-01	2.548559e-01	1.949471e-02	3.538435e-01	2.656088e-02	9.046125e-01	4.364766e+01	4.112866e-02	3.242528e+01	1.125064e-05	
4.539242e-03	3.420056e+00	5.428394e+00	1.041137e+01	1.578094e-01	1.658310e+01	2.059091e-02	1.500277e-02	3.274366e-01	1.942381e+00	1.384179e-03	1.080826e-05	7.477080e-01	1.251860e-01	5.918450e-01	7.918566e-04	4.738142e-05	5.762109e-05	1.452806e-04	3.698541e-02	3.755225e-01	2.965313e-02	2.654954e-02	1.502741e-01	2.180490e-01	2.256831e-02	3.455836e-01	2.688220e-02	8.429941e-01	4.372278e+01	4.086623e-02	3.240502e+01	1.115989e-05	
4.539691e-03	3.438245e+00	4.692579e+00	9.851170e+00	1.476910e-01	1.667055e+01	2.055306e-02	1.440797e-02	3.274817e-01	1.951252e+00	1.461263e-03	1.179162e-05	7.471119e-01	1.246497e-01	5.652581e-01	7.821980e-04	4.694799e-05	5.983758e-05	1.550117e-04	3.726287e-02	3.685938e-01	3.205389e-02	2.784097e-02	1.840487e-01	2.782198e-01	2.213137e-02	3.347344e-01	2.731595e-02	8.468946e-01	4.381450e+01	4.091844e-02	3.247668e+01	1.143873e-05	
4.539993e-03	3.417784e+00	6.760448e+00	9.800753e+00	1.479798e-01	1.659063e+01	2.052947e-02	1.470255e-02	3.273759e-01	1.942896e+00	2.133271e-03	1.222492e-05	7.471915e-01	1.242973e-01	5.712458e-01	6.732278e-04	4.034997e-05	6.034415e-05	1.478226e-04	3.630404e-02	3.740284e-01	3.132769e-02	2.346632e-02	1.650040e-01	2.462406e-01	2.095062e-02	3.586680e-01	2.632505e-02	9.045412e-01	4.365940e+01	4.090875e-02	3.246900e+01	1.107552e-05	
4.540001e-03	3.482940e+00	7.742133e+00	9.812757e+00	1.480154e-01	1.641868e+01	2.090490e-02	1.526677e-02	3.273734e-01	1.953148e+00	2.618783e-03	1.345087e-05	7.486140e-01	1.214599e-01	5.550903e-01	6.665573e-04	3.948444e-05	5.870195e-05	1.579231e-04	3.875168e-02	3.871171e-01	2.992037e-02	2.390239e-02	1.632666e-01	2.395324e-01	1.924430e-02	3.549710e-01	2.634819e-02	9.269138e-01	4.356222e+01	4.118040e-02	3.245273e+01	1.058241e-05	
4.540664e-03	3.517717e+00	7.381019e+00	9.216045e+00	1.390913e-01	1.642841e+01	2.080408e-02	1.559468e-02	3.273467e-01	1.953734e+00	2.058985e-03	1.243425e-05	7.489022e-01	1.213640e-01	5.570404e-01	7.188421e-04	4.278466e-05	5.849946e-05	1.578345e-04	4.097098e-02	4.140803e-01	2.945488e-02	2.344990e-02	1.688357e-01	2.448124e-01	2.306353e-02	3.477819e-01	2.688466e-02	9.057092e-01	4.352465e+01	4.106129e-02	3.244976e+01	1.144535e-05	
4.541444e-03	3.421312e+00	6.563504e+00	9.599347e+00	1.447548e-01	1.655870e+01	2.073461e-02	1.516984e-02	3.274147e-01	1.951376e+00	1.903624e-03	1.248317e-05	7.476289e-01	1.244043e-01	5.675928e-01	6.576256e-04	3.915794e-05	6.091274e-05	1.615203e-04	3.927964e-02	3.996493e-01	3.469437e-02	2.854235e-02	1.921858e-01	2.831204e-01	2.127851e-02	3.418502e-01	2.682136e-02	8.815952e-01	4.389099e+01	4.090852e-02	3.247588e+01	1.133313e-05	
4.542100e-03	3.572904e+00	6.877809e+00	1.063684e+01	1.644126e-01	1.635795e+01	2.091579e-02	1.527450e-02	3.273638e-01	1.951489e+00	2.104884e-03	1.356039e-05	7.473682e-01	1.246270e-01	5.764327e-01	7.531119e-04	4.462872e-05	5.922221e-05	1.563296e-04	3.820045e-02	3.835604e-01	3.071792e-02	2.430692e-02	1.538886e-01	2.245614e-01	2.393041e-02	3.447361e-01	2.692170e-02	9.052381e-01	4.326855e+01	4.145577e-02	3.231121e+01	1.087680e-05	
4.542585e-03	3.400097e+00	7.159089e+00	1.033799e+01	1.591602e-01	1.621264e+01	2.126799e-02	1.432842e-02	3.273803e-01	1.942858e+00	2.156375e-03	1.124096e-05	7.464543e-01	1.265846e-01	5.918763e-01	6.800328e-04	4.077044e-05	5.921572e-05	1.535188e-04	3.854634e-02	3.888109e-01	3.162263e-02	2.492485e-02	1.614217e-01	2.414874e-01	2.019682e-02	3.536714e-01	2.617806e-02	9.670922e-01	4.322391e+01	4.164745e-02	3.229761e+01	1.054916e-05	
4.543038e-03	3.510367e+00	5.702960e+00	1.099290e+01	1.698303e-01	1.651953e+01	2.066633e-02	1.519174e-02	3.273238e-01	1.949229e+00	2.746153e-03	1.185677e-05	7.480017e-01	1.218071e-01	5.557378e-01	6.630767e-04	3.937358e-05	6.030533e-05	1.546564e-04	3.709404e-02	3.749388e-01	2.947596e-02	2.296724e-02	1.748670e-01	2.699758e-01	2.312805e-02	3.474360e-01	2.690862e-02	8.821754e-01	4.327086e+01	4.141855e-02	3.244517e+01	1.103752e-05	
4.544726e-03	3.413856e+00	6.001110e+00	1.089275e+01	1.657294e-01	1.648318e+01	2.075316e-02	1.544476e-02	3.273952e-01	1.943219e+00	2.303340e-03	1.184042e-05	7.483284e-01	1.227631e-01	5.744997e-01	6.556837e-04	3.919264e-05	6.015994e-05	1.553734e-04	3.694787e-02	3.689477e-01	3.288889e-02	2.551238e-02	1.806244e-01	2.693387e-01	2.038933e-02	3.543498e-01	2.624751e-02	9.640318e-01	4.365016e+01	4.104147e-02	3.244446e+01	1.112385e-05	
4.547016e-03	3.512547e+00	5.565822e+00	1.119118e+01	1.715658e-01	1.648168e+01	2.071442e-02	1.452167e-02	3.274132e-01	1.945249e+00	1.769332e-03	1.291027e-05	7.478255e-01	1.242187e-01	5.611142e-01	7.051750e-04	4.225125e-05	5.960792e-05	1.531759e-04	3.762173e-02	3.807271e-01	3.256713e-02	2.434550e-02	1.636912e-01	2.407918e-01	2.281813e-02	3.602724e-01	2.624030e-02	9.672965e-01	4.362897e+01	4.093553e-02	3.236910e+01	1.112448e-05	
