f	x(1)	x(2)	x(3)	x(4)	x(5)	x(6)	x(7)	x(8)	x(9)	x(10)	x(11)	x(12)	x(13)	x(14)	x(15)	x(16)	x(17)	x(18)	x(19)	x(20)	x(21)	x(22)	x(23)	x(24)	x(25)	x(26)	x(27)	x(28)	x(29)	x(30)	x(31)	x(32)	
4.207142e-04	3.219142e+00	3.270730e+02	2.561750e+01	6.317509e-01	1.432676e+01	2.473779e-02	1.289442e-01	3.248547e-01	1.755528e+00	1.800401e-01	1.053103e-05	6.747711e-01	2.735867e-01	1.267044e+00	2.814990e+00	3.025038e-01	2.074376e-01	6.787618e-01	3.822442e-02	3.846795e-01	3.459290e-01	5.379018e+02	1.001496e-05	1.262881e-05	3.543780e-02	4.078366e-01	3.546667e-02	8.246705e-03	3.728523e+01	5.095029e-02	1.915284e-01	9.047130e+00	
4.225273e-04	3.225307e+00	4.231754e+02	2.601560e+01	6.500773e-01	1.431629e+01	2.477290e-02	1.300245e-01	3.248512e-01	1.759980e+00	1.787078e-01	1.045999e-05	6.749916e-01	2.737417e-01	1.272601e+00	2.809168e+00	3.012866e-01	2.063500e-01	6.864008e-01	3.823844e-02	3.833605e-01	3.492554e-01	5.952495e+02	1.001200e-05	1.255151e-05	3.538688e-02	4.166507e-01	3.546506e-02	8.664979e-03	3.726816e+01	5.100306e-02	1.853786e-01	9.051230e+00	
4.226251e-04	3.240951e+00	4.645039e+02	2.643923e+01	6.703921e-01	1.433255e+01	2.468921e-02	1.294091e-01	3.248652e-01	1.756121e+00	1.784557e-01	1.043064e-05	6.744392e-01	2.748244e-01	1.279105e+00	2.812835e+00	3.015791e-01	2.038795e-01	6.825470e-01	3.875038e-02	3.869261e-01	3.572793e-01	5.010052e+02	1.001399e-05	1.254569e-05	3.393069e-02	4.170583e-01	3.542823e-02	8.620619e-03	3.721048e+01	5.102114e-02	1.812205e-01	9.056761e+00	
4.245802e-04	3.191065e+00	4.563412e+02	2.661943e+01	6.785619e-01	1.428419e+01	2.477448e-02	1.285534e-01	3.248733e-01	1.759613e+00	1.796608e-01	1.054968e-05	6.738750e-01	2.754822e-01	1.269215e+00	2.815169e+00	3.025290e-01	1.914400e-01	6.460053e-01	3.916744e-02	3.878524e-01	3.480615e-01	5.625803e+02	1.001259e-05	1.258176e-05	2.884918e-02	4.163538e-01	3.542533e-02	8.273157e-03	3.721740e+01	5.099211e-02	1.862654e-01	9.046565e+00	
4.246823e-04	3.231534e+00	5.030828e+02	2.710315e+01	7.040562e-01	1.428245e+01	2.479436e-02	1.279898e-01	3.248892e-01	1.760098e+00	1.779087e-01	1.043060e-05	6.750156e-01	2.734031e-01	1.271619e+00	2.804900e+00	3.004018e-01	2.055781e-01	6.780292e-01	3.787394e-02	3.796418e-01	3.565095e-01	5.048599e+02	1.001796e-05	1.253670e-05	2.954489e-02	4.130374e-01	3.548502e-02	9.533943e-03	3.722585e+01	5.100839e-02	1.833700e-01	9.057904e+00	
4.249736e-04	3.203616e+00	4.914388e+02	2.652276e+01	6.733549e-01	1.425235e+01	2.482948e-02	1.293802e-01	3.248674e-01	1.752780e+00	1.831919e-01	1.046649e-05	6.733521e-01	2.775377e-01	1.294736e+00	2.806896e+00	3.008289e-01	1.994527e-01	6.847696e-01	3.991270e-02	3.958565e-01	3.504358e-01	5.074696e+02	1.001463e-05	1.256772e-05	3.166363e-02	4.151258e-01	3.537721e-02	8.839321e-03	3.716117e+01	5.108160e-02	1.780981e-01	9.078386e+00	
4.257046e-04	3.228196e+00	4.660993e+02	2.597045e+01	6.496118e-01	1.428838e+01	2.473122e-02	1.284086e-01	3.248556e-01	1.760063e+00	1.802980e-01	1.042779e-05	6.748886e-01	2.736408e-01	1.277457e+00	2.797110e+00	2.987786e-01	2.124711e-01	7.142547e-01	3.875617e-02	3.895093e-01	3.540511e-01	5.175335e+02	1.001358e-05	1.257824e-05	3.044026e-02	4.069896e-01	3.574833e-02	9.765442e-03	3.722867e+01	5.091090e-02	1.838361e-01	9.044560e+00	
4.262046e-04	3.215922e+00	3.969922e+02	2.600407e+01	6.496027e-01	1.431565e+01	2.471203e-02	1.272751e-01	3.248691e-01	1.760052e+00	1.757247e-01	1.049952e-05	6.743264e-01	2.739544e-01	1.254242e+00	2.803584e+00	3.005314e-01	2.129794e-01	7.065244e-01	3.841589e-02	3.866213e-01	3.465514e-01	5.017380e+02	1.001110e-05	1.256729e-05	2.883471e-02	4.103121e-01	3.554530e-02	7.927942e-03	3.731554e+01	5.083562e-02	1.888027e-01	9.038816e+00	
4.268571e-04	3.239391e+00	4.595961e+02	2.624401e+01	6.609216e-01	1.427189e+01	2.480466e-02	1.273265e-01	3.248848e-01	1.756977e+00	1.778917e-01	1.057967e-05	6.741386e-01	2.755019e-01	1.288917e+00	2.804893e+00	2.998611e-01	1.967687e-01	6.404296e-01	3.807682e-02	3.828226e-01	3.541321e-01	4.866575e+02	1.001718e-05	1.259379e-05	2.838052e-02	4.197696e-01	3.523150e-02	8.898871e-03	3.716181e+01	5.108815e-02	1.801565e-01	9.064391e+00	
4.275002e-04	3.256386e+00	5.160006e+02	2.600193e+01	6.505161e-01	1.425822e+01	2.483977e-02	1.299998e-01	3.248289e-01	1.758769e+00	1.790406e-01	1.034344e-05	6.745063e-01	2.750030e-01	1.286666e+00	2.815046e+00	3.017522e-01	2.007028e-01	6.641124e-01	3.823145e-02	3.826606e-01	3.501365e-01	5.239302e+02	1.001646e-05	1.263606e-05	3.027986e-02	4.233338e-01	3.517900e-02	1.044077e-02	3.719080e+01	5.105311e-02	1.858705e-01	9.043661e+00	
4.278320e-04	3.234233e+00	4.753113e+02	2.622522e+01	6.575063e-01	1.427598e+01	2.480548e-02	1.290118e-01	3.248474e-01	1.755727e+00	1.816342e-01	1.044099e-05	6.742652e-01	2.752163e-01	1.277402e+00	2.799273e+00	2.998706e-01	2.082245e-01	6.983892e-01	3.875317e-02	3.889997e-01	3.454796e-01	5.436723e+02	1.000935e-05	1.256229e-05	3.128767e-02	4.107944e-01	3.559213e-02	1.150525e-02	3.717460e+01	5.110406e-02	1.865695e-01	9.046323e+00	
4.279375e-04	3.240421e+00	4.735102e+02	2.614646e+01	6.564368e-01	1.432841e+01	2.468211e-02	1.269741e-01	3.248837e-01	1.756781e+00	1.785769e-01	1.060089e-05	6.739737e-01	2.758281e-01	1.278981e+00	2.792426e+00	2.985755e-01	2.037456e-01	6.934841e-01	3.921801e-02	3.900388e-01	3.440579e-01	5.245170e+02	1.001598e-05	1.255189e-05	2.778997e-02	4.136980e-01	3.538800e-02	8.717825e-03	3.724918e+01	5.094880e-02	1.793509e-01	9.066026e+00	
4.279714e-04	3.231978e+00	4.809092e+02	2.581089e+01	6.404186e-01	1.430965e+01	2.473913e-02	1.294223e-01	3.248641e-01	1.756621e+00	1.791805e-01	1.042668e-05	6.747775e-01	2.741668e-01	1.276625e+00	2.824593e+00	3.046168e-01	1.986492e-01	6.507211e-01	3.877518e-02	3.895703e-01	3.509438e-01	4.926267e+02	1.001571e-05	1.256511e-05	3.161847e-02	4.184523e-01	3.539810e-02	7.917379e-03	3.723587e+01	5.098360e-02	1.789415e-01	9.067119e+00	
4.280654e-04	3.226344e+00	4.381025e+02	2.654877e+01	6.767445e-01	1.427965e+01	2.476617e-02	1.277944e-01	3.248935e-01	1.760638e+00	1.748041e-01	1.047029e-05	6.741751e-01	2.752448e-01	1.270897e+00	2.808571e+00	3.010998e-01	2.027269e-01	6.606841e-01	3.825746e-02	3.851291e-01	3.421208e-01	5.049838e+02	1.001219e-05	1.254767e-05	2.809332e-02	4.200461e-01	3.536214e-02	8.906276e-03	3.716288e+01	5.107209e-02	1.851686e-01	9.058663e+00	
4.283512e-04	3.220424e+00	4.516422e+02	2.672849e+01	6.875226e-01	1.429818e+01	2.474943e-02	1.282455e-01	3.248877e-01	1.762618e+00	1.776509e-01	1.039522e-05	6.738842e-01	2.758603e-01	1.274039e+00	2.814832e+00	3.027836e-01	2.083380e-01	6.934015e-01	3.884344e-02	3.900247e-01	3.480305e-01	5.168243e+02	1.001254e-05	1.255331e-05	2.901289e-02	4.155406e-01	3.553469e-02	8.757318e-03	3.722640e+01	5.096932e-02	1.796607e-01	9.057180e+00	
4.284084e-04	3.225307e+00	4.771786e+02	2.601293e+01	6.502966e-01	1.429287e+01	2.475557e-02	1.295502e-01	3.248696e-01	1.759720e+00	1.768668e-01	1.055280e-05	6.749608e-01	2.734045e-01	1.263600e+00	2.824921e+00	3.034636e-01	2.032420e-01	6.722421e-01	3.802188e-02	3.801091e-01	3.547784e-01	5.523105e+02	1.001767e-05	1.254449e-05	3.203622e-02	4.187148e-01	3.544897e-02	8.257258e-03	3.721995e+01	5.100796e-02	1.833255e-01	9.055065e+00	
4.285132e-04	3.222077e+00	5.121625e+02	2.589306e+01	6.476339e-01	1.428946e+01	2.475688e-02	1.270154e-01	3.248997e-01	1.761784e+00	1.775675e-01	1.052171e-05	6.739488e-01	2.753213e-01	1.260860e+00	2.806269e+00	3.013348e-01	2.116937e-01	6.961816e-01	3.808084e-02	3.846577e-01	3.501727e-01	4.939294e+02	1.001456e-05	1.256907e-05	3.008783e-02	4.110292e-01	3.565047e-02	8.850269e-03	3.720846e+01	5.099532e-02	1.868650e-01	9.050117e+00	
4.287330e-04	3.203061e+00	5.061653e+02	2.659190e+01	6.743240e-01	1.430839e+01	2.475681e-02	1.274602e-01	3.249117e-01	1.751404e+00	1.821113e-01	1.058563e-05	6.740466e-01	2.755774e-01	1.273653e+00	2.800489e+00	2.996970e-01	1.989653e-01	6.645465e-01	3.904847e-02	3.894076e-01	3.498920e-01	4.816185e+02	1.001300e-05	1.257738e-05	3.016833e-02	4.091521e-01	3.543543e-02	9.100965e-03	3.720157e+01	5.107585e-02	1.784395e-01	9.085973e+00	
4.290838e-04	3.212396e+00	4.628090e+02	2.692382e+01	6.945585e-01	1.431802e+01	2.469551e-02	1.288216e-01	3.248955e-01	1.759050e+00	1.782557e-01	1.051583e-05	6.746484e-01	2.739618e-01	1.254043e+00	2.820442e+00	3.032044e-01	2.027267e-01	6.974908e-01	3.878380e-02	3.821324e-01	3.485570e-01	5.360527e+02	1.001112e-05	1.257553e-05	3.151915e-02	4.184934e-01	3.541131e-02	9.210767e-03	3.721383e+01	5.098227e-02	1.833452e-01	9.051812e+00	
4.292384e-04	3.243638e+00	4.818240e+02	2.604633e+01	6.477907e-01	1.428021e+01	2.479996e-02	1.277639e-01	3.248964e-01	1.757872e+00	1.771533e-01	1.056099e-05	6.751954e-01	2.736097e-01	1.278480e+00	2.792526e+00	2.981763e-01	2.041430e-01	6.531867e-01	3.741897e-02	3.785070e-01	3.415841e-01	4.823701e+02	1.001608e-05	1.258007e-05	2.591657e-02	4.215077e-01	3.526098e-02	1.072137e-02	3.723098e+01	5.101734e-02	1.861215e-01	9.064548e+00	
4.292575e-04	3.251579e+00	4.820489e+02	2.650778e+01	6.740652e-01	1.431769e+01	2.473731e-02	1.288933e-01	3.248668e-01	1.760138e+00	1.768514e-01	1.041961e-05	6.757903e-01	2.721924e-01	1.277943e+00	2.816263e+00	3.029513e-01	1.957244e-01	6.255053e-01	3.760350e-02	3.796700e-01	3.475574e-01	5.313955e+02	1.001260e-05	1.255109e-05	2.906196e-02	4.242481e-01	3.548279e-02	8.731901e-03	3.722882e+01	5.102682e-02	1.813017e-01	9.050347e+00	
4.294688e-04	3.226598e+00	5.104971e+02	2.670246e+01	6.840253e-01	1.429669e+01	2.476111e-02	1.314353e-01	3.248233e-01	1.761341e+00	1.782780e-01	1.032275e-05	6.737335e-01	2.767912e-01	1.292765e+00	2.823490e+00	3.039098e-01	1.989577e-01	6.751826e-01	3.913413e-02	3.883581e-01	3.555785e-01	4.504442e+02	1.001128e-05	1.257513e-05	3.316089e-02	4.230402e-01	3.532216e-02	8.505244e-03	3.712246e+01	5.117555e-02	1.786340e-01	9.062431e+00	
4.296953e-04	3.243744e+00	5.043825e+02	2.677677e+01	6.875140e-01	1.429744e+01	2.474096e-02	1.297450e-01	3.248335e-01	1.759549e+00	1.790589e-01	1.061511e-05	6.742584e-01	2.753923e-01	1.284623e+00	2.788343e+00	2.972038e-01	2.056296e-01	6.887658e-01	3.823933e-02	3.819147e-01	3.534059e-01	5.130388e+02	1.001363e-05	1.260645e-05	2.774875e-02	4.202134e-01	3.531942e-02	1.084153e-02	3.721273e+01	5.100213e-02	1.850343e-01	9.035072e+00	
4.301095e-04	3.193283e+00	5.236809e+02	2.604116e+01	6.493345e-01	1.425731e+01	2.485247e-02	1.291329e-01	3.248820e-01	1.760561e+00	1.796662e-01	1.041932e-05	6.739963e-01	2.761014e-01	1.296910e+00	2.810287e+00	3.015245e-01	1.955487e-01	6.499119e-01	3.875609e-02	3.869876e-01	3.554290e-01	5.342693e+02	1.001327e-05	1.254117e-05	3.277535e-02	4.105019e-01	3.561137e-02	9.582667e-03	3.715439e+01	5.112920e-02	1.834774e-01	9.075516e+00	
4.301612e-04	3.254310e+00	4.968097e+02	2.650785e+01	6.745192e-01	1.428531e+01	2.476134e-02	1.288005e-01	3.248578e-01	1.756729e+00	1.787534e-01	1.040567e-05	6.768049e-01	2.691287e-01	1.234422e+00	2.805656e+00	3.007354e-01	2.003408e-01	6.557623e-01	3.731429e-02	3.735012e-01	3.541835e-01	5.168224e+02	1.001797e-05	1.258807e-05	2.854001e-02	4.158653e-01	3.546913e-02	1.052373e-02	3.728408e+01	5.084027e-02	1.892629e-01	9.015206e+00	
4.301640e-04	3.235199e+00	4.711218e+02	2.679216e+01	6.854585e-01	1.427432e+01	2.484091e-02	1.291839e-01	3.248528e-01	1.753430e+00	1.807726e-01	1.036164e-05	6.738418e-01	2.767187e-01	1.306753e+00	2.812337e+00	3.012987e-01	1.954347e-01	6.381148e-01	3.844497e-02	3.866160e-01	3.591764e-01	4.931649e+02	1.001884e-05	1.255312e-05	3.177454e-02	4.170898e-01	3.535985e-02	8.369170e-03	3.718899e+01	5.115634e-02	1.778568e-01	9.095871e+00	
4.303110e-04	3.205070e+00	4.124327e+02	2.587289e+01	6.421079e-01	1.429736e+01	2.477014e-02	1.279610e-01	3.248818e-01	1.760618e+00	1.741992e-01	1.068921e-05	6.743998e-01	2.739919e-01	1.256768e+00	2.798808e+00	2.994091e-01	2.124812e-01	7.084327e-01	3.816090e-02	3.825468e-01	3.491494e-01	4.546989e+02	1.001556e-05	1.257187e-05	2.914800e-02	4.121887e-01	3.527253e-02	8.423819e-03	3.728463e+01	5.093288e-02	1.894761e-01	9.041442e+00	
4.305849e-04	3.252309e+00	4.875542e+02	2.662431e+01	6.793656e-01	1.430250e+01	2.477932e-02	1.282940e-01	3.248666e-01	1.751766e+00	1.818413e-01	1.037088e-05	6.748337e-01	2.732950e-01	1.258771e+00	2.822646e+00	3.039030e-01	1.960771e-01	6.348113e-01	3.780239e-02	3.791067e-01	3.507053e-01	5.370117e+02	1.002000e-05	1.262959e-05	3.038382e-02	4.140446e-01	3.547437e-02	9.651220e-03	3.727069e+01	5.097372e-02	1.801519e-01	9.055369e+00	
4.306546e-04	3.274225e+00	4.876968e+02	2.671901e+01	6.877542e-01	1.430091e+01	2.469919e-02	1.288117e-01	3.248474e-01	1.766688e+00	1.730468e-01	1.057943e-05	6.736788e-01	2.763756e-01	1.275552e+00	2.801093e+00	2.998162e-01	2.074362e-01	7.023544e-01	3.888160e-02	3.876599e-01	3.475518e-01	4.866019e+02	1.001213e-05	1.251804e-05	2.604296e-02	4.206382e-01	3.550541e-02	9.406486e-03	3.720194e+01	5.094910e-02	1.818079e-01	9.034642e+00	
4.307719e-04	3.262394e+00	4.910783e+02	2.647299e+01	6.713054e-01	1.431929e+01	2.467371e-02	1.292972e-01	3.248487e-01	1.763236e+00	1.719780e-01	1.040250e-05	6.743582e-01	2.746712e-01	1.271742e+00	2.813340e+00	3.025204e-01	2.040861e-01	6.662987e-01	3.732609e-02	3.729707e-01	3.478204e-01	5.919624e+02	1.001798e-05	1.259603e-05	2.618214e-02	4.148771e-01	3.562281e-02	1.008743e-02	3.726704e+01	5.084940e-02	1.975240e-01	9.011738e+00	
4.312220e-04	3.252137e+00	5.090268e+02	2.563876e+01	6.315038e-01	1.430158e+01	2.476051e-02	1.313047e-01	3.248226e-01	1.759750e+00	1.782135e-01	1.046147e-05	6.741774e-01	2.759651e-01	1.300316e+00	2.811350e+00	3.015754e-01	1.998744e-01	6.600065e-01	3.828997e-02	3.824100e-01	3.481760e-01	5.142678e+02	1.001295e-05	1.257836e-05	2.960703e-02	4.281879e-01	3.522997e-02	9.167556e-03	3.718188e+01	5.109606e-02	1.766728e-01	9.070907e+00	
4.312346e-04	3.235429e+00	4.865810e+02	2.556005e+01	6.296156e-01	1.429652e+01	2.474113e-02	1.305308e-01	3.248111e-01	1.756774e+00	1.804221e-01	1.046363e-05	6.733634e-01	2.777663e-01	1.309831e+00	2.808191e+00	3.015127e-01	2.041641e-01	6.799211e-01	3.925982e-02	3.938360e-01	3.428285e-01	5.002945e+02	1.001152e-05	1.257729e-05	3.240877e-02	4.189135e-01	3.549697e-02	9.139885e-03	3.716328e+01	5.108235e-02	1.777547e-01	9.062302e+00	
4.312754e-04	3.236406e+00	5.081233e+02	2.720391e+01	7.063359e-01	1.432291e+01	2.473515e-02	1.300070e-01	3.248317e-01	1.754171e+00	1.828444e-01	1.051112e-05	6.744114e-01	2.750179e-01	1.293586e+00	2.801892e+00	2.999839e-01	1.927799e-01	6.405814e-01	3.866248e-02	3.831791e-01	3.551676e-01	5.893597e+02	1.001333e-05	1.255785e-05	3.252923e-02	4.095440e-01	3.548146e-02	1.100534e-02	3.721088e+01	5.107538e-02	1.836050e-01	9.053042e+00	
4.315571e-04	3.214720e+00	4.550685e+02	2.710281e+01	7.062011e-01	1.426472e+01	2.481657e-02	1.297357e-01	3.248417e-01	1.752663e+00	1.816644e-01	1.051381e-05	6.753330e-01	2.726229e-01	1.270537e+00	2.807003e+00	3.009719e-01	2.055855e-01	6.859681e-01	3.819709e-02	3.802804e-01	3.511737e-01	5.245024e+02	1.001605e-05	1.262147e-05	3.161820e-02	4.164315e-01	3.528586e-02	9.630504e-03	3.724654e+01	5.095475e-02	1.850971e-01	9.035015e+00	
4.319159e-04	3.225151e+00	4.656550e+02	2.632538e+01	6.634432e-01	1.426517e+01	2.483798e-02	1.275182e-01	3.248790e-01	1.759870e+00	1.730222e-01	1.058510e-05	6.737061e-01	2.760985e-01	1.274004e+00	2.824163e+00	3.038966e-01	2.039081e-01	6.662154e-01	3.755831e-02	3.775214e-01	3.408147e-01	4.686884e+02	1.001767e-05	1.258399e-05	2.955141e-02	4.219290e-01	3.512636e-02	9.227357e-03	3.718419e+01	5.111376e-02	1.820181e-01	9.065302e+00	
4.321787e-04	3.212104e+00	4.526419e+02	2.680863e+01	6.876721e-01	1.426091e+01	2.483782e-02	1.295777e-01	3.248455e-01	1.755293e+00	1.804020e-01	1.037559e-05	6.750534e-01	2.741419e-01	1.289705e+00	2.813283e+00	3.018351e-01	2.113925e-01	6.854541e-01	3.726345e-02	3.775977e-01	3.520049e-01	4.656170e+02	1.001126e-05	1.259993e-05	3.564220e-02	4.195242e-01	3.515203e-02	9.413840e-03	3.722316e+01	5.102071e-02	1.810182e-01	9.063547e+00	
4.321894e-04	3.203887e+00	5.051813e+02	2.709737e+01	7.002624e-01	1.427973e+01	2.479372e-02	1.283603e-01	3.248763e-01	1.755609e+00	1.804347e-01	1.043691e-05	6.740466e-01	2.757338e-01	1.274772e+00	2.805051e+00	3.011041e-01	2.012705e-01	6.761304e-01	3.864725e-02	3.859476e-01	3.546848e-01	5.100979e+02	1.001366e-05	1.258456e-05	3.133727e-02	4.104545e-01	3.546370e-02	9.698377e-03	3.720044e+01	5.102269e-02	1.899472e-01	9.049808e+00	
4.322327e-04	3.223225e+00	5.157303e+02	2.740672e+01	7.157822e-01	1.429317e+01	2.478997e-02	1.308165e-01	3.248515e-01	1.753094e+00	1.824053e-01	1.045604e-05	6.743390e-01	2.760542e-01	1.297822e+00	2.808557e+00	3.015834e-01	1.947641e-01	6.543220e-01	3.871091e-02	3.835190e-01	3.497392e-01	5.406091e+02	1.001253e-05	1.251838e-05	2.939408e-02	4.181639e-01	3.538108e-02	9.839966e-03	3.716883e+01	5.115451e-02	1.811268e-01	9.062112e+00	
4.322585e-04	3.237614e+00	4.714566e+02	2.683633e+01	6.923219e-01	1.429949e+01	2.473980e-02	1.296709e-01	3.248439e-01	1.753470e+00	1.809746e-01	1.045575e-05	6.747958e-01	2.747234e-01	1.299593e+00	2.814306e+00	3.021257e-01	1.980404e-01	6.546546e-01	3.834672e-02	3.831276e-01	3.465275e-01	5.154711e+02	1.001516e-05	1.258330e-05	2.905211e-02	4.254274e-01	3.522798e-02	9.108887e-03	3.723107e+01	5.095475e-02	1.750682e-01	9.051126e+00	
4.323003e-04	3.212952e+00	5.132076e+02	2.679291e+01	6.881264e-01	1.429076e+01	2.476146e-02	1.277864e-01	3.248789e-01	1.754684e+00	1.830123e-01	1.042737e-05	6.756126e-01	2.724806e-01	1.280812e+00	2.793910e+00	2.983064e-01	2.036307e-01	6.748314e-01	3.855656e-02	3.878391e-01	3.484269e-01	5.042974e+02	1.001252e-05	1.253034e-05	2.971788e-02	4.067572e-01	3.562128e-02	1.039652e-02	3.717392e+01	5.107965e-02	1.803861e-01	9.063727e+00	
4.323860e-04	3.235009e+00	4.786077e+02	2.663643e+01	6.801593e-01	1.430869e+01	2.474870e-02	1.295445e-01	3.248303e-01	1.756574e+00	1.796510e-01	1.039630e-05	6.735993e-01	2.769435e-01	1.295888e+00	2.817940e+00	3.031088e-01	1.995120e-01	6.457490e-01	3.791183e-02	3.821357e-01	3.507185e-01	5.773280e+02	1.001160e-05	1.256521e-05	2.948262e-02	4.190162e-01	3.528385e-02	9.014540e-03	3.726244e+01	5.094437e-02	1.854432e-01	9.056811e+00	
4.326101e-04	3.225222e+00	5.235595e+02	2.700998e+01	6.990702e-01	1.427518e+01	2.484922e-02	1.295486e-01	3.248671e-01	1.751357e+00	1.815028e-01	1.052456e-05	6.758588e-01	2.717354e-01	1.267942e+00	2.806300e+00	3.009753e-01	1.885697e-01	6.162040e-01	3.739892e-02	3.704066e-01	3.599020e-01	5.229943e+02	1.001883e-05	1.259774e-05	2.891661e-02	4.227042e-01	3.518169e-02	1.084635e-02	3.726762e+01	5.100987e-02	1.842085e-01	9.051684e+00	
4.328840e-04	3.219924e+00	4.931615e+02	2.638198e+01	6.709811e-01	1.430676e+01	2.470050e-02	1.305134e-01	3.248261e-01	1.757270e+00	1.802238e-01	1.053123e-05	6.744087e-01	2.749916e-01	1.281610e+00	2.797603e+00	2.996300e-01	1.980243e-01	6.690062e-01	3.882887e-02	3.837592e-01	3.450859e-01	5.400162e+02	1.001592e-05	1.254179e-05	2.396918e-02	4.173862e-01	3.546062e-02	9.924119e-03	3.720893e+01	5.097340e-02	1.846206e-01	9.040493e+00	
4.331362e-04	3.204880e+00	4.240554e+02	2.751295e+01	7.196447e-01	1.429207e+01	2.477278e-02	1.296920e-01	3.248598e-01	1.762118e+00	1.760692e-01	1.039957e-05	6.743876e-01	2.747531e-01	1.261082e+00	2.820805e+00	3.036161e-01	2.037824e-01	6.788604e-01	3.860850e-02	3.873411e-01	3.514980e-01	5.161632e+02	1.001650e-05	1.253150e-05	3.267209e-02	4.077240e-01	3.568327e-02	9.046780e-03	3.718165e+01	5.107662e-02	1.880364e-01	9.060483e+00	
4.332668e-04	3.260049e+00	6.259323e+02	2.625665e+01	6.656901e-01	1.428064e+01	2.476557e-02	1.326976e-01	3.247800e-01	1.753268e+00	1.802233e-01	1.041036e-05	6.741786e-01	2.769254e-01	1.330266e+00	2.801641e+00	2.996244e-01	1.935238e-01	6.384476e-01	3.843109e-02	3.825520e-01	3.464161e-01	4.346110e+02	1.001241e-05	1.253579e-05	2.282051e-02	4.353936e-01	3.509363e-02	1.208723e-02	3.713038e+01	5.111351e-02	1.750827e-01	9.065733e+00	
4.333639e-04	3.198685e+00	3.935213e+02	2.578588e+01	6.366182e-01	1.429906e+01	2.478814e-02	1.287936e-01	3.248912e-01	1.757862e+00	1.780296e-01	1.053557e-05	6.752343e-01	2.732418e-01	1.268432e+00	2.812614e+00	3.027164e-01	2.044158e-01	6.747305e-01	3.814722e-02	3.809631e-01	3.513024e-01	5.311537e+02	1.001267e-05	1.263687e-05	3.231217e-02	4.103554e-01	3.547136e-02	7.974536e-03	3.723144e+01	5.106739e-02	1.897983e-01	9.032980e+00	
4.335728e-04	3.227195e+00	4.143549e+02	2.637320e+01	6.675641e-01	1.430758e+01	2.474880e-02	1.288397e-01	3.248843e-01	1.762573e+00	1.793503e-01	1.040843e-05	6.742895e-01	2.751969e-01	1.266430e+00	2.817257e+00	3.035605e-01	2.018673e-01	6.753944e-01	3.950931e-02	3.962792e-01	3.465426e-01	5.487707e+02	1.001215e-05	1.257908e-05	3.031238e-02	4.139759e-01	3.561123e-02	8.210858e-03	3.722374e+01	5.103791e-02	1.840279e-01	9.067006e+00	
4.335792e-04	3.210755e+00	5.601696e+02	2.728763e+01	7.091426e-01	1.425658e+01	2.483730e-02	1.302313e-01	3.248806e-01	1.753636e+00	1.837047e-01	1.042550e-05	6.740920e-01	2.762760e-01	1.290989e+00	2.811308e+00	3.017069e-01	1.926512e-01	6.544536e-01	3.909090e-02	3.856113e-01	3.564058e-01	4.828573e+02	1.001452e-05	1.257457e-05	3.174105e-02	4.185324e-01	3.539438e-02	1.019024e-02	3.714797e+01	5.113072e-02	1.795371e-01	9.087230e+00	
4.336138e-04	3.263708e+00	4.248743e+02	2.655383e+01	6.791006e-01	1.432111e+01	2.471862e-02	1.271964e-01	3.248922e-01	1.757295e+00	1.815059e-01	1.050000e-05	6.752273e-01	2.729593e-01	1.254000e+00	2.788552e+00	2.974246e-01	2.116038e-01	7.086843e-01	3.847042e-02	3.867391e-01	3.499446e-01	5.232035e+02	1.000987e-05	1.260886e-05	2.964707e-02	4.119072e-01	3.555199e-02	1.019570e-02	3.729121e+01	5.087971e-02	1.913994e-01	9.027956e+00	
4.336544e-04	3.238647e+00	4.550383e+02	2.618975e+01	6.636347e-01	1.429640e+01	2.479840e-02	1.308010e-01	3.248545e-01	1.759838e+00	1.759994e-01	1.053643e-05	6.751990e-01	2.738979e-01	1.282581e+00	2.830510e+00	3.053078e-01	2.058494e-01	6.762717e-01	3.719305e-02	3.719663e-01	3.407213e-01	5.578421e+02	1.001362e-05	1.258786e-05	3.110622e-02	4.280153e-01	3.532135e-02	9.662022e-03	3.721688e+01	5.107429e-02	1.794295e-01	9.033274e+00	
4.336653e-04	3.232858e+00	5.437461e+02	2.676788e+01	6.832296e-01	1.429133e+01	2.480116e-02	1.292871e-01	3.248343e-01	1.756495e+00	1.805212e-01	1.043645e-05	6.748961e-01	2.736619e-01	1.279869e+00	2.803494e+00	3.005054e-01	2.001045e-01	6.622521e-01	3.808251e-02	3.790385e-01	3.493816e-01	5.545819e+02	1.001906e-05	1.262205e-05	3.283475e-02	4.103300e-01	3.540682e-02	1.009605e-02	3.723716e+01	5.101789e-02	1.872194e-01	9.059624e+00	
4.337171e-04	3.215998e+00	4.225051e+02	2.721537e+01	7.105945e-01	1.432429e+01	2.469827e-02	1.275398e-01	3.249022e-01	1.757776e+00	1.797360e-01	1.047098e-05	6.744049e-01	2.743277e-01	1.247625e+00	2.811141e+00	3.020739e-01	1.985431e-01	6.556883e-01	3.875712e-02	3.891674e-01	3.523894e-01	4.905347e+02	1.001569e-05	1.263323e-05	2.575250e-02	4.199703e-01	3.538616e-02	7.240446e-03	3.729811e+01	5.085772e-02	1.814814e-01	9.054892e+00	
4.337294e-04	3.244473e+00	5.409782e+02	2.652414e+01	6.742640e-01	1.426018e+01	2.478642e-02	1.288702e-01	3.248361e-01	1.757170e+00	1.814979e-01	1.042840e-05	6.739109e-01	2.759516e-01	1.279818e+00	2.812390e+00	3.022783e-01	2.082866e-01	6.866309e-01	3.842121e-02	3.882293e-01	3.571809e-01	4.678146e+02	1.001319e-05	1.263736e-05	3.477483e-02	4.134381e-01	3.547771e-02	9.284315e-03	3.716454e+01	5.100954e-02	1.795847e-01	9.055440e+00	
4.337803e-04	3.232544e+00	4.528711e+02	2.619381e+01	6.579326e-01	1.426760e+01	2.477503e-02	1.293709e-01	3.248357e-01	1.758013e+00	1.800993e-01	1.028901e-05	6.737411e-01	2.765206e-01	1.279643e+00	2.803670e+00	3.001839e-01	2.048862e-01	6.955122e-01	3.924251e-02	3.931186e-01	3.550485e-01	4.569067e+02	1.001116e-05	1.256056e-05	3.015152e-02	4.181728e-01	3.533756e-02	8.718795e-03	3.721810e+01	5.095738e-02	1.785531e-01	9.078189e+00	
4.338519e-04	3.244049e+00	4.588264e+02	2.682386e+01	6.897700e-01	1.427810e+01	2.479712e-02	1.283913e-01	3.248597e-01	1.757601e+00	1.767432e-01	1.057265e-05	6.745100e-01	2.743191e-01	1.270714e+00	2.809769e+00	3.008289e-01	2.127485e-01	7.178206e-01	3.779393e-02	3.766014e-01	3.622271e-01	5.499528e+02	1.001719e-05	1.258344e-05	3.266190e-02	4.102519e-01	3.553461e-02	1.032915e-02	3.724035e+01	5.098250e-02	1.873181e-01	9.042894e+00	
4.339131e-04	3.209585e+00	5.344997e+02	2.742460e+01	7.183635e-01	1.428864e+01	2.473854e-02	1.286011e-01	3.248791e-01	1.760298e+00	1.767241e-01	1.060605e-05	6.735891e-01	2.773658e-01	1.303595e+00	2.798429e+00	2.998773e-01	1.937460e-01	6.524559e-01	3.877602e-02	3.840550e-01	3.522914e-01	4.787764e+02	1.001225e-05	1.257144e-05	2.710696e-02	4.232016e-01	3.529716e-02	8.621971e-03	3.714495e+01	5.107036e-02	1.782930e-01	9.085408e+00	
4.339464e-04	3.243856e+00	4.342318e+02	2.694900e+01	6.949549e-01	1.432691e+01	2.471115e-02	1.281491e-01	3.248749e-01	1.755784e+00	1.802746e-01	1.046418e-05	6.755964e-01	2.724700e-01	1.273455e+00	2.802891e+00	3.000229e-01	2.075147e-01	6.856445e-01	3.799652e-02	3.810629e-01	3.482704e-01	4.702993e+02	1.001326e-05	1.253119e-05	3.397344e-02	4.182711e-01	3.529993e-02	7.890711e-03	3.729389e+01	5.090365e-02	1.861908e-01	9.068259e+00	
4.339995e-04	3.250389e+00	5.224996e+02	2.672949e+01	6.818411e-01	1.425953e+01	2.482432e-02	1.311080e-01	3.248207e-01	1.752400e+00	1.832076e-01	1.021280e-05	6.744338e-01	2.766173e-01	1.336739e+00	2.800154e+00	3.001550e-01	1.952776e-01	6.348204e-01	3.833147e-02	3.843464e-01	3.511979e-01	4.988845e+02	1.001058e-05	1.261365e-05	3.361218e-02	4.198898e-01	3.527692e-02	1.024830e-02	3.716258e+01	5.109734e-02	1.798148e-01	9.082332e+00	
4.340046e-04	3.277814e+00	5.748195e+02	2.691220e+01	6.938551e-01	1.429321e+01	2.479152e-02	1.289172e-01	3.248454e-01	1.754529e+00	1.774603e-01	1.052297e-05	6.748881e-01	2.748944e-01	1.310892e+00	2.793924e+00	2.976491e-01	2.039731e-01	6.624514e-01	3.722927e-02	3.746315e-01	3.518955e-01	4.722941e+02	1.001587e-05	1.256318e-05	2.647106e-02	4.196476e-01	3.525615e-02	1.113161e-02	3.715999e+01	5.115626e-02	1.842222e-01	9.053979e+00	
4.340813e-04	3.266301e+00	4.654478e+02	2.746184e+01	7.199847e-01	1.430720e+01	2.476229e-02	1.290778e-01	3.248645e-01	1.759896e+00	1.760533e-01	1.037888e-05	6.744735e-01	2.750944e-01	1.273095e+00	2.809922e+00	3.013805e-01	2.044722e-01	6.727175e-01	3.781161e-02	3.790604e-01	3.506870e-01	4.869003e+02	1.001252e-05	1.262354e-05	3.228392e-02	4.197546e-01	3.530576e-02	9.542426e-03	3.723069e+01	5.100461e-02	1.865825e-01	9.049961e+00	
4.342556e-04	3.199018e+00	4.842314e+02	2.762464e+01	7.292449e-01	1.431750e+01	2.471454e-02	1.289239e-01	3.248737e-01	1.761871e+00	1.791322e-01	1.050167e-05	6.741966e-01	2.749975e-01	1.259231e+00	2.821155e+00	3.041907e-01	1.932611e-01	6.643158e-01	3.934968e-02	3.876485e-01	3.563610e-01	4.918795e+02	1.001347e-05	1.256544e-05	3.240739e-02	4.192824e-01	3.533670e-02	7.857193e-03	3.720696e+01	5.102822e-02	1.824839e-01	9.053040e+00	
4.343637e-04	3.214799e+00	3.602117e+02	2.602374e+01	6.511261e-01	1.431570e+01	2.472701e-02	1.292430e-01	3.248375e-01	1.758179e+00	1.735216e-01	1.072029e-05	6.756800e-01	2.716479e-01	1.253848e+00	2.792340e+00	2.979275e-01	2.072581e-01	6.923770e-01	3.779654e-02	3.767738e-01	3.398573e-01	5.096020e+02	1.001840e-05	1.256172e-05	2.611885e-02	4.160577e-01	3.535281e-02	1.201270e-02	3.733239e+01	5.081455e-02	1.868629e-01	9.047955e+00	
4.343704e-04	3.259456e+00	4.462531e+02	2.665740e+01	6.828016e-01	1.429570e+01	2.473644e-02	1.301174e-01	3.248114e-01	1.760732e+00	1.782713e-01	1.047695e-05	6.746515e-01	2.736455e-01	1.257759e+00	2.805825e+00	3.007916e-01	2.094222e-01	7.217426e-01	3.880158e-02	3.843210e-01	3.495061e-01	5.218735e+02	1.001331e-05	1.257736e-05	2.825486e-02	4.172278e-01	3.559525e-02	9.347385e-03	3.728249e+01	5.087129e-02	1.850090e-01	9.032226e+00	
4.344071e-04	3.225999e+00	4.551183e+02	2.687380e+01	6.902672e-01	1.429176e+01	2.478860e-02	1.283575e-01	3.248749e-01	1.751649e+00	1.783338e-01	1.056011e-05	6.754004e-01	2.718039e-01	1.249325e+00	2.804303e+00	2.999875e-01	2.074202e-01	6.722264e-01	3.683142e-02	3.692839e-01	3.529150e-01	5.416035e+02	1.001548e-05	1.262977e-05	3.407806e-02	4.095095e-01	3.544276e-02	1.084939e-02	3.726860e+01	5.094808e-02	1.981554e-01	9.028147e+00	
4.344121e-04	3.284723e+00	5.171164e+02	2.692943e+01	6.893722e-01	1.432409e+01	2.469156e-02	1.295700e-01	3.248439e-01	1.758443e+00	1.758947e-01	1.040720e-05	6.746406e-01	2.737366e-01	1.245558e+00	2.801910e+00	3.003599e-01	2.124466e-01	7.045487e-01	3.755030e-02	3.758583e-01	3.608615e-01	5.683712e+02	1.001777e-05	1.265349e-05	3.220688e-02	4.159479e-01	3.547870e-02	9.591771e-03	3.731594e+01	5.080117e-02	1.916149e-01	9.042340e+00	
4.344296e-04	3.249051e+00	4.656184e+02	2.575594e+01	6.360858e-01	1.426204e+01	2.479887e-02	1.267535e-01	3.248943e-01	1.765335e+00	1.737053e-01	1.062394e-05	6.723544e-01	2.795060e-01	1.300837e+00	2.798020e+00	3.003640e-01	2.063222e-01	6.847416e-01	3.863037e-02	3.876330e-01	3.416359e-01	4.472041e+02	1.001297e-05	1.256160e-05	2.701841e-02	4.191768e-01	3.533754e-02	9.197697e-03	3.710753e+01	5.113819e-02	1.826722e-01	9.075046e+00	
4.345146e-04	3.216213e+00	4.799577e+02	2.690312e+01	6.910018e-01	1.432350e+01	2.475925e-02	1.307662e-01	3.248350e-01	1.763281e+00	1.785771e-01	1.055397e-05	6.750652e-01	2.740911e-01	1.281763e+00	2.801468e+00	3.002415e-01	1.951433e-01	6.569548e-01	3.865064e-02	3.835720e-01	3.554760e-01	5.557951e+02	1.001661e-05	1.260474e-05	3.124376e-02	4.196990e-01	3.529994e-02	9.438977e-03	3.722735e+01	5.108925e-02	1.864293e-01	9.032060e+00	
4.346692e-04	3.279851e+00	4.877954e+02	2.684226e+01	6.926761e-01	1.424673e+01	2.486605e-02	1.295531e-01	3.248482e-01	1.753448e+00	1.806775e-01	1.033321e-05	6.752320e-01	2.736903e-01	1.286840e+00	2.796804e+00	2.985200e-01	2.015798e-01	6.702508e-01	3.833678e-02	3.819261e-01	3.509182e-01	5.266132e+02	1.001588e-05	1.259716e-05	3.198817e-02	4.233912e-01	3.526881e-02	1.077768e-02	3.718434e+01	5.109489e-02	1.810674e-01	9.074506e+00	
4.347338e-04	3.237285e+00	5.236908e+02	2.667886e+01	6.818947e-01	1.425903e+01	2.480069e-02	1.286574e-01	3.248651e-01	1.762417e+00	1.775098e-01	1.030246e-05	6.732655e-01	2.777381e-01	1.295067e+00	2.805709e+00	3.014598e-01	1.966967e-01	6.708652e-01	4.001654e-02	3.976336e-01	3.499305e-01	5.383198e+02	1.001528e-05	1.255586e-05	2.860073e-02	4.163795e-01	3.559482e-02	8.703534e-03	3.709536e+01	5.114101e-02	1.815338e-01	9.069779e+00	
4.348422e-04	3.237837e+00	5.483380e+02	2.670171e+01	6.817651e-01	1.430760e+01	2.475107e-02	1.303237e-01	3.248538e-01	1.757777e+00	1.810124e-01	1.038768e-05	6.734042e-01	2.777736e-01	1.300903e+00	2.817448e+00	3.028273e-01	1.996428e-01	6.747988e-01	3.864711e-02	3.827036e-01	3.505009e-01	5.570740e+02	1.001374e-05	1.254133e-05	3.285883e-02	4.154266e-01	3.548345e-02	1.097285e-02	3.714384e+01	5.114797e-02	1.826057e-01	9.053603e+00	
4.349019e-04	3.208892e+00	4.331861e+02	2.704672e+01	6.996575e-01	1.428162e+01	2.476670e-02	1.284149e-01	3.248785e-01	1.762963e+00	1.775975e-01	1.041819e-05	6.742485e-01	2.746793e-01	1.254641e+00	2.806638e+00	3.015632e-01	2.123820e-01	7.051746e-01	3.853610e-02	3.882459e-01	3.500340e-01	5.570629e+02	1.001258e-05	1.257410e-05	3.111038e-02	4.165507e-01	3.550115e-02	8.006767e-03	3.728148e+01	5.086374e-02	1.832812e-01	9.063738e+00	
4.349983e-04	3.219204e+00	4.855420e+02	2.623942e+01	6.605496e-01	1.427984e+01	2.482949e-02	1.295528e-01	3.248573e-01	1.761080e+00	1.777825e-01	1.055514e-05	6.740549e-01	2.758588e-01	1.294860e+00	2.800729e+00	3.002050e-01	2.022452e-01	6.640353e-01	3.849071e-02	3.847863e-01	3.440321e-01	5.049765e+02	1.001283e-05	1.259524e-05	3.007018e-02	4.178370e-01	3.532882e-02	8.698692e-03	3.719875e+01	5.111303e-02	1.815084e-01	9.070380e+00	
4.350766e-04	3.247733e+00	4.263107e+02	2.720440e+01	7.131398e-01	1.431838e+01	2.472833e-02	1.328971e-01	3.248053e-01	1.760612e+00	1.772245e-01	1.037377e-05	6.751187e-01	2.741837e-01	1.292636e+00	2.819608e+00	3.030554e-01	2.062420e-01	6.951260e-01	3.806234e-02	3.773805e-01	3.511451e-01	5.475254e+02	1.001201e-05	1.256982e-05	3.085300e-02	4.249639e-01	3.538739e-02	8.454985e-03	3.724538e+01	5.096744e-02	1.823069e-01	9.023340e+00	
4.351236e-04	3.225868e+00	5.999912e+02	2.704942e+01	6.992141e-01	1.423339e+01	2.487079e-02	1.298327e-01	3.248367e-01	1.755043e+00	1.809553e-01	1.034359e-05	6.742161e-01	2.762968e-01	1.312433e+00	2.805285e+00	2.997813e-01	1.990580e-01	6.583797e-01	3.825484e-02	3.837185e-01	3.571287e-01	4.489762e+02	1.001115e-05	1.261387e-05	3.167398e-02	4.169654e-01	3.530180e-02	9.599389e-03	3.709715e+01	5.120317e-02	1.812727e-01	9.067476e+00	
4.351720e-04	3.243964e+00	6.233766e+02	2.617072e+01	6.581736e-01	1.429695e+01	2.476238e-02	1.293938e-01	3.248621e-01	1.759799e+00	1.799595e-01	1.057740e-05	6.736564e-01	2.769362e-01	1.297765e+00	2.815396e+00	3.026583e-01	1.952062e-01	6.447045e-01	3.828388e-02	3.817554e-01	3.555253e-01	5.259823e+02	1.001324e-05	1.255467e-05	3.079819e-02	4.217576e-01	3.538417e-02	9.858564e-03	3.711789e+01	5.118664e-02	1.781427e-01	9.041151e+00	
4.351759e-04	3.213091e+00	5.285189e+02	2.698869e+01	6.979429e-01	1.429084e+01	2.480276e-02	1.284605e-01	3.248641e-01	1.754541e+00	1.814308e-01	1.051681e-05	6.741692e-01	2.759656e-01	1.293748e+00	2.803369e+00	3.005787e-01	1.908609e-01	6.395916e-01	3.871228e-02	3.853455e-01	3.614157e-01	5.250984e+02	1.001726e-05	1.260002e-05	3.298747e-02	4.074360e-01	3.555943e-02	9.459852e-03	3.716414e+01	5.118226e-02	1.779226e-01	9.088494e+00	
4.351763e-04	3.229584e+00	4.621613e+02	2.691362e+01	6.965324e-01	1.427909e+01	2.480590e-02	1.284620e-01	3.248794e-01	1.755762e+00	1.808371e-01	1.055046e-05	6.751379e-01	2.736835e-01	1.293125e+00	2.823834e+00	3.045075e-01	2.050105e-01	6.589936e-01	3.713635e-02	3.734833e-01	3.391469e-01	5.284022e+02	1.001255e-05	1.255114e-05	2.997151e-02	4.217435e-01	3.531878e-02	1.008384e-02	3.722522e+01	5.103041e-02	1.782615e-01	9.060118e+00	
4.351837e-04	3.212177e+00	4.828126e+02	2.741542e+01	7.211602e-01	1.427472e+01	2.479552e-02	1.278952e-01	3.248981e-01	1.752713e+00	1.813054e-01	1.047682e-05	6.739103e-01	2.758398e-01	1.276120e+00	2.810711e+00	3.015059e-01	2.037988e-01	6.880216e-01	3.858092e-02	3.830368e-01	3.580127e-01	5.112824e+02	1.001352e-05	1.260427e-05	3.185165e-02	4.155864e-01	3.532934e-02	8.455950e-03	3.722900e+01	5.097959e-02	1.811572e-01	9.074182e+00	
4.353918e-04	3.205942e+00	6.077848e+02	2.697656e+01	6.961009e-01	1.425402e+01	2.481061e-02	1.282792e-01	3.248991e-01	1.759344e+00	1.789580e-01	1.040967e-05	6.747571e-01	2.743866e-01	1.276561e+00	2.811128e+00	3.019242e-01	2.068112e-01	6.823737e-01	3.797396e-02	3.818005e-01	3.520393e-01	4.467806e+02	1.001231e-05	1.257414e-05	3.308468e-02	4.191599e-01	3.531968e-02	9.846365e-03	3.712385e+01	5.110495e-02	1.847065e-01	9.067406e+00	
4.355482e-04	3.221168e+00	4.933255e+02	2.637549e+01	6.669544e-01	1.428326e+01	2.473031e-02	1.299137e-01	3.248197e-01	1.762550e+00	1.762394e-01	1.052411e-05	6.747027e-01	2.735919e-01	1.253048e+00	2.804759e+00	3.006641e-01	2.008803e-01	6.700833e-01	3.819670e-02	3.817693e-01	3.472868e-01	5.331531e+02	1.001044e-05	1.252883e-05	3.112036e-02	4.216669e-01	3.518224e-02	9.309167e-03	3.720593e+01	5.094782e-02	1.886524e-01	9.048770e+00	
4.355714e-04	3.251498e+00	4.382031e+02	2.693664e+01	6.988321e-01	1.432666e+01	2.473390e-02	1.263401e-01	3.249216e-01	1.760367e+00	1.768999e-01	1.051467e-05	6.740151e-01	2.754629e-01	1.273118e+00	2.814128e+00	3.024141e-01	2.040539e-01	6.734644e-01	3.815600e-02	3.829790e-01	3.506579e-01	5.069399e+02	1.001460e-05	1.254003e-05	2.712934e-02	4.194626e-01	3.549471e-02	8.036080e-03	3.720419e+01	5.109040e-02	1.832710e-01	9.047522e+00	
4.355847e-04	3.256844e+00	5.053004e+02	2.696208e+01	6.979259e-01	1.427099e+01	2.480385e-02	1.291988e-01	3.248427e-01	1.755952e+00	1.806109e-01	1.040402e-05	6.741867e-01	2.758329e-01	1.299808e+00	2.809132e+00	3.018295e-01	2.007586e-01	6.443230e-01	3.768856e-02	3.802115e-01	3.469803e-01	5.068279e+02	1.000918e-05	1.265161e-05	3.219793e-02	4.250575e-01	3.522942e-02	9.954727e-03	3.719889e+01	5.103083e-02	1.827750e-01	9.041317e+00	
4.357513e-04	3.216571e+00	4.879849e+02	2.692542e+01	6.960772e-01	1.427995e+01	2.478329e-02	1.299131e-01	3.248401e-01	1.759338e+00	1.777332e-01	1.035980e-05	6.746023e-01	2.736639e-01	1.261860e+00	2.806026e+00	3.005273e-01	1.992385e-01	6.692434e-01	3.785898e-02	3.731010e-01	3.556263e-01	5.087043e+02	1.001452e-05	1.261939e-05	3.000335e-02	4.125184e-01	3.550402e-02	9.661212e-03	3.730534e+01	5.085611e-02	1.852068e-01	9.032643e+00	
4.358246e-04	3.243922e+00	5.387089e+02	2.612909e+01	6.566181e-01	1.425628e+01	2.481841e-02	1.275790e-01	3.248773e-01	1.755169e+00	1.825305e-01	1.040763e-05	6.741149e-01	2.759743e-01	1.304024e+00	2.805801e+00	3.010134e-01	1.986591e-01	6.395118e-01	3.774919e-02	3.811215e-01	3.543896e-01	5.043064e+02	1.001451e-05	1.259669e-05	2.668897e-02	4.174398e-01	3.535805e-02	9.685968e-03	3.717581e+01	5.107600e-02	1.862108e-01	9.049016e+00	
4.358695e-04	3.225517e+00	5.057345e+02	2.630278e+01	6.597605e-01	1.425174e+01	2.486520e-02	1.275303e-01	3.248774e-01	1.757040e+00	1.759407e-01	1.058802e-05	6.724072e-01	2.795189e-01	1.299359e+00	2.806839e+00	3.017856e-01	1.916923e-01	6.214428e-01	3.864148e-02	3.877390e-01	3.498600e-01	3.940895e+02	1.001478e-05	1.262690e-05	2.887658e-02	4.229916e-01	3.492389e-02	8.371283e-03	3.713197e+01	5.118938e-02	1.761980e-01	9.108345e+00	
4.359132e-04	3.226962e+00	4.174599e+02	2.584975e+01	6.404257e-01	1.430896e+01	2.468785e-02	1.287945e-01	3.248435e-01	1.756147e+00	1.812768e-01	1.028991e-05	6.741456e-01	2.752560e-01	1.288316e+00	2.823336e+00	3.040585e-01	1.974768e-01	6.596300e-01	3.923736e-02	3.910804e-01	3.419133e-01	5.103614e+02	1.001204e-05	1.253338e-05	2.853364e-02	4.128924e-01	3.542265e-02	9.280012e-03	3.714566e+01	5.104747e-02	1.870245e-01	9.041681e+00	
4.360241e-04	3.242643e+00	4.665823e+02	2.687833e+01	6.947522e-01	1.427265e+01	2.480763e-02	1.297422e-01	3.248499e-01	1.757063e+00	1.800232e-01	1.045270e-05	6.740365e-01	2.766473e-01	1.302418e+00	2.829586e+00	3.049008e-01	1.997361e-01	6.524069e-01	3.776698e-02	3.791222e-01	3.502962e-01	4.944085e+02	1.001189e-05	1.260175e-05	3.291478e-02	4.221397e-01	3.521238e-02	8.698108e-03	3.712661e+01	5.116112e-02	1.809742e-01	9.061510e+00	
4.360545e-04	3.264879e+00	5.068109e+02	2.653700e+01	6.738558e-01	1.425777e+01	2.480947e-02	1.285147e-01	3.248517e-01	1.760532e+00	1.785993e-01	1.034971e-05	6.733725e-01	2.778811e-01	1.317480e+00	2.799548e+00	3.001999e-01	2.086279e-01	6.883998e-01	3.817308e-02	3.839653e-01	3.515225e-01	4.883915e+02	1.001223e-05	1.262149e-05	2.854222e-02	4.197903e-01	3.534395e-02	8.994740e-03	3.718846e+01	5.100665e-02	1.834799e-01	9.052639e+00	
4.360624e-04	3.257232e+00	5.543675e+02	2.695124e+01	6.943034e-01	1.427710e+01	2.484485e-02	1.276917e-01	3.248979e-01	1.753797e+00	1.809098e-01	1.040575e-05	6.740598e-01	2.757679e-01	1.272391e+00	2.799413e+00	2.994005e-01	1.994952e-01	6.675550e-01	3.824842e-02	3.800593e-01	3.595245e-01	5.421616e+02	1.001161e-05	1.263682e-05	3.259982e-02	4.140436e-01	3.550044e-02	1.061888e-02	3.724809e+01	5.103382e-02	1.751109e-01	9.080484e+00	
4.360702e-04	3.237278e+00	4.592833e+02	2.673575e+01	6.871086e-01	1.430010e+01	2.476452e-02	1.280036e-01	3.248790e-01	1.751637e+00	1.797888e-01	1.056896e-05	6.748140e-01	2.734291e-01	1.266245e+00	2.801611e+00	2.991194e-01	2.033464e-01	6.680359e-01	3.792846e-02	3.796971e-01	3.471400e-01	5.168004e+02	1.001361e-05	1.259032e-05	2.777776e-02	4.204672e-01	3.528707e-02	1.018505e-02	3.721750e+01	5.104269e-02	1.839045e-01	9.037982e+00	
4.361217e-04	3.217935e+00	6.176593e+02	2.746279e+01	7.232684e-01	1.425394e+01	2.483948e-02	1.280114e-01	3.248995e-01	1.756548e+00	1.816851e-01	1.041258e-05	6.741261e-01	2.761906e-01	1.305341e+00	2.808930e+00	3.012291e-01	1.955494e-01	6.386419e-01	3.852400e-02	3.871929e-01	3.587078e-01	4.779945e+02	1.001147e-05	1.255089e-05	3.040374e-02	4.223965e-01	3.534230e-02	8.748112e-03	3.706977e+01	5.125853e-02	1.739056e-01	9.091050e+00	
4.361611e-04	3.268055e+00	4.326057e+02	2.636180e+01	6.657705e-01	1.434400e+01	2.465569e-02	1.286263e-01	3.248761e-01	1.764932e+00	1.734761e-01	1.058361e-05	6.746836e-01	2.737615e-01	1.248469e+00	2.806525e+00	3.009035e-01	2.052897e-01	6.832444e-01	3.805648e-02	3.800332e-01	3.489492e-01	5.117904e+02	1.001370e-05	1.254738e-05	3.100660e-02	4.214673e-01	3.545549e-02	8.571615e-03	3.727083e+01	5.087358e-02	1.805486e-01	9.038716e+00	
4.362465e-04	3.245849e+00	5.658402e+02	2.796073e+01	7.471387e-01	1.434684e+01	2.464056e-02	1.278801e-01	3.249027e-01	1.760329e+00	1.773683e-01	1.044256e-05	6.743108e-01	2.745561e-01	1.248323e+00	2.804205e+00	3.004395e-01	2.012856e-01	6.755720e-01	3.827257e-02	3.807412e-01	3.570995e-01	5.222055e+02	1.001348e-05	1.260393e-05	2.675178e-02	4.149802e-01	3.557419e-02	8.347077e-03	3.725079e+01	5.089422e-02	1.885602e-01	9.024902e+00	
4.362606e-04	3.227056e+00	4.841880e+02	2.659884e+01	6.811845e-01	1.428317e+01	2.479324e-02	1.300311e-01	3.248232e-01	1.750515e+00	1.839979e-01	1.042973e-05	6.744980e-01	2.748431e-01	1.285170e+00	2.813501e+00	3.013799e-01	1.991130e-01	6.574870e-01	3.835622e-02	3.845397e-01	3.599165e-01	5.035559e+02	1.001580e-05	1.256847e-05	3.231775e-02	4.126948e-01	3.541287e-02	1.001937e-02	3.719839e+01	5.106744e-02	1.824815e-01	9.057580e+00	
4.364342e-04	3.224476e+00	5.006078e+02	2.580259e+01	6.415704e-01	1.430183e+01	2.466038e-02	1.296836e-01	3.248333e-01	1.760697e+00	1.771559e-01	1.046414e-05	6.732383e-01	2.768253e-01	1.267607e+00	2.807566e+00	3.004913e-01	2.047837e-01	7.122861e-01	3.983758e-02	3.943868e-01	3.421633e-01	4.712558e+02	1.001117e-05	1.251421e-05	2.790579e-02	4.172309e-01	3.558399e-02	9.737028e-03	3.715422e+01	5.095977e-02	1.787263e-01	9.061982e+00	
4.364408e-04	3.263916e+00	5.527598e+02	2.630757e+01	6.647044e-01	1.430491e+01	2.471549e-02	1.312787e-01	3.248200e-01	1.758222e+00	1.757816e-01	1.038010e-05	6.736351e-01	2.774616e-01	1.308268e+00	2.817740e+00	3.031313e-01	1.997651e-01	6.592928e-01	3.860917e-02	3.848659e-01	3.468785e-01	5.162149e+02	1.001356e-05	1.258059e-05	2.769494e-02	4.300108e-01	3.528127e-02	1.009489e-02	3.712215e+01	5.111868e-02	1.826655e-01	9.055897e+00	
4.365071e-04	3.231748e+00	5.218844e+02	2.735661e+01	7.153480e-01	1.430033e+01	2.474038e-02	1.286098e-01	3.248908e-01	1.762224e+00	1.738420e-01	1.058898e-05	6.737697e-01	2.760770e-01	1.271690e+00	2.801365e+00	2.992794e-01	2.088432e-01	7.023279e-01	3.770567e-02	3.754198e-01	3.475949e-01	4.758295e+02	1.001361e-05	1.253579e-05	2.865136e-02	4.141606e-01	3.558442e-02	1.017583e-02	3.722286e+01	5.099440e-02	1.799904e-01	9.048991e+00	
4.365856e-04	3.199171e+00	4.316363e+02	2.725063e+01	7.093402e-01	1.423792e+01	2.488185e-02	1.278588e-01	3.248845e-01	1.754594e+00	1.827748e-01	1.038456e-05	6.731796e-01	2.780016e-01	1.304768e+00	2.810072e+00	3.018590e-01	2.073721e-01	6.774448e-01	3.795312e-02	3.838871e-01	3.553334e-01	5.405972e+02	1.001547e-05	1.263264e-05	3.203490e-02	4.137720e-01	3.539300e-02	8.846879e-03	3.721762e+01	5.104204e-02	1.827512e-01	9.079778e+00	
4.365932e-04	3.234165e+00	4.882134e+02	2.656913e+01	6.753594e-01	1.429505e+01	2.476592e-02	1.298033e-01	3.248193e-01	1.760951e+00	1.811501e-01	1.024089e-05	6.742519e-01	2.745202e-01	1.271282e+00	2.806373e+00	3.008869e-01	1.972731e-01	6.659066e-01	3.925590e-02	3.907972e-01	3.586168e-01	5.692286e+02	1.001505e-05	1.260262e-05	3.546750e-02	4.047983e-01	3.577069e-02	9.384176e-03	3.721542e+01	5.100364e-02	1.854394e-01	9.045995e+00	
4.366150e-04	3.241377e+00	5.035560e+02	2.685153e+01	6.940767e-01	1.433105e+01	2.469601e-02	1.303430e-01	3.248204e-01	1.764628e+00	1.763406e-01	1.051055e-05	6.742518e-01	2.754537e-01	1.271079e+00	2.824225e+00	3.047986e-01	1.939048e-01	6.456370e-01	3.882170e-02	3.881773e-01	3.519973e-01	5.498365e+02	1.001589e-05	1.255889e-05	3.130154e-02	4.151936e-01	3.548911e-02	8.127496e-03	3.712595e+01	5.118209e-02	1.876867e-01	9.022069e+00	
4.368209e-04	3.247077e+00	5.036562e+02	2.562700e+01	6.340736e-01	1.430448e+01	2.473325e-02	1.296129e-01	3.248432e-01	1.752953e+00	1.789858e-01	1.046458e-05	6.729535e-01	2.785785e-01	1.312374e+00	2.813239e+00	3.023067e-01	1.920314e-01	6.417854e-01	3.911182e-02	3.876865e-01	3.487539e-01	4.758065e+02	1.001430e-05	1.257392e-05	2.873347e-02	4.272954e-01	3.508486e-02	9.288145e-03	3.710610e+01	5.119654e-02	1.728564e-01	9.082759e+00	
4.368313e-04	3.226873e+00	5.530156e+02	2.740681e+01	7.168781e-01	1.428986e+01	2.476269e-02	1.265915e-01	3.249299e-01	1.759803e+00	1.781741e-01	1.046023e-05	6.738383e-01	2.760261e-01	1.269469e+00	2.824256e+00	3.044512e-01	1.975470e-01	6.510752e-01	3.784625e-02	3.772845e-01	3.513078e-01	4.427736e+02	1.001466e-05	1.259620e-05	2.876050e-02	4.208652e-01	3.535481e-02	7.885228e-03	3.716177e+01	5.109307e-02	1.782242e-01	9.063479e+00	
4.370598e-04	3.259821e+00	3.788349e+02	2.656369e+01	6.791415e-01	1.437612e+01	2.461642e-02	1.297823e-01	3.248212e-01	1.759344e+00	1.755462e-01	1.050637e-05	6.763331e-01	2.698144e-01	1.244155e+00	2.809207e+00	3.006132e-01	2.103156e-01	6.850868e-01	3.755822e-02	3.777370e-01	3.432023e-01	5.707526e+02	1.001449e-05	1.255736e-05	2.643778e-02	4.167850e-01	3.541282e-02	8.742897e-03	3.737471e+01	5.074111e-02	1.923872e-01	9.005332e+00	
4.371623e-04	3.216405e+00	5.177436e+02	2.699453e+01	6.955631e-01	1.426978e+01	2.487950e-02	1.296520e-01	3.248447e-01	1.757640e+00	1.762187e-01	1.052351e-05	6.749469e-01	2.732536e-01	1.270573e+00	2.807773e+00	3.005940e-01	1.937922e-01	6.407746e-01	3.803682e-02	3.777909e-01	3.512306e-01	4.674081e+02	1.001641e-05	1.263490e-05	3.245959e-02	4.193052e-01	3.519798e-02	8.980392e-03	3.716134e+01	5.124356e-02	1.844462e-01	9.045374e+00	
4.372672e-04	3.219303e+00	5.394944e+02	2.630253e+01	6.664958e-01	1.429432e+01	2.474029e-02	1.311946e-01	3.248269e-01	1.756558e+00	1.795468e-01	1.053835e-05	6.749926e-01	2.742613e-01	1.283038e+00	2.807643e+00	3.016138e-01	1.984987e-01	6.657063e-01	3.884644e-02	3.862555e-01	3.559850e-01	5.346543e+02	1.001630e-05	1.260047e-05	2.947119e-02	4.156293e-01	3.536382e-02	1.008745e-02	3.712540e+01	5.112723e-02	1.920897e-01	9.029228e+00	
4.372826e-04	3.236978e+00	5.290484e+02	2.744553e+01	7.232938e-01	1.428848e+01	2.477301e-02	1.294447e-01	3.248340e-01	1.754948e+00	1.829918e-01	1.031690e-05	6.743231e-01	2.761778e-01	1.314673e+00	2.810327e+00	3.020346e-01	1.948630e-01	6.320481e-01	3.847410e-02	3.876979e-01	3.500492e-01	4.892442e+02	1.001207e-05	1.257392e-05	3.028258e-02	4.196962e-01	3.523234e-02	8.519872e-03	3.715748e+01	5.112591e-02	1.829828e-01	9.055943e+00	
4.372900e-04	3.231501e+00	4.481589e+02	2.630281e+01	6.677030e-01	1.433124e+01	2.469861e-02	1.306048e-01	3.248378e-01	1.763899e+00	1.769623e-01	1.060367e-05	6.750657e-01	2.738701e-01	1.271264e+00	2.812660e+00	3.022729e-01	2.084679e-01	6.948133e-01	3.807308e-02	3.808508e-01	3.458149e-01	5.584956e+02	1.001108e-05	1.255034e-05	3.017837e-02	4.181603e-01	3.541289e-02	9.294536e-03	3.727552e+01	5.093099e-02	1.841813e-01	9.043566e+00	
4.374482e-04	3.215069e+00	5.003655e+02	2.651524e+01	6.772698e-01	1.426697e+01	2.483302e-02	1.284666e-01	3.248688e-01	1.759351e+00	1.780724e-01	1.046807e-05	6.732004e-01	2.780074e-01	1.306426e+00	2.810129e+00	3.014089e-01	1.993248e-01	6.758020e-01	3.909962e-02	3.891417e-01	3.487792e-01	4.151235e+02	1.000668e-05	1.258826e-05	2.805154e-02	4.277101e-01	3.521274e-02	7.829196e-03	3.709979e+01	5.126305e-02	1.714882e-01	9.063557e+00	
4.374805e-04	3.221650e+00	4.776290e+02	2.728505e+01	7.099013e-01	1.427255e+01	2.481253e-02	1.276654e-01	3.248690e-01	1.753901e+00	1.840821e-01	1.045785e-05	6.749429e-01	2.737260e-01	1.278717e+00	2.787371e+00	2.974902e-01	2.053198e-01	6.667428e-01	3.805404e-02	3.848902e-01	3.571274e-01	5.252516e+02	1.001367e-05	1.260742e-05	3.121970e-02	4.069401e-01	3.544262e-02	9.937835e-03	3.730479e+01	5.088496e-02	1.844533e-01	9.059879e+00	
4.374910e-04	3.230300e+00	4.943624e+02	2.751823e+01	7.221934e-01	1.430852e+01	2.473141e-02	1.297005e-01	3.248129e-01	1.755998e+00	1.827961e-01	1.028835e-05	6.740342e-01	2.756040e-01	1.291635e+00	2.803899e+00	3.003222e-01	2.014136e-01	6.769578e-01	3.913240e-02	3.907626e-01	3.525396e-01	4.984729e+02	1.001411e-05	1.256917e-05	2.732002e-02	4.156107e-01	3.529422e-02	8.997307e-03	3.719595e+01	5.105718e-02	1.880941e-01	9.053707e+00	
4.375399e-04	3.230887e+00	5.369847e+02	2.766292e+01	7.364350e-01	1.430100e+01	2.480391e-02	1.286770e-01	3.248848e-01	1.756466e+00	1.816481e-01	1.041110e-05	6.733317e-01	2.773546e-01	1.284697e+00	2.816598e+00	3.024876e-01	1.889300e-01	6.388960e-01	3.907087e-02	3.858052e-01	3.606492e-01	4.845613e+02	1.001377e-05	1.260778e-05	3.354557e-02	4.142142e-01	3.552561e-02	8.767112e-03	3.716246e+01	5.121078e-02	1.748829e-01	9.075532e+00	
4.376395e-04	3.222785e+00	5.798613e+02	2.636021e+01	6.668364e-01	1.424832e+01	2.486515e-02	1.281005e-01	3.248982e-01	1.755043e+00	1.802300e-01	1.061503e-05	6.738652e-01	2.763283e-01	1.290093e+00	2.814468e+00	3.029736e-01	1.908721e-01	6.160651e-01	3.760443e-02	3.759697e-01	3.531929e-01	4.912473e+02	1.001472e-05	1.259266e-05	2.671430e-02	4.271112e-01	3.519381e-02	9.439880e-03	3.715827e+01	5.113028e-02	1.769449e-01	9.065243e+00	
4.376666e-04	3.230192e+00	4.036108e+02	2.689422e+01	6.911483e-01	1.433526e+01	2.467262e-02	1.307573e-01	3.248310e-01	1.758237e+00	1.755678e-01	1.059450e-05	6.752297e-01	2.729941e-01	1.252512e+00	2.809929e+00	3.014841e-01	2.057864e-01	6.889686e-01	3.767808e-02	3.743282e-01	3.431666e-01	5.119616e+02	1.001542e-05	1.261364e-05	3.053072e-02	4.217035e-01	3.522712e-02	9.332739e-03	3.734930e+01	5.077517e-02	1.821013e-01	9.038187e+00	
4.376954e-04	3.244778e+00	5.188052e+02	2.679930e+01	6.922108e-01	1.433962e+01	2.470056e-02	1.286595e-01	3.248563e-01	1.756735e+00	1.798692e-01	1.057249e-05	6.749626e-01	2.729985e-01	1.267628e+00	2.805699e+00	3.002283e-01	2.042773e-01	6.720226e-01	3.722184e-02	3.705035e-01	3.490480e-01	5.601415e+02	1.001438e-05	1.257623e-05	2.731515e-02	4.108269e-01	3.555641e-02	1.164658e-02	3.726265e+01	5.097502e-02	1.870400e-01	9.025084e+00	
4.377796e-04	3.255243e+00	5.059496e+02	2.697532e+01	6.973205e-01	1.431488e+01	2.472448e-02	1.321439e-01	3.248161e-01	1.758139e+00	1.794865e-01	1.043672e-05	6.759576e-01	2.720262e-01	1.269558e+00	2.810804e+00	3.015829e-01	2.082838e-01	6.918523e-01	3.793258e-02	3.781888e-01	3.509419e-01	5.915437e+02	1.001217e-05	1.259750e-05	3.037707e-02	4.231157e-01	3.549807e-02	1.019354e-02	3.723995e+01	5.097610e-02	1.869170e-01	9.012491e+00	
4.382234e-04	3.194666e+00	4.785515e+02	2.726857e+01	7.124732e-01	1.433015e+01	2.469851e-02	1.291742e-01	3.248767e-01	1.755028e+00	1.815285e-01	1.042529e-05	6.749691e-01	2.728868e-01	1.241557e+00	2.813778e+00	3.018895e-01	2.010803e-01	6.970105e-01	3.905044e-02	3.851383e-01	3.613805e-01	5.315354e+02	1.001524e-05	1.257015e-05	3.439335e-02	4.035385e-01	3.586671e-02	8.534564e-03	3.726006e+01	5.092932e-02	1.851799e-01	9.053821e+00	
4.382593e-04	3.240956e+00	6.160158e+02	2.710800e+01	7.034654e-01	1.427983e+01	2.481886e-02	1.298639e-01	3.248795e-01	1.758487e+00	1.786604e-01	1.046323e-05	6.737481e-01	2.777605e-01	1.314079e+00	2.792057e+00	2.985005e-01	1.992878e-01	6.688123e-01	3.850667e-02	3.816063e-01	3.574750e-01	4.908413e+02	1.000749e-05	1.258425e-05	2.906144e-02	4.238120e-01	3.526246e-02	1.075308e-02	3.714292e+01	5.118673e-02	1.830561e-01	9.065661e+00	
4.383703e-04	3.280453e+00	5.172831e+02	2.666379e+01	6.845854e-01	1.423393e+01	2.484785e-02	1.288040e-01	3.248575e-01	1.758876e+00	1.781314e-01	1.021191e-05	6.734775e-01	2.772140e-01	1.295965e+00	2.811288e+00	3.013613e-01	2.071698e-01	6.777920e-01	3.801478e-02	3.828536e-01	3.538060e-01	3.961098e+02	1.001302e-05	1.257606e-05	2.880060e-02	4.248504e-01	3.528291e-02	9.384004e-03	3.711611e+01	5.111210e-02	1.769374e-01	9.066802e+00	
4.383767e-04	3.239323e+00	5.358142e+02	2.637137e+01	6.665465e-01	1.424100e+01	2.485000e-02	1.294034e-01	3.248338e-01	1.755433e+00	1.827778e-01	1.034102e-05	6.744059e-01	2.752069e-01	1.291178e+00	2.796498e+00	2.991853e-01	2.023071e-01	6.768506e-01	3.886612e-02	3.877280e-01	3.558281e-01	4.622557e+02	1.001278e-05	1.260506e-05	3.060982e-02	4.213520e-01	3.516024e-02	9.884346e-03	3.716701e+01	5.109950e-02	1.860503e-01	9.072097e+00	
4.384585e-04	3.239964e+00	5.081270e+02	2.711073e+01	7.022745e-01	1.428032e+01	2.475191e-02	1.266356e-01	3.248968e-01	1.763314e+00	1.755070e-01	1.045409e-05	6.734662e-01	2.767481e-01	1.287270e+00	2.791332e+00	2.977349e-01	1.995001e-01	6.608135e-01	3.859845e-02	3.859103e-01	3.518685e-01	4.269825e+02	1.001475e-05	1.255249e-05	2.357543e-02	4.236461e-01	3.526460e-02	9.289215e-03	3.715513e+01	5.107674e-02	1.776871e-01	9.076832e+00	
4.384692e-04	3.208731e+00	5.108355e+02	2.635708e+01	6.628515e-01	1.425988e+01	2.480516e-02	1.261373e-01	3.249001e-01	1.757400e+00	1.784982e-01	1.057717e-05	6.733421e-01	2.767221e-01	1.277880e+00	2.798025e+00	2.992843e-01	2.007995e-01	6.749973e-01	3.891777e-02	3.895530e-01	3.532837e-01	5.192328e+02	1.001543e-05	1.258191e-05	2.894313e-02	4.109805e-01	3.543083e-02	9.365919e-03	3.715746e+01	5.109870e-02	1.880346e-01	9.086561e+00	
4.384732e-04	3.215208e+00	4.437886e+02	2.782658e+01	7.379708e-01	1.430547e+01	2.480604e-02	1.278209e-01	3.248908e-01	1.758427e+00	1.825689e-01	1.040457e-05	6.742260e-01	2.748685e-01	1.269073e+00	2.823450e+00	3.045498e-01	1.987403e-01	6.592510e-01	3.832769e-02	3.826881e-01	3.584409e-01	5.408323e+02	1.001453e-05	1.267324e-05	3.394158e-02	4.082794e-01	3.556345e-02	8.171834e-03	3.725876e+01	5.105636e-02	1.820959e-01	9.066312e+00	
4.385876e-04	3.257796e+00	5.205828e+02	2.666131e+01	6.836632e-01	1.425876e+01	2.482307e-02	1.279494e-01	3.248705e-01	1.758570e+00	1.791676e-01	1.039134e-05	6.731908e-01	2.776406e-01	1.284920e+00	2.809382e+00	3.017396e-01	1.977525e-01	6.493631e-01	3.834491e-02	3.834992e-01	3.494428e-01	5.391200e+02	1.001485e-05	1.265622e-05	2.978457e-02	4.182597e-01	3.535950e-02	1.010280e-02	3.718792e+01	5.102472e-02	1.821254e-01	9.055344e+00	
4.386650e-04	3.207909e+00	5.887739e+02	2.640501e+01	6.724811e-01	1.426939e+01	2.479779e-02	1.314524e-01	3.247922e-01	1.756494e+00	1.819740e-01	1.047763e-05	6.747076e-01	2.753023e-01	1.311944e+00	2.800565e+00	3.001407e-01	1.970872e-01	6.432906e-01	3.851037e-02	3.883627e-01	3.543427e-01	4.706745e+02	1.001357e-05	1.251586e-05	2.808405e-02	4.201844e-01	3.526908e-02	9.673277e-03	3.714898e+01	5.111851e-02	1.755342e-01	9.062530e+00	
4.387765e-04	3.225555e+00	5.369232e+02	2.564517e+01	6.356783e-01	1.426654e+01	2.476621e-02	1.284036e-01	3.248298e-01	1.761197e+00	1.772638e-01	1.042859e-05	6.733471e-01	2.773068e-01	1.300533e+00	2.796703e+00	2.996173e-01	1.996871e-01	6.703761e-01	3.910691e-02	3.902499e-01	3.507988e-01	5.134815e+02	1.001338e-05	1.260417e-05	2.789111e-02	4.189359e-01	3.536519e-02	8.853554e-03	3.719320e+01	5.098516e-02	1.798699e-01	9.062290e+00	
4.388658e-04	3.217303e+00	4.589838e+02	2.656076e+01	6.757821e-01	1.428296e+01	2.473194e-02	1.265943e-01	3.248912e-01	1.763828e+00	1.778170e-01	1.032301e-05	6.722751e-01	2.787754e-01	1.272001e+00	2.810257e+00	3.019630e-01	1.964679e-01	6.687443e-01	4.047986e-02	4.047882e-01	3.489858e-01	4.713163e+02	1.001206e-05	1.254716e-05	2.904519e-02	4.148553e-01	3.548120e-02	7.193787e-03	3.711172e+01	5.109241e-02	1.803661e-01	9.094727e+00	
4.390281e-04	3.254894e+00	5.161406e+02	2.615951e+01	6.589140e-01	1.428981e+01	2.474274e-02	1.272530e-01	3.249020e-01	1.763724e+00	1.736804e-01	1.065811e-05	6.729799e-01	2.780222e-01	1.283807e+00	2.803678e+00	3.007391e-01	2.135948e-01	7.095401e-01	3.766116e-02	3.779763e-01	3.436919e-01	4.688871e+02	1.000862e-05	1.254972e-05	2.486624e-02	4.254977e-01	3.532854e-02	9.534293e-03	3.718721e+01	5.098071e-02	1.786612e-01	9.052913e+00	
4.393426e-04	3.218108e+00	5.570453e+02	2.680741e+01	6.889579e-01	1.425677e+01	2.483051e-02	1.295014e-01	3.248589e-01	1.753846e+00	1.812959e-01	1.032658e-05	6.742538e-01	2.761978e-01	1.320137e+00	2.810453e+00	3.003962e-01	1.960988e-01	6.635845e-01	3.906890e-02	3.876752e-01	3.545857e-01	4.886562e+02	1.001433e-05	1.255509e-05	3.071761e-02	4.224153e-01	3.528880e-02	1.011053e-02	3.710767e+01	5.117450e-02	1.768819e-01	9.070087e+00	
4.394076e-04	3.245163e+00	5.504232e+02	2.700829e+01	6.959535e-01	1.430414e+01	2.475422e-02	1.320077e-01	3.248021e-01	1.757434e+00	1.780936e-01	1.049530e-05	6.745909e-01	2.757072e-01	1.306008e+00	2.811020e+00	3.015236e-01	1.874031e-01	6.275931e-01	3.852393e-02	3.807356e-01	3.439189e-01	5.244511e+02	1.001670e-05	1.252935e-05	2.774472e-02	4.277470e-01	3.511802e-02	1.132086e-02	3.710914e+01	5.124609e-02	1.815310e-01	9.051180e+00	
4.394160e-04	3.239414e+00	5.609668e+02	2.670148e+01	6.786165e-01	1.427321e+01	2.480025e-02	1.312623e-01	3.248053e-01	1.754833e+00	1.806516e-01	1.044397e-05	6.748905e-01	2.738211e-01	1.272604e+00	2.790351e+00	2.981021e-01	1.932688e-01	6.582525e-01	3.878109e-02	3.818976e-01	3.567039e-01	4.771406e+02	1.001618e-05	1.258539e-05	2.653713e-02	4.212489e-01	3.531926e-02	1.174776e-02	3.721428e+01	5.101399e-02	1.831774e-01	9.058591e+00	
4.394695e-04	3.222691e+00	4.793986e+02	2.661123e+01	6.752079e-01	1.425993e+01	2.480406e-02	1.276434e-01	3.248685e-01	1.761360e+00	1.768355e-01	1.040309e-05	6.747791e-01	2.733701e-01	1.270801e+00	2.795810e+00	2.982369e-01	2.062834e-01	6.836400e-01	3.856893e-02	3.876397e-01	3.566882e-01	4.471005e+02	1.001374e-05	1.260258e-05	3.121414e-02	4.149832e-01	3.539625e-02	8.455075e-03	3.723211e+01	5.096041e-02	1.843492e-01	9.061752e+00	
4.395601e-04	3.259013e+00	5.151601e+02	2.704900e+01	7.014973e-01	1.427363e+01	2.480291e-02	1.298769e-01	3.248257e-01	1.750462e+00	1.845828e-01	1.032054e-05	6.743785e-01	2.766377e-01	1.338949e+00	2.797164e+00	2.993894e-01	1.889699e-01	6.086611e-01	3.819570e-02	3.838832e-01	3.605578e-01	5.168696e+02	1.001391e-05	1.260566e-05	3.039416e-02	4.208399e-01	3.520780e-02	1.088408e-02	3.717146e+01	5.109687e-02	1.777273e-01	9.091212e+00	
4.395983e-04	3.263972e+00	4.529680e+02	2.770350e+01	7.332838e-01	1.433462e+01	2.470836e-02	1.303434e-01	3.248234e-01	1.751447e+00	1.852809e-01	1.030783e-05	6.755962e-01	2.725920e-01	1.266066e+00	2.812407e+00	3.029487e-01	2.023356e-01	6.667009e-01	3.816962e-02	3.820637e-01	3.571773e-01	6.184404e+02	1.001520e-05	1.260698e-05	3.787087e-02	4.082311e-01	3.552676e-02	8.816643e-03	3.726383e+01	5.097359e-02	1.838104e-01	9.035925e+00	
4.398690e-04	3.245845e+00	5.384989e+02	2.748328e+01	7.215264e-01	1.430430e+01	2.479154e-02	1.310010e-01	3.248161e-01	1.757108e+00	1.795189e-01	1.028560e-05	6.750165e-01	2.732046e-01	1.261128e+00	2.830760e+00	3.058295e-01	1.913556e-01	6.169327e-01	3.713007e-02	3.707038e-01	3.552434e-01	4.977523e+02	1.001178e-05	1.261766e-05	3.273653e-02	4.253170e-01	3.516102e-02	9.523241e-03	3.724945e+01	5.105909e-02	1.829047e-01	9.046876e+00	
4.402287e-04	3.246332e+00	4.951559e+02	2.669942e+01	6.884019e-01	1.429594e+01	2.475373e-02	1.280762e-01	3.248682e-01	1.757605e+00	1.783890e-01	1.035451e-05	6.736766e-01	2.765299e-01	1.293500e+00	2.809982e+00	3.016587e-01	1.987973e-01	6.542326e-01	3.825204e-02	3.813449e-01	3.539720e-01	5.237390e+02	1.001174e-05	1.263133e-05	2.970817e-02	4.153509e-01	3.540518e-02	9.664239e-03	3.716178e+01	5.109543e-02	1.815204e-01	9.061933e+00	
4.403271e-04	3.244634e+00	4.881317e+02	2.677553e+01	6.874340e-01	1.431286e+01	2.468683e-02	1.246440e-01	3.249484e-01	1.765636e+00	1.741987e-01	1.063622e-05	6.732380e-01	2.770880e-01	1.270429e+00	2.815697e+00	3.027783e-01	2.044969e-01	6.766897e-01	3.794748e-02	3.814799e-01	3.492951e-01	4.729532e+02	1.001357e-05	1.259452e-05	2.646946e-02	4.206628e-01	3.538538e-02	7.997290e-03	3.722395e+01	5.091371e-02	1.774063e-01	9.067196e+00	
4.404666e-04	3.207954e+00	4.575933e+02	2.622052e+01	6.564581e-01	1.425070e+01	2.480762e-02	1.291633e-01	3.248548e-01	1.756790e+00	1.800912e-01	1.034372e-05	6.742257e-01	2.746961e-01	1.267411e+00	2.809705e+00	3.013695e-01	2.028807e-01	6.864977e-01	3.898129e-02	3.875307e-01	3.473632e-01	4.593410e+02	1.001260e-05	1.256811e-05	3.115752e-02	4.192347e-01	3.536180e-02	8.134688e-03	3.725345e+01	5.089786e-02	1.806319e-01	9.068291e+00	
4.405774e-04	3.252123e+00	5.149761e+02	2.750548e+01	7.264742e-01	1.428920e+01	2.479535e-02	1.314323e-01	3.248239e-01	1.759770e+00	1.740561e-01	1.050911e-05	6.748129e-01	2.745820e-01	1.290614e+00	2.800582e+00	2.992418e-01	2.052581e-01	6.778489e-01	3.761241e-02	3.748769e-01	3.534764e-01	5.206566e+02	1.001555e-05	1.258487e-05	2.914254e-02	4.228545e-01	3.524598e-02	1.101164e-02	3.715630e+01	5.116313e-02	1.872834e-01	9.044263e+00	
4.407408e-04	3.228945e+00	6.430775e+02	2.764119e+01	7.320809e-01	1.425614e+01	2.485242e-02	1.281221e-01	3.248999e-01	1.761432e+00	1.726883e-01	1.059157e-05	6.732413e-01	2.785224e-01	1.308710e+00	2.815280e+00	3.026088e-01	1.945021e-01	6.381024e-01	3.778730e-02	3.781312e-01	3.494706e-01	4.944348e+02	1.001508e-05	1.259443e-05	2.534452e-02	4.304782e-01	3.518873e-02	9.668749e-03	3.707560e+01	5.130354e-02	1.784598e-01	9.058123e+00	
4.411423e-04	3.224165e+00	5.319963e+02	2.782393e+01	7.368434e-01	1.431178e+01	2.473827e-02	1.289859e-01	3.249070e-01	1.757937e+00	1.778051e-01	1.056097e-05	6.736661e-01	2.769570e-01	1.282740e+00	2.814445e+00	3.029031e-01	1.930030e-01	6.347847e-01	3.814605e-02	3.798553e-01	3.556588e-01	4.963826e+02	1.001586e-05	1.249896e-05	2.593017e-02	4.218001e-01	3.533810e-02	8.656812e-03	3.710583e+01	5.122709e-02	1.878260e-01	9.051138e+00	
4.413094e-04	3.189035e+00	5.511047e+02	2.656948e+01	6.808386e-01	1.423530e+01	2.489649e-02	1.309080e-01	3.248237e-01	1.755479e+00	1.813171e-01	1.041935e-05	6.740625e-01	2.765497e-01	1.318749e+00	2.794281e+00	2.985962e-01	1.862901e-01	6.174978e-01	3.917728e-02	3.880796e-01	3.518918e-01	4.465992e+02	1.001376e-05	1.260260e-05	3.010224e-02	4.203365e-01	3.513966e-02	9.810764e-03	3.711985e+01	5.122827e-02	1.757727e-01	9.082227e+00	
4.413300e-04	3.224129e+00	5.378946e+02	2.663865e+01	6.781375e-01	1.425015e+01	2.482758e-02	1.273778e-01	3.248947e-01	1.758047e+00	1.770149e-01	1.042770e-05	6.732364e-01	2.783848e-01	1.300166e+00	2.806743e+00	3.017216e-01	1.991552e-01	6.565021e-01	3.847510e-02	3.871969e-01	3.448524e-01	4.800524e+02	1.001089e-05	1.259707e-05	2.902673e-02	4.238053e-01	3.519349e-02	8.714206e-03	3.713473e+01	5.114618e-02	1.810211e-01	9.086958e+00	
4.413671e-04	3.203547e+00	5.328655e+02	2.800096e+01	7.493820e-01	1.429072e+01	2.475818e-02	1.302297e-01	3.248458e-01	1.756351e+00	1.810064e-01	1.056629e-05	6.734803e-01	2.775385e-01	1.295186e+00	2.815890e+00	3.024070e-01	1.966910e-01	6.711280e-01	3.909729e-02	3.869055e-01	3.512496e-01	4.886163e+02	1.001320e-05	1.251422e-05	3.057031e-02	4.161594e-01	3.532394e-02	9.752387e-03	3.711592e+01	5.116551e-02	1.818469e-01	9.065792e+00	
4.413760e-04	3.265474e+00	5.507824e+02	2.652111e+01	6.715652e-01	1.426552e+01	2.483804e-02	1.304056e-01	3.248079e-01	1.760301e+00	1.770618e-01	1.045845e-05	6.740329e-01	2.762091e-01	1.289320e+00	2.804657e+00	3.013456e-01	1.962129e-01	6.399635e-01	3.781584e-02	3.784171e-01	3.480930e-01	5.456303e+02	1.001156e-05	1.260557e-05	3.047071e-02	4.202790e-01	3.537629e-02	1.098342e-02	3.717983e+01	5.112871e-02	1.902907e-01	9.028930e+00	
4.413771e-04	3.260932e+00	5.415723e+02	2.746405e+01	7.148675e-01	1.428389e+01	2.477534e-02	1.269210e-01	3.248963e-01	1.757456e+00	1.760687e-01	1.048537e-05	6.739563e-01	2.764900e-01	1.289852e+00	2.807502e+00	3.012685e-01	2.001647e-01	6.511598e-01	3.782312e-02	3.805718e-01	3.527692e-01	4.754373e+02	1.001757e-05	1.263211e-05	2.631061e-02	4.196977e-01	3.537581e-02	9.783011e-03	3.716593e+01	5.107933e-02	1.825277e-01	9.083908e+00	
4.413899e-04	3.252780e+00	5.392724e+02	2.677213e+01	6.823089e-01	1.429706e+01	2.475566e-02	1.306032e-01	3.248110e-01	1.753100e+00	1.832234e-01	1.033422e-05	6.745728e-01	2.749607e-01	1.289319e+00	2.808959e+00	3.015382e-01	1.983826e-01	6.600524e-01	3.869348e-02	3.849988e-01	3.581864e-01	4.971936e+02	1.001431e-05	1.261256e-05	3.381041e-02	4.169500e-01	3.526096e-02	8.905042e-03	3.720979e+01	5.104023e-02	1.822201e-01	9.070774e+00	
4.416394e-04	3.204313e+00	5.762334e+02	2.643104e+01	6.683162e-01	1.423185e+01	2.488508e-02	1.297483e-01	3.248729e-01	1.756285e+00	1.802805e-01	1.040258e-05	6.729886e-01	2.790449e-01	1.306111e+00	2.812727e+00	3.021084e-01	2.054165e-01	7.037903e-01	3.876874e-02	3.849667e-01	3.531021e-01	4.788334e+02	1.001572e-05	1.259967e-05	3.115631e-02	4.230056e-01	3.533073e-02	9.003604e-03	3.713236e+01	5.117454e-02	1.753028e-01	9.077793e+00	
4.416691e-04	3.233164e+00	4.390171e+02	2.629683e+01	6.582387e-01	1.428288e+01	2.481303e-02	1.286471e-01	3.248630e-01	1.755829e+00	1.804323e-01	1.046741e-05	6.752167e-01	2.725880e-01	1.247473e+00	2.791481e+00	2.981545e-01	2.076821e-01	7.022564e-01	3.848216e-02	3.834090e-01	3.520039e-01	6.067092e+02	1.001765e-05	1.266973e-05	3.354480e-02	4.080245e-01	3.552501e-02	1.030460e-02	3.730063e+01	5.087882e-02	1.914151e-01	9.057494e+00	
4.419495e-04	3.314725e+00	3.858067e+02	2.542615e+01	6.288286e-01	1.434691e+01	2.465413e-02	1.295545e-01	3.248262e-01	1.754717e+00	1.755462e-01	1.052083e-05	6.746742e-01	2.745440e-01	1.283376e+00	2.809995e+00	3.008665e-01	2.119267e-01	6.921464e-01	3.741196e-02	3.755256e-01	3.521681e-01	5.363048e+02	1.001701e-05	1.262417e-05	2.804931e-02	4.205218e-01	3.533740e-02	1.007492e-02	3.729955e+01	5.087545e-02	1.867321e-01	9.028052e+00	
4.419838e-04	3.260965e+00	5.120695e+02	2.765526e+01	7.295330e-01	1.433117e+01	2.472924e-02	1.292175e-01	3.248798e-01	1.757210e+00	1.799791e-01	1.053239e-05	6.748423e-01	2.744374e-01	1.286126e+00	2.811684e+00	3.012633e-01	1.961818e-01	6.439421e-01	3.792226e-02	3.796453e-01	3.555780e-01	5.648725e+02	1.001386e-05	1.256894e-05	3.370001e-02	4.231394e-01	3.538292e-02	9.108983e-03	3.719307e+01	5.109975e-02	1.800613e-01	9.066735e+00	
4.419963e-04	3.204139e+00	4.938009e+02	2.758013e+01	7.299330e-01	1.429803e+01	2.478960e-02	1.298455e-01	3.248497e-01	1.756709e+00	1.825801e-01	1.044826e-05	6.759553e-01	2.714633e-01	1.261626e+00	2.800717e+00	2.998874e-01	1.999220e-01	6.601891e-01	3.825838e-02	3.822597e-01	3.504132e-01	5.221562e+02	1.001277e-05	1.260031e-05	3.289627e-02	4.053260e-01	3.560174e-02	1.048881e-02	3.723357e+01	5.106339e-02	1.896532e-01	9.042337e+00	
4.420076e-04	3.201159e+00	4.277644e+02	2.705860e+01	7.055506e-01	1.428088e+01	2.475596e-02	1.275072e-01	3.248684e-01	1.757544e+00	1.788970e-01	1.050314e-05	6.728361e-01	2.777327e-01	1.285728e+00	2.811319e+00	3.017726e-01	2.020783e-01	6.807917e-01	3.914081e-02	3.902634e-01	3.422212e-01	4.387414e+02	1.001489e-05	1.255351e-05	2.727005e-02	4.139611e-01	3.544793e-02	8.224496e-03	3.720074e+01	5.100714e-02	1.794158e-01	9.069648e+00	
4.420210e-04	3.200249e+00	5.473700e+02	2.686656e+01	6.868416e-01	1.423109e+01	2.493137e-02	1.284726e-01	3.248950e-01	1.759063e+00	1.791276e-01	1.038498e-05	6.741221e-01	2.758659e-01	1.289688e+00	2.812485e+00	3.028430e-01	2.011041e-01	6.565218e-01	3.776714e-02	3.791143e-01	3.487857e-01	4.991586e+02	1.001352e-05	1.260563e-05	3.181851e-02	4.189964e-01	3.544903e-02	9.390930e-03	3.721505e+01	5.110465e-02	1.753405e-01	9.088993e+00	
4.421599e-04	3.224243e+00	5.236533e+02	2.707438e+01	6.986055e-01	1.427476e+01	2.482847e-02	1.270118e-01	3.249288e-01	1.760316e+00	1.787594e-01	1.046457e-05	6.736507e-01	2.762162e-01	1.259935e+00	2.841445e+00	3.084638e-01	1.953941e-01	6.390649e-01	3.789056e-02	3.794758e-01	3.541757e-01	5.230093e+02	1.001755e-05	1.256336e-05	3.065956e-02	4.165504e-01	3.542679e-02	7.761915e-03	3.720131e+01	5.106771e-02	1.792269e-01	9.063893e+00	
4.421648e-04	3.202952e+00	6.033900e+02	2.688461e+01	6.921017e-01	1.424498e+01	2.485390e-02	1.302949e-01	3.248130e-01	1.753877e+00	1.827369e-01	1.029390e-05	6.742728e-01	2.753612e-01	1.294797e+00	2.799845e+00	2.993441e-01	1.938846e-01	6.455354e-01	3.878859e-02	3.863455e-01	3.614984e-01	4.249878e+02	1.001529e-05	1.261497e-05	2.986561e-02	4.174333e-01	3.520657e-02	8.735840e-03	3.714874e+01	5.116135e-02	1.795693e-01	9.077608e+00	
4.422281e-04	3.193731e+00	6.095824e+02	2.811900e+01	7.549021e-01	1.425918e+01	2.480750e-02	1.284395e-01	3.248810e-01	1.758000e+00	1.794225e-01	1.055329e-05	6.741333e-01	2.756741e-01	1.282457e+00	2.803966e+00	3.000707e-01	2.003117e-01	6.702757e-01	3.848955e-02	3.842663e-01	3.568829e-01	4.432790e+02	1.001548e-05	1.251450e-05	2.691528e-02	4.153210e-01	3.535085e-02	1.020713e-02	3.714962e+01	5.111427e-02	1.738991e-01	9.087502e+00	
4.422330e-04	3.224597e+00	5.169988e+02	2.714916e+01	7.093285e-01	1.428939e+01	2.476500e-02	1.298958e-01	3.248661e-01	1.760892e+00	1.761344e-01	1.052296e-05	6.731452e-01	2.780649e-01	1.285183e+00	2.819778e+00	3.038605e-01	1.970726e-01	6.561362e-01	3.808610e-02	3.777380e-01	3.416193e-01	4.838423e+02	1.001006e-05	1.254350e-05	2.878940e-02	4.274472e-01	3.525835e-02	9.297275e-03	3.715454e+01	5.112520e-02	1.750204e-01	9.058933e+00	
4.422543e-04	3.238379e+00	4.306979e+02	2.622660e+01	6.577307e-01	1.430291e+01	2.475004e-02	1.301960e-01	3.248465e-01	1.760363e+00	1.772477e-01	1.057941e-05	6.753894e-01	2.733562e-01	1.271444e+00	2.823384e+00	3.042264e-01	2.029193e-01	6.689302e-01	3.779920e-02	3.797148e-01	3.474503e-01	6.042961e+02	1.001370e-05	1.262911e-05	3.430700e-02	4.174153e-01	3.529450e-02	8.691044e-03	3.723636e+01	5.097899e-02	1.936059e-01	9.005489e+00	
4.423135e-04	3.204593e+00	5.867662e+02	2.696925e+01	6.922962e-01	1.427346e+01	2.481861e-02	1.296143e-01	3.248489e-01	1.753811e+00	1.816634e-01	1.045862e-05	6.744512e-01	2.747487e-01	1.287893e+00	2.800010e+00	2.994029e-01	1.966610e-01	6.586785e-01	3.866453e-02	3.845685e-01	3.604269e-01	5.279572e+02	1.001843e-05	1.252971e-05	2.650439e-02	4.136775e-01	3.553375e-02	1.049103e-02	3.716597e+01	5.115190e-02	1.839542e-01	9.053268e+00	
4.424102e-04	3.232761e+00	5.705668e+02	2.751464e+01	7.263051e-01	1.428078e+01	2.480911e-02	1.285805e-01	3.248546e-01	1.760172e+00	1.781510e-01	1.051775e-05	6.742496e-01	2.762381e-01	1.302352e+00	2.797603e+00	3.005088e-01	1.909824e-01	6.261112e-01	3.828963e-02	3.825206e-01	3.529037e-01	5.084128e+02	1.001305e-05	1.262473e-05	2.680206e-02	4.251948e-01	3.508658e-02	9.713579e-03	3.717361e+01	5.113347e-02	1.781991e-01	9.053037e+00	
4.427670e-04	3.207709e+00	6.196000e+02	2.771250e+01	7.365660e-01	1.425091e+01	2.483155e-02	1.278438e-01	3.248826e-01	1.761254e+00	1.786391e-01	1.063418e-05	6.740578e-01	2.759346e-01	1.287219e+00	2.795252e+00	2.986260e-01	1.929492e-01	6.379251e-01	3.839271e-02	3.834614e-01	3.506409e-01	4.661643e+02	1.001314e-05	1.251927e-05	2.605422e-02	4.227889e-01	3.517222e-02	1.006398e-02	3.716435e+01	5.110101e-02	1.794817e-01	9.063272e+00	
4.429024e-04	3.226141e+00	4.701839e+02	2.698276e+01	6.985267e-01	1.428193e+01	2.484982e-02	1.272478e-01	3.249136e-01	1.757371e+00	1.808248e-01	1.053259e-05	6.733401e-01	2.783780e-01	1.324603e+00	2.814982e+00	3.028282e-01	1.903622e-01	6.255277e-01	3.838219e-02	3.838435e-01	3.584612e-01	5.012190e+02	1.001441e-05	1.264475e-05	3.367049e-02	4.177721e-01	3.528895e-02	8.168643e-03	3.718387e+01	5.117125e-02	1.715656e-01	9.097341e+00	
4.429063e-04	3.225243e+00	5.926463e+02	2.748829e+01	7.212999e-01	1.424056e+01	2.489811e-02	1.291383e-01	3.248625e-01	1.756257e+00	1.819150e-01	1.033908e-05	6.740537e-01	2.761056e-01	1.288162e+00	2.819894e+00	3.039155e-01	1.979389e-01	6.716761e-01	3.843670e-02	3.812331e-01	3.579072e-01	5.080493e+02	1.001291e-05	1.260571e-05	3.494990e-02	4.170454e-01	3.539001e-02	9.362795e-03	3.716745e+01	5.114769e-02	1.766084e-01	9.070017e+00	
4.430555e-04	3.248856e+00	5.620483e+02	2.789040e+01	7.406865e-01	1.429969e+01	2.475762e-02	1.295750e-01	3.248560e-01	1.761764e+00	1.755844e-01	1.063842e-05	6.736330e-01	2.769152e-01	1.280147e+00	2.807868e+00	3.010896e-01	1.994735e-01	6.700887e-01	3.807733e-02	3.780365e-01	3.491845e-01	4.995391e+02	1.001544e-05	1.256294e-05	2.983530e-02	4.236485e-01	3.524363e-02	1.000585e-02	3.717708e+01	5.111211e-02	1.775695e-01	9.064125e+00	
4.431648e-04	3.232756e+00	6.141322e+02	2.677193e+01	6.872288e-01	1.430016e+01	2.471511e-02	1.262729e-01	3.249307e-01	1.757877e+00	1.776283e-01	1.059269e-05	6.743551e-01	2.758713e-01	1.310354e+00	2.811741e+00	3.011919e-01	1.884222e-01	6.080924e-01	3.780682e-02	3.789087e-01	3.438798e-01	4.620049e+02	1.001139e-05	1.246056e-05	2.292511e-02	4.287681e-01	3.518070e-02	9.281279e-03	3.709452e+01	5.114814e-02	1.772641e-01	9.075223e+00	
4.433761e-04	3.203707e+00	4.800049e+02	2.666630e+01	6.839969e-01	1.424595e+01	2.488157e-02	1.293400e-01	3.248751e-01	1.755111e+00	1.750878e-01	1.049642e-05	6.750381e-01	2.739139e-01	1.272351e+00	2.820149e+00	3.036605e-01	2.107569e-01	6.943002e-01	3.712893e-02	3.726929e-01	3.461421e-01	4.861193e+02	1.002157e-05	1.261421e-05	3.054073e-02	4.196378e-01	3.531620e-02	9.908943e-03	3.723551e+01	5.104145e-02	1.858307e-01	9.041510e+00	
4.436630e-04	3.234231e+00	6.243307e+02	2.667444e+01	6.822938e-01	1.422727e+01	2.484270e-02	1.290713e-01	3.248739e-01	1.759728e+00	1.808107e-01	1.031495e-05	6.738245e-01	2.769426e-01	1.299932e+00	2.812563e+00	3.018597e-01	1.929855e-01	6.394049e-01	3.932569e-02	3.931673e-01	3.467957e-01	4.298535e+02	1.001398e-05	1.254080e-05	2.974781e-02	4.289064e-01	3.506839e-02	9.201459e-03	3.704401e+01	5.125554e-02	1.727587e-01	9.102376e+00	
4.436981e-04	3.239991e+00	4.295809e+02	2.660612e+01	6.779918e-01	1.429617e+01	2.474859e-02	1.321317e-01	3.248017e-01	1.759322e+00	1.799739e-01	1.032453e-05	6.734791e-01	2.776388e-01	1.297254e+00	2.827124e+00	3.047544e-01	1.947149e-01	6.630029e-01	3.916487e-02	3.883951e-01	3.519158e-01	5.218350e+02	1.001564e-05	1.256575e-05	3.019371e-02	4.233481e-01	3.535056e-02	8.246268e-03	3.720168e+01	5.102447e-02	1.759266e-01	9.056372e+00	
4.437390e-04	3.211136e+00	5.440045e+02	2.753284e+01	7.241671e-01	1.430641e+01	2.476247e-02	1.279379e-01	3.248914e-01	1.754434e+00	1.798402e-01	1.061859e-05	6.751270e-01	2.728144e-01	1.254573e+00	2.802202e+00	2.992755e-01	1.955660e-01	6.430755e-01	3.799177e-02	3.785316e-01	3.557922e-01	4.438757e+02	1.001543e-05	1.259386e-05	3.049726e-02	4.132526e-01	3.515110e-02	8.955840e-03	3.718459e+01	5.108712e-02	1.869169e-01	9.043707e+00	
4.437648e-04	3.208351e+00	6.867899e+02	2.813249e+01	7.527563e-01	1.426033e+01	2.483359e-02	1.273481e-01	3.249159e-01	1.758585e+00	1.811256e-01	1.043579e-05	6.736945e-01	2.765883e-01	1.289602e+00	2.810012e+00	3.019206e-01	1.868987e-01	6.163853e-01	3.874257e-02	3.862763e-01	3.621481e-01	4.736130e+02	1.001177e-05	1.255265e-05	2.980924e-02	4.145151e-01	3.549200e-02	9.449515e-03	3.707183e+01	5.129736e-02	1.773439e-01	9.086133e+00	
4.438899e-04	3.247945e+00	5.722594e+02	2.723378e+01	7.146252e-01	1.430573e+01	2.474147e-02	1.307493e-01	3.248255e-01	1.757992e+00	1.792852e-01	1.036875e-05	6.734417e-01	2.773154e-01	1.283270e+00	2.834051e+00	3.063475e-01	1.926136e-01	6.395463e-01	3.825228e-02	3.802049e-01	3.629916e-01	5.305758e+02	1.001468e-05	1.256241e-05	3.135811e-02	4.179625e-01	3.553345e-02	9.546837e-03	3.719786e+01	5.107036e-02	1.793309e-01	9.055326e+00	
4.440327e-04	3.250196e+00	4.886760e+02	2.650621e+01	6.689952e-01	1.430437e+01	2.477754e-02	1.307931e-01	3.248287e-01	1.760350e+00	1.788566e-01	1.049381e-05	6.753547e-01	2.723814e-01	1.266658e+00	2.815968e+00	3.022591e-01	2.037811e-01	6.648954e-01	3.778749e-02	3.789355e-01	3.485556e-01	5.514113e+02	1.001334e-05	1.254960e-05	3.219151e-02	4.213065e-01	3.543441e-02	9.547590e-03	3.720402e+01	5.108782e-02	1.889061e-01	9.034360e+00	
4.442776e-04	3.222831e+00	5.374354e+02	2.696929e+01	7.012329e-01	1.426962e+01	2.483155e-02	1.292693e-01	3.248667e-01	1.755976e+00	1.790664e-01	1.055666e-05	6.746526e-01	2.750262e-01	1.296803e+00	2.795523e+00	2.984491e-01	1.976639e-01	6.573821e-01	3.767417e-02	3.741941e-01	3.530212e-01	4.900460e+02	1.001397e-05	1.256317e-05	2.764896e-02	4.186102e-01	3.531420e-02	9.698092e-03	3.716268e+01	5.113081e-02	1.797842e-01	9.070656e+00	
4.444643e-04	3.214021e+00	4.689568e+02	2.795581e+01	7.474677e-01	1.431548e+01	2.470623e-02	1.297876e-01	3.248468e-01	1.755210e+00	1.834217e-01	1.038737e-05	6.749276e-01	2.742194e-01	1.280114e+00	2.814222e+00	3.029661e-01	1.998537e-01	6.583400e-01	3.841111e-02	3.859758e-01	3.563342e-01	5.071599e+02	1.000838e-05	1.259456e-05	3.052552e-02	4.190475e-01	3.534004e-02	8.586571e-03	3.718916e+01	5.104136e-02	1.869362e-01	9.051856e+00	
4.445248e-04	3.227717e+00	5.379673e+02	2.645560e+01	6.696367e-01	1.427385e+01	2.478408e-02	1.319970e-01	3.248331e-01	1.761268e+00	1.772808e-01	1.044849e-05	6.740538e-01	2.763770e-01	1.303147e+00	2.808204e+00	3.004008e-01	1.947251e-01	6.519674e-01	3.878445e-02	3.839172e-01	3.510818e-01	4.968223e+02	1.001032e-05	1.250282e-05	2.896208e-02	4.255811e-01	3.522019e-02	1.056573e-02	3.711286e+01	5.117225e-02	1.779167e-01	9.060256e+00	
4.446247e-04	3.224737e+00	5.610070e+02	2.682164e+01	6.873215e-01	1.424399e+01	2.487720e-02	1.320119e-01	3.248061e-01	1.754975e+00	1.821930e-01	1.031453e-05	6.739514e-01	2.772277e-01	1.327572e+00	2.799306e+00	3.000485e-01	1.931282e-01	6.447343e-01	3.870998e-02	3.831762e-01	3.509885e-01	4.936431e+02	1.001090e-05	1.257581e-05	3.075424e-02	4.309382e-01	3.496692e-02	1.034227e-02	3.717165e+01	5.115312e-02	1.728934e-01	9.078220e+00	
4.448383e-04	3.216745e+00	5.359204e+02	2.580126e+01	6.369824e-01	1.426327e+01	2.483834e-02	1.306596e-01	3.248312e-01	1.758892e+00	1.822069e-01	1.054423e-05	6.741716e-01	2.760309e-01	1.301359e+00	2.806738e+00	3.011213e-01	1.904760e-01	6.521918e-01	3.940707e-02	3.874653e-01	3.443629e-01	4.894833e+02	1.001059e-05	1.257270e-05	2.794668e-02	4.247625e-01	3.518082e-02	1.066726e-02	3.712120e+01	5.119308e-02	1.796493e-01	9.062827e+00	
4.453579e-04	3.250838e+00	5.012016e+02	2.683710e+01	6.894483e-01	1.431621e+01	2.469841e-02	1.287214e-01	3.248567e-01	1.760528e+00	1.762752e-01	1.041240e-05	6.724603e-01	2.788755e-01	1.288264e+00	2.807897e+00	3.019052e-01	2.011232e-01	6.741088e-01	3.910363e-02	3.895413e-01	3.533059e-01	5.232805e+02	1.001181e-05	1.256931e-05	2.588026e-02	4.221681e-01	3.533268e-02	8.171114e-03	3.723742e+01	5.095317e-02	1.830414e-01	9.059992e+00	
4.454313e-04	3.238701e+00	5.023224e+02	2.692737e+01	6.960705e-01	1.425832e+01	2.477198e-02	1.274663e-01	3.248593e-01	1.762282e+00	1.783048e-01	1.028382e-05	6.737752e-01	2.764137e-01	1.304067e+00	2.800145e+00	2.992852e-01	2.054281e-01	6.772504e-01	3.864538e-02	3.894303e-01	3.451123e-01	4.234677e+02	1.000792e-05	1.255363e-05	2.757016e-02	4.137038e-01	3.558178e-02	1.022811e-02	3.713500e+01	5.108143e-02	1.769803e-01	9.075497e+00	
4.454499e-04	3.228655e+00	5.399094e+02	2.682193e+01	6.933866e-01	1.427291e+01	2.477570e-02	1.290006e-01	3.248707e-01	1.758112e+00	1.797000e-01	1.048994e-05	6.738623e-01	2.764077e-01	1.295464e+00	2.794725e+00	2.988852e-01	2.069277e-01	7.025218e-01	3.900945e-02	3.875853e-01	3.472482e-01	4.991687e+02	1.001132e-05	1.263414e-05	2.876101e-02	4.215312e-01	3.527989e-02	1.010548e-02	3.716129e+01	5.104181e-02	1.820804e-01	9.053823e+00	
4.455333e-04	3.193847e+00	6.639121e+02	2.738522e+01	7.219404e-01	1.426006e+01	2.479583e-02	1.296881e-01	3.248467e-01	1.756086e+00	1.833844e-01	1.020641e-05	6.739926e-01	2.764278e-01	1.311753e+00	2.809055e+00	3.011319e-01	1.871179e-01	6.229056e-01	3.879566e-02	3.856459e-01	3.615869e-01	4.581662e+02	1.000886e-05	1.255051e-05	2.954567e-02	4.164573e-01	3.543331e-02	1.003529e-02	3.709101e+01	5.117702e-02	1.795692e-01	9.063171e+00	
4.455367e-04	3.228332e+00	4.284301e+02	2.635653e+01	6.669422e-01	1.427235e+01	2.477819e-02	1.285513e-01	3.248578e-01	1.758020e+00	1.782615e-01	1.046565e-05	6.755155e-01	2.720646e-01	1.264364e+00	2.809910e+00	3.005340e-01	2.135471e-01	6.980100e-01	3.775377e-02	3.812802e-01	3.474514e-01	4.802862e+02	1.001620e-05	1.256496e-05	2.995551e-02	4.198914e-01	3.528395e-02	9.346368e-03	3.726750e+01	5.085694e-02	1.805502e-01	9.061338e+00	
4.455468e-04	3.239132e+00	4.934636e+02	2.622973e+01	6.583830e-01	1.426163e+01	2.479000e-02	1.285853e-01	3.248500e-01	1.753704e+00	1.827667e-01	1.036723e-05	6.746532e-01	2.744989e-01	1.271824e+00	2.804454e+00	3.006253e-01	2.069181e-01	6.805704e-01	3.857245e-02	3.900767e-01	3.555588e-01	4.990531e+02	1.001441e-05	1.258747e-05	2.984475e-02	4.132986e-01	3.543963e-02	9.421070e-03	3.720405e+01	5.093201e-02	1.845177e-01	9.062432e+00	
4.457923e-04	3.236119e+00	5.263231e+02	2.754589e+01	7.313650e-01	1.430800e+01	2.475885e-02	1.328438e-01	3.247840e-01	1.758088e+00	1.805477e-01	1.041675e-05	6.753459e-01	2.733872e-01	1.286264e+00	2.816030e+00	3.023675e-01	2.072754e-01	6.812930e-01	3.747830e-02	3.749691e-01	3.563070e-01	4.929711e+02	1.000918e-05	1.258120e-05	3.201474e-02	4.204708e-01	3.534618e-02	1.100874e-02	3.719721e+01	5.109013e-02	1.858399e-01	9.021762e+00	
4.460334e-04	3.277505e+00	5.051078e+02	2.693683e+01	7.013264e-01	1.431416e+01	2.471930e-02	1.306275e-01	3.248425e-01	1.763885e+00	1.735946e-01	1.049746e-05	6.751126e-01	2.750715e-01	1.320215e+00	2.817821e+00	3.027151e-01	1.951232e-01	6.251474e-01	3.688442e-02	3.697828e-01	3.453786e-01	5.134211e+02	1.001187e-05	1.257915e-05	2.660839e-02	4.365322e-01	3.509990e-02	9.586825e-03	3.720680e+01	5.101363e-02	1.806383e-01	9.037591e+00	
4.460496e-04	3.231416e+00	5.341999e+02	2.784897e+01	7.389140e-01	1.426660e+01	2.487968e-02	1.292126e-01	3.248569e-01	1.757322e+00	1.796502e-01	1.033841e-05	6.739291e-01	2.767294e-01	1.309703e+00	2.814080e+00	3.021925e-01	1.900130e-01	6.170794e-01	3.868942e-02	3.877062e-01	3.581538e-01	5.213583e+02	1.001458e-05	1.258744e-05	3.601885e-02	4.178625e-01	3.528041e-02	8.597045e-03	3.712915e+01	5.129153e-02	1.746982e-01	9.109622e+00	
4.460912e-04	3.229884e+00	5.265349e+02	2.765487e+01	7.350025e-01	1.432226e+01	2.467961e-02	1.323278e-01	3.247900e-01	1.755342e+00	1.831007e-01	1.031513e-05	6.753408e-01	2.733262e-01	1.284030e+00	2.807583e+00	3.007421e-01	2.016989e-01	6.831379e-01	3.913628e-02	3.890945e-01	3.515846e-01	4.813844e+02	1.001267e-05	1.253650e-05	3.250759e-02	4.169419e-01	3.545746e-02	9.656011e-03	3.716087e+01	5.108750e-02	1.752084e-01	9.057445e+00	
4.462130e-04	3.222906e+00	5.699496e+02	2.653103e+01	6.709145e-01	1.427431e+01	2.480983e-02	1.280653e-01	3.248751e-01	1.760062e+00	1.797759e-01	1.043352e-05	6.742062e-01	2.750814e-01	1.280755e+00	2.818550e+00	3.032896e-01	1.880786e-01	6.210821e-01	3.886355e-02	3.863205e-01	3.511104e-01	5.086147e+02	1.001546e-05	1.256252e-05	3.201801e-02	4.202290e-01	3.534481e-02	8.693471e-03	3.714762e+01	5.115470e-02	1.790974e-01	9.076922e+00	
4.464721e-04	3.230185e+00	5.840410e+02	2.738791e+01	7.203234e-01	1.426865e+01	2.482635e-02	1.271088e-01	3.249038e-01	1.759816e+00	1.765262e-01	1.066397e-05	6.739611e-01	2.759729e-01	1.288683e+00	2.789935e+00	2.978411e-01	1.981943e-01	6.518281e-01	3.736633e-02	3.715887e-01	3.555630e-01	5.122735e+02	1.001563e-05	1.262903e-05	2.932674e-02	4.170143e-01	3.514918e-02	9.885086e-03	3.715672e+01	5.113807e-02	1.863731e-01	9.061958e+00	
4.467008e-04	3.199894e+00	5.494595e+02	2.709028e+01	6.990341e-01	1.422914e+01	2.490800e-02	1.262091e-01	3.249429e-01	1.759472e+00	1.812447e-01	1.035924e-05	6.734266e-01	2.762430e-01	1.262374e+00	2.805623e+00	3.014433e-01	2.065566e-01	6.944490e-01	3.894719e-02	3.891748e-01	3.647343e-01	4.741095e+02	1.001512e-05	1.263245e-05	3.572435e-02	4.068507e-01	3.566690e-02	7.829810e-03	3.717445e+01	5.109987e-02	1.794375e-01	9.102528e+00	
4.468644e-04	3.254046e+00	5.492054e+02	2.676657e+01	6.892417e-01	1.427499e+01	2.480868e-02	1.291441e-01	3.248371e-01	1.763007e+00	1.743147e-01	1.059564e-05	6.744682e-01	2.751446e-01	1.294458e+00	2.807056e+00	3.004364e-01	2.019404e-01	6.723836e-01	3.771839e-02	3.756453e-01	3.445636e-01	4.806643e+02	1.001338e-05	1.255058e-05	2.451793e-02	4.275652e-01	3.517305e-02	1.045758e-02	3.715961e+01	5.111772e-02	1.826137e-01	9.045922e+00	
4.477020e-04	3.190122e+00	4.289477e+02	2.620234e+01	6.534358e-01	1.425154e+01	2.488672e-02	1.327380e-01	3.247901e-01	1.757744e+00	1.802794e-01	1.042464e-05	6.732454e-01	2.784133e-01	1.330882e+00	2.822491e+00	3.041667e-01	2.050140e-01	6.884217e-01	3.948509e-02	3.949711e-01	3.432556e-01	5.478445e+02	1.001053e-05	1.251180e-05	3.574225e-02	4.211053e-01	3.521873e-02	9.085314e-03	3.713370e+01	5.123825e-02	1.791808e-01	9.073691e+00	
4.480940e-04	3.214307e+00	4.411860e+02	2.660189e+01	6.775245e-01	1.431853e+01	2.469576e-02	1.274324e-01	3.248725e-01	1.764171e+00	1.758273e-01	1.070443e-05	6.730541e-01	2.767751e-01	1.261714e+00	2.796317e+00	2.994959e-01	2.037999e-01	6.861263e-01	3.908220e-02	3.915144e-01	3.444383e-01	5.400440e+02	1.001438e-05	1.255977e-05	2.542887e-02	4.132861e-01	3.559204e-02	9.242037e-03	3.721477e+01	5.097124e-02	1.863701e-01	9.033126e+00	
4.485196e-04	3.278604e+00	5.110003e+02	2.724872e+01	7.056606e-01	1.433175e+01	2.468086e-02	1.276331e-01	3.248891e-01	1.760213e+00	1.765043e-01	1.050884e-05	6.747027e-01	2.743038e-01	1.273548e+00	2.794809e+00	2.995237e-01	2.055707e-01	6.610712e-01	3.738260e-02	3.770212e-01	3.576943e-01	5.607101e+02	1.001553e-05	1.258119e-05	2.784458e-02	4.130439e-01	3.549069e-02	1.024536e-02	3.725713e+01	5.091663e-02	1.868728e-01	9.056135e+00	
4.489231e-04	3.254737e+00	5.098614e+02	2.813735e+01	7.581862e-01	1.432670e+01	2.471127e-02	1.280378e-01	3.248724e-01	1.762463e+00	1.760101e-01	1.049475e-05	6.746067e-01	2.742776e-01	1.258360e+00	2.793209e+00	2.988777e-01	2.119821e-01	7.017356e-01	3.779698e-02	3.790327e-01	3.567114e-01	5.291722e+02	1.001422e-05	1.260008e-05	2.924538e-02	4.091674e-01	3.558295e-02	8.829432e-03	3.727647e+01	5.093164e-02	1.829871e-01	9.048341e+00	
4.494835e-04	3.247968e+00	7.097422e+02	2.835845e+01	7.620249e-01	1.426209e+01	2.488414e-02	1.309809e-01	3.248212e-01	1.755926e+00	1.810045e-01	1.045519e-05	6.744906e-01	2.762379e-01	1.333873e+00	2.788178e+00	2.974859e-01	1.883914e-01	6.101663e-01	3.753398e-02	3.737939e-01	3.608825e-01	5.460206e+02	1.001396e-05	1.262100e-05	3.020722e-02	4.136457e-01	3.535101e-02	1.302539e-02	3.707792e+01	5.138993e-02	1.868547e-01	9.056398e+00	
4.500656e-04	3.234251e+00	4.635326e+02	2.719667e+01	7.067226e-01	1.432101e+01	2.471455e-02	1.292485e-01	3.248700e-01	1.759826e+00	1.766707e-01	1.044933e-05	6.754408e-01	2.721501e-01	1.245152e+00	2.797626e+00	2.995945e-01	2.099275e-01	7.203434e-01	3.866307e-02	3.811361e-01	3.546614e-01	6.035668e+02	1.001510e-05	1.260686e-05	3.579209e-02	4.101963e-01	3.565547e-02	8.550145e-03	3.728354e+01	5.090554e-02	1.928761e-01	9.019498e+00	
4.502495e-04	3.237241e+00	4.874108e+02	2.726792e+01	7.185256e-01	1.427913e+01	2.476486e-02	1.301465e-01	3.248348e-01	1.762749e+00	1.766782e-01	1.046039e-05	6.740918e-01	2.751083e-01	1.271654e+00	2.811788e+00	3.014400e-01	1.945753e-01	6.510238e-01	3.882705e-02	3.844710e-01	3.513406e-01	4.597862e+02	1.001286e-05	1.256730e-05	2.993546e-02	4.218270e-01	3.522748e-02	8.741371e-03	3.716967e+01	5.104702e-02	1.827951e-01	9.042978e+00	
4.512695e-04	3.205939e+00	3.976619e+02	2.574390e+01	6.393290e-01	1.432123e+01	2.475946e-02	1.303177e-01	3.248476e-01	1.756783e+00	1.776887e-01	1.061143e-05	6.760904e-01	2.714795e-01	1.240936e+00	2.819137e+00	3.030415e-01	1.995245e-01	6.649723e-01	3.821088e-02	3.827333e-01	3.488257e-01	5.593597e+02	1.001761e-05	1.260385e-05	3.334594e-02	4.127515e-01	3.534123e-02	8.734163e-03	3.727978e+01	5.102706e-02	1.950373e-01	9.026426e+00	
4.519188e-04	3.211607e+00	5.138729e+02	2.658344e+01	6.848429e-01	1.426020e+01	2.479897e-02	1.251728e-01	3.249332e-01	1.763045e+00	1.750904e-01	1.054445e-05	6.741170e-01	2.748456e-01	1.274084e+00	2.807738e+00	3.006542e-01	2.036676e-01	6.612645e-01	3.789606e-02	3.824967e-01	3.478460e-01	4.568072e+02	1.001564e-05	1.257087e-05	2.789749e-02	4.129935e-01	3.540534e-02	8.832071e-03	3.714072e+01	5.108444e-02	1.843896e-01	9.048050e+00	
