f	x(1)	x(2)	x(3)	x(4)	x(5)	x(6)	x(7)	x(8)	x(9)	x(10)	x(11)	x(12)	x(13)	x(14)	x(15)	x(16)	x(17)	x(18)	x(19)	x(20)	x(21)	x(22)	x(23)	x(24)	x(25)	x(26)	x(27)	x(28)	x(29)	x(30)	x(31)	x(32)	
4.589263e-03	2.755283e-05	6.697982e-03	1.173436e+01	1.998099e-01	1.491385e+01	2.526602e-02	2.265200e-01	3.249257e-01	1.482805e+00	9.612947e-03	4.638421e-01	8.532956e-01	1.112022e-05	9.546144e+02	2.381157e+00	2.251712e-01	1.244103e-02	1.444221e-02	1.385461e-02	1.997601e-01	1.512952e-05	1.740940e-05	6.643606e-03	7.651605e-03	2.769457e+00	1.209673e-05	2.439948e-02	4.711091e-01	4.158643e+01	4.700720e-02	1.308845e-03	9.817749e+00	
4.589309e-03	2.717544e-05	6.218809e-03	1.131376e+01	1.913967e-01	1.490031e+01	2.526144e-02	2.262480e-01	3.249272e-01	1.486348e+00	9.546438e-03	4.634555e-01	8.531983e-01	1.110137e-05	9.663299e+02	2.376261e+00	2.242867e-01	1.267298e-02	1.471133e-02	1.381111e-02	1.995975e-01	1.645868e-05	1.778886e-05	6.774912e-03	7.824259e-03	2.753155e+00	1.080342e-05	2.443174e-02	4.868413e-01	4.159286e+01	4.695625e-02	1.092765e-03	9.818259e+00	
4.589442e-03	2.794142e-05	6.731185e-03	1.164093e+01	1.983801e-01	1.492653e+01	2.522315e-02	2.267618e-01	3.249217e-01	1.482566e+00	1.090929e-02	4.632911e-01	8.533197e-01	1.109936e-05	9.339256e+02	2.383969e+00	2.255979e-01	1.252690e-02	1.454425e-02	1.387286e-02	2.002164e-01	1.601445e-05	1.880799e-05	6.662651e-03	7.668627e-03	2.770737e+00	1.306618e-05	2.441303e-02	4.711301e-01	4.163083e+01	4.690328e-02	1.319894e-03	9.815384e+00	
4.589458e-03	2.735523e-05	7.292218e-03	1.218099e+01	2.100746e-01	1.491487e+01	2.524396e-02	2.248831e-01	3.249673e-01	1.482503e+00	9.352296e-03	4.651401e-01	8.533756e-01	1.104249e-05	9.400107e+02	2.383100e+00	2.254889e-01	1.195006e-02	1.387157e-02	1.400427e-02	2.027431e-01	1.666875e-05	1.957610e-05	6.590324e-03	7.585397e-03	2.766766e+00	1.269037e-05	2.447430e-02	4.718600e-01	4.161511e+01	4.692713e-02	1.307914e-03	9.821489e+00	
4.589569e-03	2.829460e-05	6.706223e-03	1.183397e+01	2.020960e-01	1.491322e+01	2.525589e-02	2.254799e-01	3.249629e-01	1.481707e+00	9.622636e-03	4.651176e-01	8.534132e-01	1.111929e-05	9.604110e+02	2.374951e+00	2.241372e-01	1.269693e-02	1.473199e-02	1.395365e-02	2.019010e-01	1.646581e-05	1.890330e-05	6.926227e-03	7.974760e-03	2.757451e+00	1.107796e-05	2.439698e-02	4.810766e-01	4.159951e+01	4.695015e-02	1.296770e-03	9.820278e+00	
4.589629e-03	2.856661e-05	6.409793e-03	1.162937e+01	1.979124e-01	1.493418e+01	2.521263e-02	2.270011e-01	3.249111e-01	1.481023e+00	1.058979e-02	4.636252e-01	8.533221e-01	1.113385e-05	9.440936e+02	2.379652e+00	2.249977e-01	1.292952e-02	1.500229e-02	1.389706e-02	2.007031e-01	1.533911e-05	1.801050e-05	6.777011e-03	7.794345e-03	2.782546e+00	1.155011e-05	2.429689e-02	4.779773e-01	4.162773e+01	4.692320e-02	1.429105e-03	9.823790e+00	
4.589643e-03	2.782066e-05	6.497934e-03	1.209336e+01	2.077615e-01	1.492540e+01	2.523542e-02	2.260140e-01	3.249349e-01	1.478988e+00	9.975302e-03	4.683310e-01	8.533642e-01	1.112600e-05	9.461029e+02	2.378730e+00	2.251029e-01	1.289829e-02	1.496964e-02	1.384608e-02	2.000981e-01	1.502019e-05	1.787870e-05	6.614181e-03	7.630586e-03	2.763168e+00	1.284268e-05	2.438125e-02	4.763171e-01	4.164436e+01	4.688117e-02	1.322800e-03	9.822888e+00	
4.589709e-03	2.846911e-05	6.485358e-03	1.172022e+01	1.995408e-01	1.494189e+01	2.519059e-02	2.258716e-01	3.249298e-01	1.481847e+00	1.083958e-02	4.624705e-01	8.533258e-01	1.113509e-05	9.386733e+02	2.378903e+00	2.247448e-01	1.262629e-02	1.465093e-02	1.388699e-02	2.007405e-01	1.588036e-05	1.869590e-05	6.613289e-03	7.625183e-03	2.763915e+00	1.200510e-05	2.435944e-02	4.767932e-01	4.164118e+01	4.689913e-02	1.343532e-03	9.823552e+00	
4.589713e-03	2.747300e-05	6.406671e-03	1.177973e+01	2.006642e-01	1.489421e+01	2.528516e-02	2.255848e-01	3.249490e-01	1.483612e+00	9.249598e-03	4.645681e-01	8.533185e-01	1.109318e-05	9.497321e+02	2.382404e+00	2.252458e-01	1.237925e-02	1.436988e-02	1.387414e-02	2.008145e-01	1.580905e-05	1.786682e-05	6.907509e-03	7.980018e-03	2.768099e+00	1.191842e-05	2.435588e-02	4.823771e-01	4.159636e+01	4.695560e-02	1.226466e-03	9.820315e+00	
4.589733e-03	2.720323e-05	6.562570e-03	1.182780e+01	2.021440e-01	1.490851e+01	2.528545e-02	2.266779e-01	3.249231e-01	1.483590e+00	9.468731e-03	4.623017e-01	8.532727e-01	1.108688e-05	9.539410e+02	2.383343e+00	2.253332e-01	1.260158e-02	1.461513e-02	1.391256e-02	2.011637e-01	1.570280e-05	1.754643e-05	6.797011e-03	7.801901e-03	2.765281e+00	1.126483e-05	2.437606e-02	4.786710e-01	4.162426e+01	4.696481e-02	1.350251e-03	9.825010e+00	
4.589739e-03	2.697342e-05	7.041641e-03	1.188500e+01	2.035002e-01	1.489942e+01	2.526842e-02	2.256654e-01	3.249529e-01	1.483657e+00	9.463591e-03	4.652335e-01	8.532989e-01	1.107389e-05	9.606944e+02	2.382294e+00	2.252434e-01	1.249519e-02	1.448214e-02	1.396731e-02	2.021059e-01	1.649728e-05	1.809713e-05	6.686948e-03	7.689417e-03	2.759317e+00	1.126655e-05	2.441635e-02	4.813290e-01	4.159622e+01	4.694169e-02	1.252549e-03	9.821836e+00	
4.589784e-03	2.687111e-05	6.084553e-03	1.163901e+01	1.979050e-01	1.494165e+01	2.518562e-02	2.268554e-01	3.249033e-01	1.482838e+00	1.007426e-02	4.634645e-01	8.532480e-01	1.111526e-05	9.482832e+02	2.379628e+00	2.249918e-01	1.324493e-02	1.537065e-02	1.381569e-02	1.999084e-01	1.498451e-05	1.674164e-05	6.647432e-03	7.669341e-03	2.770840e+00	1.200644e-05	2.432740e-02	4.840013e-01	4.163073e+01	4.690067e-02	1.227245e-03	9.823889e+00	
4.589791e-03	2.711490e-05	6.510807e-03	1.166877e+01	1.993662e-01	1.491328e+01	2.526029e-02	2.250615e-01	3.249532e-01	1.481621e+00	9.881997e-03	4.636806e-01	8.532958e-01	1.109654e-05	9.457164e+02	2.379126e+00	2.249241e-01	1.257154e-02	1.455010e-02	1.391079e-02	2.014729e-01	1.629879e-05	1.769311e-05	6.834874e-03	7.907486e-03	2.769339e+00	1.138897e-05	2.435043e-02	4.725176e-01	4.158888e+01	4.701975e-02	1.439347e-03	9.827917e+00	
4.589867e-03	2.806568e-05	6.333300e-03	1.167569e+01	1.993871e-01	1.493391e+01	2.520852e-02	2.256264e-01	3.249427e-01	1.478046e+00	1.064105e-02	4.674643e-01	8.532917e-01	1.111625e-05	9.470873e+02	2.379458e+00	2.248081e-01	1.219776e-02	1.416077e-02	1.388013e-02	2.007302e-01	1.691959e-05	1.908501e-05	6.729422e-03	7.762556e-03	2.766078e+00	1.231891e-05	2.435815e-02	4.850216e-01	4.167227e+01	4.685027e-02	1.438306e-03	9.825169e+00	
4.589887e-03	2.916853e-05	6.587222e-03	1.195240e+01	2.047493e-01	1.493213e+01	2.521780e-02	2.274146e-01	3.249064e-01	1.481624e+00	1.015281e-02	4.638184e-01	8.534031e-01	1.115655e-05	9.489609e+02	2.381125e+00	2.251341e-01	1.297569e-02	1.506829e-02	1.388833e-02	2.005102e-01	1.579378e-05	1.847695e-05	6.688294e-03	7.679759e-03	2.761865e+00	1.166353e-05	2.435166e-02	4.781332e-01	4.161110e+01	4.695041e-02	1.404270e-03	9.824355e+00	
4.589927e-03	2.793653e-05	6.645787e-03	1.174922e+01	2.003200e-01	1.491029e+01	2.526166e-02	2.260276e-01	3.249323e-01	1.482129e+00	9.753798e-03	4.642415e-01	8.533525e-01	1.111524e-05	9.597942e+02	2.379178e+00	2.247264e-01	1.305621e-02	1.513756e-02	1.388147e-02	2.012813e-01	1.574884e-05	1.758741e-05	6.797191e-03	7.843526e-03	2.759469e+00	1.113359e-05	2.439488e-02	4.754551e-01	4.161720e+01	4.693299e-02	1.262178e-03	9.817802e+00	
4.589965e-03	2.677196e-05	6.583174e-03	1.185018e+01	2.026560e-01	1.491482e+01	2.525091e-02	2.268260e-01	3.249106e-01	1.483720e+00	1.001030e-02	4.636299e-01	8.532393e-01	1.108585e-05	9.606329e+02	2.382539e+00	2.252024e-01	1.239113e-02	1.438068e-02	1.378422e-02	1.990550e-01	1.622183e-05	1.814610e-05	6.541925e-03	7.538498e-03	2.757212e+00	1.245689e-05	2.445026e-02	4.742993e-01	4.156215e+01	4.703357e-02	1.208044e-03	9.819961e+00	
4.590007e-03	3.024513e-05	6.238240e-03	1.161134e+01	1.972578e-01	1.494781e+01	2.517108e-02	2.266240e-01	3.249203e-01	1.482265e+00	1.106334e-02	4.631208e-01	8.533448e-01	1.113979e-05	9.379156e+02	2.377953e+00	2.245103e-01	1.304744e-02	1.514279e-02	1.387600e-02	2.006010e-01	1.568208e-05	1.820571e-05	6.626798e-03	7.621085e-03	2.772121e+00	1.100016e-05	2.433255e-02	4.718555e-01	4.163339e+01	4.689305e-02	1.610213e-03	9.823044e+00	
4.590012e-03	2.757245e-05	6.637670e-03	1.201624e+01	2.063786e-01	1.491357e+01	2.526767e-02	2.265150e-01	3.249237e-01	1.480534e+00	1.016279e-02	4.657173e-01	8.533455e-01	1.111270e-05	9.524844e+02	2.381058e+00	2.252828e-01	1.285155e-02	1.492196e-02	1.383918e-02	1.998830e-01	1.611341e-05	1.849994e-05	6.644120e-03	7.659694e-03	2.761955e+00	1.182637e-05	2.439886e-02	4.794682e-01	4.159268e+01	4.698670e-02	1.336088e-03	9.827308e+00	
4.590038e-03	2.979848e-05	6.494555e-03	1.153360e+01	1.955341e-01	1.492036e+01	2.524191e-02	2.260241e-01	3.249394e-01	1.482937e+00	1.021470e-02	4.635896e-01	8.533277e-01	1.112971e-05	9.392952e+02	2.380176e+00	2.249009e-01	1.255790e-02	1.457228e-02	1.391420e-02	2.013030e-01	1.576178e-05	1.792719e-05	6.811717e-03	7.853796e-03	2.776480e+00	1.142198e-05	2.428495e-02	4.808999e-01	4.160733e+01	4.696331e-02	1.342259e-03	9.819856e+00	
4.590047e-03	2.890028e-05	6.552258e-03	1.198518e+01	2.061651e-01	1.489739e+01	2.529022e-02	2.265297e-01	3.249387e-01	1.480712e+00	1.009076e-02	4.668986e-01	8.534031e-01	1.113338e-05	9.531419e+02	2.382459e+00	2.252893e-01	1.261161e-02	1.465098e-02	1.387422e-02	2.004354e-01	1.594745e-05	1.833296e-05	6.754140e-03	7.772258e-03	2.764888e+00	1.076106e-05	2.445180e-02	4.731950e-01	4.158378e+01	4.699484e-02	1.489485e-03	9.823230e+00	
4.590093e-03	2.659689e-05	6.638553e-03	1.176591e+01	2.013448e-01	1.488713e+01	2.529085e-02	2.266158e-01	3.249324e-01	1.485751e+00	9.525764e-03	4.620302e-01	8.533127e-01	1.108039e-05	9.593019e+02	2.381378e+00	2.252296e-01	1.246529e-02	1.447429e-02	1.386573e-02	2.001508e-01	1.579127e-05	1.748091e-05	6.730895e-03	7.759354e-03	2.757823e+00	1.086243e-05	2.440148e-02	4.825754e-01	4.154183e+01	4.702006e-02	1.292421e-03	9.821049e+00	
4.590147e-03	2.802396e-05	6.490314e-03	1.168563e+01	1.991478e-01	1.492498e+01	2.524059e-02	2.264326e-01	3.249213e-01	1.481286e+00	1.025672e-02	4.669979e-01	8.531670e-01	1.107714e-05	9.507861e+02	2.382654e+00	2.254508e-01	1.189381e-02	1.379549e-02	1.386399e-02	2.000736e-01	1.577018e-05	1.751645e-05	6.544710e-03	7.531802e-03	2.762537e+00	1.264202e-05	2.435272e-02	4.885786e-01	4.161360e+01	4.695358e-02	1.178831e-03	9.817265e+00	
4.590151e-03	2.901029e-05	6.502376e-03	1.153097e+01	1.962943e-01	1.494203e+01	2.519134e-02	2.268567e-01	3.249160e-01	1.485357e+00	1.106797e-02	4.602247e-01	8.532854e-01	1.111033e-05	9.445311e+02	2.380349e+00	2.249603e-01	1.257475e-02	1.458266e-02	1.384536e-02	1.999418e-01	1.695180e-05	1.912225e-05	6.659359e-03	7.673521e-03	2.762755e+00	1.219858e-05	2.443324e-02	4.693493e-01	4.164491e+01	4.690811e-02	1.313619e-03	9.818310e+00	
4.590155e-03	2.751124e-05	6.956876e-03	1.202305e+01	2.065425e-01	1.490781e+01	2.525947e-02	2.264735e-01	3.249190e-01	1.480162e+00	9.992778e-03	4.659399e-01	8.533586e-01	1.108749e-05	9.424979e+02	2.384373e+00	2.259345e-01	1.263663e-02	1.465883e-02	1.393192e-02	2.013056e-01	1.543687e-05	1.832719e-05	6.736185e-03	7.753939e-03	2.776190e+00	1.243394e-05	2.431742e-02	4.838251e-01	4.160635e+01	4.695138e-02	1.257156e-03	9.823182e+00	
4.590178e-03	3.051149e-05	6.792158e-03	1.150874e+01	1.952074e-01	1.492941e+01	2.521440e-02	2.258474e-01	3.249442e-01	1.481679e+00	1.060604e-02	4.626304e-01	8.534020e-01	1.114349e-05	9.297277e+02	2.379493e+00	2.248657e-01	1.262580e-02	1.465475e-02	1.401859e-02	2.030092e-01	1.594214e-05	1.871871e-05	6.908467e-03	7.930281e-03	2.779912e+00	1.082565e-05	2.428327e-02	4.797039e-01	4.164170e+01	4.686983e-02	1.487925e-03	9.816811e+00	
4.590226e-03	2.963646e-05	6.403471e-03	1.196494e+01	2.052203e-01	1.495036e+01	2.519800e-02	2.269782e-01	3.249154e-01	1.478824e+00	1.103899e-02	4.673543e-01	8.533022e-01	1.112144e-05	9.335705e+02	2.383632e+00	2.258199e-01	1.287707e-02	1.494122e-02	1.391383e-02	2.008668e-01	1.561448e-05	1.848536e-05	6.525383e-03	7.509832e-03	2.780181e+00	1.194754e-05	2.431400e-02	4.744874e-01	4.165843e+01	4.689726e-02	1.602094e-03	9.826545e+00	
4.590234e-03	2.876350e-05	6.336355e-03	1.158090e+01	1.970589e-01	1.490179e+01	2.528201e-02	2.267462e-01	3.249223e-01	1.483171e+00	9.797130e-03	4.650265e-01	8.532897e-01	1.113867e-05	9.851713e+02	2.375332e+00	2.244724e-01	1.265560e-02	1.470392e-02	1.374966e-02	1.986522e-01	1.590705e-05	1.727687e-05	6.749403e-03	7.805934e-03	2.749430e+00	1.054396e-05	2.443952e-02	4.784583e-01	4.153244e+01	4.707248e-02	1.206815e-03	9.816547e+00	
4.590243e-03	2.690155e-05	6.531388e-03	1.181258e+01	2.017760e-01	1.490637e+01	2.529237e-02	2.263128e-01	3.249314e-01	1.482806e+00	9.442100e-03	4.652350e-01	8.533080e-01	1.110517e-05	9.471751e+02	2.382143e+00	2.254602e-01	1.258425e-02	1.459019e-02	1.385721e-02	2.004057e-01	1.492807e-05	1.680574e-05	6.705294e-03	7.748445e-03	2.775154e+00	1.218353e-05	2.435998e-02	4.719927e-01	4.156173e+01	4.706994e-02	1.246720e-03	9.821719e+00	
4.590256e-03	2.830076e-05	7.119430e-03	1.202073e+01	2.066781e-01	1.489714e+01	2.531429e-02	2.259957e-01	3.249429e-01	1.482292e+00	9.451517e-03	4.658420e-01	8.533625e-01	1.109620e-05	9.468997e+02	2.389207e+00	2.264680e-01	1.221958e-02	1.417712e-02	1.395274e-02	2.020066e-01	1.610375e-05	1.843660e-05	6.672984e-03	7.687187e-03	2.770806e+00	1.230338e-05	2.444738e-02	4.626607e-01	4.160450e+01	4.701023e-02	1.265937e-03	9.818104e+00	
4.590297e-03	2.934661e-05	6.543251e-03	1.196056e+01	2.046939e-01	1.494075e+01	2.518562e-02	2.263248e-01	3.249234e-01	1.479559e+00	1.096805e-02	4.642969e-01	8.533584e-01	1.112900e-05	9.387042e+02	2.382219e+00	2.252901e-01	1.298085e-02	1.505875e-02	1.393676e-02	2.017639e-01	1.615939e-05	1.889051e-05	6.635579e-03	7.630734e-03	2.766000e+00	1.172194e-05	2.436873e-02	4.759953e-01	4.169393e+01	4.679856e-02	1.532095e-03	9.826269e+00	
4.590305e-03	2.911318e-05	6.649767e-03	1.185444e+01	2.031889e-01	1.492674e+01	2.525782e-02	2.265071e-01	3.249178e-01	1.481835e+00	9.826768e-03	4.649469e-01	8.533240e-01	1.108386e-05	9.446759e+02	2.382812e+00	2.254291e-01	1.229571e-02	1.428727e-02	1.387246e-02	2.006053e-01	1.568661e-05	1.842016e-05	6.611582e-03	7.615892e-03	2.769134e+00	1.185488e-05	2.437366e-02	4.824122e-01	4.160342e+01	4.699049e-02	1.312456e-03	9.822532e+00	
4.590329e-03	2.724725e-05	7.067179e-03	1.170063e+01	1.991915e-01	1.488273e+01	2.530367e-02	2.265321e-01	3.249317e-01	1.485138e+00	9.264850e-03	4.629121e-01	8.533507e-01	1.108179e-05	9.531702e+02	2.382485e+00	2.250850e-01	1.209555e-02	1.403943e-02	1.388984e-02	2.006847e-01	1.623299e-05	1.809175e-05	6.803622e-03	7.857712e-03	2.759975e+00	1.179653e-05	2.445255e-02	4.703947e-01	4.154995e+01	4.702877e-02	1.213753e-03	9.816062e+00	
4.590351e-03	2.680512e-05	6.472571e-03	1.165866e+01	1.988212e-01	1.492764e+01	2.523856e-02	2.268239e-01	3.249181e-01	1.484010e+00	1.042363e-02	4.620358e-01	8.532568e-01	1.107448e-05	9.506322e+02	2.381347e+00	2.251858e-01	1.233290e-02	1.429906e-02	1.382115e-02	1.997025e-01	1.679181e-05	1.804381e-05	6.587989e-03	7.616039e-03	2.754594e+00	1.286003e-05	2.442666e-02	4.770344e-01	4.159596e+01	4.698675e-02	1.161106e-03	9.815759e+00	
4.590356e-03	2.795456e-05	6.813866e-03	1.171429e+01	1.992610e-01	1.492824e+01	2.521287e-02	2.271764e-01	3.249123e-01	1.483363e+00	1.042953e-02	4.641973e-01	8.532904e-01	1.109268e-05	9.587090e+02	2.380947e+00	2.251452e-01	1.256221e-02	1.457583e-02	1.387451e-02	2.003981e-01	1.616162e-05	1.849795e-05	6.609203e-03	7.591395e-03	2.763079e+00	1.234001e-05	2.442963e-02	4.765492e-01	4.165563e+01	4.686749e-02	1.157234e-03	9.818215e+00	
4.590416e-03	2.707032e-05	6.664486e-03	1.183803e+01	2.025402e-01	1.489948e+01	2.528889e-02	2.257789e-01	3.249419e-01	1.482974e+00	9.317587e-03	4.642102e-01	8.532971e-01	1.110262e-05	9.525275e+02	2.380595e+00	2.251202e-01	1.246265e-02	1.447012e-02	1.386862e-02	2.003604e-01	1.553352e-05	1.796813e-05	6.772541e-03	7.788145e-03	2.768819e+00	1.185361e-05	2.440792e-02	4.747659e-01	4.155557e+01	4.703955e-02	1.273477e-03	9.820173e+00	
4.590417e-03	2.658878e-05	6.173292e-03	1.183706e+01	2.022878e-01	1.491655e+01	2.524636e-02	2.268992e-01	3.249122e-01	1.483261e+00	9.649762e-03	4.656035e-01	8.532347e-01	1.108274e-05	9.642585e+02	2.381163e+00	2.253321e-01	1.262116e-02	1.464713e-02	1.377455e-02	1.988757e-01	1.547877e-05	1.740974e-05	6.542486e-03	7.547233e-03	2.761085e+00	1.206899e-05	2.439526e-02	4.814047e-01	4.154690e+01	4.704326e-02	1.177682e-03	9.822759e+00	
4.590425e-03	2.749687e-05	6.977125e-03	1.168762e+01	1.992205e-01	1.494729e+01	2.518162e-02	2.263625e-01	3.249196e-01	1.483262e+00	1.030012e-02	4.635681e-01	8.533108e-01	1.107808e-05	9.388783e+02	2.382843e+00	2.251462e-01	1.215431e-02	1.410044e-02	1.392569e-02	2.018327e-01	1.635207e-05	1.878655e-05	6.444767e-03	7.430452e-03	2.767058e+00	1.304791e-05	2.442658e-02	4.769314e-01	4.168296e+01	4.682642e-02	1.116076e-03	9.817423e+00	
4.590448e-03	2.776095e-05	6.791708e-03	1.181912e+01	2.025463e-01	1.492201e+01	2.523933e-02	2.258946e-01	3.249410e-01	1.480849e+00	1.011550e-02	4.662093e-01	8.534001e-01	1.110722e-05	9.399983e+02	2.381849e+00	2.251993e-01	1.253399e-02	1.453500e-02	1.395074e-02	2.020690e-01	1.576754e-05	1.791575e-05	6.747123e-03	7.781123e-03	2.772123e+00	1.201631e-05	2.434298e-02	4.778653e-01	4.162854e+01	4.691271e-02	1.348165e-03	9.823118e+00	
4.590448e-03	2.728268e-05	6.617975e-03	1.210229e+01	2.082659e-01	1.491294e+01	2.526688e-02	2.262763e-01	3.249324e-01	1.481061e+00	1.004979e-02	4.646022e-01	8.533230e-01	1.108673e-05	9.437515e+02	2.384681e+00	2.255677e-01	1.271883e-02	1.475789e-02	1.388677e-02	2.009327e-01	1.597176e-05	1.834954e-05	6.637671e-03	7.646572e-03	2.767878e+00	1.120586e-05	2.435783e-02	4.802341e-01	4.160751e+01	4.696515e-02	1.593692e-03	9.826925e+00	
4.590461e-03	2.669216e-05	7.141211e-03	1.183582e+01	2.019978e-01	1.490872e+01	2.524942e-02	2.266551e-01	3.249225e-01	1.481775e+00	9.709207e-03	4.645752e-01	8.533381e-01	1.110526e-05	9.442005e+02	2.384544e+00	2.254484e-01	1.221837e-02	1.418059e-02	1.391839e-02	2.014694e-01	1.614034e-05	1.846829e-05	6.669464e-03	7.686242e-03	2.766596e+00	1.287094e-05	2.440490e-02	4.738321e-01	4.158675e+01	4.695140e-02	1.207833e-03	9.821481e+00	
4.590490e-03	2.930625e-05	6.599002e-03	1.206895e+01	2.073768e-01	1.491583e+01	2.524493e-02	2.271515e-01	3.249099e-01	1.482831e+00	1.018112e-02	4.634651e-01	8.533279e-01	1.110467e-05	9.401512e+02	2.385642e+00	2.258890e-01	1.257381e-02	1.459946e-02	1.387514e-02	2.006071e-01	1.528780e-05	1.809028e-05	6.519015e-03	7.509603e-03	2.775797e+00	1.107288e-05	2.436895e-02	4.806889e-01	4.154196e+01	4.703796e-02	1.591658e-03	9.822597e+00	
4.590509e-03	2.821843e-05	6.342478e-03	1.159251e+01	1.966676e-01	1.493826e+01	2.519503e-02	2.259749e-01	3.249394e-01	1.482089e+00	1.024984e-02	4.637570e-01	8.532908e-01	1.110462e-05	9.392794e+02	2.379346e+00	2.247356e-01	1.265954e-02	1.468144e-02	1.391739e-02	2.014398e-01	1.627587e-05	1.854954e-05	6.802005e-03	7.843031e-03	2.768962e+00	1.182777e-05	2.428812e-02	4.958053e-01	4.168827e+01	4.681032e-02	1.247165e-03	9.823922e+00	
4.590510e-03	2.855013e-05	7.786266e-03	1.215519e+01	2.091105e-01	1.490377e+01	2.528505e-02	2.262513e-01	3.249416e-01	1.480929e+00	9.455075e-03	4.663615e-01	8.533593e-01	1.106947e-05	9.465049e+02	2.389187e+00	2.261283e-01	1.197841e-02	1.390564e-02	1.402320e-02	2.030416e-01	1.619357e-05	1.906980e-05	6.585769e-03	7.559583e-03	2.761294e+00	1.205230e-05	2.449547e-02	4.706686e-01	4.161699e+01	4.695032e-02	1.282069e-03	9.812606e+00	
4.590518e-03	2.797083e-05	6.384650e-03	1.201031e+01	2.062328e-01	1.491496e+01	2.524260e-02	2.270350e-01	3.249130e-01	1.485269e+00	1.020448e-02	4.657842e-01	8.531561e-01	1.106632e-05	9.518356e+02	2.387283e+00	2.261161e-01	1.196410e-02	1.389005e-02	1.378201e-02	1.987829e-01	1.650115e-05	1.849325e-05	6.448117e-03	7.444872e-03	2.757812e+00	1.251476e-05	2.445379e-02	4.821229e-01	4.158757e+01	4.696997e-02	1.262387e-03	9.821292e+00	
4.590529e-03	2.802131e-05	6.607786e-03	1.172129e+01	1.998602e-01	1.491856e+01	2.523927e-02	2.261376e-01	3.249303e-01	1.480623e+00	1.029796e-02	4.653802e-01	8.532882e-01	1.111888e-05	9.447528e+02	2.381604e+00	2.255028e-01	1.248125e-02	1.447000e-02	1.391601e-02	2.007711e-01	1.570790e-05	1.820792e-05	6.708775e-03	7.718460e-03	2.775685e+00	1.178723e-05	2.431665e-02	4.804881e-01	4.160593e+01	4.694157e-02	1.348144e-03	9.824976e+00	
4.590536e-03	2.887788e-05	6.584721e-03	1.191367e+01	2.041702e-01	1.494245e+01	2.520278e-02	2.268683e-01	3.249107e-01	1.483327e+00	1.042317e-02	4.624247e-01	8.533031e-01	1.110909e-05	9.408448e+02	2.384230e+00	2.256739e-01	1.252135e-02	1.452309e-02	1.388113e-02	2.006213e-01	1.565867e-05	1.839677e-05	6.406044e-03	7.387923e-03	2.761357e+00	1.219521e-05	2.442685e-02	4.721610e-01	4.163139e+01	4.693459e-02	1.329035e-03	9.818899e+00	
4.590541e-03	2.919074e-05	6.558878e-03	1.176109e+01	2.005862e-01	1.491353e+01	2.527408e-02	2.271648e-01	3.249065e-01	1.482693e+00	1.012128e-02	4.646720e-01	8.533082e-01	1.112998e-05	9.526154e+02	2.382528e+00	2.254357e-01	1.276760e-02	1.483271e-02	1.382854e-02	1.998078e-01	1.575850e-05	1.830559e-05	6.731173e-03	7.758891e-03	2.773053e+00	1.190301e-05	2.438450e-02	4.772518e-01	4.161130e+01	4.698143e-02	1.221832e-03	9.819657e+00	
4.590544e-03	2.730663e-05	6.754933e-03	1.201972e+01	2.070359e-01	1.490346e+01	2.527061e-02	2.258227e-01	3.249403e-01	1.482013e+00	9.822093e-03	4.673559e-01	8.532189e-01	1.106597e-05	9.595631e+02	2.382698e+00	2.256444e-01	1.236572e-02	1.434293e-02	1.384024e-02	1.998425e-01	1.624526e-05	1.782047e-05	6.520434e-03	7.509312e-03	2.746747e+00	1.198612e-05	2.446363e-02	4.832895e-01	4.156850e+01	4.700090e-02	1.206146e-03	9.819820e+00	
4.590548e-03	2.871437e-05	6.316309e-03	1.182634e+01	2.016748e-01	1.490885e+01	2.529424e-02	2.274731e-01	3.249113e-01	1.485058e+00	9.359434e-03	4.632320e-01	8.532808e-01	1.112855e-05	9.495096e+02	2.383237e+00	2.255085e-01	1.221944e-02	1.418643e-02	1.381364e-02	1.992373e-01	1.539056e-05	1.775020e-05	6.636618e-03	7.649395e-03	2.777700e+00	1.152198e-05	2.438106e-02	4.743997e-01	4.159122e+01	4.702413e-02	1.372010e-03	9.819982e+00	
4.590567e-03	2.808337e-05	6.805852e-03	1.158281e+01	1.968830e-01	1.492116e+01	2.524835e-02	2.267403e-01	3.249181e-01	1.485053e+00	1.049582e-02	4.626320e-01	8.532163e-01	1.107464e-05	9.525259e+02	2.382009e+00	2.251613e-01	1.195300e-02	1.386697e-02	1.383169e-02	2.001566e-01	1.741066e-05	1.845761e-05	6.575355e-03	7.595660e-03	2.746784e+00	1.218755e-05	2.444640e-02	4.764411e-01	4.159025e+01	4.700223e-02	1.102164e-03	9.816195e+00	
4.590576e-03	2.754486e-05	6.329800e-03	1.194380e+01	2.047592e-01	1.490120e+01	2.527671e-02	2.265338e-01	3.249151e-01	1.483267e+00	9.677443e-03	4.664256e-01	8.532320e-01	1.110855e-05	9.622251e+02	2.381081e+00	2.252768e-01	1.281399e-02	1.486235e-02	1.376883e-02	1.988666e-01	1.507312e-05	1.704623e-05	6.523614e-03	7.541562e-03	2.759133e+00	1.114449e-05	2.444022e-02	4.708301e-01	4.154404e+01	4.704235e-02	1.338340e-03	9.821914e+00	
4.590589e-03	2.863907e-05	6.597549e-03	1.177034e+01	2.012047e-01	1.489800e+01	2.528493e-02	2.264047e-01	3.249372e-01	1.482774e+00	9.658630e-03	4.646989e-01	8.533245e-01	1.109459e-05	9.543652e+02	2.382603e+00	2.254200e-01	1.229970e-02	1.427752e-02	1.387849e-02	2.004068e-01	1.628652e-05	1.826381e-05	6.834613e-03	7.859664e-03	2.760616e+00	1.164037e-05	2.438578e-02	4.835127e-01	4.155001e+01	4.704364e-02	1.222454e-03	9.818772e+00	
4.590601e-03	3.005961e-05	6.560210e-03	1.197538e+01	2.058388e-01	1.492405e+01	2.525589e-02	2.261373e-01	3.249314e-01	1.481423e+00	1.028932e-02	4.642950e-01	8.533540e-01	1.110014e-05	9.268528e+02	2.387472e+00	2.261446e-01	1.254118e-02	1.454350e-02	1.393945e-02	2.013795e-01	1.541147e-05	1.847590e-05	6.751280e-03	7.760165e-03	2.785013e+00	1.172103e-05	2.430770e-02	4.745895e-01	4.162033e+01	4.697880e-02	1.567263e-03	9.822581e+00	
4.590603e-03	2.867998e-05	6.636508e-03	1.168815e+01	1.993386e-01	1.493026e+01	2.523796e-02	2.266517e-01	3.249260e-01	1.482751e+00	1.017377e-02	4.630241e-01	8.532833e-01	1.110675e-05	9.475856e+02	2.380249e+00	2.250488e-01	1.220608e-02	1.418161e-02	1.389660e-02	2.003094e-01	1.616076e-05	1.884809e-05	6.767286e-03	7.780892e-03	2.767552e+00	1.235754e-05	2.435398e-02	4.806195e-01	4.160501e+01	4.699105e-02	1.235188e-03	9.818517e+00	
4.590607e-03	2.626892e-05	6.445570e-03	1.191658e+01	2.040222e-01	1.489127e+01	2.529619e-02	2.270407e-01	3.249166e-01	1.482638e+00	9.445280e-03	4.663634e-01	8.533384e-01	1.111661e-05	9.569148e+02	2.381635e+00	2.252272e-01	1.278447e-02	1.483684e-02	1.378228e-02	1.991234e-01	1.519809e-05	1.739259e-05	6.722198e-03	7.761018e-03	2.771923e+00	1.181228e-05	2.439436e-02	4.796306e-01	4.153488e+01	4.705409e-02	1.325469e-03	9.823805e+00	
4.590616e-03	3.032950e-05	6.868670e-03	1.170742e+01	1.992973e-01	1.494475e+01	2.518705e-02	2.254524e-01	3.249521e-01	1.481704e+00	1.057997e-02	4.656705e-01	8.533431e-01	1.109527e-05	9.392965e+02	2.379991e+00	2.248532e-01	1.216292e-02	1.410364e-02	1.396620e-02	2.021812e-01	1.673626e-05	1.912987e-05	6.690692e-03	7.711135e-03	2.772876e+00	1.200654e-05	2.437035e-02	4.690503e-01	4.165061e+01	4.687492e-02	1.463293e-03	9.820070e+00	
4.590625e-03	2.868961e-05	6.178465e-03	1.173607e+01	2.002273e-01	1.492230e+01	2.525226e-02	2.263202e-01	3.249374e-01	1.479901e+00	1.031722e-02	4.654166e-01	8.533388e-01	1.114665e-05	9.629261e+02	2.375075e+00	2.242697e-01	1.271270e-02	1.475835e-02	1.380553e-02	1.991485e-01	1.654761e-05	1.897184e-05	6.757244e-03	7.777036e-03	2.754198e+00	1.133049e-05	2.441739e-02	4.804536e-01	4.158363e+01	4.702666e-02	1.296011e-03	9.822605e+00	
4.590627e-03	2.789124e-05	6.824835e-03	1.187844e+01	2.035947e-01	1.492798e+01	2.523821e-02	2.269937e-01	3.249130e-01	1.482301e+00	1.000213e-02	4.665729e-01	8.532495e-01	1.109490e-05	9.671451e+02	2.379390e+00	2.251415e-01	1.260607e-02	1.463927e-02	1.385192e-02	2.000902e-01	1.560263e-05	1.734957e-05	6.448957e-03	7.431451e-03	2.753679e+00	1.205085e-05	2.444703e-02	4.772231e-01	4.162359e+01	4.693921e-02	1.113440e-03	9.815484e+00	
4.590627e-03	2.867319e-05	6.306199e-03	1.197570e+01	2.049981e-01	1.489924e+01	2.527174e-02	2.266131e-01	3.249230e-01	1.482192e+00	9.872370e-03	4.653880e-01	8.533438e-01	1.114222e-05	9.526949e+02	2.382535e+00	2.252978e-01	1.296910e-02	1.505261e-02	1.383239e-02	1.998269e-01	1.517573e-05	1.758828e-05	6.794392e-03	7.824585e-03	2.768701e+00	1.070344e-05	2.435316e-02	4.791583e-01	4.154188e+01	4.704254e-02	1.557879e-03	9.826214e+00	
4.590628e-03	2.728620e-05	6.513791e-03	1.166276e+01	1.986760e-01	1.491909e+01	2.523796e-02	2.270489e-01	3.249178e-01	1.482920e+00	1.040135e-02	4.605310e-01	8.533691e-01	1.108804e-05	9.480068e+02	2.379972e+00	2.250204e-01	1.303443e-02	1.511749e-02	1.387014e-02	2.001693e-01	1.623784e-05	1.864249e-05	6.925918e-03	7.960498e-03	2.760609e+00	1.238929e-05	2.436009e-02	4.817500e-01	4.162754e+01	4.692265e-02	1.221844e-03	9.817968e+00	
4.590631e-03	2.882022e-05	6.966655e-03	1.193804e+01	2.046563e-01	1.490399e+01	2.527336e-02	2.268888e-01	3.249231e-01	1.481611e+00	9.839354e-03	4.643565e-01	8.534155e-01	1.111260e-05	9.385827e+02	2.383243e+00	2.252273e-01	1.292502e-02	1.499262e-02	1.394448e-02	2.018410e-01	1.503458e-05	1.769684e-05	6.716558e-03	7.717314e-03	2.779960e+00	1.071690e-05	2.437170e-02	4.687995e-01	4.157135e+01	4.700499e-02	1.585592e-03	9.824195e+00	
4.590635e-03	2.844868e-05	6.511875e-03	1.189866e+01	2.035633e-01	1.494635e+01	2.522058e-02	2.270641e-01	3.249081e-01	1.480155e+00	1.047340e-02	4.666395e-01	8.532553e-01	1.111368e-05	9.465434e+02	2.381655e+00	2.254986e-01	1.255299e-02	1.456075e-02	1.385827e-02	1.998115e-01	1.514034e-05	1.804640e-05	6.378790e-03	7.343702e-03	2.772317e+00	1.237059e-05	2.439524e-02	4.700121e-01	4.161985e+01	4.698379e-02	1.440527e-03	9.821249e+00	
4.590644e-03	2.845976e-05	6.700397e-03	1.199714e+01	2.059115e-01	1.492809e+01	2.523801e-02	2.255447e-01	3.249465e-01	1.481474e+00	1.015219e-02	4.664382e-01	8.532860e-01	1.107403e-05	9.545119e+02	2.380113e+00	2.250169e-01	1.213549e-02	1.409453e-02	1.386335e-02	2.002327e-01	1.664441e-05	1.906303e-05	6.520992e-03	7.497164e-03	2.756926e+00	1.169734e-05	2.446008e-02	4.720700e-01	4.160254e+01	4.698384e-02	1.424401e-03	9.822551e+00	
4.590645e-03	2.944359e-05	6.831409e-03	1.184538e+01	2.026173e-01	1.491414e+01	2.526794e-02	2.267215e-01	3.249192e-01	1.484262e+00	9.861232e-03	4.640207e-01	8.532541e-01	1.110460e-05	9.551880e+02	2.383540e+00	2.255066e-01	1.200218e-02	1.395171e-02	1.390806e-02	2.010894e-01	1.664982e-05	1.883566e-05	6.581596e-03	7.569848e-03	2.761656e+00	1.125005e-05	2.443718e-02	4.796733e-01	4.159617e+01	4.699140e-02	1.293123e-03	9.818562e+00	
4.590647e-03	2.802145e-05	6.427986e-03	1.179545e+01	2.016443e-01	1.491405e+01	2.526066e-02	2.275190e-01	3.248983e-01	1.484319e+00	1.024063e-02	4.626791e-01	8.532463e-01	1.110185e-05	9.392217e+02	2.385175e+00	2.257975e-01	1.267292e-02	1.472549e-02	1.380964e-02	1.988760e-01	1.531060e-05	1.838170e-05	6.662444e-03	7.661904e-03	2.777964e+00	1.219351e-05	2.432283e-02	4.819213e-01	4.159592e+01	4.699711e-02	1.304310e-03	9.823991e+00	
4.590649e-03	2.839307e-05	5.750777e-03	1.166138e+01	1.986019e-01	1.491003e+01	2.526922e-02	2.272588e-01	3.249153e-01	1.483420e+00	9.834023e-03	4.657820e-01	8.532829e-01	1.113091e-05	9.651165e+02	2.379267e+00	2.249496e-01	1.282198e-02	1.489349e-02	1.374657e-02	1.982207e-01	1.523587e-05	1.775959e-05	6.871377e-03	7.909023e-03	2.766476e+00	1.165293e-05	2.436585e-02	4.852919e-01	4.158581e+01	4.699835e-02	1.225744e-03	9.825820e+00	
4.590664e-03	2.797762e-05	6.482291e-03	1.193022e+01	2.046661e-01	1.490909e+01	2.525566e-02	2.263807e-01	3.249187e-01	1.483287e+00	1.036929e-02	4.643854e-01	8.532789e-01	1.109445e-05	9.590168e+02	2.380382e+00	2.252152e-01	1.254851e-02	1.456874e-02	1.378994e-02	1.993174e-01	1.652006e-05	1.838914e-05	6.578718e-03	7.574028e-03	2.756025e+00	1.171363e-05	2.447030e-02	4.716414e-01	4.156704e+01	4.700160e-02	1.339176e-03	9.821996e+00	
4.590674e-03	2.680351e-05	6.892999e-03	1.216188e+01	2.097679e-01	1.491336e+01	2.525852e-02	2.270417e-01	3.249192e-01	1.479897e+00	1.001683e-02	4.666591e-01	8.533350e-01	1.105998e-05	9.597722e+02	2.383925e+00	2.256718e-01	1.255624e-02	1.457425e-02	1.382859e-02	1.995032e-01	1.615620e-05	1.831838e-05	6.549746e-03	7.539526e-03	2.759610e+00	1.299273e-05	2.443651e-02	4.734272e-01	4.159205e+01	4.698943e-02	1.222473e-03	9.822708e+00	
4.590676e-03	2.869727e-05	6.226427e-03	1.176662e+01	2.007793e-01	1.493520e+01	2.520475e-02	2.276884e-01	3.248942e-01	1.484307e+00	1.097901e-02	4.621128e-01	8.533318e-01	1.112801e-05	9.480660e+02	2.382689e+00	2.254096e-01	1.308798e-02	1.518657e-02	1.381578e-02	1.996131e-01	1.540606e-05	1.796071e-05	6.604444e-03	7.616643e-03	2.776426e+00	1.162316e-05	2.435265e-02	4.726267e-01	4.162727e+01	4.691479e-02	1.413828e-03	9.821065e+00	
4.590680e-03	2.801690e-05	6.752459e-03	1.157663e+01	1.967267e-01	1.490706e+01	2.526378e-02	2.264527e-01	3.249243e-01	1.486273e+00	9.636312e-03	4.626971e-01	8.532757e-01	1.108938e-05	9.594004e+02	2.379031e+00	2.249866e-01	1.227864e-02	1.424836e-02	1.386868e-02	2.006024e-01	1.638728e-05	1.818897e-05	6.709548e-03	7.737564e-03	2.754945e+00	1.198833e-05	2.443812e-02	4.817281e-01	4.153031e+01	4.705364e-02	1.115884e-03	9.812459e+00	
4.590682e-03	2.794046e-05	7.320998e-03	1.177280e+01	2.007561e-01	1.491111e+01	2.525841e-02	2.269806e-01	3.249157e-01	1.482086e+00	1.015876e-02	4.622607e-01	8.533559e-01	1.112270e-05	9.391976e+02	2.385797e+00	2.256770e-01	1.228715e-02	1.426125e-02	1.396174e-02	2.022897e-01	1.573939e-05	1.823096e-05	6.742528e-03	7.759791e-03	2.765538e+00	1.173183e-05	2.442256e-02	4.694443e-01	4.162298e+01	4.691824e-02	1.426992e-03	9.820723e+00	
4.590704e-03	3.090563e-05	6.653454e-03	1.149761e+01	1.956136e-01	1.493547e+01	2.523068e-02	2.261638e-01	3.249322e-01	1.483880e+00	1.025497e-02	4.634949e-01	8.533680e-01	1.112444e-05	9.466996e+02	2.375657e+00	2.243011e-01	1.274448e-02	1.479189e-02	1.392267e-02	2.014126e-01	1.599029e-05	1.883834e-05	6.831290e-03	7.861094e-03	2.774781e+00	1.147910e-05	2.434692e-02	4.761627e-01	4.165150e+01	4.692968e-02	1.333267e-03	9.814828e+00	
4.590709e-03	2.755288e-05	6.687443e-03	1.211589e+01	2.086364e-01	1.488707e+01	2.531503e-02	2.268708e-01	3.249322e-01	1.481574e+00	9.558733e-03	4.657534e-01	8.533655e-01	1.110199e-05	9.465716e+02	2.382972e+00	2.254711e-01	1.249379e-02	1.450007e-02	1.382464e-02	1.992057e-01	1.485218e-05	1.801653e-05	6.722975e-03	7.724274e-03	2.779182e+00	1.207735e-05	2.442907e-02	4.674648e-01	4.151769e+01	4.710562e-02	1.487608e-03	9.820841e+00	
4.590711e-03	2.576630e-05	6.812277e-03	1.215998e+01	2.096010e-01	1.488994e+01	2.529797e-02	2.261498e-01	3.249287e-01	1.480460e+00	9.254791e-03	4.687310e-01	8.532910e-01	1.106402e-05	9.661757e+02	2.383637e+00	2.259206e-01	1.236106e-02	1.435227e-02	1.383195e-02	2.000034e-01	1.582289e-05	1.749012e-05	6.528274e-03	7.544918e-03	2.755629e+00	1.208738e-05	2.445164e-02	4.757474e-01	4.157908e+01	4.700941e-02	1.308894e-03	9.825401e+00	
4.590723e-03	2.809336e-05	7.068785e-03	1.201248e+01	2.067075e-01	1.489820e+01	2.529707e-02	2.270143e-01	3.249128e-01	1.483624e+00	9.834203e-03	4.638258e-01	8.533044e-01	1.107505e-05	9.426190e+02	2.387017e+00	2.262746e-01	1.223302e-02	1.419567e-02	1.386356e-02	2.001480e-01	1.598113e-05	1.845842e-05	6.628873e-03	7.632696e-03	2.766994e+00	1.237900e-05	2.441421e-02	4.708043e-01	4.155503e+01	4.707060e-02	1.239501e-03	9.819171e+00	
4.590729e-03	2.742221e-05	6.407302e-03	1.175741e+01	2.004469e-01	1.492566e+01	2.520407e-02	2.273348e-01	3.249012e-01	1.483688e+00	1.014931e-02	4.641806e-01	8.532985e-01	1.111499e-05	9.677119e+02	2.378988e+00	2.249426e-01	1.267161e-02	1.470775e-02	1.380079e-02	1.995190e-01	1.638715e-05	1.817213e-05	6.629339e-03	7.658797e-03	2.758915e+00	1.232083e-05	2.440724e-02	4.798951e-01	4.161641e+01	4.688709e-02	1.177892e-03	9.821964e+00	
4.590736e-03	2.859421e-05	6.469916e-03	1.177682e+01	2.007387e-01	1.489947e+01	2.528375e-02	2.270317e-01	3.249134e-01	1.485475e+00	9.280777e-03	4.632105e-01	8.533329e-01	1.113203e-05	9.544600e+02	2.379360e+00	2.251446e-01	1.271141e-02	1.474278e-02	1.382860e-02	1.996394e-01	1.486957e-05	1.737377e-05	6.675699e-03	7.701827e-03	2.774324e+00	1.126325e-05	2.438436e-02	4.741712e-01	4.154550e+01	4.704217e-02	1.271785e-03	9.815541e+00	
4.590745e-03	2.621731e-05	6.268349e-03	1.178859e+01	2.013048e-01	1.490760e+01	2.525305e-02	2.264376e-01	3.249151e-01	1.482684e+00	1.006497e-02	4.651571e-01	8.532064e-01	1.109433e-05	9.783950e+02	2.378306e+00	2.246497e-01	1.298160e-02	1.506104e-02	1.374777e-02	1.989679e-01	1.660699e-05	1.760299e-05	6.648418e-03	7.702038e-03	2.745570e+00	1.136053e-05	2.445864e-02	4.807329e-01	4.161415e+01	4.692174e-02	1.135757e-03	9.821816e+00	
4.590745e-03	2.776841e-05	6.517518e-03	1.155117e+01	1.963301e-01	1.489442e+01	2.530383e-02	2.265830e-01	3.249304e-01	1.484563e+00	9.107818e-03	4.630973e-01	8.532968e-01	1.113083e-05	9.536042e+02	2.379130e+00	2.248488e-01	1.257476e-02	1.458703e-02	1.388671e-02	2.006290e-01	1.562339e-05	1.717794e-05	6.958859e-03	8.011004e-03	2.774959e+00	1.143370e-05	2.431769e-02	4.817750e-01	4.154180e+01	4.707607e-02	1.166440e-03	9.818898e+00	
4.590752e-03	2.898787e-05	6.582913e-03	1.177238e+01	2.010837e-01	1.493284e+01	2.524162e-02	2.268129e-01	3.249203e-01	1.482621e+00	1.024600e-02	4.653581e-01	8.532775e-01	1.109115e-05	9.390870e+02	2.382829e+00	2.255688e-01	1.230314e-02	1.428734e-02	1.388058e-02	2.005439e-01	1.550027e-05	1.832281e-05	6.620270e-03	7.612242e-03	2.778000e+00	1.185859e-05	2.433033e-02	4.787584e-01	4.162880e+01	4.695587e-02	1.379715e-03	9.820871e+00	
4.590760e-03	2.811895e-05	6.467779e-03	1.139583e+01	1.933805e-01	1.489933e+01	2.529030e-02	2.262535e-01	3.249325e-01	1.486106e+00	9.492806e-03	4.598766e-01	8.532761e-01	1.113213e-05	9.543494e+02	2.380457e+00	2.249044e-01	1.223413e-02	1.419765e-02	1.387795e-02	2.004155e-01	1.654164e-05	1.837667e-05	6.936978e-03	7.987812e-03	2.762597e+00	1.139023e-05	2.438512e-02	4.796446e-01	4.155270e+01	4.706155e-02	1.158290e-03	9.815001e+00	
4.590765e-03	2.853804e-05	6.618584e-03	1.179148e+01	2.015086e-01	1.494748e+01	2.518735e-02	2.250906e-01	3.249489e-01	1.480935e+00	1.046331e-02	4.674811e-01	8.532472e-01	1.107558e-05	9.401388e+02	2.379802e+00	2.250778e-01	1.221372e-02	1.418308e-02	1.395442e-02	2.018856e-01	1.676172e-05	1.976779e-05	6.635744e-03	7.640462e-03	2.774179e+00	1.295402e-05	2.434917e-02	4.871975e-01	4.171326e+01	4.678942e-02	1.178266e-03	9.823196e+00	
4.590766e-03	2.821530e-05	6.617142e-03	1.196139e+01	2.052157e-01	1.491204e+01	2.527746e-02	2.273086e-01	3.248962e-01	1.484348e+00	9.720223e-03	4.645961e-01	8.532427e-01	1.111028e-05	9.536674e+02	2.385289e+00	2.260706e-01	1.265770e-02	1.468744e-02	1.380961e-02	1.995407e-01	1.549288e-05	1.798657e-05	6.557101e-03	7.552414e-03	2.766242e+00	1.204117e-05	2.442451e-02	4.741482e-01	4.162271e+01	4.695260e-02	1.142696e-03	9.817692e+00	
4.590770e-03	2.807058e-05	6.981333e-03	1.180871e+01	2.015074e-01	1.490286e+01	2.525986e-02	2.267123e-01	3.249281e-01	1.484912e+00	9.667907e-03	4.653115e-01	8.533050e-01	1.109605e-05	9.503110e+02	2.384141e+00	2.257229e-01	1.231307e-02	1.428342e-02	1.390652e-02	2.009937e-01	1.627275e-05	1.840868e-05	6.676342e-03	7.701069e-03	2.761731e+00	1.213294e-05	2.445782e-02	4.763951e-01	4.160703e+01	4.693416e-02	1.209640e-03	9.817158e+00	
4.590789e-03	2.932486e-05	6.951865e-03	1.143855e+01	1.942417e-01	1.493999e+01	2.521752e-02	2.260299e-01	3.249279e-01	1.481368e+00	1.071147e-02	4.643632e-01	8.532920e-01	1.111563e-05	9.487859e+02	2.378475e+00	2.247504e-01	1.249082e-02	1.449250e-02	1.394096e-02	2.018178e-01	1.625048e-05	1.828661e-05	6.697853e-03	7.702538e-03	2.763778e+00	1.146525e-05	2.439514e-02	4.665662e-01	4.163476e+01	4.693498e-02	1.311844e-03	9.814436e+00	
4.590792e-03	2.812993e-05	6.199651e-03	1.155411e+01	1.967029e-01	1.490777e+01	2.527351e-02	2.260361e-01	3.249323e-01	1.485641e+00	8.960403e-03	4.622784e-01	8.532005e-01	1.113331e-05	9.639149e+02	2.377395e+00	2.245243e-01	1.266876e-02	1.469791e-02	1.385340e-02	1.998501e-01	1.558985e-05	1.770640e-05	6.732506e-03	7.745208e-03	2.759020e+00	1.069751e-05	2.440630e-02	4.827635e-01	4.159512e+01	4.698876e-02	1.158163e-03	9.820658e+00	
4.590795e-03	2.754594e-05	6.477156e-03	1.163982e+01	1.987349e-01	1.492169e+01	2.521443e-02	2.268307e-01	3.249126e-01	1.485807e+00	1.003434e-02	4.615552e-01	8.532152e-01	1.111042e-05	9.613219e+02	2.380163e+00	2.249894e-01	1.219682e-02	1.416614e-02	1.379933e-02	1.992255e-01	1.651883e-05	1.814442e-05	6.491542e-03	7.472277e-03	2.756681e+00	1.223673e-05	2.446688e-02	4.719428e-01	4.157658e+01	4.696626e-02	1.129567e-03	9.815470e+00	
4.590801e-03	2.737290e-05	6.678143e-03	1.177033e+01	2.006803e-01	1.489688e+01	2.527396e-02	2.270894e-01	3.249165e-01	1.483760e+00	9.496033e-03	4.635639e-01	8.533014e-01	1.109040e-05	9.479933e+02	2.381714e+00	2.252463e-01	1.246908e-02	1.446908e-02	1.388965e-02	2.005969e-01	1.541940e-05	1.758561e-05	6.846408e-03	7.865531e-03	2.769012e+00	1.164698e-05	2.432266e-02	4.868060e-01	4.154039e+01	4.703689e-02	1.224736e-03	9.821804e+00	
4.590826e-03	2.795619e-05	6.512941e-03	1.191655e+01	2.037951e-01	1.494226e+01	2.519498e-02	2.264398e-01	3.249235e-01	1.481223e+00	1.109616e-02	4.649314e-01	8.532832e-01	1.111178e-05	9.431221e+02	2.384253e+00	2.256320e-01	1.253445e-02	1.454006e-02	1.384868e-02	1.999351e-01	1.599813e-05	1.819118e-05	6.398286e-03	7.378651e-03	2.762238e+00	1.312200e-05	2.444715e-02	4.681729e-01	4.162146e+01	4.692021e-02	1.355287e-03	9.818567e+00	
4.590826e-03	2.760859e-05	6.522697e-03	1.169764e+01	1.999224e-01	1.492086e+01	2.526663e-02	2.259282e-01	3.249389e-01	1.480965e+00	9.947414e-03	4.656070e-01	8.533374e-01	1.112407e-05	9.537967e+02	2.379023e+00	2.250773e-01	1.233498e-02	1.431032e-02	1.389316e-02	2.008471e-01	1.570736e-05	1.788333e-05	6.751137e-03	7.779851e-03	2.759873e+00	1.140575e-05	2.438117e-02	4.752705e-01	4.158279e+01	4.704150e-02	1.383446e-03	9.820540e+00	
4.590839e-03	2.579195e-05	6.578730e-03	1.205099e+01	2.068749e-01	1.488355e+01	2.531583e-02	2.277955e-01	3.249042e-01	1.482758e+00	9.710353e-03	4.674477e-01	8.532266e-01	1.106133e-05	9.627546e+02	2.385097e+00	2.259861e-01	1.253495e-02	1.455089e-02	1.375745e-02	1.982659e-01	1.541135e-05	1.734633e-05	6.633800e-03	7.649549e-03	2.757216e+00	1.206631e-05	2.441481e-02	4.843245e-01	4.151731e+01	4.710115e-02	1.194238e-03	9.824510e+00	
4.590839e-03	2.757092e-05	6.773375e-03	1.197386e+01	2.049805e-01	1.493715e+01	2.520666e-02	2.267939e-01	3.249211e-01	1.479185e+00	1.083042e-02	4.655002e-01	8.533076e-01	1.111846e-05	9.532979e+02	2.385124e+00	2.257031e-01	1.227551e-02	1.424907e-02	1.390727e-02	2.008959e-01	1.680480e-05	1.917837e-05	6.524122e-03	7.503402e-03	2.756335e+00	1.234518e-05	2.443775e-02	4.734926e-01	4.170185e+01	4.680820e-02	1.356270e-03	9.825096e+00	
4.590855e-03	2.997378e-05	6.928124e-03	1.176488e+01	2.014371e-01	1.489117e+01	2.530622e-02	2.266863e-01	3.249367e-01	1.484014e+00	9.653648e-03	4.655035e-01	8.533856e-01	1.114145e-05	9.529476e+02	2.379017e+00	2.250052e-01	1.253548e-02	1.453801e-02	1.392689e-02	2.014655e-01	1.565812e-05	1.793643e-05	6.870403e-03	7.920099e-03	2.771093e+00	1.098407e-05	2.441457e-02	4.734609e-01	4.159095e+01	4.699312e-02	1.356692e-03	9.817484e+00	
4.590859e-03	3.077617e-05	6.265228e-03	1.155198e+01	1.960234e-01	1.496202e+01	2.517951e-02	2.264431e-01	3.249188e-01	1.482041e+00	1.076294e-02	4.664381e-01	8.532511e-01	1.112785e-05	9.351188e+02	2.380463e+00	2.251112e-01	1.211661e-02	1.406617e-02	1.388663e-02	2.009730e-01	1.573225e-05	1.830516e-05	6.559754e-03	7.541534e-03	2.775366e+00	1.241081e-05	2.431115e-02	4.802502e-01	4.168489e+01	4.687594e-02	1.404724e-03	9.818158e+00	
4.590860e-03	2.713077e-05	6.491161e-03	1.192757e+01	2.045135e-01	1.489078e+01	2.530958e-02	2.273396e-01	3.249162e-01	1.481726e+00	1.004049e-02	4.684440e-01	8.532273e-01	1.109075e-05	9.588323e+02	2.387080e+00	2.260209e-01	1.249026e-02	1.450435e-02	1.377931e-02	1.987320e-01	1.575383e-05	1.736931e-05	6.729643e-03	7.748686e-03	2.754654e+00	1.191978e-05	2.440643e-02	4.827630e-01	4.157440e+01	4.701786e-02	1.321087e-03	9.822968e+00	
4.590862e-03	2.880918e-05	6.451720e-03	1.176941e+01	2.011048e-01	1.491582e+01	2.521859e-02	2.269979e-01	3.249055e-01	1.484434e+00	1.030834e-02	4.640069e-01	8.532483e-01	1.111561e-05	9.451238e+02	2.382516e+00	2.253203e-01	1.310639e-02	1.520603e-02	1.387891e-02	2.009182e-01	1.548370e-05	1.775882e-05	6.609920e-03	7.603018e-03	2.771737e+00	1.060297e-05	2.436375e-02	4.788465e-01	4.159588e+01	4.691066e-02	1.430831e-03	9.824408e+00	
4.590863e-03	2.698486e-05	6.467712e-03	1.188932e+01	2.034112e-01	1.488840e+01	2.533063e-02	2.254129e-01	3.249520e-01	1.481865e+00	9.205501e-03	4.681292e-01	8.532507e-01	1.104977e-05	9.577974e+02	2.384742e+00	2.256589e-01	1.247035e-02	1.446077e-02	1.388141e-02	2.010956e-01	1.543326e-05	1.698789e-05	6.789872e-03	7.847127e-03	2.764845e+00	1.094423e-05	2.437890e-02	4.849924e-01	4.154028e+01	4.708857e-02	1.294574e-03	9.823260e+00	
4.590865e-03	2.814768e-05	6.607855e-03	1.193977e+01	2.048506e-01	1.493191e+01	2.522022e-02	2.262104e-01	3.249317e-01	1.477802e+00	1.079878e-02	4.685762e-01	8.533175e-01	1.109923e-05	9.553885e+02	2.381641e+00	2.253502e-01	1.286389e-02	1.492305e-02	1.386646e-02	2.006472e-01	1.594864e-05	1.791566e-05	6.585651e-03	7.588134e-03	2.760553e+00	1.233314e-05	2.444242e-02	4.705397e-01	4.165325e+01	4.687338e-02	1.387153e-03	9.819086e+00	
4.590869e-03	2.815776e-05	6.639213e-03	1.204711e+01	2.069809e-01	1.492971e+01	2.522025e-02	2.263549e-01	3.249416e-01	1.481098e+00	1.010207e-02	4.641519e-01	8.534094e-01	1.110454e-05	9.493842e+02	2.381053e+00	2.251647e-01	1.302223e-02	1.511826e-02	1.389438e-02	2.004803e-01	1.634732e-05	1.881709e-05	6.606687e-03	7.604792e-03	2.768101e+00	1.200992e-05	2.447721e-02	4.625392e-01	4.164261e+01	4.690282e-02	1.470872e-03	9.821321e+00	
4.590878e-03	2.874952e-05	6.710815e-03	1.159704e+01	1.972591e-01	1.490842e+01	2.527041e-02	2.257118e-01	3.249456e-01	1.484062e+00	9.780190e-03	4.648901e-01	8.533401e-01	1.110985e-05	9.466699e+02	2.379938e+00	2.248811e-01	1.249351e-02	1.451319e-02	1.396525e-02	2.022027e-01	1.599567e-05	1.836386e-05	6.839221e-03	7.858556e-03	2.778371e+00	1.111235e-05	2.436268e-02	4.744392e-01	4.160134e+01	4.697258e-02	1.374713e-03	9.819405e+00	
4.590907e-03	2.949866e-05	6.210715e-03	1.167663e+01	1.992160e-01	1.493736e+01	2.520023e-02	2.260714e-01	3.249285e-01	1.481543e+00	1.053832e-02	4.665016e-01	8.532892e-01	1.110935e-05	9.466236e+02	2.379054e+00	2.249517e-01	1.207433e-02	1.403262e-02	1.385506e-02	2.002989e-01	1.582885e-05	1.821254e-05	6.621837e-03	7.608715e-03	2.769878e+00	1.149437e-05	2.435503e-02	4.785374e-01	4.162660e+01	4.691491e-02	1.553568e-03	9.823792e+00	
4.590912e-03	2.930353e-05	6.373025e-03	1.163489e+01	1.979830e-01	1.491758e+01	2.521194e-02	2.273053e-01	3.248953e-01	1.485278e+00	1.072666e-02	4.621100e-01	8.531786e-01	1.111772e-05	9.611723e+02	2.381498e+00	2.250446e-01	1.227365e-02	1.424849e-02	1.379028e-02	1.989278e-01	1.615932e-05	1.814183e-05	6.568212e-03	7.568493e-03	2.748975e+00	1.112758e-05	2.440733e-02	4.856916e-01	4.155346e+01	4.698848e-02	1.327274e-03	9.817045e+00	
4.590922e-03	2.735648e-05	6.936482e-03	1.190446e+01	2.039240e-01	1.490378e+01	2.529713e-02	2.267293e-01	3.249152e-01	1.480723e+00	9.999501e-03	4.655460e-01	8.532800e-01	1.110496e-05	9.683178e+02	2.381282e+00	2.251678e-01	1.226200e-02	1.424430e-02	1.381218e-02	1.995396e-01	1.650525e-05	1.856758e-05	6.601919e-03	7.589691e-03	2.751714e+00	1.262092e-05	2.449354e-02	4.727418e-01	4.157470e+01	4.704026e-02	1.127660e-03	9.817648e+00	
4.590923e-03	2.752565e-05	7.038805e-03	1.222637e+01	2.104868e-01	1.490629e+01	2.527359e-02	2.256067e-01	3.249482e-01	1.479218e+00	9.553004e-03	4.696235e-01	8.532572e-01	1.106295e-05	9.589336e+02	2.385346e+00	2.255306e-01	1.197161e-02	1.389426e-02	1.394166e-02	2.016668e-01	1.620396e-05	1.879343e-05	6.498458e-03	7.474216e-03	2.759640e+00	1.198774e-05	2.447619e-02	4.833328e-01	4.162291e+01	4.693428e-02	1.368184e-03	9.826441e+00	
4.590934e-03	2.928051e-05	6.622714e-03	1.184220e+01	2.019640e-01	1.491436e+01	2.524969e-02	2.266505e-01	3.249267e-01	1.479792e+00	1.067870e-02	4.651965e-01	8.533206e-01	1.111451e-05	9.474932e+02	2.380708e+00	2.252511e-01	1.269297e-02	1.472197e-02	1.388017e-02	2.003621e-01	1.566253e-05	1.797424e-05	6.764717e-03	7.789582e-03	2.766737e+00	1.144800e-05	2.438439e-02	4.733634e-01	4.156690e+01	4.700653e-02	1.539965e-03	9.821111e+00	
4.590934e-03	2.770967e-05	6.615842e-03	1.207418e+01	2.077113e-01	1.491909e+01	2.525304e-02	2.268064e-01	3.249205e-01	1.480495e+00	1.056228e-02	4.669316e-01	8.532926e-01	1.108066e-05	9.416572e+02	2.387515e+00	2.264261e-01	1.255688e-02	1.457265e-02	1.389299e-02	2.009884e-01	1.557013e-05	1.777191e-05	6.590048e-03	7.597900e-03	2.768146e+00	1.180882e-05	2.437786e-02	4.743245e-01	4.162361e+01	4.693241e-02	1.515435e-03	9.825825e+00	
4.590934e-03	2.774609e-05	6.781258e-03	1.171042e+01	1.993203e-01	1.490994e+01	2.525502e-02	2.261042e-01	3.249455e-01	1.482614e+00	9.818774e-03	4.648628e-01	8.533284e-01	1.109460e-05	9.552807e+02	2.380324e+00	2.249055e-01	1.233379e-02	1.431338e-02	1.394299e-02	2.016863e-01	1.638905e-05	1.856626e-05	6.727502e-03	7.748741e-03	2.754070e+00	1.192792e-05	2.445973e-02	4.773862e-01	4.162207e+01	4.690299e-02	1.202357e-03	9.816965e+00	
4.590945e-03	2.859402e-05	6.281695e-03	1.147319e+01	1.947322e-01	1.490552e+01	2.528690e-02	2.256234e-01	3.249266e-01	1.483097e+00	9.568961e-03	4.660426e-01	8.531888e-01	1.112584e-05	9.489681e+02	2.380116e+00	2.252162e-01	1.201566e-02	1.394181e-02	1.387570e-02	2.006848e-01	1.564122e-05	1.758888e-05	6.791755e-03	7.827279e-03	2.769307e+00	1.156604e-05	2.432752e-02	4.906521e-01	4.157608e+01	4.702416e-02	1.130100e-03	9.818819e+00	
4.590945e-03	2.988446e-05	6.226852e-03	1.171726e+01	2.001424e-01	1.494514e+01	2.520537e-02	2.267263e-01	3.249189e-01	1.480451e+00	1.095788e-02	4.633508e-01	8.533234e-01	1.114260e-05	9.420487e+02	2.379740e+00	2.250012e-01	1.275547e-02	1.481076e-02	1.389135e-02	2.004000e-01	1.588083e-05	1.853371e-05	6.683441e-03	7.676571e-03	2.779828e+00	1.159386e-05	2.429714e-02	4.771571e-01	4.164060e+01	4.692040e-02	1.528342e-03	9.824803e+00	
4.590956e-03	2.726661e-05	6.015257e-03	1.189549e+01	2.036199e-01	1.492934e+01	2.522508e-02	2.267889e-01	3.249107e-01	1.481477e+00	9.977197e-03	4.651574e-01	8.532887e-01	1.111820e-05	9.580348e+02	2.379087e+00	2.248702e-01	1.297312e-02	1.504024e-02	1.379725e-02	1.993967e-01	1.568728e-05	1.825606e-05	6.699944e-03	7.719787e-03	2.771738e+00	1.202023e-05	2.434013e-02	4.870782e-01	4.161290e+01	4.693406e-02	1.240341e-03	9.829134e+00	
4.590980e-03	2.881640e-05	6.463786e-03	1.212793e+01	2.085054e-01	1.492198e+01	2.524479e-02	2.255611e-01	3.249427e-01	1.479858e+00	9.516212e-03	4.666091e-01	8.533706e-01	1.111149e-05	9.562163e+02	2.381676e+00	2.250411e-01	1.282337e-02	1.488212e-02	1.387580e-02	2.010559e-01	1.620050e-05	1.840201e-05	6.693223e-03	7.721920e-03	2.765798e+00	1.156029e-05	2.439352e-02	4.765483e-01	4.162675e+01	4.693872e-02	1.418664e-03	9.825398e+00	
4.590981e-03	2.722752e-05	6.528463e-03	1.179546e+01	2.019446e-01	1.491773e+01	2.525445e-02	2.267300e-01	3.249242e-01	1.482180e+00	1.021461e-02	4.645582e-01	8.532883e-01	1.109034e-05	9.565409e+02	2.379283e+00	2.251072e-01	1.243840e-02	1.443959e-02	1.386196e-02	1.999427e-01	1.598826e-05	1.814794e-05	6.639698e-03	7.643054e-03	2.764132e+00	1.184742e-05	2.439491e-02	4.749764e-01	4.155628e+01	4.700510e-02	1.308547e-03	9.820966e+00	
4.590986e-03	2.724929e-05	6.986561e-03	1.202839e+01	2.070189e-01	1.493071e+01	2.524265e-02	2.253903e-01	3.249463e-01	1.482328e+00	9.582836e-03	4.660323e-01	8.532489e-01	1.105767e-05	9.549781e+02	2.380984e+00	2.255235e-01	1.191171e-02	1.381460e-02	1.391228e-02	2.013503e-01	1.690472e-05	1.900666e-05	6.457826e-03	7.448147e-03	2.752368e+00	1.291464e-05	2.447473e-02	4.768556e-01	4.165678e+01	4.694777e-02	1.137969e-03	9.818032e+00	
4.590991e-03	2.910738e-05	6.933411e-03	1.177531e+01	2.006335e-01	1.493729e+01	2.522320e-02	2.268414e-01	3.249187e-01	1.482785e+00	1.025762e-02	4.626532e-01	8.533166e-01	1.109044e-05	9.228859e+02	2.386143e+00	2.259504e-01	1.247739e-02	1.446616e-02	1.396961e-02	2.018289e-01	1.524974e-05	1.854803e-05	6.678795e-03	7.665286e-03	2.786580e+00	1.187133e-05	2.430785e-02	4.721143e-01	4.162007e+01	4.696469e-02	1.468003e-03	9.819613e+00	
4.590993e-03	2.877610e-05	6.567696e-03	1.191057e+01	2.041947e-01	1.493520e+01	2.519936e-02	2.265641e-01	3.249247e-01	1.481969e+00	1.072910e-02	4.656486e-01	8.532829e-01	1.110521e-05	9.454752e+02	2.383665e+00	2.256288e-01	1.253778e-02	1.453486e-02	1.389432e-02	2.008311e-01	1.686098e-05	1.921045e-05	6.639256e-03	7.655238e-03	2.761297e+00	1.299764e-05	2.441499e-02	4.805638e-01	4.169625e+01	4.681426e-02	1.228726e-03	9.821682e+00	
4.590995e-03	2.753459e-05	6.647192e-03	1.204606e+01	2.073640e-01	1.490525e+01	2.528517e-02	2.268322e-01	3.249291e-01	1.482585e+00	9.554616e-03	4.661499e-01	8.533381e-01	1.106970e-05	9.577131e+02	2.383801e+00	2.254960e-01	1.256048e-02	1.458672e-02	1.383004e-02	1.996218e-01	1.558671e-05	1.792815e-05	6.586961e-03	7.578530e-03	2.766908e+00	1.202263e-05	2.447543e-02	4.702468e-01	4.156520e+01	4.703036e-02	1.347379e-03	9.821866e+00	
4.590999e-03	2.912776e-05	6.440007e-03	1.164927e+01	1.981624e-01	1.495835e+01	2.515292e-02	2.252896e-01	3.249448e-01	1.479940e+00	1.070850e-02	4.650097e-01	8.534400e-01	1.111361e-05	9.407125e+02	2.374780e+00	2.241354e-01	1.324680e-02	1.535630e-02	1.394088e-02	2.023964e-01	1.628793e-05	1.832366e-05	6.757489e-03	7.789630e-03	2.774102e+00	1.165202e-05	2.434422e-02	4.715402e-01	4.170477e+01	4.679235e-02	1.452158e-03	9.823516e+00	
4.591001e-03	2.981750e-05	6.785539e-03	1.159227e+01	1.966835e-01	1.490698e+01	2.527463e-02	2.246570e-01	3.249627e-01	1.481042e+00	1.014058e-02	4.667280e-01	8.532641e-01	1.110641e-05	9.566293e+02	2.379669e+00	2.250218e-01	1.182122e-02	1.373609e-02	1.393778e-02	2.020154e-01	1.770602e-05	1.890797e-05	6.775430e-03	7.819083e-03	2.746903e+00	1.106429e-05	2.446892e-02	4.758214e-01	4.163279e+01	4.694208e-02	1.328924e-03	9.816738e+00	
4.591009e-03	2.893037e-05	6.794292e-03	1.186099e+01	2.030625e-01	1.493039e+01	2.522043e-02	2.266300e-01	3.249253e-01	1.479405e+00	1.084432e-02	4.661132e-01	8.532835e-01	1.108707e-05	9.486821e+02	2.382584e+00	2.252117e-01	1.219063e-02	1.416211e-02	1.385332e-02	2.000039e-01	1.660120e-05	1.912039e-05	6.613937e-03	7.592497e-03	2.756957e+00	1.261980e-05	2.442849e-02	4.806755e-01	4.167154e+01	4.687712e-02	1.297098e-03	9.819017e+00	
4.591011e-03	2.795204e-05	6.341088e-03	1.158798e+01	1.973905e-01	1.495778e+01	2.514842e-02	2.262149e-01	3.249301e-01	1.483970e+00	1.122409e-02	4.610635e-01	8.532647e-01	1.109606e-05	9.479132e+02	2.380490e+00	2.249833e-01	1.243464e-02	1.442525e-02	1.389436e-02	2.009051e-01	1.693863e-05	1.881021e-05	6.613837e-03	7.615732e-03	2.758906e+00	1.305488e-05	2.441028e-02	4.752801e-01	4.168614e+01	4.681658e-02	1.214376e-03	9.817582e+00	
4.591016e-03	2.823757e-05	6.363570e-03	1.133570e+01	1.916780e-01	1.490594e+01	2.526626e-02	2.266392e-01	3.249259e-01	1.485423e+00	9.544242e-03	4.582577e-01	8.533802e-01	1.116109e-05	9.506417e+02	2.375947e+00	2.242377e-01	1.302437e-02	1.511248e-02	1.388018e-02	2.005918e-01	1.551358e-05	1.765244e-05	7.146556e-03	8.203315e-03	2.781583e+00	1.062615e-05	2.426560e-02	4.777323e-01	4.155507e+01	4.701936e-02	1.296973e-03	9.821339e+00	
4.591022e-03	2.713580e-05	6.815483e-03	1.223568e+01	2.113833e-01	1.490397e+01	2.528031e-02	2.271465e-01	3.249186e-01	1.481336e+00	9.999771e-03	4.658195e-01	8.533302e-01	1.105949e-05	9.518368e+02	2.387171e+00	2.261484e-01	1.250896e-02	1.452769e-02	1.386093e-02	1.999682e-01	1.586447e-05	1.829998e-05	6.670029e-03	7.658428e-03	2.763247e+00	1.201567e-05	2.444138e-02	4.714927e-01	4.156837e+01	4.701199e-02	1.480427e-03	9.824883e+00	
4.591031e-03	2.783489e-05	7.008502e-03	1.182898e+01	2.028266e-01	1.489711e+01	2.527263e-02	2.270324e-01	3.249189e-01	1.482512e+00	9.813077e-03	4.637747e-01	8.532648e-01	1.108905e-05	9.741818e+02	2.381634e+00	2.251972e-01	1.202409e-02	1.395149e-02	1.381472e-02	1.996535e-01	1.649903e-05	1.724754e-05	6.596090e-03	7.610906e-03	2.740631e+00	1.179749e-05	2.447607e-02	4.732474e-01	4.153924e+01	4.703047e-02	1.241992e-03	9.813317e+00	
4.591035e-03	2.914852e-05	6.646811e-03	1.203136e+01	2.073036e-01	1.491706e+01	2.524689e-02	2.255276e-01	3.249406e-01	1.478707e+00	1.006256e-02	4.669150e-01	8.532752e-01	1.110572e-05	9.590842e+02	2.381608e+00	2.253796e-01	1.207455e-02	1.401664e-02	1.386531e-02	2.001526e-01	1.677257e-05	1.902774e-05	6.602655e-03	7.595708e-03	2.755617e+00	1.222927e-05	2.439134e-02	4.802131e-01	4.163658e+01	4.691527e-02	1.310893e-03	9.822540e+00	
4.591052e-03	2.795329e-05	7.025795e-03	1.177053e+01	2.008286e-01	1.494713e+01	2.519244e-02	2.264198e-01	3.249305e-01	1.478056e+00	1.078538e-02	4.664014e-01	8.532663e-01	1.108305e-05	9.510474e+02	2.379718e+00	2.248269e-01	1.196215e-02	1.390092e-02	1.389896e-02	2.007055e-01	1.717443e-05	1.984810e-05	6.591541e-03	7.561441e-03	2.751303e+00	1.302714e-05	2.441745e-02	4.834035e-01	4.163614e+01	4.692492e-02	1.167613e-03	9.818920e+00	
4.591062e-03	2.878595e-05	6.293028e-03	1.172193e+01	1.999733e-01	1.490626e+01	2.526136e-02	2.264645e-01	3.249212e-01	1.485758e+00	9.569473e-03	4.624769e-01	8.532917e-01	1.112560e-05	9.483060e+02	2.382657e+00	2.253650e-01	1.280216e-02	1.486331e-02	1.387563e-02	2.006066e-01	1.562714e-05	1.808559e-05	6.737903e-03	7.754734e-03	2.774623e+00	1.130561e-05	2.436625e-02	4.830099e-01	4.158369e+01	4.697493e-02	1.298602e-03	9.817466e+00	
4.591064e-03	2.627470e-05	6.681352e-03	1.184950e+01	2.025609e-01	1.490960e+01	2.523445e-02	2.256168e-01	3.249382e-01	1.481318e+00	9.887287e-03	4.650968e-01	8.532519e-01	1.110042e-05	9.616064e+02	2.378348e+00	2.247744e-01	1.242513e-02	1.442920e-02	1.382818e-02	1.998702e-01	1.608190e-05	1.753095e-05	6.527624e-03	7.516290e-03	2.745486e+00	1.196670e-05	2.445189e-02	4.809866e-01	4.157881e+01	4.696818e-02	1.174449e-03	9.819337e+00	
4.591065e-03	2.811652e-05	6.517410e-03	1.167018e+01	1.995803e-01	1.491398e+01	2.524271e-02	2.269090e-01	3.249197e-01	1.484046e+00	1.008374e-02	4.639116e-01	8.533122e-01	1.109805e-05	9.519746e+02	2.380712e+00	2.253123e-01	1.259092e-02	1.461059e-02	1.386966e-02	2.002576e-01	1.583402e-05	1.793386e-05	6.747937e-03	7.747561e-03	2.767238e+00	1.165333e-05	2.435813e-02	4.845413e-01	4.162210e+01	4.691401e-02	1.191889e-03	9.818133e+00	
4.591065e-03	2.829280e-05	6.530094e-03	1.178087e+01	2.012157e-01	1.494345e+01	2.518087e-02	2.272561e-01	3.248981e-01	1.482602e+00	1.111666e-02	4.646643e-01	8.532220e-01	1.109565e-05	9.425541e+02	2.386506e+00	2.258918e-01	1.229771e-02	1.427825e-02	1.383875e-02	2.000528e-01	1.618042e-05	1.841600e-05	6.368258e-03	7.325610e-03	2.770480e+00	1.325339e-05	2.441723e-02	4.805281e-01	4.167780e+01	4.680649e-02	1.218443e-03	9.818099e+00	
4.591070e-03	2.810158e-05	6.422724e-03	1.192684e+01	2.041323e-01	1.491026e+01	2.527907e-02	2.271202e-01	3.249190e-01	1.483261e+00	1.010180e-02	4.616156e-01	8.533972e-01	1.111335e-05	9.451140e+02	2.381684e+00	2.250426e-01	1.286054e-02	1.492932e-02	1.382492e-02	1.994764e-01	1.510237e-05	1.777882e-05	6.695570e-03	7.698092e-03	2.772934e+00	1.189409e-05	2.440620e-02	4.687208e-01	4.155815e+01	4.707759e-02	1.413809e-03	9.820584e+00	
4.591076e-03	2.728488e-05	6.331379e-03	1.190601e+01	2.041818e-01	1.492216e+01	2.522875e-02	2.267235e-01	3.249305e-01	1.479469e+00	1.059943e-02	4.646238e-01	8.533709e-01	1.108144e-05	9.571008e+02	2.379067e+00	2.248401e-01	1.293616e-02	1.501608e-02	1.379512e-02	1.990378e-01	1.650838e-05	1.794968e-05	6.699772e-03	7.718126e-03	2.761617e+00	1.203801e-05	2.435413e-02	4.820057e-01	4.160366e+01	4.694297e-02	1.343484e-03	9.823977e+00	
4.591079e-03	2.929745e-05	6.409989e-03	1.164648e+01	1.981886e-01	1.494749e+01	2.519469e-02	2.265872e-01	3.249277e-01	1.482853e+00	1.051009e-02	4.627926e-01	8.533546e-01	1.110950e-05	9.322692e+02	2.379853e+00	2.248533e-01	1.261235e-02	1.462724e-02	1.393153e-02	2.012425e-01	1.602095e-05	1.904107e-05	6.739809e-03	7.731663e-03	2.775546e+00	1.204430e-05	2.433386e-02	4.782534e-01	4.164078e+01	4.690125e-02	1.413766e-03	9.819788e+00	
4.591087e-03	3.011528e-05	6.408834e-03	1.155910e+01	1.970647e-01	1.491529e+01	2.526950e-02	2.275402e-01	3.249066e-01	1.482077e+00	1.040243e-02	4.650052e-01	8.533119e-01	1.111255e-05	9.490482e+02	2.383823e+00	2.255809e-01	1.221190e-02	1.416723e-02	1.383176e-02	1.994553e-01	1.605376e-05	1.815096e-05	6.782348e-03	7.820057e-03	2.768398e+00	1.187344e-05	2.433281e-02	4.750359e-01	4.160043e+01	4.700064e-02	1.301245e-03	9.819027e+00	
4.591092e-03	2.811655e-05	6.675625e-03	1.178626e+01	2.007511e-01	1.493907e+01	2.519618e-02	2.260971e-01	3.249356e-01	1.482118e+00	1.034494e-02	4.654308e-01	8.533243e-01	1.111496e-05	9.570020e+02	2.377188e+00	2.244920e-01	1.282146e-02	1.486978e-02	1.388855e-02	2.010773e-01	1.642489e-05	1.835800e-05	6.787142e-03	7.835272e-03	2.759804e+00	1.231057e-05	2.440165e-02	4.786055e-01	4.167344e+01	4.684531e-02	1.258890e-03	9.820438e+00	
4.591123e-03	3.020300e-05	6.381290e-03	1.181654e+01	2.018031e-01	1.490773e+01	2.527900e-02	2.258373e-01	3.249486e-01	1.482924e+00	9.386895e-03	4.649412e-01	8.534073e-01	1.112651e-05	9.480507e+02	2.381364e+00	2.250073e-01	1.263414e-02	1.463786e-02	1.395216e-02	2.019344e-01	1.570271e-05	1.826307e-05	6.875601e-03	7.900713e-03	2.780802e+00	1.040751e-05	2.431531e-02	4.801914e-01	4.158936e+01	4.698851e-02	1.565097e-03	9.826349e+00	
4.591130e-03	2.673717e-05	6.743751e-03	1.202585e+01	2.062716e-01	1.489327e+01	2.530462e-02	2.268312e-01	3.249204e-01	1.482604e+00	9.328666e-03	4.671751e-01	8.532677e-01	1.109524e-05	9.641339e+02	2.383622e+00	2.256457e-01	1.249121e-02	1.450541e-02	1.383511e-02	1.995747e-01	1.524792e-05	1.758717e-05	6.626341e-03	7.621141e-03	2.765691e+00	1.139294e-05	2.445084e-02	4.726679e-01	4.156535e+01	4.702453e-02	1.264358e-03	9.823475e+00	
4.591132e-03	3.138855e-05	6.573833e-03	1.152638e+01	1.949649e-01	1.495174e+01	2.519973e-02	2.265840e-01	3.249289e-01	1.481787e+00	1.119847e-02	4.620824e-01	8.532979e-01	1.113538e-05	9.303639e+02	2.382044e+00	2.252458e-01	1.213156e-02	1.407755e-02	1.395373e-02	2.013614e-01	1.645738e-05	1.919073e-05	6.765324e-03	7.765104e-03	2.780690e+00	1.174237e-05	2.430740e-02	4.730645e-01	4.166863e+01	4.689400e-02	1.531503e-03	9.819328e+00	
4.591171e-03	2.824844e-05	6.910832e-03	1.188891e+01	2.038131e-01	1.490147e+01	2.528881e-02	2.270112e-01	3.249181e-01	1.483940e+00	9.661491e-03	4.652415e-01	8.532978e-01	1.108782e-05	9.569883e+02	2.381989e+00	2.254811e-01	1.252504e-02	1.452918e-02	1.385917e-02	2.001732e-01	1.600263e-05	1.853178e-05	6.657844e-03	7.661433e-03	2.760619e+00	1.144378e-05	2.441983e-02	4.821280e-01	4.160444e+01	4.698069e-02	1.120242e-03	9.819160e+00	
4.591177e-03	2.772383e-05	6.643840e-03	1.168708e+01	1.992117e-01	1.491586e+01	2.525049e-02	2.258831e-01	3.249319e-01	1.483542e+00	9.702531e-03	4.645550e-01	8.532270e-01	1.107987e-05	9.457686e+02	2.382332e+00	2.252132e-01	1.249412e-02	1.447638e-02	1.390830e-02	2.011911e-01	1.553232e-05	1.779756e-05	6.612072e-03	7.621571e-03	2.768194e+00	1.156862e-05	2.435314e-02	4.886354e-01	4.159162e+01	4.697359e-02	1.199844e-03	9.821451e+00	
4.591189e-03	2.788018e-05	6.488781e-03	1.182684e+01	2.025276e-01	1.492269e+01	2.525031e-02	2.268055e-01	3.249281e-01	1.479577e+00	1.036595e-02	4.668523e-01	8.533256e-01	1.112268e-05	9.631779e+02	2.378945e+00	2.248271e-01	1.264718e-02	1.468869e-02	1.381765e-02	1.995383e-01	1.595800e-05	1.808952e-05	6.679107e-03	7.691551e-03	2.761986e+00	1.200855e-05	2.441707e-02	4.720026e-01	4.163074e+01	4.695070e-02	1.306157e-03	9.823246e+00	
4.591203e-03	2.865318e-05	6.747384e-03	1.154824e+01	1.961780e-01	1.493199e+01	2.521163e-02	2.257233e-01	3.249381e-01	1.483158e+00	1.007870e-02	4.653030e-01	8.532209e-01	1.110223e-05	9.523118e+02	2.379416e+00	2.248690e-01	1.215492e-02	1.409593e-02	1.392450e-02	2.011825e-01	1.676643e-05	1.848786e-05	6.659512e-03	7.674801e-03	2.759003e+00	1.216966e-05	2.439659e-02	4.803467e-01	4.166023e+01	4.686638e-02	1.211463e-03	9.817665e+00	
4.591205e-03	2.873454e-05	6.208413e-03	1.157437e+01	1.968730e-01	1.490632e+01	2.527047e-02	2.272196e-01	3.249061e-01	1.483831e+00	1.033104e-02	4.648454e-01	8.532601e-01	1.110678e-05	9.517247e+02	2.383931e+00	2.256424e-01	1.301453e-02	1.511005e-02	1.383199e-02	2.003317e-01	1.558763e-05	1.724447e-05	6.840934e-03	7.894721e-03	2.778629e+00	1.019919e-05	2.435106e-02	4.877392e-01	4.158779e+01	4.699587e-02	1.486359e-03	9.827392e+00	
4.591205e-03	2.661401e-05	6.564077e-03	1.170984e+01	1.996057e-01	1.491122e+01	2.525134e-02	2.265445e-01	3.249106e-01	1.482494e+00	1.001392e-02	4.651605e-01	8.531580e-01	1.110717e-05	9.646519e+02	2.384175e+00	2.259735e-01	1.215685e-02	1.410897e-02	1.381146e-02	1.996518e-01	1.624238e-05	1.751671e-05	6.542669e-03	7.560700e-03	2.751974e+00	1.262891e-05	2.444254e-02	4.773776e-01	4.161443e+01	4.694109e-02	1.130589e-03	9.816464e+00	
4.591205e-03	2.748369e-05	6.446602e-03	1.194826e+01	2.054148e-01	1.490885e+01	2.527004e-02	2.256000e-01	3.249378e-01	1.481748e+00	9.836849e-03	4.655710e-01	8.532802e-01	1.108799e-05	9.536013e+02	2.380691e+00	2.250681e-01	1.289031e-02	1.495625e-02	1.384714e-02	2.000850e-01	1.589341e-05	1.777668e-05	6.601545e-03	7.608585e-03	2.751188e+00	1.178803e-05	2.441110e-02	4.786588e-01	4.158105e+01	4.701355e-02	1.293818e-03	9.822157e+00	
4.591207e-03	2.734644e-05	6.648407e-03	1.181350e+01	2.018954e-01	1.493641e+01	2.521231e-02	2.266959e-01	3.249199e-01	1.480084e+00	1.039272e-02	4.662654e-01	8.532658e-01	1.109202e-05	9.492752e+02	2.383479e+00	2.257118e-01	1.230331e-02	1.428508e-02	1.385701e-02	2.001901e-01	1.588706e-05	1.795527e-05	6.568942e-03	7.560005e-03	2.767424e+00	1.231176e-05	2.435431e-02	4.737315e-01	4.160848e+01	4.693424e-02	1.304178e-03	9.823853e+00	
4.591209e-03	2.871378e-05	6.275424e-03	1.183259e+01	2.017181e-01	1.492179e+01	2.522554e-02	2.275525e-01	3.248971e-01	1.483988e+00	1.017612e-02	4.616608e-01	8.533399e-01	1.114683e-05	9.546883e+02	2.379929e+00	2.250071e-01	1.281246e-02	1.487174e-02	1.377744e-02	1.988311e-01	1.525130e-05	1.783959e-05	6.625391e-03	7.639159e-03	2.766546e+00	1.188655e-05	2.438727e-02	4.793725e-01	4.156811e+01	4.699676e-02	1.360476e-03	9.820074e+00	
4.591217e-03	2.908213e-05	6.576032e-03	1.172488e+01	1.998944e-01	1.491696e+01	2.522810e-02	2.265360e-01	3.249199e-01	1.481436e+00	1.057189e-02	4.656750e-01	8.532750e-01	1.112019e-05	9.381824e+02	2.382473e+00	2.256568e-01	1.251802e-02	1.454980e-02	1.389451e-02	2.003678e-01	1.540719e-05	1.824892e-05	6.581971e-03	7.556200e-03	2.773234e+00	1.166272e-05	2.433783e-02	4.783185e-01	4.159600e+01	4.693966e-02	1.471386e-03	9.821598e+00	
4.591229e-03	2.760360e-05	6.239330e-03	1.191835e+01	2.043384e-01	1.494583e+01	2.519502e-02	2.265276e-01	3.249163e-01	1.480894e+00	1.070988e-02	4.675499e-01	8.532910e-01	1.108269e-05	9.548379e+02	2.382348e+00	2.255015e-01	1.252070e-02	1.454984e-02	1.384735e-02	2.002798e-01	1.618723e-05	1.809494e-05	6.480797e-03	7.447222e-03	2.761577e+00	1.246790e-05	2.440255e-02	4.779573e-01	4.166151e+01	4.686472e-02	1.411546e-03	9.825963e+00	
4.591268e-03	2.772067e-05	6.238006e-03	1.169289e+01	1.992499e-01	1.489723e+01	2.527041e-02	2.276555e-01	3.249097e-01	1.484976e+00	9.773286e-03	4.626387e-01	8.532919e-01	1.111220e-05	9.509099e+02	2.383578e+00	2.255191e-01	1.302221e-02	1.507932e-02	1.380045e-02	1.992630e-01	1.516126e-05	1.728756e-05	6.825097e-03	7.824907e-03	2.768540e+00	1.101836e-05	2.439181e-02	4.828624e-01	4.156255e+01	4.699282e-02	1.297859e-03	9.823093e+00	
4.591272e-03	2.856321e-05	6.233720e-03	1.169147e+01	1.993956e-01	1.493696e+01	2.520993e-02	2.262222e-01	3.249365e-01	1.480938e+00	1.051054e-02	4.638427e-01	8.533203e-01	1.111031e-05	9.354557e+02	2.381724e+00	2.251730e-01	1.251635e-02	1.452741e-02	1.390492e-02	2.005210e-01	1.534839e-05	1.852670e-05	6.608493e-03	7.574435e-03	2.783240e+00	1.144919e-05	2.433718e-02	4.768584e-01	4.160457e+01	4.695611e-02	1.502613e-03	9.821073e+00	
4.591274e-03	3.029236e-05	6.886822e-03	1.175927e+01	2.007237e-01	1.494476e+01	2.519827e-02	2.265769e-01	3.249178e-01	1.483923e+00	1.053096e-02	4.640741e-01	8.533035e-01	1.110120e-05	9.538485e+02	2.380688e+00	2.251182e-01	1.184694e-02	1.376338e-02	1.387768e-02	2.007103e-01	1.737928e-05	1.931886e-05	6.495905e-03	7.480734e-03	2.754738e+00	1.298787e-05	2.452907e-02	4.603582e-01	4.168897e+01	4.685916e-02	1.205747e-03	9.807722e+00	
4.591303e-03	2.765268e-05	6.694742e-03	1.166943e+01	1.996825e-01	1.491913e+01	2.525336e-02	2.263604e-01	3.249202e-01	1.482940e+00	1.000520e-02	4.638200e-01	8.532512e-01	1.108859e-05	9.597647e+02	2.379592e+00	2.249183e-01	1.260458e-02	1.462685e-02	1.383200e-02	2.001280e-01	1.610064e-05	1.759756e-05	6.644913e-03	7.659741e-03	2.763196e+00	1.186062e-05	2.439223e-02	4.736747e-01	4.158269e+01	4.700203e-02	1.196459e-03	9.815933e+00	
4.591311e-03	2.832760e-05	6.312917e-03	1.164064e+01	1.989022e-01	1.492716e+01	2.522892e-02	2.273928e-01	3.249078e-01	1.483565e+00	1.071693e-02	4.618917e-01	8.532694e-01	1.110602e-05	9.568392e+02	2.382154e+00	2.251984e-01	1.251579e-02	1.450333e-02	1.379879e-02	1.993610e-01	1.629005e-05	1.779032e-05	6.594715e-03	7.612153e-03	2.754729e+00	1.086872e-05	2.444357e-02	4.701334e-01	4.155882e+01	4.703298e-02	1.524133e-03	9.823146e+00	
4.591315e-03	2.890887e-05	6.548949e-03	1.178524e+01	2.013319e-01	1.492944e+01	2.523192e-02	2.266608e-01	3.249167e-01	1.482161e+00	1.008679e-02	4.664112e-01	8.533074e-01	1.111415e-05	9.401606e+02	2.383849e+00	2.257062e-01	1.247807e-02	1.450396e-02	1.389136e-02	2.009837e-01	1.544581e-05	1.834836e-05	6.599840e-03	7.585601e-03	2.776698e+00	1.232448e-05	2.436414e-02	4.809943e-01	4.163681e+01	4.691011e-02	1.294404e-03	9.820804e+00	
4.591318e-03	2.800122e-05	6.785098e-03	1.208146e+01	2.078206e-01	1.492091e+01	2.525594e-02	2.267952e-01	3.249087e-01	1.481883e+00	1.052902e-02	4.677759e-01	8.532257e-01	1.107201e-05	9.511843e+02	2.386224e+00	2.261426e-01	1.224755e-02	1.421753e-02	1.381597e-02	1.999013e-01	1.558605e-05	1.789074e-05	6.347102e-03	7.324464e-03	2.765642e+00	1.152797e-05	2.442654e-02	4.703865e-01	4.158821e+01	4.701172e-02	1.503157e-03	9.822375e+00	
4.591340e-03	2.729690e-05	6.851863e-03	1.210924e+01	2.082021e-01	1.489256e+01	2.528967e-02	2.268444e-01	3.249209e-01	1.481480e+00	9.902189e-03	4.658078e-01	8.532815e-01	1.109849e-05	9.534510e+02	2.388072e+00	2.263685e-01	1.258525e-02	1.458568e-02	1.386480e-02	2.001927e-01	1.567538e-05	1.789922e-05	6.632692e-03	7.649423e-03	2.756838e+00	1.160065e-05	2.441736e-02	4.790804e-01	4.158540e+01	4.697109e-02	1.304817e-03	9.822081e+00	
4.591340e-03	2.868936e-05	6.323867e-03	1.183075e+01	2.014788e-01	1.492550e+01	2.522544e-02	2.255736e-01	3.249381e-01	1.480678e+00	1.022960e-02	4.652482e-01	8.532810e-01	1.112384e-05	9.453513e+02	2.380644e+00	2.250846e-01	1.250038e-02	1.451867e-02	1.387524e-02	2.007271e-01	1.576499e-05	1.850423e-05	6.652985e-03	7.641168e-03	2.771236e+00	1.124531e-05	2.435920e-02	4.854122e-01	4.164803e+01	4.689604e-02	1.316625e-03	9.823844e+00	
4.591344e-03	2.677295e-05	6.542654e-03	1.192049e+01	2.041767e-01	1.493532e+01	2.520587e-02	2.263444e-01	3.249141e-01	1.481360e+00	1.056840e-02	4.659229e-01	8.532133e-01	1.106176e-05	9.460085e+02	2.383719e+00	2.257906e-01	1.268404e-02	1.469949e-02	1.387540e-02	2.010012e-01	1.554762e-05	1.739308e-05	6.493050e-03	7.477559e-03	2.756965e+00	1.222172e-05	2.437452e-02	4.855912e-01	4.161701e+01	4.692201e-02	1.333881e-03	9.822810e+00	
4.591349e-03	2.932395e-05	6.637343e-03	1.190692e+01	2.039265e-01	1.488740e+01	2.531755e-02	2.256339e-01	3.249435e-01	1.480688e+00	9.338628e-03	4.678995e-01	8.533179e-01	1.111837e-05	9.525968e+02	2.382263e+00	2.252713e-01	1.218246e-02	1.413730e-02	1.388912e-02	2.005743e-01	1.584352e-05	1.850269e-05	6.893857e-03	7.931593e-03	2.765191e+00	1.135632e-05	2.440508e-02	4.791312e-01	4.160084e+01	4.698386e-02	1.403423e-03	9.819567e+00	
4.591361e-03	2.878264e-05	6.634813e-03	1.181438e+01	2.013852e-01	1.490745e+01	2.528346e-02	2.270733e-01	3.249131e-01	1.482569e+00	9.757783e-03	4.644954e-01	8.533740e-01	1.110955e-05	9.379278e+02	2.385360e+00	2.257297e-01	1.280402e-02	1.484995e-02	1.389796e-02	2.007757e-01	1.492606e-05	1.781245e-05	6.787122e-03	7.803640e-03	2.782756e+00	1.171559e-05	2.433172e-02	4.771902e-01	4.162140e+01	4.697156e-02	1.366233e-03	9.819875e+00	
4.591372e-03	2.837823e-05	6.359251e-03	1.135538e+01	1.918556e-01	1.492386e+01	2.521186e-02	2.257098e-01	3.249456e-01	1.482323e+00	1.041471e-02	4.649031e-01	8.533061e-01	1.112888e-05	9.488517e+02	2.374747e+00	2.243699e-01	1.252270e-02	1.455478e-02	1.392168e-02	2.011836e-01	1.638535e-05	1.790457e-05	6.914962e-03	7.955467e-03	2.768306e+00	1.088611e-05	2.434245e-02	4.826814e-01	4.158490e+01	4.695798e-02	1.361105e-03	9.819088e+00	
4.591376e-03	2.572546e-05	7.038128e-03	1.172845e+01	2.000822e-01	1.491592e+01	2.524977e-02	2.265979e-01	3.249264e-01	1.483099e+00	9.812953e-03	4.640348e-01	8.532359e-01	1.105730e-05	9.524930e+02	2.382514e+00	2.251576e-01	1.221166e-02	1.416045e-02	1.385843e-02	2.005152e-01	1.618449e-05	1.808209e-05	6.563078e-03	7.577149e-03	2.761289e+00	1.285279e-05	2.445396e-02	4.767159e-01	4.162838e+01	4.693226e-02	1.145039e-03	9.818685e+00	
4.591382e-03	2.856133e-05	6.292611e-03	1.172089e+01	2.001573e-01	1.488570e+01	2.529380e-02	2.265746e-01	3.249276e-01	1.483294e+00	9.957691e-03	4.649136e-01	8.533266e-01	1.110929e-05	9.564730e+02	2.383288e+00	2.255114e-01	1.275582e-02	1.479203e-02	1.386001e-02	2.006024e-01	1.587960e-05	1.776142e-05	6.925828e-03	7.991101e-03	2.765180e+00	1.105687e-05	2.437100e-02	4.876756e-01	4.157184e+01	4.698566e-02	1.311412e-03	9.820740e+00	
4.591389e-03	2.812883e-05	6.361461e-03	1.163609e+01	1.979309e-01	1.492159e+01	2.521142e-02	2.270750e-01	3.249063e-01	1.484981e+00	9.827452e-03	4.636729e-01	8.532507e-01	1.114472e-05	9.601907e+02	2.378029e+00	2.250902e-01	1.271586e-02	1.473775e-02	1.383069e-02	1.997954e-01	1.543670e-05	1.741195e-05	6.561672e-03	7.566264e-03	2.764826e+00	1.169742e-05	2.439430e-02	4.772503e-01	4.157008e+01	4.696691e-02	1.242340e-03	9.819879e+00	
4.591396e-03	2.718336e-05	6.039164e-03	1.180819e+01	2.014013e-01	1.490285e+01	2.528702e-02	2.265177e-01	3.249300e-01	1.482131e+00	9.611044e-03	4.642612e-01	8.532720e-01	1.115062e-05	9.609865e+02	2.379385e+00	2.250691e-01	1.288813e-02	1.498715e-02	1.383745e-02	1.995455e-01	1.538171e-05	1.753389e-05	6.837491e-03	7.879767e-03	2.766602e+00	1.152199e-05	2.435551e-02	4.784531e-01	4.157467e+01	4.700998e-02	1.277108e-03	9.825966e+00	
4.591401e-03	2.745550e-05	6.476339e-03	1.168835e+01	1.999952e-01	1.491356e+01	2.526881e-02	2.254646e-01	3.249352e-01	1.483855e+00	9.735385e-03	4.657073e-01	8.532889e-01	1.109427e-05	9.472722e+02	2.382362e+00	2.255604e-01	1.264622e-02	1.466844e-02	1.391751e-02	2.014799e-01	1.501379e-05	1.705211e-05	6.690007e-03	7.676582e-03	2.781543e+00	1.145693e-05	2.436528e-02	4.737925e-01	4.159441e+01	4.701931e-02	1.361816e-03	9.825713e+00	
4.591406e-03	2.842228e-05	6.462864e-03	1.197920e+01	2.053513e-01	1.490300e+01	2.528598e-02	2.260537e-01	3.249342e-01	1.481343e+00	9.635672e-03	4.677814e-01	8.533088e-01	1.110747e-05	9.563495e+02	2.381747e+00	2.253612e-01	1.263754e-02	1.464806e-02	1.387344e-02	2.005737e-01	1.560706e-05	1.781176e-05	6.696621e-03	7.726468e-03	2.763776e+00	1.119518e-05	2.436703e-02	4.834414e-01	4.157797e+01	4.703327e-02	1.394547e-03	9.825408e+00	
4.591407e-03	2.798165e-05	6.178356e-03	1.161895e+01	1.972846e-01	1.490780e+01	2.528757e-02	2.267082e-01	3.249044e-01	1.484791e+00	9.768867e-03	4.641239e-01	8.532220e-01	1.114587e-05	9.520998e+02	2.382489e+00	2.255997e-01	1.279493e-02	1.485261e-02	1.382764e-02	1.999574e-01	1.478442e-05	1.683416e-05	6.767128e-03	7.794298e-03	2.772495e+00	1.125282e-05	2.437867e-02	4.746390e-01	4.159500e+01	4.700698e-02	1.354103e-03	9.821629e+00	
4.591438e-03	2.731595e-05	7.209772e-03	1.204667e+01	2.063546e-01	1.490358e+01	2.528178e-02	2.266048e-01	3.249174e-01	1.482184e+00	9.774941e-03	4.693929e-01	8.532414e-01	1.106490e-05	9.565840e+02	2.384136e+00	2.257412e-01	1.217469e-02	1.416516e-02	1.386804e-02	2.003117e-01	1.560437e-05	1.815018e-05	6.456991e-03	7.377381e-03	2.760210e+00	1.271008e-05	2.448151e-02	4.761013e-01	4.160258e+01	4.695813e-02	1.190052e-03	9.819086e+00	
4.591452e-03	2.729310e-05	6.822596e-03	1.221746e+01	2.109844e-01	1.488960e+01	2.527204e-02	2.260256e-01	3.249399e-01	1.479117e+00	9.850434e-03	4.675178e-01	8.533967e-01	1.108591e-05	9.567340e+02	2.383222e+00	2.252699e-01	1.268496e-02	1.473176e-02	1.383397e-02	1.998701e-01	1.646022e-05	1.860257e-05	6.684780e-03	7.680087e-03	2.754904e+00	1.184413e-05	2.445777e-02	4.758443e-01	4.155717e+01	4.698519e-02	1.490940e-03	9.826258e+00	
4.591459e-03	2.994548e-05	6.395082e-03	1.186471e+01	2.033193e-01	1.493794e+01	2.520968e-02	2.270666e-01	3.249164e-01	1.482029e+00	1.059267e-02	4.645873e-01	8.533356e-01	1.113066e-05	9.475076e+02	2.380642e+00	2.253626e-01	1.276107e-02	1.479104e-02	1.385466e-02	2.001535e-01	1.601917e-05	1.845214e-05	6.548927e-03	7.547908e-03	2.769230e+00	1.249288e-05	2.442320e-02	4.688758e-01	4.164808e+01	4.691033e-02	1.311029e-03	9.818864e+00	
4.591470e-03	2.889600e-05	5.827159e-03	1.160070e+01	1.985885e-01	1.495542e+01	2.516566e-02	2.271040e-01	3.248966e-01	1.485037e+00	1.083812e-02	4.627499e-01	8.531610e-01	1.111994e-05	9.610710e+02	2.378457e+00	2.249187e-01	1.270203e-02	1.475651e-02	1.373355e-02	1.980906e-01	1.668516e-05	1.854544e-05	6.423596e-03	7.411624e-03	2.756476e+00	1.212758e-05	2.440362e-02	4.801473e-01	4.162728e+01	4.691930e-02	1.236050e-03	9.819412e+00	
4.591479e-03	2.697991e-05	6.188343e-03	1.194390e+01	2.049579e-01	1.493347e+01	2.522808e-02	2.275453e-01	3.248888e-01	1.482968e+00	1.026541e-02	4.672354e-01	8.531508e-01	1.110461e-05	9.617245e+02	2.384365e+00	2.259297e-01	1.257284e-02	1.460458e-02	1.376038e-02	1.986086e-01	1.559395e-05	1.736918e-05	6.361354e-03	7.326694e-03	2.761349e+00	1.248137e-05	2.444376e-02	4.746687e-01	4.159318e+01	4.702086e-02	1.235858e-03	9.822229e+00	
4.591502e-03	2.699978e-05	6.325820e-03	1.136018e+01	1.922892e-01	1.490592e+01	2.526969e-02	2.262735e-01	3.249302e-01	1.484877e+00	9.988396e-03	4.612969e-01	8.532235e-01	1.112535e-05	9.605771e+02	2.376474e+00	2.244836e-01	1.258598e-02	1.459594e-02	1.384457e-02	1.996359e-01	1.596543e-05	1.757156e-05	6.833057e-03	7.871798e-03	2.757852e+00	1.111093e-05	2.439035e-02	4.809777e-01	4.158796e+01	4.701252e-02	1.095326e-03	9.816586e+00	
4.591514e-03	2.768158e-05	6.968797e-03	1.164840e+01	1.981142e-01	1.491955e+01	2.525437e-02	2.257907e-01	3.249414e-01	1.480588e+00	1.005437e-02	4.660302e-01	8.532895e-01	1.110769e-05	9.575211e+02	2.377625e+00	2.244288e-01	1.221075e-02	1.419080e-02	1.391514e-02	2.012748e-01	1.657858e-05	1.843030e-05	6.784007e-03	7.796944e-03	2.752776e+00	1.175509e-05	2.440332e-02	4.805866e-01	4.162540e+01	4.694846e-02	1.203320e-03	9.821123e+00	
4.591521e-03	2.662601e-05	6.350607e-03	1.187247e+01	2.031449e-01	1.491065e+01	2.525780e-02	2.262405e-01	3.249265e-01	1.479468e+00	1.016452e-02	4.675343e-01	8.532987e-01	1.112066e-05	9.616859e+02	2.378719e+00	2.249509e-01	1.266017e-02	1.470987e-02	1.379593e-02	1.989470e-01	1.567184e-05	1.787664e-05	6.728250e-03	7.740753e-03	2.757730e+00	1.184588e-05	2.440552e-02	4.801387e-01	4.159142e+01	4.697169e-02	1.375960e-03	9.825197e+00	
4.591522e-03	2.920588e-05	6.332936e-03	1.158005e+01	1.967564e-01	1.494125e+01	2.517539e-02	2.270710e-01	3.249094e-01	1.482906e+00	1.071514e-02	4.635501e-01	8.532123e-01	1.113331e-05	9.511293e+02	2.380014e+00	2.249589e-01	1.220169e-02	1.414814e-02	1.379263e-02	1.993124e-01	1.628888e-05	1.835150e-05	6.510778e-03	7.514353e-03	2.758238e+00	1.251459e-05	2.443959e-02	4.728450e-01	4.161026e+01	4.691567e-02	1.301030e-03	9.816268e+00	
4.591538e-03	2.780025e-05	6.445308e-03	1.182426e+01	2.024054e-01	1.493199e+01	2.520341e-02	2.263933e-01	3.249216e-01	1.481537e+00	1.055008e-02	4.669413e-01	8.532155e-01	1.110301e-05	9.601962e+02	2.380840e+00	2.252743e-01	1.232153e-02	1.430008e-02	1.381683e-02	1.994542e-01	1.663587e-05	1.798593e-05	6.357919e-03	7.352203e-03	2.750784e+00	1.214645e-05	2.447501e-02	4.726989e-01	4.162578e+01	4.689957e-02	1.318738e-03	9.820874e+00	
4.591542e-03	2.844107e-05	6.622198e-03	1.173368e+01	2.006523e-01	1.491470e+01	2.523302e-02	2.266515e-01	3.249130e-01	1.482073e+00	1.048652e-02	4.659005e-01	8.532468e-01	1.110289e-05	9.569834e+02	2.384808e+00	2.258531e-01	1.251668e-02	1.452579e-02	1.387583e-02	2.002716e-01	1.599462e-05	1.774347e-05	6.618616e-03	7.611352e-03	2.761023e+00	1.163667e-05	2.438546e-02	4.758610e-01	4.164745e+01	4.687269e-02	1.344150e-03	9.821022e+00	
4.591568e-03	2.977975e-05	6.388816e-03	1.169609e+01	1.992628e-01	1.493205e+01	2.518264e-02	2.272911e-01	3.249048e-01	1.483572e+00	1.082348e-02	4.613957e-01	8.532907e-01	1.113567e-05	9.406338e+02	2.382087e+00	2.252192e-01	1.287248e-02	1.493021e-02	1.389207e-02	2.003254e-01	1.542199e-05	1.811915e-05	6.682631e-03	7.672041e-03	2.772963e+00	1.108003e-05	2.430046e-02	4.823638e-01	4.160459e+01	4.692445e-02	1.588502e-03	9.825544e+00	
4.591621e-03	2.755662e-05	6.531253e-03	1.175780e+01	2.006931e-01	1.490630e+01	2.529393e-02	2.269336e-01	3.249140e-01	1.480562e+00	9.733265e-03	4.651182e-01	8.533338e-01	1.113445e-05	9.610237e+02	2.378130e+00	2.249923e-01	1.262222e-02	1.463514e-02	1.383097e-02	1.998141e-01	1.552440e-05	1.758566e-05	6.855103e-03	7.892211e-03	2.764252e+00	1.226070e-05	2.435869e-02	4.788494e-01	4.158046e+01	4.704403e-02	1.181575e-03	9.817841e+00	
4.591637e-03	2.742689e-05	6.276815e-03	1.194804e+01	2.048662e-01	1.490271e+01	2.527284e-02	2.272302e-01	3.249077e-01	1.482582e+00	1.009883e-02	4.678053e-01	8.532737e-01	1.110502e-05	9.534531e+02	2.386315e+00	2.261741e-01	1.256582e-02	1.457993e-02	1.379532e-02	1.989065e-01	1.483627e-05	1.741874e-05	6.591985e-03	7.594034e-03	2.769615e+00	1.193296e-05	2.438539e-02	4.789040e-01	4.154933e+01	4.704637e-02	1.410745e-03	9.823956e+00	
4.591689e-03	2.693409e-05	6.429305e-03	1.174806e+01	2.001068e-01	1.492993e+01	2.521090e-02	2.266175e-01	3.249118e-01	1.481423e+00	9.750042e-03	4.670511e-01	8.532421e-01	1.110627e-05	9.741594e+02	2.376050e+00	2.244040e-01	1.291837e-02	1.496732e-02	1.383339e-02	2.002056e-01	1.550247e-05	1.705973e-05	6.529730e-03	7.527039e-03	2.753760e+00	1.182097e-05	2.438329e-02	4.849327e-01	4.161727e+01	4.691424e-02	1.116094e-03	9.820596e+00	
4.591740e-03	2.834786e-05	6.977324e-03	1.208617e+01	2.078286e-01	1.489859e+01	2.529397e-02	2.261346e-01	3.249482e-01	1.482093e+00	9.400994e-03	4.653377e-01	8.533653e-01	1.110509e-05	9.501445e+02	2.382155e+00	2.251991e-01	1.235086e-02	1.433989e-02	1.392228e-02	2.009282e-01	1.569577e-05	1.881826e-05	6.753249e-03	7.774186e-03	2.780793e+00	1.188189e-05	2.439471e-02	4.742500e-01	4.158322e+01	4.701813e-02	1.329035e-03	9.821469e+00	
4.591759e-03	2.706437e-05	6.809793e-03	1.158223e+01	1.965805e-01	1.491356e+01	2.527605e-02	2.266070e-01	3.249125e-01	1.484049e+00	9.797408e-03	4.630741e-01	8.532050e-01	1.109702e-05	9.503294e+02	2.384720e+00	2.257156e-01	1.226753e-02	1.420668e-02	1.386737e-02	2.007564e-01	1.630864e-05	1.775651e-05	6.755431e-03	7.792663e-03	2.755480e+00	1.232725e-05	2.440715e-02	4.809111e-01	4.164617e+01	4.692999e-02	1.051064e-03	9.817205e+00	
4.591778e-03	2.685908e-05	6.640314e-03	1.176931e+01	2.004787e-01	1.492266e+01	2.521964e-02	2.271225e-01	3.249218e-01	1.483725e+00	1.045751e-02	4.644421e-01	8.532461e-01	1.106602e-05	9.630877e+02	2.378701e+00	2.247317e-01	1.250157e-02	1.450279e-02	1.380471e-02	1.993558e-01	1.665214e-05	1.840289e-05	6.640826e-03	7.652341e-03	2.750140e+00	1.233556e-05	2.449601e-02	4.739573e-01	4.162785e+01	4.689152e-02	1.161497e-03	9.818375e+00	
4.591804e-03	2.783383e-05	6.459027e-03	1.186077e+01	2.026832e-01	1.490550e+01	2.526494e-02	2.265907e-01	3.249149e-01	1.482519e+00	1.003136e-02	4.643324e-01	8.532768e-01	1.111304e-05	9.651038e+02	2.383395e+00	2.257360e-01	1.264264e-02	1.466419e-02	1.381579e-02	1.996759e-01	1.578894e-05	1.751333e-05	6.684873e-03	7.698839e-03	2.756562e+00	1.143674e-05	2.440137e-02	4.798784e-01	4.158311e+01	4.700560e-02	1.281533e-03	9.821893e+00	
4.591816e-03	2.726914e-05	6.166204e-03	1.198986e+01	2.054945e-01	1.490143e+01	2.526342e-02	2.271282e-01	3.249118e-01	1.482231e+00	9.815865e-03	4.640310e-01	8.533254e-01	1.112704e-05	9.647294e+02	2.379291e+00	2.249792e-01	1.297983e-02	1.505169e-02	1.375046e-02	1.980506e-01	1.545871e-05	1.771127e-05	6.605804e-03	7.624951e-03	2.748106e+00	1.153056e-05	2.442726e-02	4.808533e-01	4.152896e+01	4.705550e-02	1.296570e-03	9.822696e+00	
4.591903e-03	2.736843e-05	6.403453e-03	1.174581e+01	2.001571e-01	1.489551e+01	2.526070e-02	2.267141e-01	3.249209e-01	1.482858e+00	1.013134e-02	4.654523e-01	8.532315e-01	1.108122e-05	9.484797e+02	2.382165e+00	2.256256e-01	1.250588e-02	1.454861e-02	1.380954e-02	1.990897e-01	1.572451e-05	1.782593e-05	6.685245e-03	7.712223e-03	2.762390e+00	1.133774e-05	2.433744e-02	4.918347e-01	4.154622e+01	4.699487e-02	1.344894e-03	9.824124e+00	
4.591939e-03	2.772574e-05	6.671208e-03	1.188539e+01	2.034702e-01	1.493221e+01	2.522300e-02	2.251291e-01	3.249616e-01	1.478821e+00	1.020183e-02	4.680058e-01	8.533012e-01	1.108132e-05	9.516268e+02	2.379422e+00	2.249378e-01	1.234639e-02	1.430899e-02	1.392162e-02	2.017932e-01	1.735135e-05	1.885949e-05	6.703546e-03	7.721119e-03	2.753188e+00	1.281722e-05	2.439491e-02	4.832696e-01	4.169365e+01	4.682319e-02	1.241616e-03	9.821396e+00	
4.591955e-03	2.860867e-05	6.278296e-03	1.163708e+01	1.981559e-01	1.494157e+01	2.520654e-02	2.260167e-01	3.249329e-01	1.479747e+00	1.111143e-02	4.659370e-01	8.533347e-01	1.113717e-05	9.418011e+02	2.378020e+00	2.247280e-01	1.293920e-02	1.503976e-02	1.387191e-02	2.004895e-01	1.556224e-05	1.824811e-05	6.721905e-03	7.736437e-03	2.779131e+00	1.225184e-05	2.432632e-02	4.723183e-01	4.166727e+01	4.686586e-02	1.481594e-03	9.823408e+00	
4.591994e-03	2.978265e-05	6.579283e-03	1.180116e+01	2.016443e-01	1.491132e+01	2.526358e-02	2.271507e-01	3.249183e-01	1.483245e+00	1.002246e-02	4.658189e-01	8.533782e-01	1.111446e-05	9.447540e+02	2.384918e+00	2.258484e-01	1.235727e-02	1.434298e-02	1.387856e-02	2.004603e-01	1.520558e-05	1.752791e-05	6.695371e-03	7.717170e-03	2.782011e+00	1.194931e-05	2.438375e-02	4.724601e-01	4.158544e+01	4.699929e-02	1.408246e-03	9.819176e+00	
4.592046e-03	2.981346e-05	6.570299e-03	1.177457e+01	2.007919e-01	1.492502e+01	2.524539e-02	2.284032e-01	3.248886e-01	1.486218e+00	1.024219e-02	4.600060e-01	8.533621e-01	1.112656e-05	9.467083e+02	2.382394e+00	2.253785e-01	1.267522e-02	1.469436e-02	1.384165e-02	1.997273e-01	1.528043e-05	1.773837e-05	6.657794e-03	7.675741e-03	2.779865e+00	1.116073e-05	2.437598e-02	4.685351e-01	4.158584e+01	4.698386e-02	1.470702e-03	9.817822e+00	
4.592057e-03	2.937665e-05	6.189865e-03	1.141418e+01	1.932296e-01	1.494443e+01	2.517558e-02	2.273309e-01	3.249039e-01	1.482788e+00	1.099825e-02	4.627814e-01	8.532493e-01	1.115072e-05	9.531225e+02	2.376513e+00	2.245883e-01	1.257762e-02	1.460358e-02	1.381693e-02	1.989917e-01	1.577378e-05	1.779646e-05	6.691193e-03	7.686110e-03	2.767624e+00	1.188349e-05	2.435583e-02	4.803973e-01	4.159727e+01	4.696612e-02	1.233874e-03	9.820008e+00	
4.592081e-03	2.691809e-05	6.999709e-03	1.194176e+01	2.041320e-01	1.490384e+01	2.526625e-02	2.255032e-01	3.249482e-01	1.479883e+00	9.703662e-03	4.673579e-01	8.532945e-01	1.108705e-05	9.562862e+02	2.384011e+00	2.254701e-01	1.223413e-02	1.416969e-02	1.395936e-02	2.021631e-01	1.703526e-05	1.873035e-05	6.826229e-03	7.862230e-03	2.759650e+00	1.156139e-05	2.439269e-02	4.874747e-01	4.166847e+01	4.686501e-02	1.261264e-03	9.826676e+00	
4.592109e-03	2.727843e-05	6.672387e-03	1.173160e+01	2.004261e-01	1.490996e+01	2.527368e-02	2.261562e-01	3.249374e-01	1.482881e+00	9.342304e-03	4.640182e-01	8.533290e-01	1.110684e-05	9.619742e+02	2.378819e+00	2.247433e-01	1.261008e-02	1.463341e-02	1.382667e-02	1.997877e-01	1.593299e-05	1.802107e-05	6.628990e-03	7.657070e-03	2.764104e+00	1.207767e-05	2.444929e-02	4.698500e-01	4.157624e+01	4.703430e-02	1.188595e-03	9.816536e+00	
4.592119e-03	2.727082e-05	6.193667e-03	1.162455e+01	1.979506e-01	1.493255e+01	2.520695e-02	2.266257e-01	3.249080e-01	1.485242e+00	1.047560e-02	4.630905e-01	8.531841e-01	1.108722e-05	9.576921e+02	2.379667e+00	2.248918e-01	1.244316e-02	1.448177e-02	1.377458e-02	1.988078e-01	1.666288e-05	1.857173e-05	6.547622e-03	7.568096e-03	2.756032e+00	1.271930e-05	2.444895e-02	4.831774e-01	4.166323e+01	4.683949e-02	1.113668e-03	9.819523e+00	
4.592262e-03	2.873000e-05	6.934197e-03	1.171082e+01	1.999688e-01	1.491605e+01	2.523339e-02	2.267721e-01	3.249206e-01	1.485966e+00	1.014898e-02	4.602408e-01	8.532778e-01	1.107972e-05	9.500513e+02	2.381689e+00	2.253594e-01	1.233352e-02	1.431294e-02	1.388537e-02	2.007367e-01	1.664907e-05	1.860318e-05	6.673954e-03	7.690531e-03	2.757087e+00	1.181701e-05	2.445966e-02	4.731762e-01	4.158594e+01	4.699130e-02	1.265401e-03	9.814118e+00	
4.592283e-03	2.981658e-05	6.360509e-03	1.156445e+01	1.967508e-01	1.494137e+01	2.520364e-02	2.260841e-01	3.249308e-01	1.482869e+00	1.042512e-02	4.648525e-01	8.532689e-01	1.111377e-05	9.565332e+02	2.375993e+00	2.245498e-01	1.231202e-02	1.433061e-02	1.384913e-02	2.001316e-01	1.675663e-05	1.875396e-05	6.657209e-03	7.639315e-03	2.758722e+00	1.174082e-05	2.439850e-02	4.761728e-01	4.164791e+01	4.689688e-02	1.251547e-03	9.817172e+00	
