f	x(1)	x(2)	x(3)	x(4)	x(5)	x(6)	x(7)	x(8)	x(9)	x(10)	x(11)	x(12)	x(13)	x(14)	x(15)	x(16)	x(17)	x(18)	x(19)	x(20)	x(21)	x(22)	x(23)	x(24)	x(25)	x(26)	x(27)	x(28)	x(29)	x(30)	x(31)	x(32)	
9.871400e-03	4.206657e-03	1.046589e+02	5.399935e-02	6.791515e-04	5.091865e+01	1.235565e-05	1.162252e-05	3.294784e-01	1.510509e+00	8.783687e-05	3.357794e-01	7.890087e-01	4.400976e-02	1.205124e-01	2.004939e-04	1.218603e-05	1.372961e-05	9.569701e-01	6.525799e-02	3.497558e-01	6.352639e-01	4.573171e+00	7.403980e-02	9.272474e-02	2.024236e-04	6.624197e+02	6.379979e-03	1.910225e+00	1.460529e+02	8.015469e-04	3.302812e+01	2.903653e-05	
9.871449e-03	8.114320e-03	2.763225e+01	4.485356e-02	5.643562e-04	5.086037e+01	1.227502e-05	1.244507e-05	3.293690e-01	1.545051e+00	1.224635e-04	2.985257e-01	7.892534e-01	4.001311e-02	1.044905e-01	2.100180e-04	1.275113e-05	1.282918e-05	1.174971e+00	6.605716e-02	3.548504e-01	6.568120e-01	5.062144e+00	6.892395e-02	8.848188e-02	1.359982e-04	6.662925e+02	6.441519e-03	1.768366e+00	1.455065e+02	8.476110e-04	3.296275e+01	2.276556e-05	
9.873514e-03	5.286031e-03	1.745356e+01	5.562179e-02	7.002099e-04	5.096644e+01	1.236761e-05	1.094596e-05	3.294741e-01	1.527984e+00	9.514484e-05	3.118155e-01	7.908037e-01	3.963704e-02	1.052807e-01	2.038798e-04	1.240952e-05	1.239522e-05	1.246694e+00	6.247627e-02	3.317080e-01	6.592246e-01	3.620976e+00	6.701829e-02	8.568971e-02	1.488466e-04	6.790325e+02	6.479319e-03	1.791198e+00	1.455402e+02	8.845207e-04	3.287383e+01	3.916418e-05	
9.873948e-03	3.942616e-03	6.787307e+01	4.791294e-02	6.027320e-04	5.087180e+01	1.228193e-05	1.346025e-05	3.294606e-01	1.520926e+00	1.079503e-04	3.215597e-01	7.899094e-01	4.133597e-02	1.118848e-01	2.028558e-04	1.232608e-05	1.319457e-05	1.125984e+00	6.342153e-02	3.366482e-01	6.317638e-01	4.940166e+00	7.500045e-02	9.253455e-02	3.495381e-04	6.657627e+02	6.415552e-03	1.822005e+00	1.460857e+02	7.929796e-04	3.307978e+01	2.039404e-05	
9.874053e-03	3.251229e-03	1.088325e+02	5.265438e-02	6.624822e-04	5.113819e+01	1.250388e-05	1.105394e-05	3.294371e-01	1.525307e+00	9.108648e-05	3.110736e-01	7.896970e-01	4.122359e-02	1.104236e-01	2.078108e-04	1.259576e-05	1.321757e-05	1.178115e+00	6.658387e-02	3.556057e-01	6.537682e-01	2.888495e+00	7.145649e-02	9.201079e-02	6.354258e-05	6.657781e+02	6.426460e-03	1.786900e+00	1.463653e+02	8.385487e-04	3.286633e+01	2.228072e-05	
9.874444e-03	5.022788e-03	7.522081e+01	4.145092e-02	5.232380e-04	5.098717e+01	1.240738e-05	1.240111e-05	3.293579e-01	1.533999e+00	1.136999e-04	3.104630e-01	7.884272e-01	4.128208e-02	1.078490e-01	2.074178e-04	1.264725e-05	1.268681e-05	1.111165e+00	6.980893e-02	3.768423e-01	6.492845e-01	5.929993e+00	8.290215e-02	1.080913e-01	2.228856e-04	6.566362e+02	6.479571e-03	1.768432e+00	1.461640e+02	8.018547e-04	3.302761e+01	1.883920e-05	
9.874455e-03	6.086866e-03	4.537275e+01	5.520285e-02	6.941475e-04	5.103224e+01	1.222603e-05	1.360305e-05	3.294296e-01	1.513721e+00	9.397344e-05	3.214936e-01	7.902208e-01	4.140975e-02	1.119036e-01	2.136678e-04	1.300157e-05	1.356344e-05	1.065770e+00	6.376963e-02	3.380639e-01	6.614576e-01	4.332684e+00	7.328302e-02	9.549816e-02	1.875201e-04	6.806596e+02	6.427201e-03	1.811048e+00	1.457953e+02	8.705395e-04	3.300755e+01	3.633041e-05	
9.874518e-03	5.241453e-03	1.902842e+01	4.760976e-02	6.018169e-04	5.097215e+01	1.240084e-05	1.452304e-05	3.294077e-01	1.563748e+00	1.185026e-04	2.835453e-01	7.906574e-01	3.782423e-02	9.904259e-02	2.137657e-04	1.298870e-05	1.412982e-05	1.408932e+00	6.595520e-02	3.522415e-01	6.097426e-01	3.626500e+00	8.334538e-02	1.046904e-01	1.164049e-04	6.514427e+02	6.451393e-03	1.778907e+00	1.454298e+02	8.821057e-04	3.289567e+01	2.064407e-05	
9.874628e-03	4.970895e-03	2.989321e+01	3.960617e-02	5.005064e-04	5.094555e+01	1.239089e-05	1.210981e-05	3.294376e-01	1.561128e+00	1.381110e-04	2.861166e-01	7.886080e-01	4.132944e-02	1.071078e-01	2.029998e-04	1.232479e-05	1.200631e-05	1.290157e+00	6.132015e-02	3.264329e-01	6.648916e-01	5.494548e+00	7.929525e-02	1.003714e-01	8.303375e-05	6.501813e+02	6.467457e-03	1.780100e+00	1.461242e+02	8.079477e-04	3.285917e+01	1.814812e-05	
9.874799e-03	3.339007e-03	5.708191e+01	4.890061e-02	6.183970e-04	5.110218e+01	1.250784e-05	1.167619e-05	3.294567e-01	1.531934e+00	1.265946e-04	3.127559e-01	7.882897e-01	4.482628e-02	1.202157e-01	2.014885e-04	1.225560e-05	1.331579e-05	1.148454e+00	6.846560e-02	3.693627e-01	6.252739e-01	4.383704e+00	7.669706e-02	9.572866e-02	1.308241e-04	6.600802e+02	6.459340e-03	1.781535e+00	1.461602e+02	8.403954e-04	3.288095e+01	2.481425e-05	
9.874873e-03	4.977402e-03	6.110633e+01	5.452838e-02	6.840719e-04	5.104254e+01	1.259635e-05	1.099340e-05	3.294499e-01	1.522357e+00	9.496275e-05	3.283096e-01	7.905304e-01	3.835960e-02	1.028035e-01	2.027600e-04	1.231311e-05	1.412311e-05	1.155501e+00	6.445432e-02	3.386985e-01	6.299564e-01	4.092906e+00	7.848137e-02	1.002188e-01	9.349904e-05	6.592993e+02	6.363240e-03	1.862514e+00	1.461174e+02	8.255096e-04	3.299282e+01	4.016279e-05	
9.874951e-03	4.382883e-03	3.218544e+01	4.981119e-02	6.277685e-04	5.105712e+01	1.224949e-05	1.154146e-05	3.294741e-01	1.527588e+00	1.206848e-04	3.156933e-01	7.898075e-01	4.250436e-02	1.150912e-01	1.959145e-04	1.190627e-05	1.290849e-05	9.428142e-01	6.405672e-02	3.418347e-01	6.350275e-01	4.588955e+00	8.682616e-02	1.097478e-01	2.824559e-04	6.726369e+02	6.416226e-03	1.854026e+00	1.461726e+02	8.268581e-04	3.309771e+01	2.395953e-05	
9.874979e-03	5.542001e-03	3.717262e+01	5.312501e-02	6.700515e-04	5.096875e+01	1.223356e-05	1.307510e-05	3.294625e-01	1.535616e+00	1.477106e-04	2.993227e-01	7.905155e-01	3.920097e-02	1.029982e-01	2.190572e-04	1.331952e-05	1.299240e-05	1.291815e+00	6.471644e-02	3.459113e-01	6.388696e-01	3.612499e+00	7.089714e-02	9.034597e-02	1.111415e-04	6.718082e+02	6.442584e-03	1.808115e+00	1.458348e+02	8.391638e-04	3.292435e+01	1.876964e-05	
9.875144e-03	6.631717e-03	3.591117e+01	4.992382e-02	6.297592e-04	5.105478e+01	1.251824e-05	1.287929e-05	3.294421e-01	1.526960e+00	1.034844e-04	3.192670e-01	7.900619e-01	4.091270e-02	1.091455e-01	2.031051e-04	1.239112e-05	1.415585e-05	9.671187e-01	6.292574e-02	3.349006e-01	6.394350e-01	4.521788e+00	8.769273e-02	1.114985e-01	1.339868e-04	6.567562e+02	6.449372e-03	1.806914e+00	1.462994e+02	8.185387e-04	3.297064e+01	3.525770e-05	
9.875155e-03	4.684057e-03	3.857930e+01	4.873186e-02	6.129294e-04	5.091349e+01	1.231618e-05	1.311041e-05	3.294348e-01	1.553531e+00	1.168413e-04	2.917358e-01	7.900435e-01	3.914231e-02	1.030544e-01	2.122483e-04	1.286995e-05	1.245029e-05	1.286611e+00	6.358474e-02	3.388070e-01	6.562988e-01	3.972514e+00	7.547253e-02	9.567917e-02	1.850917e-04	6.598362e+02	6.466644e-03	1.784620e+00	1.456989e+02	8.329067e-04	3.292925e+01	2.445899e-05	
9.875199e-03	3.721122e-03	2.128253e+01	4.461307e-02	5.604805e-04	5.096146e+01	1.225241e-05	1.239081e-05	3.294432e-01	1.544933e+00	1.148799e-04	2.996912e-01	7.898602e-01	3.975419e-02	1.038583e-01	2.057086e-04	1.255527e-05	1.233759e-05	1.161018e+00	6.720305e-02	3.601655e-01	6.281241e-01	4.760712e+00	9.218313e-02	1.158576e-01	7.516947e-04	6.666175e+02	6.398990e-03	1.829365e+00	1.462879e+02	7.866761e-04	3.305774e+01	3.313571e-05	
9.875202e-03	4.907868e-03	3.572132e+01	4.342117e-02	5.494318e-04	5.097203e+01	1.230719e-05	1.342722e-05	3.293690e-01	1.548450e+00	1.435942e-04	2.960052e-01	7.893526e-01	4.034359e-02	1.065698e-01	2.078576e-04	1.265314e-05	1.377433e-05	1.178144e+00	6.899477e-02	3.715703e-01	6.317496e-01	5.403883e+00	8.801325e-02	1.121018e-01	1.425793e-04	6.505095e+02	6.464991e-03	1.786485e+00	1.459734e+02	8.154262e-04	3.292163e+01	3.121057e-05	
9.875286e-03	4.372102e-03	9.123096e+01	5.057806e-02	6.382206e-04	5.107282e+01	1.243272e-05	1.227429e-05	3.294420e-01	1.510308e+00	1.315593e-04	3.372589e-01	7.890341e-01	4.310688e-02	1.162107e-01	2.021085e-04	1.228823e-05	1.296593e-05	9.070039e-01	6.134242e-02	3.270968e-01	6.894087e-01	4.143998e+00	6.715649e-02	8.532880e-02	6.575330e-05	6.703821e+02	6.430650e-03	1.812220e+00	1.459172e+02	8.533962e-04	3.307698e+01	1.710674e-05	
9.875744e-03	5.128730e-03	1.981863e+01	4.941995e-02	6.213221e-04	5.112228e+01	1.253834e-05	1.020150e-05	3.294373e-01	1.549741e+00	1.705553e-04	2.944844e-01	7.899297e-01	3.830411e-02	9.906046e-02	2.035400e-04	1.237087e-05	1.385765e-05	1.120878e+00	6.731657e-02	3.575923e-01	6.212890e-01	3.129018e+00	6.199214e-02	8.017385e-02	6.480577e-05	6.507553e+02	6.488720e-03	1.758790e+00	1.459003e+02	8.686921e-04	3.307085e+01	3.561056e-05	
9.875751e-03	8.299004e-03	4.293754e+01	5.026284e-02	6.332561e-04	5.098155e+01	1.248580e-05	1.485851e-05	3.294094e-01	1.533381e+00	1.165218e-04	3.188726e-01	7.901183e-01	3.927565e-02	1.032013e-01	2.044961e-04	1.244287e-05	1.393347e-05	1.072634e+00	6.559583e-02	3.526063e-01	6.473681e-01	4.862414e+00	7.878788e-02	1.008688e-01	1.455515e-04	6.732979e+02	6.487183e-03	1.749358e+00	1.456328e+02	8.643723e-04	3.301401e+01	2.264738e-05	
9.875755e-03	4.379090e-03	3.155719e+01	4.600529e-02	5.839222e-04	5.102157e+01	1.228520e-05	1.428180e-05	3.294053e-01	1.542406e+00	1.577809e-04	2.956654e-01	7.898503e-01	4.065606e-02	1.072103e-01	2.077818e-04	1.266346e-05	1.358825e-05	1.209086e+00	6.443342e-02	3.412715e-01	6.245554e-01	4.553654e+00	8.225965e-02	1.058121e-01	1.156550e-04	6.610960e+02	6.371795e-03	1.810773e+00	1.459925e+02	8.377451e-04	3.290873e+01	2.789190e-05	
9.875771e-03	4.815959e-03	4.443503e+01	4.900031e-02	6.180505e-04	5.094624e+01	1.250551e-05	1.071426e-05	3.294334e-01	1.533338e+00	1.172084e-04	3.243101e-01	7.895015e-01	4.035663e-02	1.078246e-01	2.039057e-04	1.238995e-05	1.290437e-05	9.994888e-01	6.645348e-02	3.540365e-01	6.422633e-01	2.916978e+00	6.834114e-02	8.539987e-02	4.429604e-05	6.712781e+02	6.482029e-03	1.775018e+00	1.455869e+02	8.706963e-04	3.287494e+01	2.286449e-05	
9.875815e-03	5.325320e-03	1.392569e+01	5.426175e-02	6.878677e-04	5.097207e+01	1.224950e-05	1.061924e-05	3.294412e-01	1.542918e+00	1.231783e-04	2.857898e-01	7.909313e-01	3.905930e-02	1.030821e-01	2.192589e-04	1.334346e-05	1.360269e-05	1.507871e+00	6.920020e-02	3.750833e-01	5.983231e-01	3.549235e+00	7.442659e-02	9.084284e-02	1.753445e-04	6.715272e+02	6.490878e-03	1.776616e+00	1.454057e+02	8.822948e-04	3.282422e+01	3.506231e-05	
9.875822e-03	3.622986e-03	3.544263e+01	4.100080e-02	5.175903e-04	5.114384e+01	1.239079e-05	1.342296e-05	3.294145e-01	1.535686e+00	1.226941e-04	2.955681e-01	7.888775e-01	4.136186e-02	1.081117e-01	2.067460e-04	1.259121e-05	1.328019e-05	1.284224e+00	6.332724e-02	3.357729e-01	6.211427e-01	4.679070e+00	7.141150e-02	8.968795e-02	2.435504e-04	6.585355e+02	6.494236e-03	1.712128e+00	1.462734e+02	8.421977e-04	3.307597e+01	2.749265e-05	
9.875843e-03	4.256397e-03	3.097409e+01	5.341611e-02	6.711723e-04	5.118169e+01	1.259848e-05	1.127524e-05	3.294371e-01	1.563571e+00	1.303300e-04	2.927282e-01	7.905208e-01	3.838390e-02	1.007159e-01	2.126745e-04	1.293488e-05	1.356062e-05	1.322972e+00	6.475411e-02	3.462100e-01	6.340259e-01	2.727957e+00	7.167988e-02	9.215128e-02	3.793228e-05	6.479987e+02	6.498586e-03	1.781663e+00	1.462415e+02	8.588904e-04	3.290356e+01	2.130972e-05	
9.875890e-03	5.622675e-03	2.908665e+01	5.494836e-02	6.917070e-04	5.104535e+01	1.245695e-05	1.216789e-05	3.294120e-01	1.533269e+00	1.388543e-04	3.087592e-01	7.908362e-01	3.779801e-02	9.991507e-02	2.096696e-04	1.272742e-05	1.464424e-05	1.259624e+00	6.578384e-02	3.511032e-01	6.332831e-01	3.819457e+00	7.102703e-02	8.848883e-02	5.146229e-05	6.538552e+02	6.449640e-03	1.793235e+00	1.458143e+02	8.636489e-04	3.298097e+01	4.250663e-05	
9.876025e-03	3.970645e-03	5.218125e+01	4.768122e-02	6.006216e-04	5.090258e+01	1.234136e-05	1.180639e-05	3.294445e-01	1.539999e+00	1.116964e-04	3.014054e-01	7.893357e-01	4.124616e-02	1.087533e-01	2.054662e-04	1.252975e-05	1.362212e-05	1.225466e+00	6.562086e-02	3.494710e-01	6.367982e-01	5.273421e+00	8.562997e-02	1.078844e-01	1.792924e-04	6.616137e+02	6.420416e-03	1.797905e+00	1.458930e+02	8.160821e-04	3.280150e+01	2.606025e-05	
9.876060e-03	4.476452e-03	6.601507e+01	5.236665e-02	6.543719e-04	5.103283e+01	1.250559e-05	1.120267e-05	3.294459e-01	1.506808e+00	1.047389e-04	3.334234e-01	7.884573e-01	4.509562e-02	1.234808e-01	2.001987e-04	1.216873e-05	1.406519e-05	9.636593e-01	6.824596e-02	3.669595e-01	6.419269e-01	4.065626e+00	7.417367e-02	9.621464e-02	7.437038e-05	6.699678e+02	6.486213e-03	1.795957e+00	1.458130e+02	8.593047e-04	3.301543e+01	1.811809e-05	
9.876060e-03	5.010089e-03	2.303664e+01	4.825722e-02	6.071283e-04	5.094235e+01	1.246505e-05	1.174593e-05	3.294564e-01	1.527817e+00	1.060571e-04	3.047593e-01	7.900724e-01	4.057755e-02	1.071640e-01	2.036511e-04	1.241732e-05	1.300059e-05	1.054136e+00	6.556747e-02	3.495276e-01	6.190690e-01	4.135208e+00	7.068460e-02	8.821495e-02	1.920635e-04	6.621460e+02	6.494372e-03	1.774332e+00	1.457348e+02	8.375764e-04	3.300464e+01	2.841338e-05	
9.876181e-03	5.651247e-03	7.443653e+01	5.380042e-02	6.780651e-04	5.094980e+01	1.246864e-05	1.168423e-05	3.294559e-01	1.527060e+00	1.491667e-04	3.138119e-01	7.912219e-01	3.773875e-02	1.003356e-01	2.098768e-04	1.273018e-05	1.346539e-05	1.206464e+00	6.237006e-02	3.257994e-01	6.722131e-01	4.032726e+00	7.713674e-02	1.015289e-01	8.316114e-05	6.596251e+02	6.420666e-03	1.817083e+00	1.458582e+02	8.373454e-04	3.292024e+01	2.848337e-05	
9.876204e-03	6.825926e-03	7.301740e+01	5.931215e-02	7.470815e-04	5.093687e+01	1.238520e-05	1.358705e-05	3.294585e-01	1.524026e+00	1.443975e-04	3.164015e-01	7.902583e-01	4.175424e-02	1.119931e-01	2.046072e-04	1.245142e-05	1.422709e-05	9.731212e-01	6.545333e-02	3.500468e-01	6.383382e-01	5.613942e+00	8.588875e-02	1.123726e-01	7.380087e-05	6.606896e+02	6.485735e-03	1.790436e+00	1.458383e+02	8.244323e-04	3.303375e+01	2.619324e-05	
9.876313e-03	6.937890e-03	6.372980e+01	4.934983e-02	6.260797e-04	5.087198e+01	1.237966e-05	1.225244e-05	3.293758e-01	1.548204e+00	1.888377e-04	2.974870e-01	7.902902e-01	3.821267e-02	1.002062e-01	2.146207e-04	1.304390e-05	1.386964e-05	1.160156e+00	6.471696e-02	3.457670e-01	6.738827e-01	4.809989e+00	6.688471e-02	8.486650e-02	4.187978e-05	6.583306e+02	6.522078e-03	1.737404e+00	1.455694e+02	8.333069e-04	3.290922e+01	1.729589e-05	
9.876352e-03	4.710610e-03	5.030187e+01	4.851945e-02	6.144841e-04	5.101512e+01	1.251928e-05	1.193805e-05	3.294089e-01	1.546150e+00	1.772989e-04	3.048635e-01	7.893827e-01	4.080943e-02	1.082661e-01	2.073569e-04	1.265752e-05	1.364684e-05	1.142840e+00	6.416622e-02	3.402063e-01	6.462495e-01	4.247790e+00	8.223696e-02	1.051000e-01	3.780401e-05	6.477529e+02	6.514195e-03	1.763253e+00	1.459823e+02	8.407654e-04	3.282070e+01	2.597429e-05	
9.876408e-03	5.926154e-03	3.963622e+01	4.979642e-02	6.292864e-04	5.091048e+01	1.222625e-05	1.319224e-05	3.293666e-01	1.529906e+00	1.273933e-04	3.069330e-01	7.893919e-01	4.058729e-02	1.071608e-01	2.142060e-04	1.305596e-05	1.365663e-05	1.129256e+00	6.654134e-02	3.552626e-01	6.419546e-01	5.706829e+00	7.245971e-02	9.309714e-02	1.360030e-04	6.708494e+02	6.429828e-03	1.775908e+00	1.458947e+02	8.139854e-04	3.298550e+01	1.431722e-05	
9.876469e-03	6.267965e-03	6.985500e+01	5.343836e-02	6.742490e-04	5.101095e+01	1.233853e-05	1.297484e-05	3.294477e-01	1.527254e+00	1.392353e-04	3.132765e-01	7.895406e-01	4.083153e-02	1.075210e-01	2.112782e-04	1.289965e-05	1.383532e-05	1.173797e+00	6.285114e-02	3.340475e-01	6.664085e-01	4.449414e+00	6.853908e-02	8.893693e-02	9.323436e-05	6.645275e+02	6.540958e-03	1.773353e+00	1.459108e+02	8.356766e-04	3.314479e+01	2.086091e-05	
9.876479e-03	4.616447e-03	5.178064e+01	5.113034e-02	6.489303e-04	5.081876e+01	1.236570e-05	1.019065e-05	3.294173e-01	1.529153e+00	1.074801e-04	3.138904e-01	7.895087e-01	4.102513e-02	1.089261e-01	2.124268e-04	1.288697e-05	1.275628e-05	1.266811e+00	6.488106e-02	3.463412e-01	6.624625e-01	3.993307e+00	7.567772e-02	9.800879e-02	5.919512e-05	6.624162e+02	6.416782e-03	1.797204e+00	1.458325e+02	7.998387e-04	3.285972e+01	3.433150e-05	
9.876515e-03	8.946577e-03	3.133301e+01	5.261442e-02	6.613529e-04	5.085922e+01	1.238215e-05	1.413019e-05	3.294674e-01	1.535470e+00	1.373080e-04	3.050885e-01	7.909572e-01	3.839441e-02	1.016572e-01	2.122595e-04	1.293864e-05	1.398973e-05	1.036191e+00	6.251883e-02	3.268039e-01	6.532947e-01	4.687498e+00	6.709881e-02	8.708367e-02	2.293987e-04	6.664236e+02	6.500745e-03	1.756008e+00	1.456462e+02	8.292023e-04	3.305664e+01	4.158005e-05	
9.876528e-03	5.664768e-03	4.446075e+01	5.023450e-02	6.360277e-04	5.093484e+01	1.219683e-05	1.234755e-05	3.294402e-01	1.543528e+00	1.604944e-04	2.985096e-01	7.906051e-01	3.852315e-02	1.003604e-01	2.104575e-04	1.279149e-05	1.206375e-05	1.108275e+00	6.230208e-02	3.315887e-01	6.668026e-01	5.005609e+00	7.787276e-02	9.669010e-02	2.208045e-04	6.749336e+02	6.388681e-03	1.822464e+00	1.455696e+02	8.667052e-04	3.283541e+01	2.213037e-05	
9.876544e-03	7.611987e-03	2.212592e+01	4.631213e-02	5.840380e-04	5.096251e+01	1.229749e-05	1.221608e-05	3.294014e-01	1.540301e+00	1.328892e-04	2.967896e-01	7.906670e-01	3.785429e-02	9.928329e-02	2.084238e-04	1.263566e-05	1.301525e-05	1.315005e+00	6.306701e-02	3.341239e-01	6.451073e-01	4.853949e+00	6.864079e-02	8.696883e-02	1.208774e-04	6.687828e+02	6.420168e-03	1.804448e+00	1.457317e+02	8.481248e-04	3.296892e+01	3.303740e-05	
9.876569e-03	5.238169e-03	7.403252e+01	4.707075e-02	5.924326e-04	5.105174e+01	1.253769e-05	1.456847e-05	3.294207e-01	1.534581e+00	1.311546e-04	3.078141e-01	7.896219e-01	3.909581e-02	1.022710e-01	2.093223e-04	1.267459e-05	1.346092e-05	1.346656e+00	6.464581e-02	3.446469e-01	6.451498e-01	4.447392e+00	8.226864e-02	1.041053e-01	5.006352e-05	6.389858e+02	6.388893e-03	1.833733e+00	1.459829e+02	8.491620e-04	3.310647e+01	2.205532e-05	
9.876602e-03	3.065701e-03	7.136968e+01	4.595485e-02	5.772938e-04	5.102346e+01	1.249152e-05	1.111870e-05	3.294258e-01	1.526425e+00	1.357772e-04	3.185373e-01	7.885720e-01	4.330709e-02	1.159282e-01	2.022437e-04	1.232953e-05	1.337430e-05	1.129742e+00	6.612224e-02	3.499082e-01	6.234230e-01	4.397958e+00	8.550602e-02	1.103527e-01	1.801459e-04	6.595893e+02	6.388977e-03	1.811790e+00	1.463090e+02	8.004262e-04	3.307342e+01	1.865742e-05	
9.876698e-03	6.655452e-03	5.243632e+01	4.177160e-02	5.272634e-04	5.085200e+01	1.245144e-05	1.149910e-05	3.293864e-01	1.533747e+00	1.898141e-04	3.113519e-01	7.896817e-01	3.932874e-02	1.038060e-01	2.112454e-04	1.285030e-05	1.352678e-05	1.127859e+00	6.456776e-02	3.408012e-01	6.393057e-01	4.135562e+00	7.181323e-02	9.379916e-02	4.630831e-05	6.601689e+02	6.439824e-03	1.782167e+00	1.456436e+02	8.175939e-04	3.300992e+01	1.094572e-05	
9.876712e-03	5.539175e-03	1.886766e+01	5.721892e-02	7.186743e-04	5.110477e+01	1.228447e-05	1.361710e-05	3.294445e-01	1.536745e+00	8.674597e-05	2.931081e-01	7.899488e-01	4.090354e-02	1.081262e-01	2.149217e-04	1.308304e-05	1.288309e-05	1.194413e+00	6.393653e-02	3.418387e-01	6.490049e-01	4.559438e+00	8.004283e-02	1.015885e-01	1.232691e-04	6.703456e+02	6.498430e-03	1.754305e+00	1.459999e+02	8.585448e-04	3.298837e+01	3.422330e-05	
9.876751e-03	4.335841e-03	3.693318e+01	4.621057e-02	5.836273e-04	5.099194e+01	1.254005e-05	1.052720e-05	3.294129e-01	1.527977e+00	1.275793e-04	3.125029e-01	7.899263e-01	4.068025e-02	1.078812e-01	2.045839e-04	1.250314e-05	1.286554e-05	1.200756e+00	6.601137e-02	3.545128e-01	6.443039e-01	4.076302e+00	6.943271e-02	8.639816e-02	9.915543e-05	6.594699e+02	6.465218e-03	1.784539e+00	1.457500e+02	8.447745e-04	3.288528e+01	2.011268e-05	
9.876806e-03	7.239323e-03	6.125521e+01	5.270184e-02	6.633723e-04	5.114364e+01	1.269502e-05	1.356166e-05	3.294142e-01	1.526841e+00	1.272080e-04	3.221580e-01	7.895256e-01	4.010800e-02	1.058496e-01	2.057916e-04	1.250217e-05	1.398408e-05	1.087635e+00	6.175398e-02	3.260301e-01	6.637155e-01	4.052011e+00	7.730568e-02	9.960885e-02	6.529706e-05	6.505406e+02	6.444771e-03	1.799975e+00	1.463753e+02	8.373568e-04	3.301803e+01	3.450086e-05	
9.876893e-03	4.263493e-03	4.875221e+01	6.306479e-02	7.965636e-04	5.110303e+01	1.249402e-05	1.092708e-05	3.294884e-01	1.533827e+00	1.157524e-04	3.081247e-01	7.911457e-01	3.842921e-02	1.018457e-01	2.108637e-04	1.277776e-05	1.268032e-05	1.189695e+00	6.223508e-02	3.310851e-01	6.735798e-01	3.179796e+00	7.507813e-02	9.602532e-02	7.681448e-05	6.623100e+02	6.422976e-03	1.843879e+00	1.459711e+02	8.683855e-04	3.300590e+01	3.248751e-05	
9.876921e-03	4.944033e-03	4.127988e+01	5.717687e-02	7.263511e-04	5.086193e+01	1.231206e-05	1.276965e-05	3.294297e-01	1.526031e+00	1.008921e-04	3.145200e-01	7.915348e-01	3.844582e-02	1.028538e-01	2.157576e-04	1.309540e-05	1.340975e-05	1.260221e+00	6.518860e-02	3.478224e-01	6.578594e-01	4.159845e+00	7.754684e-02	1.005258e-01	1.283881e-04	6.757628e+02	6.484945e-03	1.789259e+00	1.451653e+02	8.782738e-04	3.295448e+01	2.471995e-05	
9.876943e-03	1.153674e-02	2.476378e+01	5.619915e-02	7.107107e-04	5.090155e+01	1.242615e-05	1.129304e-05	3.294539e-01	1.523975e+00	1.250472e-04	3.073251e-01	7.901603e-01	4.029098e-02	1.063925e-01	2.102349e-04	1.282566e-05	1.347453e-05	9.471058e-01	6.512310e-02	3.472161e-01	6.580608e-01	3.876073e+00	6.808822e-02	8.735408e-02	4.511104e-05	6.721202e+02	6.581951e-03	1.755304e+00	1.453194e+02	8.852489e-04	3.299431e+01	2.139894e-05	
9.876963e-03	4.992761e-03	2.221907e+01	4.044759e-02	5.115442e-04	5.098568e+01	1.242485e-05	1.267447e-05	3.294217e-01	1.547389e+00	1.386054e-04	3.029025e-01	7.888343e-01	4.122975e-02	1.087318e-01	1.985718e-04	1.210634e-05	1.234203e-05	1.243054e+00	6.594321e-02	3.497255e-01	6.186583e-01	4.848866e+00	7.915963e-02	1.007928e-01	1.719699e-04	6.609173e+02	6.412023e-03	1.816142e+00	1.456619e+02	8.648458e-04	3.296927e+01	1.684300e-05	
9.876963e-03	6.327306e-03	3.656500e+01	4.110776e-02	5.208251e-04	5.094982e+01	1.217118e-05	1.474154e-05	3.293588e-01	1.543776e+00	1.095527e-04	2.950966e-01	7.887995e-01	4.097763e-02	1.071488e-01	2.146716e-04	1.308910e-05	1.387158e-05	1.237191e+00	6.468363e-02	3.453316e-01	6.389831e-01	6.686730e+00	8.130015e-02	1.044093e-01	2.448515e-04	6.615806e+02	6.457458e-03	1.759557e+00	1.460361e+02	8.178467e-04	3.287690e+01	3.409161e-05	
9.876970e-03	5.396841e-03	4.426038e+01	5.365546e-02	6.746350e-04	5.109726e+01	1.253462e-05	1.148369e-05	3.294240e-01	1.537707e+00	9.782302e-05	3.132107e-01	7.902793e-01	4.094998e-02	1.096373e-01	2.152796e-04	1.310198e-05	1.418945e-05	1.146311e+00	6.655985e-02	3.638488e-01	6.419585e-01	3.149530e+00	7.748517e-02	9.840967e-02	6.936102e-05	6.666148e+02	6.530752e-03	1.752559e+00	1.459037e+02	8.752419e-04	3.302112e+01	2.545378e-05	
9.877009e-03	4.890706e-03	3.681014e+01	4.984630e-02	6.305534e-04	5.088694e+01	1.230890e-05	1.412720e-05	3.294367e-01	1.532114e+00	1.303540e-04	3.056516e-01	7.901517e-01	3.926793e-02	1.038311e-01	2.122176e-04	1.288121e-05	1.347456e-05	1.138533e+00	6.511906e-02	3.448071e-01	6.377250e-01	4.789829e+00	7.225060e-02	9.260597e-02	2.970445e-04	6.684418e+02	6.452575e-03	1.781457e+00	1.456272e+02	8.392382e-04	3.308009e+01	1.905434e-05	
9.877020e-03	6.922945e-03	1.872212e+01	5.421594e-02	6.837997e-04	5.109543e+01	1.254296e-05	1.318681e-05	3.294217e-01	1.532584e+00	1.053890e-04	3.122527e-01	7.908137e-01	3.749568e-02	9.723011e-02	2.107157e-04	1.279830e-05	1.400039e-05	1.229658e+00	6.400564e-02	3.422221e-01	6.371429e-01	3.922707e+00	8.145447e-02	1.051005e-01	8.595777e-05	6.601154e+02	6.488700e-03	1.751949e+00	1.458246e+02	8.823163e-04	3.296178e+01	5.383432e-05	
9.877041e-03	5.995422e-03	1.595039e+01	5.436493e-02	6.819669e-04	5.094755e+01	1.245429e-05	1.217010e-05	3.294231e-01	1.537790e+00	1.592925e-04	3.034228e-01	7.921829e-01	3.754324e-02	9.982225e-02	2.204402e-04	1.341816e-05	1.322044e-05	1.238413e+00	6.423324e-02	3.449122e-01	6.337027e-01	4.005451e+00	8.197427e-02	1.027782e-01	7.564395e-05	6.727659e+02	6.502193e-03	1.757618e+00	1.455852e+02	8.642583e-04	3.307594e+01	2.699783e-05	
9.877061e-03	4.092170e-03	4.833583e+01	5.372558e-02	6.747687e-04	5.111183e+01	1.251689e-05	1.516708e-05	3.294670e-01	1.556905e+00	1.752325e-04	2.965135e-01	7.893999e-01	4.074861e-02	1.075803e-01	2.111111e-04	1.283637e-05	1.306083e-05	1.402403e+00	6.206713e-02	3.274811e-01	6.368553e-01	3.786496e+00	8.126539e-02	1.031908e-01	4.656782e-05	6.465669e+02	6.483528e-03	1.757244e+00	1.459156e+02	8.746079e-04	3.294798e+01	1.668061e-05	
9.877063e-03	7.661707e-03	1.922260e+01	4.772521e-02	6.002100e-04	5.100869e+01	1.250097e-05	1.358636e-05	3.293724e-01	1.536133e+00	1.061142e-04	3.143011e-01	7.902267e-01	3.768208e-02	9.861473e-02	2.131548e-04	1.295978e-05	1.334510e-05	1.324382e+00	6.165019e-02	3.254583e-01	6.589545e-01	4.184892e+00	8.763259e-02	1.119792e-01	1.042475e-04	6.578438e+02	6.384577e-03	1.801098e+00	1.459286e+02	8.523605e-04	3.298960e+01	3.306888e-05	
9.877085e-03	5.659275e-03	5.932922e+01	4.566772e-02	5.731739e-04	5.098531e+01	1.253153e-05	1.407256e-05	3.294315e-01	1.537443e+00	1.417393e-04	3.143041e-01	7.893463e-01	4.064355e-02	1.077101e-01	2.036310e-04	1.238237e-05	1.438293e-05	1.183336e+00	6.567365e-02	3.504017e-01	6.358281e-01	5.146781e+00	8.496778e-02	1.102967e-01	6.636844e-05	6.475250e+02	6.427898e-03	1.838198e+00	1.462550e+02	8.060473e-04	3.310313e+01	1.565873e-05	
9.877215e-03	4.328340e-03	4.815133e+01	4.146495e-02	5.215216e-04	5.115502e+01	1.244216e-05	1.155918e-05	3.293967e-01	1.548069e+00	1.808032e-04	2.898956e-01	7.887646e-01	4.157160e-02	1.094346e-01	2.088365e-04	1.275141e-05	1.353954e-05	1.286807e+00	6.424505e-02	3.415768e-01	6.487997e-01	4.126628e+00	7.192384e-02	9.195186e-02	5.829764e-05	6.414807e+02	6.446936e-03	1.767214e+00	1.463797e+02	8.292068e-04	3.311838e+01	1.362564e-05	
9.877236e-03	6.291743e-03	4.130553e+01	4.549481e-02	5.709522e-04	5.093333e+01	1.231664e-05	1.327926e-05	3.294378e-01	1.532639e+00	1.267039e-04	3.127623e-01	7.893489e-01	4.181308e-02	1.118493e-01	2.026999e-04	1.235085e-05	1.240985e-05	1.078500e+00	6.570868e-02	3.504366e-01	6.635840e-01	4.530047e+00	7.510404e-02	9.443953e-02	3.701189e-04	6.713804e+02	6.511996e-03	1.769471e+00	1.456296e+02	8.633726e-04	3.308181e+01	2.230291e-05	
9.877269e-03	6.640634e-03	2.677244e+01	5.904272e-02	7.449503e-04	5.115396e+01	1.256828e-05	1.147816e-05	3.294629e-01	1.538860e+00	1.210146e-04	3.094805e-01	7.912430e-01	3.987870e-02	1.066516e-01	2.106842e-04	1.284082e-05	1.548828e-05	1.137553e+00	6.566153e-02	3.544426e-01	6.025809e-01	3.929784e+00	8.919911e-02	1.116500e-01	1.189104e-04	6.640275e+02	6.469859e-03	1.776155e+00	1.464796e+02	8.250234e-04	3.296941e+01	5.370386e-05	
9.877334e-03	4.042538e-03	7.212561e+01	5.393651e-02	6.810924e-04	5.102213e+01	1.227429e-05	1.102409e-05	3.294344e-01	1.530223e+00	9.371354e-05	3.064897e-01	7.897056e-01	3.978109e-02	1.045790e-01	2.096804e-04	1.273045e-05	1.375930e-05	1.204623e+00	6.130763e-02	3.241053e-01	6.646330e-01	4.195933e+00	8.482598e-02	1.064460e-01	1.582649e-04	6.614025e+02	6.368961e-03	1.849092e+00	1.459966e+02	8.423095e-04	3.291410e+01	2.527904e-05	
9.877336e-03	4.362485e-03	1.118186e+02	4.878592e-02	6.151930e-04	5.099886e+01	1.262455e-05	1.102249e-05	3.294154e-01	1.525042e+00	1.274930e-04	3.171003e-01	7.898487e-01	4.027381e-02	1.079980e-01	2.015454e-04	1.226232e-05	1.407434e-05	1.187907e+00	6.713265e-02	3.558795e-01	6.097039e-01	3.731608e+00	6.983156e-02	8.691182e-02	3.557057e-05	6.543125e+02	6.384193e-03	1.823092e+00	1.454825e+02	8.882802e-04	3.280422e+01	1.068620e-05	
9.877337e-03	5.446517e-03	4.445930e+01	4.807848e-02	6.072630e-04	5.100613e+01	1.239682e-05	1.107648e-05	3.293576e-01	1.515673e+00	6.922136e-05	3.254656e-01	7.880382e-01	4.346105e-02	1.153306e-01	2.085330e-04	1.270157e-05	1.455183e-05	1.005802e+00	6.581930e-02	3.521861e-01	6.341665e-01	4.950448e+00	7.673673e-02	9.662860e-02	2.038626e-04	6.549468e+02	6.398987e-03	1.775168e+00	1.459330e+02	8.440857e-04	3.294512e+01	2.933985e-05	
9.877347e-03	5.186289e-03	3.325426e+01	4.716292e-02	5.980220e-04	5.095964e+01	1.245037e-05	1.116453e-05	3.294231e-01	1.553836e+00	1.373076e-04	2.983397e-01	7.902984e-01	3.794333e-02	9.920802e-02	2.074584e-04	1.258219e-05	1.333084e-05	1.292935e+00	6.476440e-02	3.444517e-01	6.430118e-01	4.273236e+00	7.622273e-02	9.640316e-02	6.391459e-05	6.561011e+02	6.399736e-03	1.803868e+00	1.458951e+02	8.403798e-04	3.279185e+01	2.731160e-05	
9.877383e-03	5.545439e-03	3.023961e+01	4.452581e-02	5.593140e-04	5.090942e+01	1.238920e-05	1.200857e-05	3.294311e-01	1.529069e+00	1.343182e-04	3.051014e-01	7.885815e-01	4.364580e-02	1.169824e-01	2.014222e-04	1.226612e-05	1.286778e-05	1.075086e+00	6.654594e-02	3.524895e-01	6.267519e-01	5.056930e+00	7.863120e-02	1.006462e-01	1.297363e-04	6.605933e+02	6.511606e-03	1.741442e+00	1.458241e+02	8.297045e-04	3.295975e+01	2.799247e-05	
9.877390e-03	5.765395e-03	5.614293e+01	4.551727e-02	5.738255e-04	5.099780e+01	1.251381e-05	1.299454e-05	3.293943e-01	1.528984e+00	9.905366e-05	3.097795e-01	7.902304e-01	3.895516e-02	1.029931e-01	2.115901e-04	1.282255e-05	1.398772e-05	1.377072e+00	6.359093e-02	3.379664e-01	6.367381e-01	3.579176e+00	7.437438e-02	9.622217e-02	3.042070e-05	6.561183e+02	6.471302e-03	1.745637e+00	1.458956e+02	8.450069e-04	3.290947e+01	2.645200e-05	
9.877430e-03	4.484607e-03	3.481541e+01	4.358593e-02	5.502521e-04	5.103184e+01	1.264532e-05	1.137841e-05	3.293845e-01	1.531367e+00	1.410377e-04	3.182213e-01	7.888779e-01	4.078430e-02	1.067703e-01	1.985901e-04	1.210717e-05	1.372853e-05	1.244416e+00	6.536205e-02	3.472743e-01	6.204767e-01	4.583636e+00	7.760413e-02	1.002430e-01	6.274944e-05	6.397847e+02	6.388516e-03	1.847703e+00	1.462179e+02	8.200451e-04	3.314750e+01	2.621885e-05	
9.877478e-03	5.380552e-03	2.827218e+01	4.370663e-02	5.494682e-04	5.096661e+01	1.223759e-05	1.349361e-05	3.294182e-01	1.534101e+00	1.141671e-04	2.956490e-01	7.890537e-01	4.107072e-02	1.086446e-01	2.091641e-04	1.274210e-05	1.343199e-05	1.188137e+00	6.436629e-02	3.366209e-01	6.245591e-01	4.793266e+00	8.384682e-02	1.095360e-01	3.685364e-04	6.553298e+02	6.464653e-03	1.756430e+00	1.460199e+02	8.224319e-04	3.296069e+01	2.815102e-05	
9.877485e-03	5.025105e-03	2.342557e+01	5.092370e-02	6.451043e-04	5.104859e+01	1.258650e-05	1.275587e-05	3.294681e-01	1.556765e+00	1.265548e-04	2.979932e-01	7.905388e-01	3.767017e-02	9.848208e-02	2.072183e-04	1.261504e-05	1.314007e-05	1.177964e+00	6.363460e-02	3.352327e-01	6.290712e-01	3.885966e+00	7.940313e-02	1.006736e-01	1.029961e-04	6.498588e+02	6.464473e-03	1.793583e+00	1.458305e+02	8.645608e-04	3.300577e+01	4.367176e-05	
9.877486e-03	8.533096e-03	4.210280e+01	4.790640e-02	6.006582e-04	5.090763e+01	1.237117e-05	1.336666e-05	3.294063e-01	1.540873e+00	1.663283e-04	3.018514e-01	7.892762e-01	4.084082e-02	1.079756e-01	2.077371e-04	1.263764e-05	1.389618e-05	1.064159e+00	6.635507e-02	3.547466e-01	6.332856e-01	5.133857e+00	6.937398e-02	8.696352e-02	8.135902e-05	6.626996e+02	6.558194e-03	1.711219e+00	1.456785e+02	8.427574e-04	3.314971e+01	2.076507e-05	
9.877513e-03	4.099351e-03	2.311749e+02	5.291397e-02	6.660663e-04	5.103134e+01	1.253698e-05	1.164461e-05	3.294422e-01	1.524093e+00	1.362104e-04	3.332152e-01	7.898152e-01	4.203451e-02	1.132451e-01	2.037364e-04	1.247985e-05	1.448752e-05	1.067079e+00	6.546662e-02	3.508607e-01	6.583975e-01	4.997800e+00	7.335800e-02	9.460956e-02	5.308282e-05	6.583527e+02	6.497017e-03	1.823906e+00	1.461089e+02	8.308040e-04	3.298134e+01	1.711548e-05	
9.877585e-03	6.305129e-03	1.179578e+01	4.940568e-02	6.224091e-04	5.115800e+01	1.248822e-05	1.214355e-05	3.294487e-01	1.550114e+00	1.446823e-04	2.914030e-01	7.899267e-01	3.920907e-02	1.015535e-01	2.057234e-04	1.251745e-05	1.455996e-05	1.241313e+00	6.680456e-02	3.577017e-01	5.857469e-01	4.315314e+00	7.991240e-02	9.971137e-02	1.361296e-04	6.536474e+02	6.485926e-03	1.783058e+00	1.460424e+02	8.710039e-04	3.303139e+01	4.368802e-05	
9.877610e-03	4.896265e-03	3.805873e+01	5.022483e-02	6.325954e-04	5.105055e+01	1.245062e-05	1.225245e-05	3.294560e-01	1.541557e+00	1.557390e-04	3.091461e-01	7.904490e-01	3.944617e-02	1.037609e-01	2.080586e-04	1.270863e-05	1.410841e-05	1.110407e+00	6.420275e-02	3.420178e-01	6.387635e-01	3.966828e+00	7.141456e-02	9.309032e-02	1.609580e-04	6.625595e+02	6.441621e-03	1.823500e+00	1.458925e+02	8.564467e-04	3.303645e+01	2.615553e-05	
9.877623e-03	4.605111e-03	2.601136e+01	4.341077e-02	5.463045e-04	5.107505e+01	1.238357e-05	1.408291e-05	3.294084e-01	1.552901e+00	1.082864e-04	2.940605e-01	7.891111e-01	4.074910e-02	1.070927e-01	2.120391e-04	1.296495e-05	1.318033e-05	1.353531e+00	6.564282e-02	3.493306e-01	6.243811e-01	4.446897e+00	8.449177e-02	1.080051e-01	2.052172e-04	6.562272e+02	6.513104e-03	1.741868e+00	1.460894e+02	8.369510e-04	3.300377e+01	2.818176e-05	
9.877633e-03	4.575243e-03	5.998736e+01	4.004210e-02	5.072262e-04	5.107379e+01	1.231290e-05	1.362420e-05	3.293918e-01	1.549081e+00	1.379857e-04	2.979950e-01	7.886625e-01	4.165870e-02	1.100851e-01	2.078383e-04	1.267971e-05	1.311088e-05	1.291605e+00	6.318496e-02	3.343429e-01	6.374563e-01	4.885481e+00	8.227252e-02	1.033852e-01	1.820965e-04	6.502754e+02	6.374441e-03	1.813058e+00	1.462227e+02	8.265346e-04	3.304181e+01	1.630951e-05	
9.877650e-03	5.227041e-03	5.309704e+01	4.622439e-02	5.873551e-04	5.100365e+01	1.247436e-05	1.176177e-05	3.294314e-01	1.525410e+00	9.370609e-05	3.084905e-01	7.890705e-01	4.319919e-02	1.166112e-01	2.023447e-04	1.225837e-05	1.304235e-05	1.076647e+00	6.617079e-02	3.555863e-01	6.285067e-01	4.267001e+00	7.127567e-02	8.877825e-02	1.277361e-04	6.566303e+02	6.454763e-03	1.798450e+00	1.459095e+02	8.377523e-04	3.300482e+01	2.008507e-05	
9.877652e-03	3.265074e-03	3.836153e+01	5.058961e-02	6.390956e-04	5.119784e+01	1.227329e-05	1.124534e-05	3.294169e-01	1.536744e+00	9.275220e-05	3.056759e-01	7.891164e-01	4.261873e-02	1.146828e-01	2.112085e-04	1.287371e-05	1.234929e-05	1.301967e+00	6.183571e-02	3.296548e-01	6.850539e-01	4.187824e+00	8.850679e-02	1.130189e-01	4.625024e-04	6.720042e+02	6.444736e-03	1.784188e+00	1.462006e+02	8.592812e-04	3.288481e+01	4.111233e-05	
9.877710e-03	4.939980e-03	3.377582e+01	4.971016e-02	6.254375e-04	5.075700e+01	1.237325e-05	1.354685e-05	3.294468e-01	1.525699e+00	1.474799e-04	3.200855e-01	7.903844e-01	3.970521e-02	1.062584e-01	2.027052e-04	1.230181e-05	1.331021e-05	1.112698e+00	6.256575e-02	3.295809e-01	6.251241e-01	5.392670e+00	9.440187e-02	1.211305e-01	4.607172e-04	6.728643e+02	6.373647e-03	1.852699e+00	1.457849e+02	7.724152e-04	3.306751e+01	1.935902e-05	
9.877738e-03	7.434506e-03	6.786565e+01	5.599449e-02	7.089444e-04	5.091194e+01	1.241578e-05	1.534681e-05	3.294149e-01	1.508085e+00	1.109045e-04	3.352824e-01	7.902533e-01	4.085816e-02	1.109230e-01	2.064432e-04	1.259659e-05	1.408224e-05	9.039289e-01	6.205118e-02	3.244561e-01	6.674587e-01	5.476928e+00	9.547325e-02	1.265764e-01	1.618967e-04	6.696039e+02	6.449867e-03	1.782001e+00	1.460512e+02	7.986149e-04	3.296929e+01	4.155205e-05	
9.877742e-03	7.385093e-03	1.523203e+01	4.500440e-02	5.675646e-04	5.090175e+01	1.237249e-05	1.163704e-05	3.294290e-01	1.542131e+00	1.078455e-04	3.040549e-01	7.903298e-01	3.823263e-02	1.000429e-01	2.095939e-04	1.277695e-05	1.383504e-05	1.223584e+00	6.892044e-02	3.681256e-01	6.261265e-01	3.625020e+00	7.854210e-02	1.007906e-01	1.444217e-04	6.686505e+02	6.504744e-03	1.765316e+00	1.452666e+02	8.759192e-04	3.302678e+01	3.625850e-05	
9.877755e-03	6.851616e-03	6.975127e+01	6.250963e-02	7.840420e-04	5.097541e+01	1.244665e-05	1.398128e-05	3.294465e-01	1.519472e+00	2.201940e-04	3.239852e-01	7.909800e-01	3.887716e-02	1.039589e-01	2.142047e-04	1.299535e-05	1.478670e-05	9.970659e-01	6.298511e-02	3.338055e-01	6.578109e-01	5.138069e+00	8.026848e-02	1.033972e-01	7.742920e-05	6.620242e+02	6.487567e-03	1.747975e+00	1.461784e+02	8.169298e-04	3.314422e+01	1.460829e-05	
9.877809e-03	4.066631e-03	7.860452e+01	5.291779e-02	6.678552e-04	5.094855e+01	1.239389e-05	1.199792e-05	3.294503e-01	1.515724e+00	1.543469e-04	3.344793e-01	7.904035e-01	3.985295e-02	1.069013e-01	2.008073e-04	1.224632e-05	1.338251e-05	1.104740e+00	6.405922e-02	3.376185e-01	6.591181e-01	4.586142e+00	7.999769e-02	1.025233e-01	2.181498e-04	6.734619e+02	6.399606e-03	1.847681e+00	1.458458e+02	8.390981e-04	3.312698e+01	1.467083e-05	
9.877816e-03	4.454563e-03	5.217130e+01	4.758322e-02	5.969547e-04	5.103564e+01	1.244818e-05	1.283414e-05	3.294296e-01	1.541280e+00	1.218444e-04	3.119932e-01	7.899469e-01	3.991539e-02	1.056958e-01	2.087512e-04	1.271022e-05	1.292601e-05	1.175465e+00	6.175207e-02	3.274495e-01	6.588736e-01	4.446518e+00	8.239836e-02	1.044272e-01	1.200160e-04	6.612407e+02	6.452182e-03	1.775400e+00	1.460711e+02	8.310262e-04	3.291593e+01	2.521617e-05	
9.877841e-03	4.588789e-03	1.776450e+01	4.609467e-02	5.806251e-04	5.102019e+01	1.250217e-05	1.167890e-05	3.294566e-01	1.546849e+00	1.235534e-04	2.971762e-01	7.892975e-01	4.000755e-02	1.048202e-01	2.007893e-04	1.221531e-05	1.264146e-05	1.137692e+00	6.460474e-02	3.403638e-01	6.150737e-01	3.889486e+00	6.856499e-02	8.419972e-02	1.652569e-04	6.567138e+02	6.420861e-03	1.811053e+00	1.458756e+02	8.542876e-04	3.306129e+01	2.481676e-05	
9.877854e-03	5.073844e-03	2.727870e+01	5.212944e-02	6.563511e-04	5.107491e+01	1.234441e-05	1.325189e-05	3.294532e-01	1.531595e+00	1.134397e-04	3.080672e-01	7.898814e-01	4.074447e-02	1.079551e-01	2.052792e-04	1.243521e-05	1.264062e-05	1.123550e+00	6.303121e-02	3.351600e-01	6.659210e-01	5.022902e+00	7.934571e-02	1.011893e-01	2.807982e-04	6.744206e+02	6.416819e-03	1.819114e+00	1.456894e+02	8.868865e-04	3.321640e+01	1.862324e-05	
9.877894e-03	4.517911e-03	3.419419e+01	5.000770e-02	6.291299e-04	5.094942e+01	1.236636e-05	1.246021e-05	3.294430e-01	1.516299e+00	9.596219e-05	3.244770e-01	7.889978e-01	4.198752e-02	1.127246e-01	2.006113e-04	1.218830e-05	1.399527e-05	1.053131e+00	6.667449e-02	3.526744e-01	6.181447e-01	4.365535e+00	7.777440e-02	9.680345e-02	3.844433e-04	6.700689e+02	6.354443e-03	1.854275e+00	1.457117e+02	8.416377e-04	3.311711e+01	4.679948e-05	
9.877897e-03	5.333663e-03	1.232907e+02	4.870247e-02	6.189702e-04	5.095647e+01	1.252728e-05	1.377066e-05	3.293830e-01	1.523020e+00	1.034808e-04	3.273930e-01	7.893311e-01	4.023156e-02	1.074424e-01	2.070494e-04	1.256678e-05	1.290268e-05	1.003971e+00	6.189096e-02	3.252496e-01	6.792421e-01	6.071161e+00	8.792578e-02	1.154759e-01	8.325206e-05	6.618732e+02	6.430156e-03	1.798950e+00	1.458345e+02	8.286774e-04	3.284905e+01	1.742840e-05	
9.877927e-03	4.014194e-03	4.281599e+01	4.352831e-02	5.462173e-04	5.099022e+01	1.239165e-05	1.178327e-05	3.294456e-01	1.544636e+00	1.110016e-04	2.993856e-01	7.892939e-01	4.078232e-02	1.081708e-01	2.034922e-04	1.237398e-05	1.341833e-05	1.199977e+00	6.564714e-02	3.501493e-01	6.104963e-01	4.348416e+00	7.388021e-02	9.000442e-02	2.266947e-04	6.479159e+02	6.423947e-03	1.824710e+00	1.457306e+02	8.611089e-04	3.298905e+01	2.228577e-05	
9.877987e-03	4.936903e-03	4.293920e+01	5.346499e-02	6.721277e-04	5.109120e+01	1.246645e-05	1.152661e-05	3.294313e-01	1.536703e+00	1.449949e-04	3.058848e-01	7.894078e-01	4.172814e-02	1.108056e-01	2.125562e-04	1.291388e-05	1.496785e-05	1.120098e+00	6.730910e-02	3.605134e-01	6.075134e-01	3.754910e+00	7.507182e-02	9.629028e-02	4.467749e-05	6.503943e+02	6.508258e-03	1.754481e+00	1.460071e+02	8.528115e-04	3.288765e+01	3.081115e-05	
9.878007e-03	2.858539e-03	2.458231e+01	4.809774e-02	6.053520e-04	5.101425e+01	1.238873e-05	1.246292e-05	3.294857e-01	1.558828e+00	1.741522e-04	2.898290e-01	7.901927e-01	3.990965e-02	1.049260e-01	2.033883e-04	1.233969e-05	1.339913e-05	1.393762e+00	6.698448e-02	3.588477e-01	5.843066e-01	3.742254e+00	8.367929e-02	1.047740e-01	1.157127e-04	6.592089e+02	6.422901e-03	1.822209e+00	1.459842e+02	8.447909e-04	3.294075e+01	1.890170e-05	
9.878013e-03	7.573370e-03	4.285518e+01	4.435372e-02	5.605528e-04	5.087139e+01	1.227976e-05	1.264512e-05	3.293203e-01	1.522052e+00	1.293278e-04	3.142552e-01	7.893501e-01	4.099500e-02	1.107260e-01	2.115857e-04	1.282482e-05	1.359903e-05	1.091475e+00	6.795718e-02	3.657243e-01	6.376585e-01	6.034107e+00	7.308057e-02	9.157199e-02	2.149426e-04	6.674728e+02	6.384815e-03	1.794794e+00	1.455864e+02	8.315793e-04	3.295519e+01	2.316059e-05	
9.878018e-03	5.937800e-03	3.185945e+01	5.017852e-02	6.332642e-04	5.104204e+01	1.242542e-05	1.067827e-05	3.294304e-01	1.543828e+00	1.558869e-04	3.071247e-01	7.899869e-01	3.999037e-02	1.047697e-01	2.066086e-04	1.255494e-05	1.278526e-05	1.157419e+00	6.353817e-02	3.408040e-01	6.490154e-01	4.559521e+00	7.218821e-02	9.337063e-02	7.791793e-05	6.675819e+02	6.517771e-03	1.751896e+00	1.458158e+02	8.695420e-04	3.294079e+01	2.736822e-05	
9.878049e-03	5.007389e-03	4.507379e+01	4.989137e-02	6.263914e-04	5.092848e+01	1.249567e-05	1.179305e-05	3.294132e-01	1.537722e+00	1.617794e-04	3.020916e-01	7.912800e-01	3.796974e-02	1.002766e-01	2.103748e-04	1.281383e-05	1.393419e-05	1.078083e+00	6.689324e-02	3.564119e-01	6.218214e-01	3.637309e+00	7.271191e-02	9.450317e-02	6.838596e-05	6.579617e+02	6.372481e-03	1.810389e+00	1.456980e+02	8.370571e-04	3.294044e+01	2.568998e-05	
9.878092e-03	7.270784e-03	5.667211e+01	4.944681e-02	6.257593e-04	5.091716e+01	1.239955e-05	1.230340e-05	3.293615e-01	1.520628e+00	1.250690e-04	3.139447e-01	7.899106e-01	4.001413e-02	1.059980e-01	2.163663e-04	1.316738e-05	1.415502e-05	1.098577e+00	6.436750e-02	3.448381e-01	6.704063e-01	6.340141e+00	6.736082e-02	8.685656e-02	6.534518e-05	6.565426e+02	6.457083e-03	1.816461e+00	1.459118e+02	8.091239e-04	3.307406e+01	2.079910e-05	
9.878099e-03	4.878792e-03	3.101436e+01	5.204500e-02	6.580529e-04	5.093540e+01	1.241481e-05	1.161777e-05	3.294196e-01	1.523299e+00	1.232225e-04	3.076527e-01	7.904545e-01	3.898649e-02	1.033981e-01	2.039229e-04	1.239465e-05	1.346269e-05	1.303931e+00	6.534784e-02	3.470351e-01	6.166529e-01	3.928855e+00	9.310616e-02	1.177254e-01	1.385549e-04	6.581185e+02	6.362266e-03	1.847451e+00	1.459233e+02	8.180543e-04	3.285638e+01	3.725161e-05	
9.878115e-03	9.217699e-03	4.537533e+01	5.727428e-02	7.296089e-04	5.084396e+01	1.236791e-05	1.277127e-05	3.294510e-01	1.530600e+00	1.783755e-04	3.085926e-01	7.909210e-01	3.918099e-02	1.033441e-01	2.139578e-04	1.300736e-05	1.365091e-05	1.208161e+00	6.434501e-02	3.452120e-01	6.472793e-01	5.257818e+00	8.012066e-02	1.027520e-01	4.502033e-05	6.612563e+02	6.545118e-03	1.772998e+00	1.456608e+02	8.163303e-04	3.279237e+01	1.965464e-05	
9.878139e-03	5.919856e-03	2.800114e+01	4.822561e-02	6.102473e-04	5.090550e+01	1.240925e-05	1.123973e-05	3.293731e-01	1.529333e+00	1.084484e-04	3.098645e-01	7.899604e-01	3.992223e-02	1.047729e-01	2.080950e-04	1.271902e-05	1.360693e-05	1.233899e+00	6.510862e-02	3.479247e-01	6.335423e-01	4.619559e+00	8.706537e-02	1.137850e-01	1.508039e-04	6.630377e+02	6.450478e-03	1.770695e+00	1.457480e+02	8.236730e-04	3.288221e+01	3.839859e-05	
9.878143e-03	5.258235e-03	3.435874e+01	5.279868e-02	6.703936e-04	5.096711e+01	1.244359e-05	1.175892e-05	3.294690e-01	1.546262e+00	1.724777e-04	3.021910e-01	7.907030e-01	3.831371e-02	1.001447e-01	2.066053e-04	1.262991e-05	1.351321e-05	1.206334e+00	6.396011e-02	3.379855e-01	6.494422e-01	4.165187e+00	7.564169e-02	9.350655e-02	1.614102e-04	6.607726e+02	6.454965e-03	1.785258e+00	1.457962e+02	8.477389e-04	3.293910e+01	3.291818e-05	
9.878170e-03	1.065606e-02	1.686281e+01	5.321092e-02	6.698191e-04	5.091400e+01	1.238829e-05	1.442589e-05	3.294184e-01	1.553805e+00	1.629623e-04	2.911420e-01	7.908944e-01	3.747853e-02	9.705102e-02	2.125530e-04	1.292790e-05	1.332598e-05	1.109548e+00	6.627293e-02	3.557280e-01	6.346145e-01	5.311736e+00	6.686718e-02	8.481369e-02	5.018349e-05	6.623535e+02	6.576398e-03	1.719232e+00	1.458283e+02	8.353435e-04	3.294162e+01	2.033304e-05	
9.878184e-03	4.540902e-03	3.275106e+01	4.798526e-02	6.066625e-04	5.096679e+01	1.237922e-05	1.307441e-05	3.294511e-01	1.541590e+00	1.309008e-04	3.055462e-01	7.897211e-01	4.031880e-02	1.069208e-01	2.065669e-04	1.256312e-05	1.339090e-05	1.273705e+00	6.182209e-02	3.264986e-01	6.580849e-01	4.437050e+00	8.652199e-02	1.119861e-01	9.493665e-05	6.559963e+02	6.459071e-03	1.807422e+00	1.460477e+02	8.100830e-04	3.301873e+01	2.739763e-05	
9.878216e-03	5.189326e-03	3.166481e+01	4.180161e-02	5.288501e-04	5.096612e+01	1.247488e-05	1.239344e-05	3.293989e-01	1.551476e+00	1.236125e-04	3.013038e-01	7.900114e-01	4.070507e-02	1.080635e-01	2.027503e-04	1.235957e-05	1.234729e-05	1.281279e+00	6.317845e-02	3.376941e-01	6.579818e-01	4.710382e+00	7.498865e-02	9.646560e-02	6.248330e-05	6.634953e+02	6.430923e-03	1.823870e+00	1.456363e+02	8.503937e-04	3.295485e+01	1.568409e-05	
9.878239e-03	6.419524e-03	3.185270e+01	4.827343e-02	6.141104e-04	5.103037e+01	1.246710e-05	1.341219e-05	3.293806e-01	1.550006e+00	1.172796e-04	2.959072e-01	7.897459e-01	3.975585e-02	1.046634e-01	2.126954e-04	1.290585e-05	1.418004e-05	1.296476e+00	6.585680e-02	3.528241e-01	6.189479e-01	4.471969e+00	9.280018e-02	1.187722e-01	5.040801e-05	6.442550e+02	6.452656e-03	1.790091e+00	1.461455e+02	8.247064e-04	3.283862e+01	2.666718e-05	
9.878242e-03	4.932270e-03	4.219169e+01	5.153585e-02	6.521958e-04	5.094121e+01	1.239296e-05	1.220798e-05	3.294197e-01	1.552972e+00	1.108964e-04	2.918117e-01	7.904643e-01	3.888302e-02	1.038205e-01	2.124455e-04	1.288872e-05	1.356423e-05	1.367353e+00	6.592732e-02	3.512503e-01	6.233651e-01	3.596491e+00	7.171781e-02	9.058041e-02	7.618545e-05	6.510904e+02	6.438858e-03	1.816136e+00	1.456692e+02	8.467611e-04	3.275294e+01	2.133401e-05	
9.878295e-03	4.959881e-03	6.484677e+01	4.805660e-02	6.018371e-04	5.084378e+01	1.241474e-05	1.119804e-05	3.294536e-01	1.527889e+00	1.494350e-04	3.017984e-01	7.888805e-01	4.193056e-02	1.108135e-01	2.099355e-04	1.271608e-05	1.263228e-05	1.152197e+00	6.547567e-02	3.502734e-01	6.362036e-01	3.895851e+00	7.650005e-02	9.755979e-02	7.513348e-05	6.597174e+02	6.439309e-03	1.805539e+00	1.458761e+02	8.060385e-04	3.304585e+01	1.630655e-05	
9.878301e-03	3.517245e-03	5.207058e+01	3.901750e-02	4.916506e-04	5.095360e+01	1.240517e-05	1.051413e-05	3.293882e-01	1.548213e+00	1.082132e-04	3.073324e-01	7.885607e-01	4.170153e-02	1.108360e-01	2.066508e-04	1.258313e-05	1.284449e-05	1.473387e+00	6.875623e-02	3.683990e-01	6.454184e-01	4.273140e+00	8.939650e-02	1.151094e-01	1.236570e-04	6.502124e+02	6.415513e-03	1.823633e+00	1.461096e+02	7.978313e-04	3.290333e+01	3.128632e-05	
9.878386e-03	5.666988e-03	3.300627e+01	4.704267e-02	5.898771e-04	5.093703e+01	1.254110e-05	1.290139e-05	3.294477e-01	1.554672e+00	1.695253e-04	2.966234e-01	7.892054e-01	4.169131e-02	1.095918e-01	2.066266e-04	1.259401e-05	1.349344e-05	1.217734e+00	6.505208e-02	3.509324e-01	6.186476e-01	4.784142e+00	8.094403e-02	1.001121e-01	4.621392e-05	6.481656e+02	6.567790e-03	1.736308e+00	1.459271e+02	8.261871e-04	3.299627e+01	1.562342e-05	
9.878418e-03	4.778485e-03	4.813774e+01	4.997415e-02	6.337118e-04	5.097283e+01	1.237626e-05	1.421710e-05	3.294506e-01	1.528185e+00	9.773970e-05	3.224792e-01	7.892137e-01	4.200335e-02	1.123501e-01	2.025945e-04	1.237048e-05	1.383518e-05	1.071673e+00	6.211033e-02	3.296444e-01	6.633180e-01	5.114872e+00	8.295538e-02	1.053496e-01	1.963440e-04	6.696636e+02	6.513245e-03	1.782779e+00	1.457871e+02	8.494950e-04	3.299065e+01	2.474930e-05	
9.878438e-03	3.921753e-03	2.530687e+01	4.547917e-02	5.687992e-04	5.118860e+01	1.238750e-05	1.240680e-05	3.293923e-01	1.546059e+00	1.245109e-04	2.926897e-01	7.883599e-01	4.236999e-02	1.101951e-01	2.093269e-04	1.276850e-05	1.374286e-05	1.276238e+00	6.486974e-02	3.457595e-01	6.362294e-01	4.196122e+00	8.103048e-02	1.076863e-01	1.025375e-04	6.607110e+02	6.475272e-03	1.758886e+00	1.464579e+02	8.305852e-04	3.303619e+01	2.169225e-05	
9.878451e-03	5.429013e-03	3.875518e+01	4.840096e-02	6.078044e-04	5.100156e+01	1.234159e-05	1.487768e-05	3.294227e-01	1.547268e+00	1.041971e-04	2.914961e-01	7.909356e-01	3.708994e-02	9.589842e-02	2.148922e-04	1.305627e-05	1.400648e-05	1.341372e+00	5.981158e-02	3.146490e-01	6.492661e-01	4.591918e+00	8.175033e-02	1.053255e-01	4.036370e-04	6.522738e+02	6.377093e-03	1.824190e+00	1.458893e+02	8.345718e-04	3.307338e+01	2.918367e-05	
9.878488e-03	5.284607e-03	2.318792e+01	4.783175e-02	6.041565e-04	5.104392e+01	1.252545e-05	1.139688e-05	3.294049e-01	1.543578e+00	1.248974e-04	3.002816e-01	7.899407e-01	3.799849e-02	9.969257e-02	2.086272e-04	1.265849e-05	1.307941e-05	1.187527e+00	6.545675e-02	3.469706e-01	6.311148e-01	4.016285e+00	8.631210e-02	1.105659e-01	8.436682e-05	6.594972e+02	6.496180e-03	1.764366e+00	1.461623e+02	8.171503e-04	3.285161e+01	3.429962e-05	
9.878494e-03	6.413986e-03	1.726054e+01	4.680410e-02	5.914780e-04	5.097490e+01	1.251085e-05	1.479414e-05	3.294139e-01	1.540233e+00	1.259183e-04	3.002633e-01	7.906377e-01	3.674824e-02	9.561543e-02	2.060087e-04	1.249309e-05	1.272582e-05	1.177857e+00	6.504486e-02	3.426424e-01	6.325911e-01	4.618756e+00	8.204992e-02	1.062756e-01	2.018494e-04	6.598407e+02	6.474645e-03	1.731260e+00	1.458199e+02	8.349635e-04	3.292600e+01	3.515063e-05	
9.878506e-03	6.690825e-03	2.140517e+01	5.051785e-02	6.387599e-04	5.123724e+01	1.252653e-05	1.469887e-05	3.294891e-01	1.540392e+00	1.264242e-04	3.070344e-01	7.903544e-01	4.001952e-02	1.064108e-01	2.067203e-04	1.259828e-05	1.409513e-05	1.005232e+00	6.218965e-02	3.262898e-01	6.494925e-01	3.778530e+00	7.910392e-02	1.040070e-01	1.007411e-04	6.592448e+02	6.526299e-03	1.780622e+00	1.462509e+02	8.769201e-04	3.310410e+01	1.641378e-05	
9.878509e-03	8.321342e-03	2.450314e+01	4.776252e-02	6.026788e-04	5.096665e+01	1.230244e-05	1.281233e-05	3.293594e-01	1.541052e+00	1.186083e-04	2.957670e-01	7.915407e-01	3.722076e-02	9.727350e-02	2.164972e-04	1.319271e-05	1.431732e-05	1.219605e+00	6.587420e-02	3.549387e-01	6.471832e-01	4.213436e+00	8.297153e-02	1.090700e-01	7.005468e-05	6.614366e+02	6.434207e-03	1.797665e+00	1.459051e+02	8.382882e-04	3.296452e+01	3.648955e-05	
9.878527e-03	4.068637e-03	6.093340e+01	4.702865e-02	5.945478e-04	5.089812e+01	1.238757e-05	1.335081e-05	3.294276e-01	1.532267e+00	1.101038e-04	3.175370e-01	7.899290e-01	3.995408e-02	1.050998e-01	2.012013e-04	1.222940e-05	1.274722e-05	1.199345e+00	6.166351e-02	3.266324e-01	6.371972e-01	5.805448e+00	9.896488e-02	1.257815e-01	2.212016e-04	6.660974e+02	6.291335e-03	1.883116e+00	1.456101e+02	8.459151e-04	3.283587e+01	3.848017e-05	
9.878551e-03	5.451752e-03	2.883942e+01	4.549612e-02	5.765339e-04	5.082125e+01	1.232902e-05	1.404394e-05	3.294025e-01	1.539322e+00	1.864494e-04	3.070679e-01	7.906880e-01	3.769429e-02	9.831130e-02	2.092695e-04	1.273331e-05	1.263431e-05	1.295315e+00	6.503835e-02	3.467079e-01	6.149985e-01	6.141208e+00	9.348766e-02	1.190246e-01	3.954500e-04	6.629120e+02	6.381727e-03	1.840788e+00	1.456195e+02	8.170605e-04	3.307908e+01	2.271387e-05	
9.878623e-03	4.537740e-03	9.011790e+01	5.133230e-02	6.448544e-04	5.098836e+01	1.239244e-05	1.358944e-05	3.294087e-01	1.529607e+00	1.474938e-04	3.162035e-01	7.899540e-01	4.033055e-02	1.085624e-01	2.085991e-04	1.270839e-05	1.382929e-05	1.195163e+00	6.189150e-02	3.253374e-01	6.695077e-01	4.581948e+00	9.355675e-02	1.227255e-01	7.125636e-05	6.610014e+02	6.412719e-03	1.838534e+00	1.459962e+02	8.277276e-04	3.302948e+01	1.955831e-05	
9.878636e-03	7.741970e-03	3.663009e+01	5.684471e-02	7.195598e-04	5.096537e+01	1.238642e-05	1.419268e-05	3.295012e-01	1.519627e+00	2.136933e-04	3.172749e-01	7.898603e-01	4.132035e-02	1.102018e-01	2.011888e-04	1.222028e-05	1.371496e-05	9.806437e-01	5.825402e-02	3.035459e-01	6.585062e-01	6.160096e+00	8.012240e-02	1.019639e-01	6.379434e-05	6.603364e+02	6.455115e-03	1.795534e+00	1.460450e+02	8.238525e-04	3.304678e+01	1.577530e-05	
9.878643e-03	3.955508e-03	2.825331e+01	4.356439e-02	5.508597e-04	5.094708e+01	1.221943e-05	1.203246e-05	3.294313e-01	1.532522e+00	1.074170e-04	3.168886e-01	7.885926e-01	4.407733e-02	1.192644e-01	1.962097e-04	1.194064e-05	1.326710e-05	1.164435e+00	6.572801e-02	3.483850e-01	6.104015e-01	5.852230e+00	7.453538e-02	9.591578e-02	4.122122e-04	6.643837e+02	6.428743e-03	1.835310e+00	1.458000e+02	8.462612e-04	3.303764e+01	1.808121e-05	
9.878676e-03	6.295973e-03	2.372364e+01	4.578810e-02	5.769100e-04	5.096169e+01	1.231433e-05	1.330814e-05	3.294463e-01	1.557792e+00	1.351883e-04	2.948560e-01	7.899965e-01	3.926612e-02	1.022987e-01	2.071089e-04	1.260197e-05	1.278751e-05	1.241017e+00	6.355627e-02	3.387597e-01	6.350941e-01	4.519948e+00	7.848169e-02	9.670163e-02	1.667930e-04	6.626440e+02	6.434547e-03	1.813699e+00	1.459435e+02	8.326395e-04	3.299004e+01	2.804381e-05	
9.878700e-03	5.109723e-03	2.105447e+01	4.862441e-02	6.111798e-04	5.101021e+01	1.241829e-05	1.245839e-05	3.293921e-01	1.550426e+00	1.420967e-04	2.928531e-01	7.908927e-01	3.784382e-02	9.994193e-02	2.172831e-04	1.317323e-05	1.326225e-05	1.429775e+00	6.604748e-02	3.540062e-01	6.362825e-01	4.199239e+00	9.029746e-02	1.131606e-01	8.129842e-05	6.582009e+02	6.436374e-03	1.773296e+00	1.460952e+02	8.340880e-04	3.300957e+01	2.721501e-05	
9.878716e-03	6.192730e-03	2.092906e+01	4.765073e-02	6.005762e-04	5.093400e+01	1.250604e-05	1.330549e-05	3.294222e-01	1.548629e+00	2.354785e-04	2.940959e-01	7.899603e-01	3.782273e-02	9.741845e-02	2.072994e-04	1.256412e-05	1.348232e-05	1.215240e+00	6.540678e-02	3.472717e-01	6.134975e-01	4.864725e+00	8.277519e-02	1.040571e-01	5.469659e-05	6.439571e+02	6.407885e-03	1.791780e+00	1.458751e+02	8.175073e-04	3.295703e+01	2.162846e-05	
9.878719e-03	5.437691e-03	2.642949e+01	4.760957e-02	6.008920e-04	5.116397e+01	1.252876e-05	1.232657e-05	3.293926e-01	1.560066e+00	1.099427e-04	2.951562e-01	7.901972e-01	3.854502e-02	1.013167e-01	2.109742e-04	1.279885e-05	1.381001e-05	1.397515e+00	6.401391e-02	3.423040e-01	6.310651e-01	3.626430e+00	8.575395e-02	1.111152e-01	4.675223e-05	6.489470e+02	6.397129e-03	1.855383e+00	1.463095e+02	8.474816e-04	3.288704e+01	2.054295e-05	
9.878730e-03	4.633276e-03	3.724706e+01	4.855341e-02	6.120221e-04	5.100678e+01	1.254705e-05	1.120846e-05	3.294289e-01	1.534185e+00	1.374117e-04	3.132653e-01	7.900258e-01	3.988609e-02	1.043108e-01	2.093153e-04	1.278566e-05	1.347890e-05	1.164409e+00	6.295863e-02	3.363984e-01	6.478918e-01	4.663231e+00	8.467305e-02	1.075947e-01	9.037637e-05	6.620404e+02	6.421073e-03	1.785323e+00	1.461716e+02	8.039388e-04	3.302055e+01	2.112615e-05	
9.878738e-03	3.627115e-03	8.781893e+01	4.630948e-02	5.855147e-04	5.097604e+01	1.240733e-05	1.105309e-05	3.293594e-01	1.540000e+00	1.397169e-04	3.052053e-01	7.898106e-01	3.823992e-02	9.940341e-02	2.132010e-04	1.294482e-05	1.330631e-05	1.251785e+00	6.398881e-02	3.423470e-01	6.663487e-01	4.413245e+00	7.169154e-02	8.987420e-02	4.210507e-05	6.571308e+02	6.389898e-03	1.808852e+00	1.459622e+02	8.257399e-04	3.280325e+01	1.191865e-05	
9.878770e-03	5.645606e-03	2.408564e+01	4.450062e-02	5.624182e-04	5.089770e+01	1.230572e-05	1.445087e-05	3.294263e-01	1.553982e+00	1.628545e-04	2.848004e-01	7.895655e-01	3.889171e-02	9.941990e-02	2.153166e-04	1.308110e-05	1.311877e-05	1.424428e+00	6.510582e-02	3.476984e-01	6.255954e-01	4.236615e+00	8.020001e-02	1.033907e-01	1.279482e-04	6.580061e+02	6.491113e-03	1.774000e+00	1.457632e+02	8.288149e-04	3.304985e+01	1.175438e-05	
9.878816e-03	7.348302e-03	9.861595e+00	4.411625e-02	5.595914e-04	5.089209e+01	1.221377e-05	1.296144e-05	3.294314e-01	1.565771e+00	1.511242e-04	2.721823e-01	7.909699e-01	3.637338e-02	9.356830e-02	2.142664e-04	1.297428e-05	1.248041e-05	1.431319e+00	6.434666e-02	3.426665e-01	6.069956e-01	3.931857e+00	7.486176e-02	9.344994e-02	1.121145e-04	6.636890e+02	6.477850e-03	1.762689e+00	1.453683e+02	8.706451e-04	3.279488e+01	3.642141e-05	
9.878846e-03	5.519356e-03	3.295120e+01	4.215649e-02	5.323965e-04	5.111557e+01	1.240773e-05	1.278289e-05	3.293742e-01	1.537214e+00	1.159952e-04	3.055930e-01	7.888911e-01	4.187747e-02	1.113681e-01	2.036572e-04	1.240252e-05	1.360336e-05	1.191230e+00	6.707287e-02	3.564176e-01	6.433519e-01	4.995858e+00	7.486967e-02	9.811230e-02	1.870246e-04	6.674247e+02	6.465374e-03	1.748865e+00	1.460514e+02	8.548415e-04	3.305517e+01	3.310430e-05	
9.878847e-03	6.413731e-03	4.353601e+01	4.567312e-02	5.735105e-04	5.095713e+01	1.243411e-05	1.242504e-05	3.294131e-01	1.550295e+00	2.220817e-04	2.969770e-01	7.898687e-01	3.898253e-02	1.005622e-01	2.087004e-04	1.274879e-05	1.393557e-05	1.247454e+00	6.635959e-02	3.529007e-01	6.190137e-01	4.553028e+00	7.204107e-02	9.348762e-02	5.896194e-05	6.502225e+02	6.485721e-03	1.768066e+00	1.461686e+02	7.974410e-04	3.312033e+01	2.097949e-05	
9.878938e-03	5.736960e-03	2.355179e+01	4.251356e-02	5.375032e-04	5.100020e+01	1.246425e-05	1.440788e-05	3.293638e-01	1.548792e+00	1.375044e-04	3.003318e-01	7.894359e-01	3.950966e-02	1.030635e-01	2.095133e-04	1.271697e-05	1.319706e-05	1.384985e+00	6.252350e-02	3.295884e-01	6.563164e-01	5.463769e+00	8.483152e-02	1.097164e-01	5.429632e-05	6.498443e+02	6.416093e-03	1.773066e+00	1.463063e+02	8.040613e-04	3.297804e+01	2.092169e-05	
9.878980e-03	4.392499e-03	3.918068e+01	4.336601e-02	5.436395e-04	5.079950e+01	1.215338e-05	1.458040e-05	3.294353e-01	1.519891e+00	1.131257e-04	3.143872e-01	7.888788e-01	4.346604e-02	1.155453e-01	2.067105e-04	1.258860e-05	1.333094e-05	1.222094e+00	6.116313e-02	3.238201e-01	6.452576e-01	5.964325e+00	9.400770e-02	1.227147e-01	7.161020e-04	6.675233e+02	6.393560e-03	1.866992e+00	1.453937e+02	8.350391e-04	3.308887e+01	1.124656e-05	
9.878990e-03	4.585060e-03	2.360303e+01	5.112269e-02	6.425508e-04	5.113932e+01	1.246285e-05	1.441709e-05	3.295011e-01	1.534748e+00	1.630408e-04	3.009097e-01	7.896307e-01	4.017040e-02	1.060950e-01	2.047295e-04	1.245878e-05	1.304636e-05	1.081221e+00	6.033789e-02	3.113834e-01	6.444772e-01	4.732729e+00	7.912149e-02	1.017790e-01	1.357442e-04	6.446189e+02	6.474366e-03	1.782307e+00	1.462997e+02	8.425298e-04	3.316869e+01	2.491695e-05	
9.879006e-03	5.871930e-03	2.834771e+01	5.362905e-02	6.784588e-04	5.100694e+01	1.255188e-05	1.163168e-05	3.294159e-01	1.517944e+00	1.134149e-04	3.282828e-01	7.903549e-01	3.954766e-02	1.046893e-01	2.051324e-04	1.249785e-05	1.361655e-05	1.005734e+00	6.551463e-02	3.502276e-01	6.429943e-01	4.685618e+00	8.295224e-02	1.049967e-01	1.300730e-04	6.669867e+02	6.387885e-03	1.817557e+00	1.460979e+02	8.252904e-04	3.303086e+01	4.603806e-05	
9.879008e-03	5.781608e-03	5.729599e+01	5.548569e-02	7.014272e-04	5.094910e+01	1.231604e-05	1.188468e-05	3.294449e-01	1.529452e+00	1.312423e-04	3.099798e-01	7.908838e-01	4.044223e-02	1.094896e-01	2.102464e-04	1.283696e-05	1.521889e-05	1.074395e+00	6.654980e-02	3.538509e-01	6.279639e-01	4.553781e+00	8.587964e-02	1.089016e-01	1.853925e-04	6.725488e+02	6.407835e-03	1.808873e+00	1.458980e+02	8.213780e-04	3.287953e+01	4.349211e-05	
9.879041e-03	4.138778e-03	9.210572e+01	5.228652e-02	6.609069e-04	5.097611e+01	1.253246e-05	1.115193e-05	3.294265e-01	1.532495e+00	1.475857e-04	3.060712e-01	7.913310e-01	4.005325e-02	1.086176e-01	2.120645e-04	1.293468e-05	1.494660e-05	1.242554e+00	6.348023e-02	3.375952e-01	6.359449e-01	3.611156e+00	7.886137e-02	1.017379e-01	2.730556e-05	6.588070e+02	6.453299e-03	1.813331e+00	1.458974e+02	8.415942e-04	3.293741e+01	1.370033e-05	
9.879081e-03	6.757301e-03	3.387298e+01	4.549057e-02	5.797271e-04	5.086005e+01	1.236329e-05	1.402801e-05	3.293905e-01	1.533312e+00	1.278545e-04	2.988760e-01	7.893104e-01	4.059230e-02	1.067641e-01	2.082163e-04	1.264121e-05	1.402614e-05	1.212456e+00	6.392481e-02	3.418606e-01	6.322670e-01	5.861068e+00	7.710360e-02	9.687343e-02	1.315501e-04	6.561397e+02	6.467786e-03	1.771140e+00	1.456972e+02	8.185188e-04	3.294017e+01	1.701209e-05	
9.879128e-03	5.944128e-03	2.365005e+01	4.594125e-02	5.765188e-04	5.100778e+01	1.240387e-05	1.155119e-05	3.294309e-01	1.521522e+00	9.129303e-05	3.100490e-01	7.895745e-01	3.906318e-02	1.018427e-01	1.991489e-04	1.208631e-05	1.354944e-05	1.122349e+00	6.259225e-02	3.288457e-01	6.161743e-01	4.188770e+00	8.265913e-02	1.043461e-01	3.718139e-04	6.634359e+02	6.307923e-03	1.851657e+00	1.460172e+02	8.326400e-04	3.307018e+01	5.917777e-05	
9.879158e-03	8.399115e-03	2.130593e+01	4.122564e-02	5.200941e-04	5.090132e+01	1.240500e-05	1.526838e-05	3.293858e-01	1.524984e+00	1.015413e-04	3.096805e-01	7.888424e-01	4.080477e-02	1.065179e-01	2.079634e-04	1.262922e-05	1.330970e-05	1.091985e+00	5.914883e-02	3.091994e-01	6.472787e-01	5.911614e+00	8.282309e-02	1.073360e-01	1.451316e-04	6.513489e+02	6.422467e-03	1.778490e+00	1.457825e+02	8.289041e-04	3.320692e+01	1.890776e-05	
9.879175e-03	5.221927e-03	4.440465e+01	5.232554e-02	6.539769e-04	5.107116e+01	1.241649e-05	1.401912e-05	3.294206e-01	1.515359e+00	1.188429e-04	3.241103e-01	7.902020e-01	3.993570e-02	1.062304e-01	2.085184e-04	1.271218e-05	1.264114e-05	1.108496e+00	6.393901e-02	3.362048e-01	6.597296e-01	4.260362e+00	8.188957e-02	1.068416e-01	1.813449e-04	6.700955e+02	6.383501e-03	1.814953e+00	1.460038e+02	8.571197e-04	3.311066e+01	2.868523e-05	
9.879198e-03	4.552102e-03	8.370484e+01	4.421616e-02	5.543858e-04	5.086556e+01	1.226676e-05	1.305244e-05	3.294583e-01	1.540309e+00	1.146780e-04	3.072101e-01	7.886304e-01	4.378838e-02	1.168800e-01	1.977715e-04	1.206894e-05	1.428946e-05	9.731379e-01	6.856325e-02	3.663352e-01	6.005562e-01	5.295462e+00	7.595086e-02	9.733623e-02	2.706987e-04	6.645293e+02	6.470218e-03	1.818359e+00	1.454410e+02	8.411668e-04	3.309312e+01	1.143382e-05	
9.879215e-03	6.763560e-03	3.146481e+01	5.147998e-02	6.459679e-04	5.101196e+01	1.249080e-05	1.350638e-05	3.294598e-01	1.550555e+00	1.770903e-04	2.845915e-01	7.903130e-01	3.951720e-02	1.041778e-01	2.169178e-04	1.317783e-05	1.352126e-05	1.136258e+00	7.160238e-02	3.883294e-01	6.143643e-01	3.863786e+00	7.891306e-02	9.922301e-02	1.041124e-04	6.550786e+02	6.558324e-03	1.720059e+00	1.459166e+02	8.464284e-04	3.311135e+01	1.165802e-05	
9.879260e-03	6.919363e-03	3.100889e+01	4.766392e-02	6.008462e-04	5.090795e+01	1.241092e-05	1.141314e-05	3.294069e-01	1.542359e+00	1.229451e-04	3.047696e-01	7.902166e-01	3.851293e-02	1.006365e-01	2.103139e-04	1.280169e-05	1.302708e-05	1.228578e+00	6.265772e-02	3.347132e-01	6.694338e-01	4.821687e+00	8.936028e-02	1.137324e-01	7.474446e-05	6.649465e+02	6.469849e-03	1.763701e+00	1.457059e+02	8.465966e-04	3.292588e+01	1.558020e-05	
9.879372e-03	4.172215e-03	2.214475e+01	5.074755e-02	6.417955e-04	5.091047e+01	1.227921e-05	1.071622e-05	3.294631e-01	1.550257e+00	1.255213e-04	2.939951e-01	7.903125e-01	3.802918e-02	9.935447e-02	2.066003e-04	1.253119e-05	1.240639e-05	1.378527e+00	6.568515e-02	3.486690e-01	6.288011e-01	4.288849e+00	7.380375e-02	9.314912e-02	2.128687e-04	6.619719e+02	6.411881e-03	1.837845e+00	1.455147e+02	8.558298e-04	3.277280e+01	5.209901e-05	
9.879421e-03	5.109578e-03	8.837838e+00	4.513013e-02	5.711152e-04	5.092209e+01	1.228597e-05	1.252421e-05	3.294155e-01	1.555782e+00	1.467846e-04	2.913443e-01	7.908532e-01	3.631962e-02	9.325784e-02	2.114191e-04	1.290377e-05	1.271944e-05	1.441573e+00	6.394981e-02	3.363457e-01	6.262266e-01	4.577303e+00	8.117856e-02	1.013239e-01	3.126575e-04	6.682875e+02	6.433580e-03	1.755563e+00	1.456638e+02	8.457412e-04	3.287042e+01	4.098859e-05	
9.879438e-03	5.844490e-03	2.378626e+01	3.814611e-02	4.816052e-04	5.096226e+01	1.247865e-05	1.090942e-05	3.293538e-01	1.541092e+00	9.119631e-05	2.997908e-01	7.877399e-01	4.225997e-02	1.106634e-01	1.972120e-04	1.194338e-05	1.295150e-05	1.114685e+00	6.699097e-02	3.564876e-01	6.226471e-01	5.319635e+00	7.718283e-02	9.830164e-02	1.035718e-04	6.477972e+02	6.394124e-03	1.782966e+00	1.459763e+02	8.238059e-04	3.292763e+01	3.458403e-05	
9.879446e-03	4.859372e-03	4.030851e+01	5.015863e-02	6.323243e-04	5.101187e+01	1.235276e-05	1.288305e-05	3.294662e-01	1.551138e+00	1.844733e-04	2.988047e-01	7.904392e-01	3.912349e-02	1.029302e-01	2.104946e-04	1.281782e-05	1.391867e-05	1.103877e+00	6.483639e-02	3.428773e-01	6.293621e-01	4.256428e+00	8.224549e-02	1.019738e-01	1.586767e-04	6.563416e+02	6.458256e-03	1.794945e+00	1.459592e+02	8.410253e-04	3.302598e+01	2.747015e-05	
9.879462e-03	4.758245e-03	2.009597e+01	4.194282e-02	5.326352e-04	5.092078e+01	1.227525e-05	1.360158e-05	3.294170e-01	1.551699e+00	1.522467e-04	2.827134e-01	7.897395e-01	4.024783e-02	1.055727e-01	2.091702e-04	1.273829e-05	1.319533e-05	1.468501e+00	7.028275e-02	3.782754e-01	5.933977e-01	3.892183e+00	7.775417e-02	9.519076e-02	1.240584e-04	6.581395e+02	6.473236e-03	1.762491e+00	1.459236e+02	8.148898e-04	3.293628e+01	1.760278e-05	
9.879479e-03	6.163196e-03	1.615227e+01	4.766191e-02	5.980388e-04	5.088934e+01	1.234656e-05	1.171331e-05	3.293766e-01	1.533631e+00	8.457510e-05	3.121558e-01	7.905784e-01	3.834097e-02	1.007511e-01	2.084195e-04	1.268779e-05	1.328850e-05	1.280428e+00	6.489030e-02	3.493021e-01	6.572208e-01	5.611816e+00	8.783527e-02	1.144995e-01	4.561664e-04	6.794122e+02	6.381281e-03	1.860013e+00	1.453961e+02	8.655177e-04	3.307370e+01	2.999001e-05	
9.879511e-03	4.836583e-03	3.816039e+01	4.477062e-02	5.672374e-04	5.111455e+01	1.255780e-05	1.064515e-05	3.294366e-01	1.554855e+00	1.204417e-04	2.992706e-01	7.896855e-01	3.982725e-02	1.054051e-01	1.988110e-04	1.205933e-05	1.317942e-05	1.148064e+00	6.765452e-02	3.614219e-01	6.272467e-01	3.443879e+00	6.785894e-02	8.541993e-02	8.376484e-05	6.555054e+02	6.472910e-03	1.802622e+00	1.460858e+02	8.580883e-04	3.298595e+01	1.869587e-05	
9.879549e-03	7.657366e-03	1.842200e+01	5.572745e-02	7.024879e-04	5.097126e+01	1.248986e-05	1.297053e-05	3.294755e-01	1.543726e+00	1.623499e-04	3.071716e-01	7.911210e-01	3.820547e-02	1.007184e-01	2.082723e-04	1.267664e-05	1.360962e-05	1.080161e+00	6.689665e-02	3.579488e-01	6.308526e-01	3.823639e+00	8.348742e-02	1.066059e-01	8.676281e-05	6.657577e+02	6.566429e-03	1.758859e+00	1.456948e+02	8.663070e-04	3.297367e+01	4.213507e-05	
9.879565e-03	5.623788e-03	6.124009e+01	5.668727e-02	7.119623e-04	5.098560e+01	1.236693e-05	1.272245e-05	3.294194e-01	1.526153e+00	1.557064e-04	3.149830e-01	7.905691e-01	4.032771e-02	1.079636e-01	2.131151e-04	1.300645e-05	1.460973e-05	1.072950e+00	6.559553e-02	3.483181e-01	6.463674e-01	4.968784e+00	7.846183e-02	1.012550e-01	1.471619e-04	6.707176e+02	6.482514e-03	1.778834e+00	1.458321e+02	8.351356e-04	3.303996e+01	2.493695e-05	
9.879582e-03	8.165650e-03	3.646505e+01	4.380911e-02	5.558247e-04	5.098875e+01	1.247829e-05	1.305935e-05	3.293357e-01	1.544203e+00	1.982758e-04	2.951706e-01	7.898754e-01	3.920369e-02	1.016307e-01	2.146287e-04	1.309537e-05	1.479016e-05	1.191736e+00	6.678481e-02	3.582835e-01	6.251724e-01	5.341339e+00	8.299340e-02	1.067799e-01	9.266993e-05	6.518324e+02	6.490424e-03	1.736523e+00	1.459828e+02	8.288397e-04	3.303039e+01	1.304240e-05	
9.879654e-03	6.460546e-03	2.163042e+01	4.964446e-02	6.246116e-04	5.095446e+01	1.221902e-05	1.292587e-05	3.294727e-01	1.539737e+00	1.308718e-04	2.972984e-01	7.891471e-01	4.119079e-02	1.092029e-01	2.049160e-04	1.240696e-05	1.280636e-05	1.064240e+00	6.272809e-02	3.328508e-01	6.414160e-01	5.628218e+00	7.712018e-02	9.517767e-02	1.997532e-04	6.582129e+02	6.495855e-03	1.751412e+00	1.460694e+02	8.080477e-04	3.301986e+01	2.096088e-05	
9.879728e-03	5.930933e-03	2.167927e+01	4.391226e-02	5.498755e-04	5.101782e+01	1.253403e-05	1.218676e-05	3.293506e-01	1.544619e+00	1.122289e-04	2.976830e-01	7.894494e-01	3.978927e-02	1.046516e-01	2.106790e-04	1.280968e-05	1.387439e-05	1.274657e+00	6.619010e-02	3.560163e-01	6.127925e-01	3.834521e+00	7.499392e-02	9.386814e-02	6.231025e-05	6.488122e+02	6.432061e-03	1.783305e+00	1.460314e+02	8.355965e-04	3.296418e+01	3.373585e-05	
9.879739e-03	8.442604e-03	2.029650e+01	5.185335e-02	6.520760e-04	5.097585e+01	1.243051e-05	1.389185e-05	3.294473e-01	1.541491e+00	1.772962e-04	2.951913e-01	7.906238e-01	3.900782e-02	1.020200e-01	2.099242e-04	1.276131e-05	1.279435e-05	1.097040e+00	6.337914e-02	3.383675e-01	6.516986e-01	4.891098e+00	6.358995e-02	7.774967e-02	5.072338e-05	6.687371e+02	6.530205e-03	1.737979e+00	1.459605e+02	8.362007e-04	3.308363e+01	1.745960e-05	
9.879778e-03	4.328688e-03	4.998562e+01	5.660664e-02	7.147906e-04	5.101315e+01	1.243711e-05	1.279450e-05	3.294997e-01	1.544583e+00	1.412638e-04	3.079456e-01	7.901433e-01	3.982239e-02	1.060007e-01	2.025122e-04	1.233022e-05	1.346432e-05	1.093473e+00	6.468568e-02	3.415309e-01	6.240549e-01	3.925744e+00	9.665345e-02	1.200525e-01	2.393362e-04	6.524052e+02	6.444216e-03	1.816665e+00	1.460836e+02	8.404812e-04	3.288873e+01	4.553173e-05	
9.879785e-03	4.241507e-03	5.172665e+01	4.555277e-02	5.798294e-04	5.105497e+01	1.231009e-05	1.210215e-05	3.293718e-01	1.538159e+00	1.453929e-04	3.119450e-01	7.894339e-01	4.139643e-02	1.104519e-01	2.100364e-04	1.282309e-05	1.399515e-05	1.243357e+00	6.494804e-02	3.473527e-01	6.319979e-01	5.246201e+00	7.494048e-02	9.432478e-02	1.397241e-04	6.669462e+02	6.360936e-03	1.817116e+00	1.461168e+02	8.235529e-04	3.299473e+01	2.982044e-05	
9.879821e-03	7.414090e-03	1.839325e+01	4.824727e-02	6.070736e-04	5.089231e+01	1.237953e-05	1.250107e-05	3.294290e-01	1.530304e+00	1.060591e-04	3.070101e-01	7.899800e-01	3.994292e-02	1.053012e-01	2.063106e-04	1.252600e-05	1.335441e-05	1.095766e+00	6.455034e-02	3.478738e-01	6.399879e-01	4.831956e+00	6.510069e-02	8.166516e-02	1.978314e-04	6.707923e+02	6.544936e-03	1.797677e+00	1.453267e+02	8.754818e-04	3.314782e+01	2.149521e-05	
9.879859e-03	5.670862e-03	4.263694e+01	4.498798e-02	5.597499e-04	5.088092e+01	1.245591e-05	1.347788e-05	3.294570e-01	1.538688e+00	1.463231e-04	3.077593e-01	7.893640e-01	4.115218e-02	1.092999e-01	2.007524e-04	1.223447e-05	1.351008e-05	1.061616e+00	6.645624e-02	3.541052e-01	6.209956e-01	4.542945e+00	7.205927e-02	9.171521e-02	1.107158e-04	6.548927e+02	6.487524e-03	1.779219e+00	1.458198e+02	8.088004e-04	3.321010e+01	1.226868e-05	
9.879872e-03	5.614540e-03	8.853845e+01	5.016204e-02	6.308277e-04	5.104099e+01	1.261844e-05	1.102747e-05	3.294292e-01	1.525685e+00	1.315886e-04	3.219549e-01	7.902356e-01	4.140998e-02	1.132127e-01	2.068460e-04	1.258861e-05	1.421353e-05	1.133081e+00	6.773050e-02	3.609849e-01	6.383434e-01	3.826162e+00	6.799963e-02	8.794663e-02	4.272832e-05	6.584383e+02	6.512101e-03	1.793725e+00	1.458015e+02	8.643688e-04	3.290739e+01	1.930859e-05	
9.879928e-03	6.562458e-03	2.605249e+01	4.997189e-02	6.298015e-04	5.089875e+01	1.237591e-05	1.429388e-05	3.294322e-01	1.564313e+00	1.866120e-04	2.922912e-01	7.908156e-01	3.827917e-02	1.009353e-01	2.118893e-04	1.291719e-05	1.241969e-05	1.267816e+00	6.318152e-02	3.325123e-01	6.425586e-01	5.692969e+00	8.519163e-02	1.118282e-01	1.496062e-04	6.592002e+02	6.489797e-03	1.763586e+00	1.457482e+02	8.317219e-04	3.294215e+01	2.253183e-05	
9.879995e-03	8.966537e-03	4.508295e+01	5.866559e-02	7.457538e-04	5.091566e+01	1.249051e-05	1.204837e-05	3.294399e-01	1.523561e+00	1.402830e-04	3.290486e-01	7.914829e-01	3.847709e-02	1.025142e-01	2.122480e-04	1.294442e-05	1.452986e-05	1.024658e+00	6.538228e-02	3.513751e-01	6.821809e-01	3.806729e+00	6.823031e-02	8.925919e-02	3.295521e-05	6.748805e+02	6.552420e-03	1.788210e+00	1.457529e+02	8.361556e-04	3.301451e+01	2.719990e-05	
9.880016e-03	6.781322e-03	2.516883e+01	4.319967e-02	5.398978e-04	5.097582e+01	1.241998e-05	1.370187e-05	3.294019e-01	1.542100e+00	1.722756e-04	3.056249e-01	7.896360e-01	3.964423e-02	1.034613e-01	2.033435e-04	1.243324e-05	1.429282e-05	1.191990e+00	6.414850e-02	3.421817e-01	6.166635e-01	5.796928e+00	8.358051e-02	1.061294e-01	6.279946e-04	6.565395e+02	6.446301e-03	1.814179e+00	1.461290e+02	7.994731e-04	3.324763e+01	1.878119e-05	
9.880028e-03	5.431893e-03	2.590376e+01	5.048131e-02	6.343629e-04	5.102613e+01	1.239778e-05	1.378198e-05	3.294192e-01	1.533664e+00	1.081133e-04	3.091087e-01	7.898794e-01	3.946100e-02	1.029732e-01	2.079914e-04	1.265226e-05	1.295997e-05	1.243196e+00	6.363491e-02	3.428642e-01	6.470408e-01	4.432684e+00	9.370567e-02	1.157524e-01	1.451728e-04	6.602964e+02	6.408481e-03	1.824981e+00	1.458807e+02	8.502250e-04	3.298375e+01	2.674834e-05	
9.880046e-03	5.221026e-03	1.869217e+01	4.277039e-02	5.363701e-04	5.089176e+01	1.239125e-05	1.184919e-05	3.294121e-01	1.534417e+00	1.585563e-04	3.077046e-01	7.893344e-01	4.130513e-02	1.079940e-01	2.037230e-04	1.246246e-05	1.328873e-05	1.159680e+00	6.363640e-02	3.416185e-01	6.396574e-01	5.790194e+00	7.522205e-02	9.365933e-02	2.555456e-04	6.623051e+02	6.426956e-03	1.799066e+00	1.457082e+02	8.340638e-04	3.307537e+01	1.452524e-05	
9.880115e-03	3.790268e-03	7.185723e+01	4.485253e-02	5.618981e-04	5.099282e+01	1.241671e-05	1.233433e-05	3.293990e-01	1.520488e+00	9.347119e-05	3.208062e-01	7.886230e-01	4.309841e-02	1.167939e-01	2.032418e-04	1.229319e-05	1.332855e-05	9.998919e-01	6.459398e-02	3.428538e-01	6.327951e-01	4.378494e+00	8.024578e-02	1.022212e-01	1.701400e-04	6.610356e+02	6.353375e-03	1.831602e+00	1.459905e+02	8.279061e-04	3.293083e+01	2.888559e-05	
9.880155e-03	6.852115e-03	2.639612e+01	5.377634e-02	6.812741e-04	5.097317e+01	1.249348e-05	1.094616e-05	3.294367e-01	1.531951e+00	8.393473e-05	3.092740e-01	7.907416e-01	3.953852e-02	1.057839e-01	2.093156e-04	1.273860e-05	1.391416e-05	1.106543e+00	6.677035e-02	3.620687e-01	6.630924e-01	3.337370e+00	8.097205e-02	1.014747e-01	4.684655e-05	6.685745e+02	6.531521e-03	1.798467e+00	1.455606e+02	8.719662e-04	3.291981e+01	3.919052e-05	
9.880157e-03	5.681500e-03	4.204183e+01	4.641188e-02	5.809695e-04	5.105709e+01	1.234855e-05	1.173203e-05	3.294092e-01	1.526400e+00	1.184524e-04	3.028339e-01	7.892236e-01	4.154162e-02	1.111643e-01	2.051944e-04	1.247977e-05	1.309269e-05	1.123603e+00	6.856148e-02	3.681018e-01	6.343334e-01	4.535517e+00	7.765359e-02	9.816199e-02	1.190278e-04	6.636165e+02	6.462698e-03	1.784477e+00	1.461546e+02	8.267717e-04	3.292421e+01	3.024031e-05	
9.880171e-03	3.957053e-03	3.083270e+01	4.452128e-02	5.638449e-04	5.107769e+01	1.262865e-05	1.094872e-05	3.294032e-01	1.537117e+00	1.243166e-04	3.158859e-01	7.893451e-01	4.031648e-02	1.055256e-01	1.981130e-04	1.207676e-05	1.405367e-05	1.257421e+00	6.601407e-02	3.541412e-01	6.015742e-01	4.755296e+00	8.434330e-02	1.089311e-01	1.593670e-04	6.529199e+02	6.362106e-03	1.875453e+00	1.463122e+02	8.129070e-04	3.295894e+01	3.990272e-05	
9.880277e-03	7.118054e-03	2.458627e+01	6.316086e-02	8.037076e-04	5.101348e+01	1.245211e-05	1.279354e-05	3.294587e-01	1.541452e+00	1.988360e-04	3.074109e-01	7.924024e-01	3.677130e-02	9.777995e-02	2.201367e-04	1.334050e-05	1.531230e-05	1.141137e+00	6.538703e-02	3.488503e-01	6.353056e-01	3.341145e+00	7.365820e-02	9.407543e-02	4.479261e-05	6.714524e+02	6.482456e-03	1.757104e+00	1.457222e+02	8.744196e-04	3.286479e+01	3.878034e-05	
9.880397e-03	6.460688e-03	2.707919e+01	4.196001e-02	5.259428e-04	5.101126e+01	1.233506e-05	1.475516e-05	3.294276e-01	1.533304e+00	1.560306e-04	3.032303e-01	7.889538e-01	4.203811e-02	1.114371e-01	2.051864e-04	1.250331e-05	1.290742e-05	1.272993e+00	6.326989e-02	3.319414e-01	6.278652e-01	5.753613e+00	7.384266e-02	9.541527e-02	1.322287e-04	6.649114e+02	6.493772e-03	1.749694e+00	1.457745e+02	8.577327e-04	3.327391e+01	1.129761e-05	
9.880452e-03	6.235536e-03	3.801823e+01	5.658356e-02	7.089172e-04	5.098450e+01	1.243738e-05	1.193440e-05	3.294404e-01	1.537214e+00	1.425953e-04	3.062576e-01	7.913691e-01	3.813308e-02	1.019898e-01	2.156651e-04	1.306435e-05	1.353188e-05	1.194527e+00	6.406842e-02	3.407952e-01	6.559112e-01	3.812046e+00	7.617984e-02	9.699919e-02	6.553275e-05	6.690428e+02	6.506832e-03	1.740047e+00	1.457977e+02	8.526076e-04	3.293996e+01	2.966640e-05	
9.880572e-03	7.682183e-03	2.239945e+01	4.721667e-02	5.983754e-04	5.108933e+01	1.245111e-05	1.568278e-05	3.293928e-01	1.536850e+00	1.301994e-04	3.035622e-01	7.897862e-01	4.053061e-02	1.076443e-01	2.083913e-04	1.268130e-05	1.440537e-05	1.156739e+00	6.402462e-02	3.394709e-01	6.205073e-01	5.365239e+00	9.692894e-02	1.244613e-01	1.173349e-04	6.482417e+02	6.455051e-03	1.804433e+00	1.462125e+02	8.275037e-04	3.312965e+01	3.182266e-05	
9.880618e-03	6.340940e-03	3.985185e+01	5.135360e-02	6.524834e-04	5.083467e+01	1.228154e-05	1.324119e-05	3.293869e-01	1.521283e+00	1.566228e-04	3.008236e-01	7.902073e-01	4.127449e-02	1.103630e-01	2.176649e-04	1.325634e-05	1.518459e-05	1.250500e+00	6.560261e-02	3.496584e-01	6.277321e-01	5.439665e+00	8.378382e-02	1.065567e-01	6.086151e-05	6.703659e+02	6.465856e-03	1.761740e+00	1.456818e+02	8.172582e-04	3.295452e+01	1.264013e-05	
9.880676e-03	4.916108e-03	5.163140e+01	5.183749e-02	6.638292e-04	5.083053e+01	1.248098e-05	1.170302e-05	3.294086e-01	1.537684e+00	1.564064e-04	3.093376e-01	7.897499e-01	3.993339e-02	1.045341e-01	2.116092e-04	1.288678e-05	1.340740e-05	1.175417e+00	6.627616e-02	3.563952e-01	6.463727e-01	4.065270e+00	8.664664e-02	1.120770e-01	3.990022e-05	6.679735e+02	6.541576e-03	1.731950e+00	1.457029e+02	8.129029e-04	3.276963e+01	2.182221e-05	
9.880692e-03	6.039206e-03	2.041243e+01	5.039155e-02	6.378579e-04	5.110817e+01	1.253716e-05	1.470373e-05	3.294347e-01	1.555016e+00	1.472025e-04	2.940972e-01	7.901496e-01	3.754734e-02	9.725670e-02	2.112077e-04	1.279922e-05	1.509335e-05	1.319224e+00	6.139547e-02	3.209673e-01	6.344014e-01	3.535309e+00	8.434935e-02	1.112818e-01	3.837313e-05	6.446055e+02	6.450261e-03	1.782508e+00	1.458273e+02	8.834735e-04	3.302578e+01	2.507417e-05	
9.880748e-03	5.120911e-03	1.858165e+01	4.859641e-02	6.135201e-04	5.104581e+01	1.242259e-05	1.182969e-05	3.294237e-01	1.528501e+00	1.364009e-04	2.996606e-01	7.893098e-01	4.131770e-02	1.089134e-01	2.099307e-04	1.271916e-05	1.350076e-05	1.128953e+00	6.732279e-02	3.634963e-01	6.065077e-01	4.149925e+00	7.147112e-02	8.724729e-02	9.720548e-05	6.549530e+02	6.526443e-03	1.741536e+00	1.462277e+02	8.240022e-04	3.298500e+01	3.788807e-05	
9.880769e-03	6.933357e-03	3.929544e+01	3.814214e-02	4.799805e-04	5.094224e+01	1.241500e-05	1.348957e-05	3.293806e-01	1.550665e+00	1.330895e-04	2.800084e-01	7.893755e-01	3.811570e-02	9.669303e-02	2.160600e-04	1.314460e-05	1.398869e-05	1.329027e+00	6.490816e-02	3.438709e-01	6.128333e-01	4.015965e+00	6.889180e-02	8.917933e-02	5.859081e-05	6.458759e+02	6.451528e-03	1.733652e+00	1.458274e+02	8.230333e-04	3.320394e+01	1.654686e-05	
9.880817e-03	5.732955e-03	1.591245e+01	4.654100e-02	5.862749e-04	5.100484e+01	1.222088e-05	1.395972e-05	3.294152e-01	1.548337e+00	1.217053e-04	2.813269e-01	7.896498e-01	4.017582e-02	1.026564e-01	2.191734e-04	1.342718e-05	1.408254e-05	1.327259e+00	6.489013e-02	3.473841e-01	6.418798e-01	4.536795e+00	8.235625e-02	1.077184e-01	1.927720e-04	6.543523e+02	6.514835e-03	1.730045e+00	1.457893e+02	8.520183e-04	3.305195e+01	3.715292e-05	
9.880817e-03	5.034922e-03	3.024999e+01	4.484392e-02	5.624138e-04	5.101072e+01	1.240230e-05	1.244470e-05	3.294230e-01	1.545617e+00	1.720498e-04	2.968808e-01	7.891649e-01	4.076380e-02	1.046405e-01	1.995424e-04	1.219864e-05	1.237070e-05	1.212084e+00	6.312979e-02	3.362870e-01	6.315405e-01	4.294493e+00	6.588684e-02	8.607411e-02	8.535281e-05	6.613098e+02	6.462409e-03	1.763075e+00	1.458940e+02	8.563819e-04	3.294757e+01	2.045661e-05	
9.880878e-03	3.131222e-03	4.798681e+01	4.581595e-02	5.778366e-04	5.092759e+01	1.256687e-05	1.256084e-05	3.294372e-01	1.539527e+00	1.266480e-04	3.014536e-01	7.894578e-01	4.056957e-02	1.065058e-01	2.035224e-04	1.239835e-05	1.275955e-05	1.233094e+00	6.534011e-02	3.488676e-01	6.257532e-01	4.752035e+00	8.006863e-02	9.975346e-02	1.440253e-04	6.542128e+02	6.443295e-03	1.772909e+00	1.459810e+02	8.159953e-04	3.299323e+01	1.228095e-05	
9.880900e-03	7.047944e-03	2.648851e+01	4.910602e-02	6.163691e-04	5.088593e+01	1.214288e-05	1.540558e-05	3.294018e-01	1.534757e+00	8.480039e-05	3.023895e-01	7.902589e-01	3.901201e-02	1.020710e-01	2.170845e-04	1.319071e-05	1.363841e-05	1.388701e+00	6.179983e-02	3.300146e-01	6.517799e-01	6.895596e+00	8.585503e-02	1.078722e-01	2.800133e-04	6.776894e+02	6.452624e-03	1.756823e+00	1.456947e+02	8.281545e-04	3.303694e+01	2.220636e-05	
9.880947e-03	4.383961e-03	2.434119e+01	4.531520e-02	5.707594e-04	5.093920e+01	1.233258e-05	1.258619e-05	3.293882e-01	1.534975e+00	1.175069e-04	3.005148e-01	7.899723e-01	3.938985e-02	1.026801e-01	2.106717e-04	1.284409e-05	1.213990e-05	1.311887e+00	6.291628e-02	3.362760e-01	6.637023e-01	5.396183e+00	9.136492e-02	1.135725e-01	2.776772e-04	6.600110e+02	6.445665e-03	1.750851e+00	1.457571e+02	8.443434e-04	3.288229e+01	2.821268e-05	
9.881045e-03	8.673702e-03	9.911995e+00	4.766408e-02	6.037934e-04	5.099430e+01	1.230508e-05	1.505440e-05	3.293953e-01	1.565627e+00	2.267757e-04	2.860919e-01	7.908374e-01	3.642243e-02	9.403692e-02	2.183390e-04	1.335666e-05	1.351852e-05	1.276444e+00	6.316840e-02	3.303570e-01	6.535153e-01	5.561741e+00	7.728482e-02	9.821098e-02	7.515716e-05	6.661695e+02	6.506727e-03	1.720493e+00	1.459698e+02	8.321898e-04	3.294649e+01	2.559264e-05	
9.881259e-03	8.534412e-03	3.010964e+01	5.724452e-02	7.178846e-04	5.095691e+01	1.230203e-05	1.285881e-05	3.294512e-01	1.535089e+00	2.121898e-04	2.985774e-01	7.912623e-01	3.875278e-02	1.007514e-01	2.184413e-04	1.331805e-05	1.403354e-05	1.054947e+00	6.380630e-02	3.432392e-01	6.697019e-01	4.502819e+00	7.906273e-02	1.022476e-01	1.181153e-04	6.765405e+02	6.568036e-03	1.731790e+00	1.458285e+02	8.343180e-04	3.311600e+01	2.831783e-05	
9.881294e-03	4.991978e-03	3.539705e+01	4.600641e-02	5.810837e-04	5.115223e+01	1.230385e-05	1.270498e-05	3.294149e-01	1.534100e+00	1.089123e-04	3.085930e-01	7.892217e-01	4.168135e-02	1.082253e-01	2.059988e-04	1.262988e-05	1.384713e-05	1.158840e+00	6.433114e-02	3.445607e-01	6.433108e-01	5.507879e+00	7.858736e-02	1.001835e-01	1.833228e-04	6.615288e+02	6.398387e-03	1.822986e+00	1.463231e+02	8.451605e-04	3.306958e+01	2.377379e-05	
9.881362e-03	9.711967e-03	2.305665e+01	4.999732e-02	6.294647e-04	5.095249e+01	1.246401e-05	1.228092e-05	3.293806e-01	1.530272e+00	1.001193e-04	3.100681e-01	7.902594e-01	3.725118e-02	9.721891e-02	2.100838e-04	1.273404e-05	1.451013e-05	1.132447e+00	6.168057e-02	3.242562e-01	6.587471e-01	4.317436e+00	9.323562e-02	1.183302e-01	7.046573e-05	6.603220e+02	6.336056e-03	1.873095e+00	1.455722e+02	8.733451e-04	3.298049e+01	4.091289e-05	
9.881411e-03	6.957829e-03	5.579002e+01	5.035536e-02	6.383624e-04	5.103007e+01	1.258208e-05	1.134456e-05	3.294152e-01	1.534319e+00	1.235162e-04	3.196026e-01	7.897693e-01	4.153196e-02	1.128072e-01	2.000484e-04	1.219261e-05	1.370514e-05	1.006596e+00	6.653685e-02	3.557373e-01	6.579286e-01	3.471395e+00	8.103615e-02	1.006609e-01	2.068819e-05	6.615078e+02	6.462745e-03	1.790995e+00	1.461112e+02	8.408681e-04	3.286750e+01	2.062109e-05	
9.881457e-03	5.483409e-03	3.038261e+01	5.143345e-02	6.459751e-04	5.107285e+01	1.237984e-05	1.331877e-05	3.294294e-01	1.541277e+00	1.211137e-04	3.082135e-01	7.898285e-01	4.035268e-02	1.068324e-01	2.085901e-04	1.267933e-05	1.428276e-05	1.232808e+00	6.471379e-02	3.446444e-01	6.246148e-01	3.944068e+00	9.365334e-02	1.196732e-01	5.884319e-05	6.629885e+02	6.431790e-03	1.831733e+00	1.461029e+02	8.452442e-04	3.293632e+01	3.804763e-05	
9.881512e-03	7.354982e-03	1.971315e+01	4.866670e-02	6.149218e-04	5.112438e+01	1.261288e-05	1.236475e-05	3.294071e-01	1.554800e+00	1.648824e-04	2.916289e-01	7.910838e-01	3.698039e-02	9.539591e-02	2.099000e-04	1.284134e-05	1.420905e-05	1.300294e+00	6.830875e-02	3.671848e-01	6.141531e-01	3.625549e+00	6.634523e-02	8.446287e-02	4.664418e-05	6.514297e+02	6.553013e-03	1.739052e+00	1.456856e+02	9.072000e-04	3.293870e+01	4.239181e-05	
9.881557e-03	5.543563e-03	2.300971e+01	4.572346e-02	5.700844e-04	5.104618e+01	1.252885e-05	1.408314e-05	3.294161e-01	1.552402e+00	1.449834e-04	2.985946e-01	7.890784e-01	3.990893e-02	1.025520e-01	2.051444e-04	1.252822e-05	1.321638e-05	1.294794e+00	6.297089e-02	3.344211e-01	6.119642e-01	4.421911e+00	8.209381e-02	1.053724e-01	1.409837e-04	6.458460e+02	6.397410e-03	1.798612e+00	1.461646e+02	8.307666e-04	3.302212e+01	3.531342e-05	
9.881678e-03	3.972080e-03	6.661687e+01	5.715106e-02	7.226202e-04	5.102487e+01	1.247041e-05	1.047077e-05	3.294574e-01	1.528955e+00	1.255302e-04	3.185812e-01	7.908361e-01	3.976971e-02	1.067536e-01	2.110743e-04	1.287532e-05	1.440993e-05	1.106200e+00	6.544661e-02	3.502322e-01	6.746763e-01	3.638495e+00	8.259804e-02	1.056547e-01	6.972048e-05	6.634619e+02	6.473703e-03	1.810556e+00	1.461427e+02	8.154441e-04	3.289536e+01	3.850307e-05	
9.881971e-03	6.431630e-03	5.371085e+01	4.374794e-02	5.566691e-04	5.093385e+01	1.239130e-05	1.212094e-05	3.293904e-01	1.525657e+00	1.339159e-04	2.993874e-01	7.890226e-01	3.920066e-02	1.012189e-01	2.102171e-04	1.277040e-05	1.312224e-05	1.291730e+00	6.531822e-02	3.485214e-01	6.589911e-01	4.956939e+00	7.312347e-02	9.123911e-02	1.069990e-04	6.629812e+02	6.404556e-03	1.795893e+00	1.458604e+02	8.276215e-04	3.296076e+01	2.726538e-05	
9.882135e-03	7.168553e-03	2.891300e+01	5.403719e-02	6.780277e-04	5.083799e+01	1.244098e-05	1.519630e-05	3.294308e-01	1.546288e+00	2.673839e-04	2.975625e-01	7.909690e-01	3.683739e-02	9.476476e-02	2.126835e-04	1.296959e-05	1.444851e-05	1.137634e+00	6.255230e-02	3.300939e-01	6.438782e-01	5.788919e+00	8.957169e-02	1.172707e-01	8.058659e-05	6.582917e+02	6.482511e-03	1.731197e+00	1.458401e+02	8.052810e-04	3.311762e+01	1.988068e-05	
9.882156e-03	4.986199e-03	2.092794e+01	5.599121e-02	7.103879e-04	5.108710e+01	1.254130e-05	1.345970e-05	3.294834e-01	1.552033e+00	1.891783e-04	2.959463e-01	7.919655e-01	3.713331e-02	9.862479e-02	2.110991e-04	1.282988e-05	1.330648e-05	1.222248e+00	6.607824e-02	3.509678e-01	6.400589e-01	3.621113e+00	8.516285e-02	1.121106e-01	8.336737e-05	6.612226e+02	6.528991e-03	1.760948e+00	1.461347e+02	8.520965e-04	3.297792e+01	3.027922e-05	
9.882202e-03	8.986858e-03	3.506847e+01	4.937667e-02	6.249089e-04	5.084453e+01	1.239015e-05	1.560219e-05	3.294351e-01	1.557286e+00	1.998247e-04	2.941667e-01	7.915546e-01	3.648776e-02	9.598327e-02	2.118286e-04	1.286555e-05	1.337087e-05	1.169172e+00	6.135270e-02	3.212886e-01	6.369221e-01	5.379177e+00	8.412135e-02	1.072907e-01	1.370187e-04	6.531322e+02	6.400555e-03	1.819793e+00	1.455014e+02	8.381417e-04	3.314214e+01	1.388307e-05	
9.882204e-03	2.920439e-03	3.151661e+01	5.283418e-02	6.624739e-04	5.114219e+01	1.236872e-05	1.190638e-05	3.294763e-01	1.555669e+00	1.389939e-04	2.935026e-01	7.898903e-01	3.914835e-02	1.000505e-01	2.078874e-04	1.266441e-05	1.242446e-05	1.577076e+00	6.138547e-02	3.269367e-01	6.630792e-01	4.289442e+00	9.864981e-02	1.263097e-01	2.141721e-04	6.560997e+02	6.430505e-03	1.808767e+00	1.463725e+02	8.329648e-04	3.296219e+01	2.617545e-05	
9.882231e-03	5.162699e-03	4.392376e+01	4.826989e-02	6.136991e-04	5.110768e+01	1.253428e-05	1.209540e-05	3.294002e-01	1.534867e+00	1.240729e-04	3.176548e-01	7.902015e-01	3.895429e-02	1.013983e-01	2.050064e-04	1.247430e-05	1.435649e-05	1.205784e+00	6.488686e-02	3.470108e-01	6.262843e-01	4.250698e+00	8.093849e-02	1.062164e-01	8.360725e-05	6.607695e+02	6.419737e-03	1.787412e+00	1.464530e+02	8.208330e-04	3.297134e+01	3.519590e-05	
9.882462e-03	3.592079e-03	1.231695e+02	4.356121e-02	5.489453e-04	5.094443e+01	1.246583e-05	1.251910e-05	3.294356e-01	1.533623e+00	1.574879e-04	3.165293e-01	7.879048e-01	4.214450e-02	1.125573e-01	2.008071e-04	1.218625e-05	1.285203e-05	1.251630e+00	6.538231e-02	3.453038e-01	6.334057e-01	5.329054e+00	8.354670e-02	1.020794e-01	2.719724e-04	6.528663e+02	6.391276e-03	1.808713e+00	1.461007e+02	8.047394e-04	3.314907e+01	1.446474e-05	
9.883415e-03	2.879206e-03	6.930885e+01	4.659236e-02	5.815012e-04	5.124738e+01	1.252834e-05	1.185375e-05	3.294146e-01	1.519124e+00	1.016497e-04	3.200785e-01	7.882061e-01	4.447659e-02	1.218871e-01	2.054899e-04	1.247970e-05	1.396421e-05	1.165099e+00	6.487160e-02	3.433007e-01	6.607646e-01	3.772929e+00	8.444863e-02	1.084537e-01	1.169096e-04	6.590000e+02	6.441172e-03	1.802257e+00	1.464534e+02	8.529863e-04	3.304807e+01	2.192118e-05	
9.883957e-03	3.313244e-03	5.463518e+01	4.758930e-02	5.921205e-04	5.111055e+01	1.255265e-05	1.059961e-05	3.294534e-01	1.524473e+00	1.128238e-04	3.241393e-01	7.884737e-01	4.299131e-02	1.145749e-01	1.959016e-04	1.190977e-05	1.357694e-05	1.110015e+00	6.714964e-02	3.565080e-01	6.199701e-01	4.284189e+00	8.839253e-02	1.133224e-01	1.915686e-04	6.479118e+02	6.424729e-03	1.802149e+00	1.464352e+02	8.056518e-04	3.310294e+01	2.571790e-05	
