f	x(1)	x(2)	x(3)	x(4)	x(5)	x(6)	x(7)	x(8)	x(9)	x(10)	x(11)	x(12)	x(13)	x(14)	x(15)	x(16)	x(17)	x(18)	x(19)	x(20)	x(21)	x(22)	x(23)	x(24)	x(25)	x(26)	x(27)	x(28)	x(29)	x(30)	x(31)	x(32)	
1.743060e-03	3.114717e+00	5.288102e-01	3.065152e-03	3.866527e-05	1.445466e+01	2.444977e-02	1.362521e-04	3.281536e-01	1.759438e+00	1.567394e-01	6.528644e-05	7.882185e-01	3.538181e-05	6.721508e-05	2.723211e+00	2.842739e-01	1.799353e+01	8.239846e+02	9.702082e-04	9.974641e-02	3.566163e-01	4.252404e+01	3.990031e-01	6.990241e-01	3.010076e-02	3.329993e-01	3.427226e-02	3.964958e-05	3.808580e+01	4.952383e-02	2.258436e+01	3.191258e-01	
1.744146e-03	3.171237e+00	6.444588e-01	3.041402e-03	3.822737e-05	1.423456e+01	2.484303e-02	1.321925e-04	3.281310e-01	1.753607e+00	1.601859e-01	5.754612e-05	7.886425e-01	3.970756e-05	7.578528e-05	2.723719e+00	2.853049e-01	1.820709e+01	8.548332e+02	9.488613e-04	9.909750e-02	3.737382e-01	3.609341e+01	3.567214e-01	6.034375e-01	1.879687e-02	3.287803e-01	3.457602e-02	3.528795e-05	3.720614e+01	5.098699e-02	2.267684e+01	3.207085e-01	
1.744331e-03	3.092394e+00	4.422379e-01	3.013786e-03	3.813996e-05	1.447261e+01	2.446003e-02	1.213180e-04	3.281462e-01	1.750247e+00	1.558451e-01	6.174118e-05	7.885396e-01	3.535000e-05	6.685536e-05	2.740968e+00	2.886465e-01	1.842593e+01	8.223901e+02	9.795535e-04	1.039803e-01	3.642859e-01	4.291005e+01	3.662144e-01	6.235809e-01	2.483189e-02	3.353385e-01	3.410984e-02	4.377921e-05	3.812205e+01	4.953833e-02	2.252742e+01	3.216254e-01	
1.746067e-03	3.140562e+00	5.723205e-01	2.965111e-03	3.724275e-05	1.429898e+01	2.475268e-02	1.141152e-04	3.281371e-01	1.750515e+00	1.579914e-01	7.054357e-05	7.886957e-01	3.619602e-05	6.871250e-05	2.744367e+00	2.886575e-01	1.872648e+01	8.360512e+02	8.614361e-04	9.279918e-02	3.738612e-01	3.977283e+01	4.062345e-01	7.241662e-01	2.086127e-02	3.362246e-01	3.415691e-02	3.391852e-05	3.762090e+01	5.029740e-02	2.248187e+01	3.265972e-01	
1.746082e-03	3.199722e+00	7.106342e-01	2.861715e-03	3.608948e-05	1.430858e+01	2.482462e-02	1.276291e-04	3.281298e-01	1.756514e+00	1.500936e-01	5.163580e-05	7.883890e-01	3.785303e-05	7.152803e-05	2.726290e+00	2.853975e-01	1.777677e+01	8.557200e+02	9.994506e-04	1.018472e-01	3.487362e-01	3.601947e+01	3.916640e-01	6.754137e-01	2.138448e-02	3.330194e-01	3.405453e-02	4.211316e-05	3.778640e+01	5.023981e-02	2.254074e+01	3.195773e-01	
1.746155e-03	3.103980e+00	5.829955e-01	3.047285e-03	3.842828e-05	1.432194e+01	2.469057e-02	9.878673e-05	3.281124e-01	1.739048e+00	1.646808e-01	6.831679e-05	7.883800e-01	3.543518e-05	6.711639e-05	2.713488e+00	2.833775e-01	1.859720e+01	8.675466e+02	9.904897e-04	1.064947e-01	3.654015e-01	3.549747e+01	3.844237e-01	6.556454e-01	2.334355e-02	3.241735e-01	3.403315e-02	5.112157e-05	3.767016e+01	5.019198e-02	2.263229e+01	3.166001e-01	
1.746186e-03	3.128533e+00	6.230318e-01	2.986018e-03	3.758073e-05	1.437138e+01	2.466099e-02	1.178882e-04	3.281678e-01	1.750350e+00	1.571602e-01	5.947459e-05	7.890971e-01	3.739717e-05	7.154809e-05	2.743587e+00	2.883048e-01	1.860491e+01	8.270536e+02	9.889367e-04	1.059338e-01	3.464825e-01	4.193362e+01	3.940131e-01	6.929219e-01	3.149592e-02	3.411671e-01	3.418174e-02	5.795457e-05	3.788745e+01	4.994023e-02	2.250419e+01	3.232962e-01	
1.746405e-03	3.072338e+00	6.798597e-01	2.945151e-03	3.711627e-05	1.434360e+01	2.462233e-02	1.211295e-04	3.281739e-01	1.753970e+00	1.640780e-01	5.802838e-05	7.881193e-01	3.711068e-05	6.999662e-05	2.728388e+00	2.863484e-01	1.835380e+01	8.426098e+02	9.507323e-04	1.004483e-01	3.494342e-01	3.453828e+01	3.988024e-01	6.850316e-01	2.449851e-02	3.269944e-01	3.430494e-02	4.728083e-05	3.788647e+01	4.976816e-02	2.253661e+01	3.212302e-01	
1.746712e-03	3.063853e+00	6.018638e-01	3.134034e-03	3.919307e-05	1.444724e+01	2.456421e-02	1.185411e-04	3.282063e-01	1.755321e+00	1.563411e-01	6.252387e-05	7.883256e-01	3.743262e-05	7.075733e-05	2.730302e+00	2.865029e-01	1.763814e+01	8.293360e+02	1.047072e-03	1.059987e-01	3.598364e-01	4.227299e+01	3.816266e-01	6.509355e-01	3.603171e-02	3.303969e-01	3.405104e-02	4.475100e-05	3.832401e+01	4.926402e-02	2.269642e+01	3.171127e-01	
1.747826e-03	3.135756e+00	4.875006e-01	2.877402e-03	3.611700e-05	1.447677e+01	2.434588e-02	1.233693e-04	3.281566e-01	1.751822e+00	1.639374e-01	6.755417e-05	7.882412e-01	3.904546e-05	7.390598e-05	2.743426e+00	2.887686e-01	1.758125e+01	8.392824e+02	9.809935e-04	9.857661e-02	3.808865e-01	3.987888e+01	4.034571e-01	7.130400e-01	2.268419e-02	3.240761e-01	3.479467e-02	3.086934e-05	3.793600e+01	4.962436e-02	2.261235e+01	3.264935e-01	
1.748215e-03	3.133324e+00	6.697414e-01	2.973270e-03	3.747056e-05	1.423163e+01	2.488634e-02	9.024310e-05	3.281571e-01	1.751412e+00	1.615254e-01	5.932330e-05	7.889194e-01	3.475938e-05	6.666095e-05	2.723852e+00	2.848975e-01	1.857795e+01	8.471316e+02	9.825190e-04	1.052648e-01	3.496304e-01	4.032623e+01	3.922793e-01	6.779392e-01	2.484796e-02	3.340753e-01	3.438065e-02	3.171716e-05	3.775914e+01	5.001703e-02	2.249504e+01	3.252473e-01	
1.748695e-03	3.113952e+00	5.099755e-01	2.994532e-03	3.762053e-05	1.446812e+01	2.434897e-02	1.054442e-04	3.281510e-01	1.761876e+00	1.544066e-01	5.765131e-05	7.887552e-01	3.552315e-05	6.784802e-05	2.729204e+00	2.853022e-01	1.908261e+01	8.249865e+02	9.238250e-04	1.019183e-01	3.685518e-01	4.078388e+01	3.912275e-01	6.819887e-01	2.500645e-02	3.310750e-01	3.447486e-02	4.936119e-05	3.795748e+01	4.961407e-02	2.272315e+01	3.148932e-01	
1.748825e-03	3.149498e+00	5.668672e-01	2.809334e-03	3.553584e-05	1.439398e+01	2.450144e-02	1.173846e-04	3.281380e-01	1.753366e+00	1.500171e-01	4.449576e-05	7.882155e-01	3.874777e-05	7.310460e-05	2.734143e+00	2.868836e-01	1.773593e+01	8.412552e+02	8.985269e-04	9.060760e-02	3.875618e-01	4.227140e+01	3.957130e-01	7.049112e-01	2.230861e-02	3.335269e-01	3.410312e-02	3.414293e-05	3.794873e+01	4.963393e-02	2.259801e+01	3.182064e-01	
1.749280e-03	3.128052e+00	5.392986e-01	2.912661e-03	3.666822e-05	1.438174e+01	2.461141e-02	7.750266e-05	3.281715e-01	1.748186e+00	1.659015e-01	5.757262e-05	7.884775e-01	3.673767e-05	6.929616e-05	2.733197e+00	2.869042e-01	1.835251e+01	8.642100e+02	9.499386e-04	1.005583e-01	3.505179e-01	4.179632e+01	3.940012e-01	6.824513e-01	2.604908e-02	3.347347e-01	3.426856e-02	3.477742e-05	3.771597e+01	5.013684e-02	2.260012e+01	3.223134e-01	
1.749825e-03	3.209982e+00	6.895535e-01	3.017615e-03	3.769976e-05	1.442849e+01	2.451826e-02	1.466839e-04	3.281372e-01	1.757870e+00	1.561307e-01	8.052396e-05	7.886073e-01	3.727469e-05	7.075309e-05	2.710670e+00	2.837138e-01	1.786010e+01	8.179066e+02	1.065159e-03	1.094519e-01	3.547018e-01	4.071395e+01	4.136909e-01	7.325586e-01	2.629303e-02	3.340242e-01	3.444990e-02	4.501418e-05	3.792467e+01	4.984581e-02	2.259122e+01	3.263640e-01	
1.749944e-03	3.047945e+00	4.992916e-01	2.895896e-03	3.661188e-05	1.431799e+01	2.474169e-02	1.081986e-04	3.281504e-01	1.743734e+00	1.625396e-01	5.641715e-05	7.887374e-01	3.384228e-05	6.486351e-05	2.741539e+00	2.879619e-01	1.826456e+01	8.521539e+02	8.585582e-04	8.923361e-02	3.709131e-01	3.593342e+01	4.035160e-01	7.092167e-01	3.054534e-02	3.315993e-01	3.401281e-02	5.114915e-05	3.773251e+01	5.015480e-02	2.268711e+01	3.129662e-01	
1.749988e-03	3.171918e+00	7.957266e-01	2.894783e-03	3.648835e-05	1.408759e+01	2.508374e-02	8.542770e-05	3.281372e-01	1.732282e+00	1.793464e-01	5.537840e-05	7.876638e-01	3.736304e-05	7.018937e-05	2.731747e+00	2.867089e-01	1.754297e+01	8.759549e+02	1.031181e-03	1.035326e-01	3.603514e-01	3.782033e+01	4.219716e-01	7.475579e-01	2.690732e-02	3.313160e-01	3.426271e-02	3.979123e-05	3.721903e+01	5.085380e-02	2.268446e+01	3.139415e-01	
1.750079e-03	3.081064e+00	5.325735e-01	2.954381e-03	3.708978e-05	1.445359e+01	2.450205e-02	1.031095e-04	3.281507e-01	1.748243e+00	1.695086e-01	6.114856e-05	7.879212e-01	3.491498e-05	6.596791e-05	2.736315e+00	2.865459e-01	1.817873e+01	8.464863e+02	9.865820e-04	1.033059e-01	3.434647e-01	4.474463e+01	3.909953e-01	6.685302e-01	2.727930e-02	3.258905e-01	3.414406e-02	4.581257e-05	3.826647e+01	4.930772e-02	2.258537e+01	3.206108e-01	
1.750144e-03	3.120283e+00	6.285782e-01	2.899670e-03	3.660791e-05	1.437936e+01	2.456970e-02	1.233330e-04	3.281379e-01	1.753916e+00	1.608385e-01	5.017186e-05	7.880129e-01	4.022776e-05	7.567804e-05	2.725251e+00	2.842396e-01	1.732728e+01	8.444808e+02	9.563221e-04	9.528358e-02	3.842991e-01	3.671277e+01	4.043004e-01	7.128203e-01	2.583119e-02	3.222242e-01	3.453751e-02	4.097257e-05	3.796165e+01	4.969716e-02	2.269423e+01	3.149368e-01	
1.750196e-03	3.008443e+00	4.444490e-01	3.025806e-03	3.811838e-05	1.423604e+01	2.486937e-02	9.773096e-05	3.282303e-01	1.742258e+00	1.620557e-01	6.622588e-05	7.895040e-01	3.279982e-05	6.275113e-05	2.762682e+00	2.920067e-01	1.943749e+01	8.539929e+02	9.760287e-04	1.104117e-01	3.479168e-01	4.333594e+01	3.520618e-01	5.739356e-01	2.823464e-02	3.440368e-01	3.378779e-02	4.110119e-05	3.769196e+01	5.019030e-02	2.253429e+01	3.229935e-01	
1.750271e-03	3.197277e+00	6.327971e-01	2.968301e-03	3.734336e-05	1.421858e+01	2.488560e-02	8.261370e-05	3.280986e-01	1.745927e+00	1.690093e-01	6.151593e-05	7.882205e-01	3.566212e-05	6.818411e-05	2.731078e+00	2.859054e-01	1.891857e+01	8.593566e+02	9.091029e-04	9.877537e-02	3.743859e-01	3.545015e+01	3.635950e-01	6.229755e-01	2.233164e-02	3.235450e-01	3.473210e-02	3.374215e-05	3.745042e+01	5.055728e-02	2.268475e+01	3.178672e-01	
1.750271e-03	3.056308e+00	5.825315e-01	2.902074e-03	3.658082e-05	1.458393e+01	2.425534e-02	1.027201e-04	3.281665e-01	1.765647e+00	1.535927e-01	5.070745e-05	7.882209e-01	3.857723e-05	7.322263e-05	2.706356e+00	2.827275e-01	1.825793e+01	8.420242e+02	9.082308e-04	9.474352e-02	3.932536e-01	4.161074e+01	3.487138e-01	5.989101e-01	1.887159e-02	3.411079e-01	3.399047e-02	2.963787e-05	3.820718e+01	4.941917e-02	2.279978e+01	3.105745e-01	
1.750498e-03	3.152848e+00	7.213036e-01	2.835561e-03	3.564933e-05	1.436846e+01	2.460452e-02	1.105698e-04	3.281425e-01	1.741826e+00	1.698490e-01	6.260473e-05	7.876542e-01	3.709982e-05	6.993907e-05	2.731062e+00	2.863231e-01	1.726414e+01	8.501275e+02	1.047423e-03	1.025329e-01	3.893782e-01	4.585758e+01	3.712970e-01	6.563509e-01	2.486956e-02	3.239145e-01	3.429626e-02	2.440264e-05	3.785901e+01	4.983165e-02	2.248261e+01	3.241247e-01	
1.750517e-03	3.179566e+00	6.120701e-01	2.820999e-03	3.569686e-05	1.449168e+01	2.436970e-02	9.513900e-05	3.281439e-01	1.751696e+00	1.624731e-01	5.944366e-05	7.888595e-01	3.872875e-05	7.410449e-05	2.746538e+00	2.896797e-01	1.807412e+01	8.500163e+02	9.936622e-04	1.028183e-01	3.691623e-01	3.813775e+01	3.760089e-01	6.413456e-01	1.958886e-02	3.316265e-01	3.436724e-02	2.473519e-05	3.836497e+01	4.906308e-02	2.238305e+01	3.248804e-01	
1.750581e-03	3.177074e+00	6.076688e-01	2.926916e-03	3.699914e-05	1.416754e+01	2.503994e-02	9.157749e-05	3.281374e-01	1.747398e+00	1.603174e-01	5.829895e-05	7.883526e-01	3.704668e-05	7.040609e-05	2.731725e+00	2.857104e-01	1.818517e+01	8.724446e+02	8.566384e-04	8.851196e-02	3.781892e-01	3.283840e+01	3.825367e-01	6.595849e-01	2.052769e-02	3.344714e-01	3.408697e-02	3.622349e-05	3.740553e+01	5.073278e-02	2.263189e+01	3.129244e-01	
1.750665e-03	3.080289e+00	4.775648e-01	2.870600e-03	3.620847e-05	1.433882e+01	2.481735e-02	8.096916e-05	3.281682e-01	1.744750e+00	1.631828e-01	7.068268e-05	7.894292e-01	3.363971e-05	6.463753e-05	2.731171e+00	2.865107e-01	1.908493e+01	8.488845e+02	8.889819e-04	9.825544e-02	3.763212e-01	3.021337e+01	3.944001e-01	6.837971e-01	2.172593e-02	3.342729e-01	3.439872e-02	5.313612e-05	3.791223e+01	5.010042e-02	2.271640e+01	3.108049e-01	
1.750854e-03	3.185749e+00	6.534357e-01	2.831607e-03	3.536014e-05	1.450618e+01	2.426568e-02	1.697525e-04	3.281204e-01	1.750986e+00	1.719480e-01	6.079861e-05	7.878661e-01	4.060969e-05	7.693348e-05	2.747464e+00	2.898773e-01	1.749295e+01	8.209060e+02	1.090743e-03	1.089705e-01	3.618652e-01	5.025727e+01	4.005006e-01	7.124650e-01	2.380113e-02	3.152043e-01	3.515120e-02	2.559537e-05	3.821996e+01	4.910711e-02	2.265958e+01	3.257121e-01	
1.751081e-03	3.216590e+00	6.451601e-01	3.021863e-03	3.789060e-05	1.436456e+01	2.466554e-02	1.010290e-04	3.281383e-01	1.765094e+00	1.512518e-01	5.617420e-05	7.883255e-01	4.101309e-05	7.766058e-05	2.715543e+00	2.845812e-01	1.846227e+01	8.400089e+02	1.017493e-03	1.078341e-01	3.445398e-01	3.584058e+01	3.998969e-01	6.980018e-01	2.451089e-02	3.329231e-01	3.440043e-02	3.625761e-05	3.781531e+01	5.003632e-02	2.266762e+01	3.176516e-01	
1.751114e-03	3.133445e+00	5.962807e-01	2.954350e-03	3.732537e-05	1.440123e+01	2.448949e-02	1.034475e-04	3.281228e-01	1.745781e+00	1.670713e-01	5.306598e-05	7.878617e-01	3.538384e-05	6.676801e-05	2.741012e+00	2.885274e-01	1.785277e+01	8.425627e+02	9.014524e-04	9.133872e-02	3.733458e-01	4.380660e+01	3.896382e-01	6.865576e-01	2.032505e-02	3.246442e-01	3.431591e-02	3.658449e-05	3.769131e+01	5.007445e-02	2.250688e+01	3.204932e-01	
1.751325e-03	3.198500e+00	7.052392e-01	3.030925e-03	3.824594e-05	1.430937e+01	2.464454e-02	1.092972e-04	3.281034e-01	1.746934e+00	1.692013e-01	6.618912e-05	7.883683e-01	3.735448e-05	7.112431e-05	2.716184e+00	2.843986e-01	1.845797e+01	8.550069e+02	9.585056e-04	1.014848e-01	3.503006e-01	3.291142e+01	4.201307e-01	7.433653e-01	2.332677e-02	3.252062e-01	3.448779e-02	3.118935e-05	3.784159e+01	4.977924e-02	2.257473e+01	3.183122e-01	
1.751337e-03	3.132633e+00	5.819080e-01	2.944456e-03	3.707894e-05	1.435006e+01	2.468046e-02	1.139551e-04	3.281815e-01	1.765889e+00	1.567251e-01	5.700789e-05	7.885337e-01	4.038964e-05	7.657470e-05	2.724858e+00	2.862421e-01	1.811480e+01	8.424614e+02	9.123768e-04	9.474813e-02	3.906559e-01	3.525064e+01	3.706423e-01	6.233573e-01	2.241137e-02	3.423165e-01	3.381457e-02	3.765201e-05	3.769648e+01	5.022689e-02	2.270574e+01	3.173223e-01	
1.751341e-03	3.170645e+00	6.345959e-01	2.817789e-03	3.550388e-05	1.449088e+01	2.452714e-02	1.273526e-04	3.281466e-01	1.759053e+00	1.571691e-01	5.886153e-05	7.878125e-01	3.938563e-05	7.399842e-05	2.738541e+00	2.876552e-01	1.795143e+01	8.302690e+02	9.274730e-04	9.543332e-02	3.937533e-01	4.474628e+01	3.807780e-01	6.584683e-01	1.820286e-02	3.318649e-01	3.435990e-02	3.920380e-05	3.796025e+01	4.999783e-02	2.262509e+01	3.165911e-01	
1.751585e-03	3.206845e+00	8.353718e-01	2.975941e-03	3.766297e-05	1.442184e+01	2.453336e-02	1.295093e-04	3.280931e-01	1.748938e+00	1.669092e-01	5.935224e-05	7.881137e-01	3.645195e-05	6.885744e-05	2.715929e+00	2.835365e-01	1.828454e+01	8.395709e+02	9.112188e-04	9.560679e-02	3.252256e-01	3.902028e+01	4.417742e-01	8.017524e-01	2.503331e-02	3.219258e-01	3.454433e-02	1.100680e-04	3.776211e+01	5.008742e-02	2.254536e+01	3.192232e-01	
1.751775e-03	3.102907e+00	6.230530e-01	3.002290e-03	3.770316e-05	1.434411e+01	2.459727e-02	9.137137e-05	3.281756e-01	1.734525e+00	1.766830e-01	6.269118e-05	7.886721e-01	3.462433e-05	6.578494e-05	2.741350e+00	2.879776e-01	1.810448e+01	8.412804e+02	9.754922e-04	1.010796e-01	3.546720e-01	4.340148e+01	3.900169e-01	6.883941e-01	4.058973e-02	3.392406e-01	3.392342e-02	7.297798e-05	3.780986e+01	4.986355e-02	2.265527e+01	3.227878e-01	
1.751896e-03	3.120932e+00	6.586421e-01	2.938352e-03	3.692105e-05	1.430216e+01	2.480532e-02	1.862120e-04	3.281424e-01	1.762043e+00	1.582033e-01	4.223373e-05	7.876668e-01	4.175443e-05	7.832878e-05	2.737457e+00	2.879498e-01	1.817389e+01	8.181370e+02	8.879152e-04	9.221350e-02	3.641352e-01	4.629999e+01	3.893238e-01	6.930299e-01	2.531363e-02	3.366148e-01	3.396667e-02	5.742388e-05	3.770567e+01	5.025080e-02	2.253371e+01	3.209449e-01	
1.752072e-03	3.047321e+00	5.405408e-01	2.857667e-03	3.597368e-05	1.440254e+01	2.456481e-02	1.204934e-04	3.281707e-01	1.755033e+00	1.567470e-01	7.338825e-05	7.880022e-01	3.597545e-05	6.838038e-05	2.753989e+00	2.906203e-01	1.849538e+01	8.384950e+02	9.197048e-04	9.663455e-02	3.620786e-01	4.103429e+01	3.965411e-01	6.987950e-01	2.236964e-02	3.283830e-01	3.433874e-02	4.306149e-05	3.783894e+01	4.996693e-02	2.256893e+01	3.202373e-01	
1.752181e-03	3.081678e+00	5.581019e-01	3.182076e-03	4.011321e-05	1.440687e+01	2.458891e-02	1.227227e-04	3.281699e-01	1.766659e+00	1.532391e-01	6.462142e-05	7.887485e-01	3.179688e-05	6.060790e-05	2.720146e+00	2.838895e-01	1.838887e+01	8.523080e+02	1.004435e-03	1.066972e-01	3.695208e-01	3.664723e+01	3.730318e-01	6.387866e-01	3.020073e-02	3.472597e-01	3.377028e-02	2.148887e-05	3.821816e+01	4.939224e-02	2.257136e+01	3.188763e-01	
1.752248e-03	3.167533e+00	6.171726e-01	2.874767e-03	3.605516e-05	1.443642e+01	2.447778e-02	1.672144e-04	3.281308e-01	1.763674e+00	1.542476e-01	4.485361e-05	7.888570e-01	3.921058e-05	7.462149e-05	2.730665e+00	2.866469e-01	1.850789e+01	8.392954e+02	9.195347e-04	9.846160e-02	3.852241e-01	4.221363e+01	3.666156e-01	6.351933e-01	2.486426e-02	3.372897e-01	3.421997e-02	3.771481e-05	3.799107e+01	4.965746e-02	2.274181e+01	3.211050e-01	
1.752443e-03	3.132623e+00	5.480335e-01	2.817530e-03	3.540608e-05	1.446653e+01	2.440077e-02	1.104763e-04	3.281079e-01	1.743109e+00	1.689127e-01	5.564888e-05	7.878667e-01	3.701737e-05	6.991689e-05	2.738889e+00	2.867480e-01	1.753647e+01	8.589515e+02	9.688936e-04	9.733451e-02	3.991275e-01	4.021147e+01	4.047283e-01	7.251935e-01	2.219764e-02	3.219876e-01	3.450472e-02	2.515300e-05	3.810787e+01	4.941451e-02	2.274355e+01	3.180563e-01	
1.752503e-03	3.104073e+00	5.244883e-01	2.824136e-03	3.552049e-05	1.453021e+01	2.428298e-02	9.179961e-05	3.281599e-01	1.749077e+00	1.684299e-01	6.365921e-05	7.880519e-01	3.624463e-05	6.811601e-05	2.734706e+00	2.871763e-01	1.782393e+01	8.559421e+02	9.624280e-04	9.872627e-02	3.759812e-01	4.681698e+01	4.072215e-01	7.156739e-01	2.192725e-02	3.262821e-01	3.456518e-02	2.345242e-05	3.816317e+01	4.932162e-02	2.270839e+01	3.193496e-01	
1.752581e-03	3.128051e+00	5.504750e-01	2.819328e-03	3.560566e-05	1.427365e+01	2.479656e-02	1.017643e-04	3.281007e-01	1.752351e+00	1.585682e-01	4.743563e-05	7.873951e-01	3.713775e-05	6.963240e-05	2.722572e+00	2.848567e-01	1.767174e+01	8.413385e+02	9.337255e-04	9.425722e-02	3.475227e-01	4.858891e+01	4.294071e-01	7.603439e-01	3.288051e-02	3.260753e-01	3.421988e-02	4.695942e-05	3.767937e+01	5.023684e-02	2.253459e+01	3.213264e-01	
1.752746e-03	3.042151e+00	5.183931e-01	2.966572e-03	3.711039e-05	1.446425e+01	2.446244e-02	9.707266e-05	3.281575e-01	1.747443e+00	1.598311e-01	6.125905e-05	7.885694e-01	3.421089e-05	6.510271e-05	2.730178e+00	2.866489e-01	1.860967e+01	8.652733e+02	8.872693e-04	9.477603e-02	3.798281e-01	4.107029e+01	3.582301e-01	6.177105e-01	2.571707e-02	3.362618e-01	3.391530e-02	2.487943e-05	3.827127e+01	4.924743e-02	2.265231e+01	3.192783e-01	
1.753012e-03	3.115060e+00	6.554406e-01	2.993533e-03	3.751681e-05	1.451397e+01	2.435739e-02	1.480265e-04	3.281332e-01	1.757977e+00	1.507537e-01	7.646744e-05	7.886889e-01	3.525643e-05	6.728908e-05	2.737778e+00	2.875138e-01	1.884649e+01	8.286534e+02	9.419820e-04	1.021103e-01	3.419048e-01	3.834371e+01	3.982233e-01	7.068942e-01	2.746202e-02	3.300399e-01	3.434999e-02	4.949631e-05	3.837609e+01	4.908209e-02	2.239486e+01	3.313786e-01	
1.753091e-03	3.040156e+00	6.661724e-01	3.063227e-03	3.849194e-05	1.434835e+01	2.472779e-02	1.089401e-04	3.281768e-01	1.756333e+00	1.522611e-01	6.075148e-05	7.880898e-01	3.724779e-05	7.055110e-05	2.721572e+00	2.838971e-01	1.788512e+01	8.607439e+02	8.920653e-04	9.106235e-02	3.602672e-01	3.172032e+01	4.091781e-01	7.115659e-01	2.558282e-02	3.262493e-01	3.413853e-02	2.921770e-05	3.795006e+01	4.991501e-02	2.273346e+01	3.208666e-01	
1.753132e-03	3.201188e+00	5.430185e-01	2.794495e-03	3.515136e-05	1.446594e+01	2.448610e-02	1.272466e-04	3.281570e-01	1.770543e+00	1.475983e-01	6.392898e-05	7.889358e-01	3.865960e-05	7.345578e-05	2.732643e+00	2.866888e-01	1.854974e+01	8.238991e+02	8.503440e-04	9.044797e-02	3.845088e-01	3.348549e+01	4.050548e-01	7.083700e-01	1.793464e-02	3.480078e-01	3.411516e-02	3.214774e-05	3.842866e+01	4.903346e-02	2.248887e+01	3.226581e-01	
1.753234e-03	3.153839e+00	6.324004e-01	2.842812e-03	3.594948e-05	1.430139e+01	2.471159e-02	1.223565e-04	3.281636e-01	1.741629e+00	1.638800e-01	6.368086e-05	7.886783e-01	3.839379e-05	7.317364e-05	2.731821e+00	2.855550e-01	1.821979e+01	8.777219e+02	8.663648e-04	8.989162e-02	3.686491e-01	3.480551e+01	3.883476e-01	6.651822e-01	1.955291e-02	3.273201e-01	3.459720e-02	4.003302e-05	3.778953e+01	4.993902e-02	2.264979e+01	3.176776e-01	
1.753272e-03	3.152674e+00	5.843993e-01	2.867898e-03	3.593249e-05	1.452262e+01	2.422673e-02	1.330055e-04	3.280914e-01	1.749887e+00	1.654183e-01	5.645073e-05	7.874382e-01	3.926220e-05	7.348117e-05	2.733499e+00	2.875368e-01	1.809118e+01	8.430954e+02	9.057074e-04	9.378203e-02	3.655975e-01	4.478621e+01	3.824874e-01	6.679115e-01	2.080055e-02	3.169535e-01	3.453174e-02	4.817254e-05	3.798653e+01	4.950593e-02	2.265776e+01	3.192716e-01	
1.753550e-03	3.079801e+00	5.472195e-01	3.198787e-03	4.015526e-05	1.432686e+01	2.467475e-02	1.200564e-04	3.281718e-01	1.724816e+00	1.776888e-01	6.579770e-05	7.886804e-01	3.185835e-05	6.082505e-05	2.749028e+00	2.903248e-01	1.808331e+01	8.794164e+02	9.690947e-04	1.000272e-01	3.654708e-01	3.629089e+01	3.581947e-01	5.995575e-01	2.922327e-02	3.306709e-01	3.403546e-02	3.518714e-05	3.784682e+01	4.987858e-02	2.248762e+01	3.269623e-01	
1.753588e-03	3.082620e+00	6.521646e-01	2.998919e-03	3.789378e-05	1.431709e+01	2.480705e-02	1.390783e-04	3.281554e-01	1.761511e+00	1.514408e-01	5.138205e-05	7.883475e-01	4.011963e-05	7.587276e-05	2.722378e+00	2.845122e-01	1.849972e+01	8.463834e+02	8.854855e-04	9.442100e-02	3.523625e-01	3.994565e+01	3.685866e-01	6.240502e-01	2.745806e-02	3.262292e-01	3.406540e-02	5.154518e-05	3.745883e+01	5.074778e-02	2.274148e+01	3.131397e-01	
1.753638e-03	2.993885e+00	4.561822e-01	2.982828e-03	3.757014e-05	1.442099e+01	2.455222e-02	1.253062e-04	3.281779e-01	1.764539e+00	1.416918e-01	5.277311e-05	7.883629e-01	3.665212e-05	6.956703e-05	2.715348e+00	2.827887e-01	1.879341e+01	8.240191e+02	8.761681e-04	9.418924e-02	3.388006e-01	3.995951e+01	4.113079e-01	7.205087e-01	2.999233e-02	3.355030e-01	3.364864e-02	7.237657e-05	3.798067e+01	4.976351e-02	2.266645e+01	3.157336e-01	
1.753705e-03	3.174177e+00	6.188802e-01	2.920201e-03	3.676927e-05	1.430795e+01	2.479537e-02	1.077786e-04	3.281240e-01	1.733651e+00	1.702850e-01	6.754494e-05	7.884483e-01	3.733079e-05	7.050902e-05	2.719472e+00	2.847558e-01	1.808494e+01	8.635859e+02	1.138203e-03	1.187711e-01	3.718070e-01	3.838256e+01	3.866940e-01	6.793406e-01	3.044648e-02	3.247086e-01	3.428711e-02	3.908958e-05	3.786911e+01	5.001190e-02	2.260875e+01	3.218569e-01	
1.753744e-03	3.149046e+00	6.507758e-01	2.953588e-03	3.699412e-05	1.427748e+01	2.476213e-02	1.362641e-04	3.281215e-01	1.749545e+00	1.625820e-01	6.441192e-05	7.876508e-01	3.918969e-05	7.379454e-05	2.713886e+00	2.837117e-01	1.755266e+01	8.479015e+02	1.043850e-03	1.042713e-01	3.670743e-01	3.857870e+01	3.489171e-01	5.991717e-01	2.066521e-02	3.244510e-01	3.434342e-02	3.848460e-05	3.767069e+01	5.016897e-02	2.262352e+01	3.168770e-01	
1.753979e-03	3.133073e+00	4.014469e-01	2.822352e-03	3.547401e-05	1.449129e+01	2.437669e-02	6.819433e-05	3.281975e-01	1.751907e+00	1.539781e-01	5.466757e-05	7.886413e-01	3.765116e-05	7.134945e-05	2.733948e+00	2.851772e-01	1.819027e+01	8.741865e+02	8.578858e-04	8.905078e-02	3.726699e-01	3.749197e+01	3.700378e-01	6.202404e-01	1.545317e-02	3.326004e-01	3.451003e-02	1.501798e-05	3.801861e+01	4.961532e-02	2.278173e+01	3.132875e-01	
1.754064e-03	3.139062e+00	5.465037e-01	2.961593e-03	3.740338e-05	1.427006e+01	2.484202e-02	7.503011e-05	3.281409e-01	1.760377e+00	1.631910e-01	7.244391e-05	7.882716e-01	3.739448e-05	7.123284e-05	2.718358e+00	2.842957e-01	1.904841e+01	8.617049e+02	9.734623e-04	1.067279e-01	3.291061e-01	2.832315e+01	3.986251e-01	6.806435e-01	1.732725e-02	3.297760e-01	3.471724e-02	3.593834e-05	3.772810e+01	5.020168e-02	2.275221e+01	3.130928e-01	
1.754097e-03	3.070090e+00	5.292226e-01	2.915742e-03	3.657195e-05	1.434244e+01	2.465761e-02	1.012207e-04	3.282008e-01	1.744911e+00	1.715013e-01	5.938216e-05	7.885893e-01	3.893373e-05	7.445298e-05	2.725030e+00	2.854077e-01	1.802983e+01	8.671515e+02	9.166281e-04	9.398405e-02	3.506081e-01	3.330959e+01	3.652049e-01	6.087705e-01	2.093026e-02	3.242670e-01	3.449898e-02	4.378725e-05	3.784892e+01	4.987186e-02	2.278449e+01	3.131947e-01	
1.754117e-03	3.169460e+00	5.247338e-01	2.874518e-03	3.618488e-05	1.430005e+01	2.475509e-02	8.640663e-05	3.281194e-01	1.755574e+00	1.577178e-01	4.639684e-05	7.887092e-01	3.609346e-05	6.854696e-05	2.756266e+00	2.908926e-01	1.893785e+01	8.503349e+02	8.497925e-04	9.246938e-02	3.526887e-01	4.272494e+01	4.417644e-01	8.051344e-01	2.892367e-02	3.401293e-01	3.410047e-02	3.791700e-05	3.778485e+01	5.005284e-02	2.258049e+01	3.201329e-01	
1.754134e-03	3.187080e+00	6.044913e-01	2.888674e-03	3.631216e-05	1.439843e+01	2.464816e-02	1.008125e-04	3.281379e-01	1.766936e+00	1.524581e-01	6.116298e-05	7.883991e-01	3.619083e-05	6.871471e-05	2.715415e+00	2.834056e-01	1.869728e+01	8.416652e+02	8.966695e-04	9.653304e-02	3.734980e-01	3.733026e+01	4.013457e-01	7.044414e-01	2.188887e-02	3.410673e-01	3.420102e-02	3.011471e-05	3.799046e+01	4.984479e-02	2.261580e+01	3.193543e-01	
1.754191e-03	2.996558e+00	4.998917e-01	3.217686e-03	4.042790e-05	1.421463e+01	2.502100e-02	1.383159e-04	3.282471e-01	1.742893e+00	1.626980e-01	7.155981e-05	7.889677e-01	3.436649e-05	6.566645e-05	2.754184e+00	2.906107e-01	1.914274e+01	8.511828e+02	7.852265e-04	8.591742e-02	3.893422e-01	3.477024e+01	3.454558e-01	5.744854e-01	3.255723e-02	3.313316e-01	3.384814e-02	6.166359e-05	3.759212e+01	5.056120e-02	2.261118e+01	3.192865e-01	
1.754411e-03	2.970330e+00	5.191321e-01	3.018562e-03	3.806346e-05	1.429392e+01	2.480505e-02	1.200703e-04	3.282167e-01	1.747879e+00	1.550121e-01	4.657248e-05	7.878627e-01	3.683177e-05	6.938219e-05	2.755710e+00	2.896043e-01	1.799408e+01	8.559908e+02	8.938431e-04	9.154490e-02	3.760346e-01	3.903244e+01	3.789859e-01	6.525342e-01	3.039791e-02	3.269471e-01	3.411423e-02	3.175903e-05	3.787594e+01	4.994528e-02	2.265674e+01	3.189179e-01	
1.754448e-03	3.135608e+00	6.000322e-01	2.897864e-03	3.641445e-05	1.442869e+01	2.449925e-02	1.254410e-04	3.282056e-01	1.755140e+00	1.572709e-01	5.621189e-05	7.886176e-01	3.771349e-05	7.187602e-05	2.748729e+00	2.889164e-01	1.734261e+01	8.327440e+02	9.169146e-04	9.001884e-02	3.779817e-01	3.763431e+01	3.855339e-01	6.660159e-01	2.098923e-02	3.273822e-01	3.454197e-02	3.713602e-05	3.807065e+01	4.953384e-02	2.266057e+01	3.191978e-01	
1.754495e-03	3.196468e+00	4.435705e-01	2.765422e-03	3.491745e-05	1.446478e+01	2.430784e-02	9.808892e-05	3.281307e-01	1.737718e+00	1.755070e-01	6.312176e-05	7.884481e-01	3.264197e-05	6.171402e-05	2.743580e+00	2.892299e-01	1.752248e+01	8.512443e+02	9.621389e-04	9.573770e-02	3.711352e-01	4.320664e+01	4.176266e-01	7.451230e-01	2.953082e-02	3.352115e-01	3.453499e-02	4.733534e-05	3.823629e+01	4.902020e-02	2.244572e+01	3.244975e-01	
1.754579e-03	3.131757e+00	5.499327e-01	2.875776e-03	3.618942e-05	1.445944e+01	2.455387e-02	1.106495e-04	3.281350e-01	1.764262e+00	1.424664e-01	5.696833e-05	7.882497e-01	3.807749e-05	7.235983e-05	2.714258e+00	2.823321e-01	1.851368e+01	8.047298e+02	1.031301e-03	1.093905e-01	3.598713e-01	4.867443e+01	4.155537e-01	7.445729e-01	3.535375e-02	3.268280e-01	3.424519e-02	4.271359e-05	3.798774e+01	4.991089e-02	2.264219e+01	3.214973e-01	
1.754668e-03	3.027889e+00	5.139220e-01	2.939778e-03	3.681958e-05	1.442969e+01	2.449821e-02	1.190835e-04	3.281943e-01	1.764071e+00	1.541486e-01	7.182600e-05	7.883049e-01	3.425134e-05	6.498230e-05	2.733960e+00	2.882928e-01	1.857929e+01	8.050623e+02	1.099396e-03	1.176481e-01	3.332546e-01	4.933580e+01	3.912671e-01	6.702319e-01	3.290352e-02	3.409916e-01	3.382037e-02	3.403612e-05	3.828487e+01	4.920306e-02	2.260155e+01	3.274579e-01	
1.754681e-03	3.075457e+00	5.344648e-01	3.020158e-03	3.800508e-05	1.432685e+01	2.461437e-02	1.477584e-04	3.281513e-01	1.743788e+00	1.686385e-01	5.214093e-05	7.887469e-01	3.689775e-05	7.079150e-05	2.734134e+00	2.867160e-01	1.839501e+01	8.469587e+02	8.720957e-04	9.197930e-02	4.101105e-01	4.152887e+01	3.456687e-01	5.914184e-01	2.430605e-02	3.320233e-01	3.441202e-02	4.459400e-05	3.777283e+01	4.986602e-02	2.270291e+01	3.162164e-01	
1.754778e-03	2.964558e+00	5.745921e-01	3.122755e-03	3.908129e-05	1.429162e+01	2.478686e-02	1.544188e-04	3.281957e-01	1.746739e+00	1.565286e-01	4.894533e-05	7.882568e-01	3.563383e-05	6.789582e-05	2.729550e+00	2.860348e-01	1.828180e+01	8.420862e+02	8.954763e-04	9.322543e-02	3.532966e-01	3.580798e+01	3.987576e-01	6.777770e-01	3.372122e-02	3.196754e-01	3.413379e-02	6.959514e-05	3.792036e+01	4.985975e-02	2.261355e+01	3.238741e-01	
1.754945e-03	3.033806e+00	4.130011e-01	2.971781e-03	3.744698e-05	1.433643e+01	2.461070e-02	1.028686e-04	3.281603e-01	1.753143e+00	1.594896e-01	6.055665e-05	7.885751e-01	3.538813e-05	6.734520e-05	2.763958e+00	2.921750e-01	1.991162e+01	8.430913e+02	9.005256e-04	1.039813e-01	3.413206e-01	4.989343e+01	3.613826e-01	5.981326e-01	3.366155e-02	3.397147e-01	3.381923e-02	4.504056e-05	3.787873e+01	4.973652e-02	2.258932e+01	3.211750e-01	
1.754957e-03	3.145772e+00	5.832728e-01	3.024459e-03	3.809621e-05	1.426745e+01	2.492255e-02	1.015236e-04	3.281689e-01	1.739336e+00	1.686781e-01	7.351496e-05	7.888009e-01	3.821155e-05	7.257386e-05	2.763352e+00	2.919228e-01	1.896060e+01	8.665363e+02	8.438949e-04	9.196222e-02	3.686220e-01	3.352059e+01	4.014320e-01	6.916564e-01	2.122244e-02	3.385744e-01	3.400537e-02	4.402317e-05	3.766986e+01	5.039835e-02	2.236493e+01	3.274070e-01	
1.755006e-03	3.131352e+00	6.458106e-01	3.063549e-03	3.848414e-05	1.421917e+01	2.494943e-02	1.262510e-04	3.281634e-01	1.744589e+00	1.621400e-01	5.497395e-05	7.885316e-01	3.823438e-05	7.231350e-05	2.744417e+00	2.893808e-01	1.805005e+01	8.452752e+02	9.048735e-04	9.350213e-02	3.564457e-01	3.809736e+01	3.760657e-01	6.473529e-01	3.065996e-02	3.316109e-01	3.393400e-02	5.300923e-05	3.747560e+01	5.059736e-02	2.260099e+01	3.213970e-01	
1.755242e-03	3.122350e+00	5.067138e-01	2.802708e-03	3.535347e-05	1.451898e+01	2.433292e-02	1.035066e-04	3.281670e-01	1.757874e+00	1.571396e-01	5.598090e-05	7.880567e-01	3.579546e-05	6.775654e-05	2.758816e+00	2.914885e-01	1.761455e+01	8.529973e+02	9.346648e-04	9.325310e-02	3.667744e-01	4.493135e+01	3.930671e-01	6.810624e-01	2.383502e-02	3.415449e-01	3.379136e-02	2.758379e-05	3.820066e+01	4.933468e-02	2.256863e+01	3.178078e-01	
1.755274e-03	3.114161e+00	5.608372e-01	3.110337e-03	3.898327e-05	1.435468e+01	2.464718e-02	1.096684e-04	3.281813e-01	1.750956e+00	1.597333e-01	5.707781e-05	7.890258e-01	3.735556e-05	7.213991e-05	2.725367e+00	2.849954e-01	1.860259e+01	8.336930e+02	1.011592e-03	1.079953e-01	3.464637e-01	3.593537e+01	3.725603e-01	6.284507e-01	2.659796e-02	3.358276e-01	3.467507e-02	5.571751e-05	3.780538e+01	4.996996e-02	2.267298e+01	3.185065e-01	
1.755301e-03	3.089064e+00	5.096541e-01	2.897911e-03	3.635194e-05	1.438897e+01	2.456374e-02	1.306489e-04	3.281243e-01	1.747589e+00	1.609091e-01	5.942295e-05	7.879761e-01	3.750148e-05	7.105342e-05	2.755031e+00	2.906733e-01	1.939520e+01	8.728841e+02	8.288758e-04	9.185640e-02	3.660878e-01	4.304343e+01	3.596171e-01	6.131071e-01	2.421170e-02	3.281249e-01	3.408622e-02	3.108738e-05	3.773766e+01	5.010627e-02	2.270007e+01	3.176964e-01	
1.755326e-03	3.168950e+00	5.563457e-01	2.974456e-03	3.754910e-05	1.439964e+01	2.448947e-02	9.627160e-05	3.281258e-01	1.753896e+00	1.609260e-01	5.910229e-05	7.885406e-01	3.333589e-05	6.318594e-05	2.700684e+00	2.818158e-01	1.871351e+01	8.356599e+02	8.414244e-04	9.023366e-02	3.765219e-01	4.224501e+01	3.718441e-01	6.349537e-01	2.884881e-02	3.340589e-01	3.431700e-02	5.048123e-05	3.793782e+01	4.966496e-02	2.266348e+01	3.137388e-01	
1.755339e-03	3.114231e+00	5.383571e-01	2.824891e-03	3.551930e-05	1.437507e+01	2.460980e-02	7.322522e-05	3.281822e-01	1.746707e+00	1.668477e-01	6.511708e-05	7.893291e-01	3.407090e-05	6.498381e-05	2.731452e+00	2.864477e-01	1.794345e+01	8.470513e+02	9.174792e-04	9.475736e-02	3.649465e-01	3.488965e+01	4.385447e-01	7.924970e-01	1.991146e-02	3.313495e-01	3.440226e-02	3.179365e-05	3.815243e+01	4.941063e-02	2.260428e+01	3.187555e-01	
1.755757e-03	3.004659e+00	4.670482e-01	2.987555e-03	3.747000e-05	1.436973e+01	2.468117e-02	7.237487e-05	3.281756e-01	1.754948e+00	1.581038e-01	5.729667e-05	7.881892e-01	3.526406e-05	6.689579e-05	2.712210e+00	2.832499e-01	1.892011e+01	8.571957e+02	8.721968e-04	9.458966e-02	3.574849e-01	3.518388e+01	3.741093e-01	6.363402e-01	2.315376e-02	3.225368e-01	3.441894e-02	3.702284e-05	3.780585e+01	5.010037e-02	2.284626e+01	3.110803e-01	
1.755777e-03	2.974995e+00	5.624743e-01	2.995032e-03	3.749214e-05	1.459858e+01	2.412571e-02	1.106890e-04	3.282382e-01	1.750860e+00	1.609705e-01	8.031362e-05	7.882979e-01	3.733444e-05	7.070646e-05	2.738429e+00	2.877972e-01	1.828836e+01	8.281304e+02	1.011554e-03	1.062639e-01	3.334892e-01	3.554842e+01	3.940698e-01	6.605741e-01	2.000837e-02	3.237181e-01	3.443922e-02	3.895738e-05	3.839117e+01	4.890496e-02	2.251376e+01	3.260587e-01	
1.755910e-03	3.173743e+00	7.011191e-01	3.010587e-03	3.782179e-05	1.439599e+01	2.451099e-02	1.285123e-04	3.281562e-01	1.743696e+00	1.706372e-01	6.573201e-05	7.887200e-01	3.556161e-05	6.779479e-05	2.731279e+00	2.863876e-01	1.831640e+01	8.388748e+02	9.882046e-04	1.035307e-01	3.640236e-01	4.096119e+01	3.602237e-01	6.261429e-01	3.462921e-02	3.295873e-01	3.434163e-02	3.443713e-05	3.806860e+01	4.950278e-02	2.248437e+01	3.235585e-01	
1.755972e-03	3.175776e+00	5.297311e-01	2.762500e-03	3.480457e-05	1.436802e+01	2.457202e-02	1.248903e-04	3.281267e-01	1.757131e+00	1.584613e-01	5.875928e-05	7.885273e-01	3.719673e-05	7.083124e-05	2.742646e+00	2.888868e-01	1.841184e+01	8.389568e+02	1.000570e-03	1.054770e-01	3.549441e-01	4.550216e+01	4.007963e-01	6.899032e-01	2.433057e-02	3.329112e-01	3.439077e-02	3.985979e-05	3.799095e+01	4.956066e-02	2.259036e+01	3.175126e-01	
1.755995e-03	3.107937e+00	5.590070e-01	3.082940e-03	3.890198e-05	1.425803e+01	2.484268e-02	1.201128e-04	3.281343e-01	1.749942e+00	1.658286e-01	5.196114e-05	7.881916e-01	3.911286e-05	7.434108e-05	2.724872e+00	2.855624e-01	1.834109e+01	8.545504e+02	8.490763e-04	8.899813e-02	3.720252e-01	3.774637e+01	3.694669e-01	6.382904e-01	2.383076e-02	3.129185e-01	3.507147e-02	4.739845e-05	3.744378e+01	5.063599e-02	2.263280e+01	3.166606e-01	
1.756026e-03	3.125088e+00	5.907734e-01	3.090091e-03	3.881249e-05	1.446970e+01	2.444668e-02	1.472125e-04	3.281539e-01	1.737709e+00	1.758848e-01	7.254604e-05	7.894763e-01	3.630105e-05	7.041354e-05	2.747681e+00	2.881973e-01	1.883369e+01	8.411686e+02	9.509784e-04	1.032650e-01	3.716698e-01	3.463543e+01	3.987417e-01	6.967697e-01	2.165593e-02	3.186756e-01	3.508854e-02	3.274376e-05	3.787436e+01	4.995108e-02	2.259545e+01	3.190539e-01	
1.756072e-03	3.125876e+00	5.288336e-01	2.853002e-03	3.581087e-05	1.450640e+01	2.423270e-02	1.140152e-04	3.281566e-01	1.755198e+00	1.638260e-01	5.517441e-05	7.879884e-01	3.708551e-05	7.005203e-05	2.746235e+00	2.893701e-01	1.811483e+01	8.250903e+02	9.654944e-04	9.952653e-02	3.582561e-01	4.648587e+01	3.837797e-01	6.726585e-01	2.522346e-02	3.258293e-01	3.466764e-02	2.556252e-05	3.801491e+01	4.939070e-02	2.260727e+01	3.234640e-01	
1.756161e-03	3.194550e+00	6.912598e-01	3.003819e-03	3.770556e-05	1.441646e+01	2.459480e-02	1.348121e-04	3.281371e-01	1.750677e+00	1.627204e-01	6.230171e-05	7.883410e-01	4.195362e-05	7.894962e-05	2.718126e+00	2.834408e-01	1.772278e+01	8.476260e+02	1.152894e-03	1.185227e-01	3.496819e-01	3.861535e+01	3.660619e-01	6.388211e-01	1.832699e-02	3.281879e-01	3.448738e-02	3.251391e-05	3.791513e+01	4.994296e-02	2.270194e+01	3.175778e-01	
1.756163e-03	3.139826e+00	7.834871e-01	2.905740e-03	3.642177e-05	1.437082e+01	2.454727e-02	1.237508e-04	3.282094e-01	1.757522e+00	1.643781e-01	6.611960e-05	7.883048e-01	3.868668e-05	7.304615e-05	2.724761e+00	2.859481e-01	1.719308e+01	8.464074e+02	9.789619e-04	9.587449e-02	3.703909e-01	3.617911e+01	4.064111e-01	7.074248e-01	1.918117e-02	3.237169e-01	3.453517e-02	3.252137e-05	3.778105e+01	4.990198e-02	2.274250e+01	3.165831e-01	
1.756250e-03	3.159371e+00	6.765015e-01	2.940641e-03	3.699065e-05	1.441684e+01	2.457760e-02	1.131412e-04	3.281525e-01	1.751351e+00	1.618995e-01	6.288169e-05	7.886552e-01	3.793397e-05	7.218624e-05	2.719135e+00	2.855791e-01	1.882653e+01	8.449470e+02	9.167355e-04	9.866696e-02	3.608986e-01	3.677571e+01	4.163205e-01	7.483254e-01	2.527457e-02	3.341789e-01	3.414507e-02	4.747187e-05	3.791273e+01	4.992125e-02	2.264171e+01	3.200815e-01	
1.756279e-03	2.990327e+00	4.004160e-01	3.096098e-03	3.896939e-05	1.442463e+01	2.453671e-02	1.316504e-04	3.281538e-01	1.757308e+00	1.512881e-01	6.157572e-05	7.885818e-01	3.521965e-05	6.695489e-05	2.741856e+00	2.891207e-01	1.854536e+01	8.449156e+02	9.142355e-04	9.735042e-02	3.428129e-01	3.818739e+01	3.795120e-01	6.507716e-01	2.928746e-02	3.278976e-01	3.418726e-02	4.059446e-05	3.857251e+01	4.874958e-02	2.253401e+01	3.207048e-01	
1.756395e-03	3.034142e+00	5.447724e-01	2.975000e-03	3.733950e-05	1.443718e+01	2.442530e-02	9.291490e-05	3.281859e-01	1.746299e+00	1.604328e-01	5.739416e-05	7.882931e-01	3.735448e-05	7.110929e-05	2.716709e+00	2.831929e-01	1.810728e+01	8.633383e+02	9.168481e-04	9.436298e-02	3.586891e-01	2.962052e+01	4.013119e-01	6.920035e-01	2.295214e-02	3.181926e-01	3.438026e-02	4.023665e-05	3.801914e+01	4.954689e-02	2.278559e+01	3.167943e-01	
1.756435e-03	3.199310e+00	7.686534e-01	3.013070e-03	3.808631e-05	1.430516e+01	2.469639e-02	1.250902e-04	3.281418e-01	1.736493e+00	1.753228e-01	8.106531e-05	7.886101e-01	3.753918e-05	7.209154e-05	2.750890e+00	2.893792e-01	1.803394e+01	8.481487e+02	1.066030e-03	1.098326e-01	3.468442e-01	3.472794e+01	3.969360e-01	6.972647e-01	2.379700e-02	3.249996e-01	3.481615e-02	5.882087e-05	3.773959e+01	5.004693e-02	2.248578e+01	3.198038e-01	
1.756476e-03	3.140135e+00	6.860194e-01	2.888793e-03	3.636667e-05	1.453772e+01	2.435751e-02	1.114729e-04	3.281757e-01	1.759059e+00	1.595580e-01	8.761965e-05	7.885437e-01	3.908734e-05	7.433756e-05	2.721313e+00	2.845188e-01	1.810597e+01	8.312459e+02	1.009171e-03	1.045260e-01	3.308929e-01	3.660828e+01	3.972399e-01	6.840795e-01	1.719332e-02	3.260415e-01	3.461124e-02	7.454746e-05	3.813581e+01	4.959374e-02	2.261626e+01	3.189511e-01	
1.756675e-03	3.218088e+00	5.584498e-01	2.927281e-03	3.673118e-05	1.427160e+01	2.491913e-02	9.534191e-05	3.281351e-01	1.749440e+00	1.581802e-01	6.315962e-05	7.890902e-01	3.674093e-05	7.027435e-05	2.737125e+00	2.883980e-01	1.906394e+01	8.511647e+02	9.086002e-04	9.981908e-02	3.600963e-01	3.875190e+01	3.866365e-01	6.662525e-01	2.108592e-02	3.421459e-01	3.415645e-02	4.697927e-05	3.748741e+01	5.073532e-02	2.266619e+01	3.211629e-01	
1.756676e-03	3.034945e+00	5.760190e-01	3.071818e-03	3.855736e-05	1.439641e+01	2.447284e-02	1.172029e-04	3.282151e-01	1.735141e+00	1.770352e-01	6.979792e-05	7.892053e-01	3.630933e-05	6.971720e-05	2.749345e+00	2.904745e-01	1.895134e+01	8.327833e+02	8.590235e-04	9.334748e-02	3.635774e-01	3.324971e+01	3.894444e-01	6.736714e-01	2.268446e-02	3.276694e-01	3.449555e-02	4.545242e-05	3.790152e+01	4.963457e-02	2.253443e+01	3.249569e-01	
1.756738e-03	3.137063e+00	5.263887e-01	2.824091e-03	3.564685e-05	1.442127e+01	2.438167e-02	1.403123e-04	3.281524e-01	1.739969e+00	1.714950e-01	7.060716e-05	7.889528e-01	3.845768e-05	7.416834e-05	2.755314e+00	2.905119e-01	1.830419e+01	8.344924e+02	9.850622e-04	1.028760e-01	3.544579e-01	3.780286e+01	3.951668e-01	6.777215e-01	1.893659e-02	3.300940e-01	3.460015e-02	5.744084e-05	3.822116e+01	4.907657e-02	2.250405e+01	3.223255e-01	
1.756899e-03	3.058349e+00	5.498684e-01	2.936469e-03	3.706485e-05	1.442798e+01	2.447723e-02	1.338432e-04	3.281539e-01	1.752020e+00	1.622472e-01	4.908146e-05	7.885571e-01	3.783048e-05	7.204368e-05	2.734580e+00	2.864450e-01	1.857672e+01	8.402981e+02	9.320599e-04	1.005057e-01	3.642788e-01	4.729207e+01	3.705807e-01	6.133752e-01	2.306513e-02	3.244966e-01	3.445787e-02	5.110162e-05	3.792076e+01	4.976565e-02	2.268237e+01	3.136460e-01	
1.756968e-03	3.146537e+00	5.955962e-01	2.816249e-03	3.550741e-05	1.408273e+01	2.520144e-02	1.089909e-04	3.281311e-01	1.740347e+00	1.702041e-01	5.213197e-05	7.881187e-01	3.751373e-05	7.101223e-05	2.755822e+00	2.915121e-01	1.886874e+01	8.458351e+02	9.099716e-04	9.821300e-02	3.831946e-01	3.377521e+01	3.937825e-01	7.023391e-01	1.514514e-02	3.176492e-01	3.484809e-02	4.260194e-05	3.701300e+01	5.143498e-02	2.259656e+01	3.196977e-01	
1.757009e-03	3.162516e+00	6.858824e-01	3.011719e-03	3.797635e-05	1.433776e+01	2.471259e-02	1.543720e-04	3.281888e-01	1.753885e+00	1.595603e-01	8.153631e-05	7.896532e-01	3.635651e-05	6.964906e-05	2.771787e+00	2.932302e-01	1.917788e+01	8.202614e+02	9.914601e-04	1.104902e-01	3.498928e-01	3.560824e+01	4.062266e-01	7.280979e-01	2.749751e-02	3.381741e-01	3.443674e-02	6.298991e-05	3.798668e+01	4.976845e-02	2.240627e+01	3.228056e-01	
1.757069e-03	3.069119e+00	6.080901e-01	2.863418e-03	3.587408e-05	1.437047e+01	2.463808e-02	1.016563e-04	3.281756e-01	1.752482e+00	1.654831e-01	5.029970e-05	7.876851e-01	3.792226e-05	7.106958e-05	2.728166e+00	2.863019e-01	1.755167e+01	8.627637e+02	9.109248e-04	9.118236e-02	3.868989e-01	3.839259e+01	3.748368e-01	6.479882e-01	1.714251e-02	3.216795e-01	3.440662e-02	3.411636e-05	3.752289e+01	5.053144e-02	2.287140e+01	3.074389e-01	
1.757100e-03	3.089433e+00	4.955231e-01	3.051553e-03	3.853649e-05	1.444450e+01	2.444036e-02	1.388938e-04	3.281184e-01	1.735826e+00	1.831211e-01	6.284885e-05	7.881584e-01	3.642650e-05	6.953707e-05	2.767021e+00	2.922505e-01	1.824953e+01	8.346316e+02	9.364008e-04	9.817526e-02	3.903907e-01	4.718890e+01	3.835780e-01	6.741245e-01	2.881300e-02	3.204348e-01	3.485379e-02	2.662803e-05	3.778561e+01	4.999139e-02	2.253368e+01	3.212829e-01	
1.757189e-03	3.101148e+00	3.804003e-01	2.812818e-03	3.533611e-05	1.435597e+01	2.462104e-02	1.141044e-04	3.281602e-01	1.758533e+00	1.538802e-01	5.318903e-05	7.884360e-01	4.010249e-05	7.567560e-05	2.750741e+00	2.904428e-01	1.880998e+01	8.488498e+02	8.690729e-04	9.373923e-02	3.559834e-01	4.342283e+01	3.809702e-01	6.572809e-01	2.171439e-02	3.322283e-01	3.430383e-02	2.598699e-05	3.801450e+01	4.960103e-02	2.269422e+01	3.137518e-01	
1.757338e-03	3.184642e+00	4.814643e-01	2.978052e-03	3.753444e-05	1.444941e+01	2.452645e-02	9.690653e-05	3.281620e-01	1.760109e+00	1.589034e-01	6.978651e-05	7.895345e-01	3.402419e-05	6.563107e-05	2.732288e+00	2.867616e-01	1.908970e+01	8.427279e+02	8.541171e-04	9.419495e-02	3.845583e-01	3.587782e+01	3.788544e-01	6.515085e-01	1.470101e-02	3.387065e-01	3.481049e-02	2.675206e-05	3.801910e+01	4.974692e-02	2.259743e+01	3.183783e-01	
1.757502e-03	3.081244e+00	5.538196e-01	2.832432e-03	3.560474e-05	1.432467e+01	2.462358e-02	9.697650e-05	3.281933e-01	1.739604e+00	1.726954e-01	5.783757e-05	7.885149e-01	3.534695e-05	6.705400e-05	2.746491e+00	2.881156e-01	1.813900e+01	8.601152e+02	9.723666e-04	1.012731e-01	3.644162e-01	3.888820e+01	3.939438e-01	6.836370e-01	2.362996e-02	3.253973e-01	3.469627e-02	2.881837e-05	3.801821e+01	4.950128e-02	2.260799e+01	3.233937e-01	
1.757525e-03	3.216089e+00	6.052354e-01	2.889720e-03	3.634403e-05	1.429689e+01	2.484609e-02	9.119279e-05	3.280921e-01	1.754934e+00	1.514854e-01	5.693522e-05	7.882187e-01	3.824645e-05	7.228690e-05	2.722540e+00	2.839551e-01	1.851080e+01	8.418093e+02	8.622233e-04	9.177460e-02	3.457642e-01	3.954981e+01	4.468014e-01	8.101752e-01	2.165099e-02	3.312883e-01	3.431954e-02	4.272883e-05	3.775005e+01	5.026204e-02	2.263308e+01	3.181023e-01	
1.757563e-03	3.193860e+00	4.948847e-01	2.933033e-03	3.684944e-05	1.416674e+01	2.512123e-02	1.155226e-04	3.280598e-01	1.756395e+00	1.522309e-01	5.560052e-05	7.878688e-01	3.574022e-05	6.754045e-05	2.723696e+00	2.863380e-01	1.878179e+01	8.474529e+02	8.784269e-04	9.404526e-02	3.889644e-01	3.711626e+01	3.840470e-01	6.786613e-01	1.970323e-02	3.287001e-01	3.415699e-02	2.700185e-05	3.741739e+01	5.087860e-02	2.250754e+01	3.233303e-01	
1.757572e-03	3.102641e+00	5.161225e-01	2.907434e-03	3.659129e-05	1.456374e+01	2.423835e-02	1.039605e-04	3.281417e-01	1.754083e+00	1.631495e-01	7.293680e-05	7.884267e-01	3.594701e-05	6.805763e-05	2.736583e+00	2.871373e-01	1.851704e+01	8.352598e+02	9.420422e-04	1.001786e-01	3.447345e-01	3.574801e+01	4.005933e-01	7.251398e-01	1.736847e-02	3.254373e-01	3.479885e-02	3.682023e-05	3.826298e+01	4.919346e-02	2.260909e+01	3.200918e-01	
1.757576e-03	3.033375e+00	5.890537e-01	2.981322e-03	3.775439e-05	1.456241e+01	2.430878e-02	1.088967e-04	3.282311e-01	1.737761e+00	1.686950e-01	7.120328e-05	7.891189e-01	3.223842e-05	6.159856e-05	2.744563e+00	2.889164e-01	1.867918e+01	8.431519e+02	9.636225e-04	1.033477e-01	3.648368e-01	3.944871e+01	3.818970e-01	6.568343e-01	2.198772e-02	3.256407e-01	3.447334e-02	3.779160e-05	3.839419e+01	4.910788e-02	2.236061e+01	3.247833e-01	
1.757639e-03	3.127003e+00	5.663556e-01	2.994612e-03	3.770983e-05	1.433308e+01	2.474863e-02	1.286054e-04	3.281290e-01	1.770227e+00	1.409985e-01	5.837968e-05	7.892996e-01	3.502455e-05	6.725880e-05	2.734917e+00	2.878030e-01	1.964000e+01	8.262995e+02	9.024069e-04	1.028229e-01	3.721932e-01	3.838552e+01	3.874064e-01	6.762084e-01	2.552012e-02	3.515855e-01	3.347750e-02	4.320894e-05	3.805120e+01	4.967197e-02	2.265926e+01	3.201660e-01	
1.757641e-03	3.108857e+00	5.565669e-01	2.841061e-03	3.570491e-05	1.447270e+01	2.436002e-02	1.246365e-04	3.281913e-01	1.756630e+00	1.648460e-01	5.516642e-05	7.883894e-01	4.220451e-05	8.093126e-05	2.756756e+00	2.899819e-01	1.828736e+01	8.156477e+02	9.645931e-04	1.002798e-01	3.330324e-01	4.172025e+01	3.846970e-01	6.536133e-01	2.135278e-02	3.319363e-01	3.469231e-02	4.610281e-05	3.830767e+01	4.905849e-02	2.263981e+01	3.194329e-01	
1.757646e-03	3.074729e+00	4.750767e-01	2.921608e-03	3.654014e-05	1.438424e+01	2.463545e-02	9.485029e-05	3.281551e-01	1.762528e+00	1.504271e-01	5.352481e-05	7.885581e-01	3.541678e-05	6.723774e-05	2.733662e+00	2.865497e-01	1.875259e+01	8.379445e+02	8.155234e-04	8.762795e-02	3.537862e-01	3.869375e+01	4.306597e-01	7.702210e-01	3.013540e-02	3.309490e-01	3.420096e-02	5.581588e-05	3.800776e+01	4.970957e-02	2.272743e+01	3.245295e-01	
1.757664e-03	3.106441e+00	5.701707e-01	2.889158e-03	3.632968e-05	1.431210e+01	2.475203e-02	1.168010e-04	3.281275e-01	1.741136e+00	1.662472e-01	5.894699e-05	7.878288e-01	3.874163e-05	7.276906e-05	2.751727e+00	2.909587e-01	1.865197e+01	8.613149e+02	9.292713e-04	1.000073e-01	3.519871e-01	4.912356e+01	3.946894e-01	6.805214e-01	2.300274e-02	3.251283e-01	3.431468e-02	3.026414e-05	3.776815e+01	5.008727e-02	2.256608e+01	3.203359e-01	
1.757678e-03	3.145789e+00	4.563502e-01	2.924709e-03	3.709142e-05	1.435415e+01	2.451610e-02	1.387583e-04	3.281591e-01	1.757944e+00	1.561995e-01	4.850528e-05	7.881505e-01	3.616514e-05	6.830911e-05	2.767627e+00	2.928316e-01	1.883961e+01	8.037892e+02	9.245404e-04	9.961713e-02	3.499370e-01	5.441676e+01	4.115196e-01	7.189610e-01	3.113893e-02	3.360407e-01	3.461176e-02	4.045453e-05	3.801476e+01	4.940135e-02	2.236424e+01	3.272153e-01	
1.757766e-03	3.213256e+00	5.103542e-01	2.882602e-03	3.624987e-05	1.426601e+01	2.472290e-02	1.037808e-04	3.280783e-01	1.758926e+00	1.604885e-01	5.144494e-05	7.883427e-01	3.943192e-05	7.467296e-05	2.726484e+00	2.862490e-01	1.897834e+01	8.450912e+02	8.656569e-04	9.468897e-02	3.693181e-01	4.577689e+01	3.816164e-01	6.662389e-01	2.231678e-02	3.316167e-01	3.420017e-02	3.831719e-05	3.725190e+01	5.075985e-02	2.269553e+01	3.122253e-01	
1.757830e-03	3.153487e+00	6.940205e-01	2.811250e-03	3.516746e-05	1.445062e+01	2.443188e-02	1.125688e-04	3.281484e-01	1.757770e+00	1.555420e-01	4.698199e-05	7.880937e-01	3.713208e-05	6.999363e-05	2.721637e+00	2.849846e-01	1.811097e+01	8.293208e+02	9.096481e-04	9.419329e-02	3.437092e-01	4.721237e+01	4.301110e-01	7.763990e-01	2.491064e-02	3.272943e-01	3.447331e-02	3.256424e-05	3.817044e+01	4.930826e-02	2.269304e+01	3.167684e-01	
1.757940e-03	3.270258e+00	6.344150e-01	2.801531e-03	3.527812e-05	1.436568e+01	2.449078e-02	1.122849e-04	3.281054e-01	1.751504e+00	1.612152e-01	5.605889e-05	7.883453e-01	3.946995e-05	7.460217e-05	2.739750e+00	2.875631e-01	1.854714e+01	8.520768e+02	9.215761e-04	9.861961e-02	3.604014e-01	3.332630e+01	4.109954e-01	7.131414e-01	1.787918e-02	3.305653e-01	3.458517e-02	4.616496e-05	3.776308e+01	4.983077e-02	2.255516e+01	3.175100e-01	
1.758009e-03	3.116820e+00	6.111647e-01	2.905719e-03	3.658221e-05	1.423707e+01	2.478997e-02	1.096995e-04	3.281515e-01	1.742534e+00	1.699439e-01	5.898511e-05	7.888575e-01	3.749336e-05	7.176609e-05	2.743649e+00	2.887938e-01	1.893601e+01	8.599018e+02	8.289848e-04	9.011538e-02	3.930294e-01	3.720433e+01	3.975833e-01	6.916308e-01	2.303993e-02	3.327692e-01	3.431477e-02	3.630528e-05	3.753160e+01	5.035376e-02	2.266705e+01	3.182682e-01	
1.758031e-03	3.075724e+00	4.600557e-01	2.888249e-03	3.635633e-05	1.442816e+01	2.450379e-02	1.273118e-04	3.281304e-01	1.744534e+00	1.580866e-01	5.852034e-05	7.885499e-01	3.674310e-05	7.036599e-05	2.750544e+00	2.891512e-01	1.873256e+01	8.425744e+02	8.868367e-04	9.471159e-02	3.521931e-01	3.858212e+01	3.980623e-01	6.875498e-01	1.693949e-02	3.246807e-01	3.459308e-02	5.551233e-05	3.784788e+01	4.993097e-02	2.259122e+01	3.182480e-01	
1.758085e-03	3.147160e+00	5.489791e-01	3.073835e-03	3.853100e-05	1.426987e+01	2.480931e-02	1.134241e-04	3.281486e-01	1.740736e+00	1.621359e-01	6.751681e-05	7.887708e-01	3.510873e-05	6.662877e-05	2.725907e+00	2.855947e-01	1.851708e+01	8.653443e+02	9.005589e-04	9.586481e-02	3.600351e-01	2.972048e+01	4.077314e-01	7.127195e-01	2.388643e-02	3.267904e-01	3.430082e-02	3.142340e-05	3.780543e+01	5.003333e-02	2.271675e+01	3.242586e-01	
1.758224e-03	2.985695e+00	4.049050e-01	2.815118e-03	3.533465e-05	1.439926e+01	2.461413e-02	9.606619e-05	3.281813e-01	1.751778e+00	1.553580e-01	5.103635e-05	7.885153e-01	3.636156e-05	6.945098e-05	2.751914e+00	2.905258e-01	1.923486e+01	8.464347e+02	7.863875e-04	8.604327e-02	3.453609e-01	4.226467e+01	3.967249e-01	6.836996e-01	1.877666e-02	3.280896e-01	3.432774e-02	4.277448e-05	3.801387e+01	4.975718e-02	2.264373e+01	3.187942e-01	
1.758562e-03	2.983829e+00	4.921498e-01	2.973107e-03	3.759347e-05	1.451172e+01	2.423295e-02	1.131895e-04	3.281841e-01	1.749984e+00	1.668223e-01	5.989471e-05	7.885381e-01	3.528484e-05	6.778863e-05	2.753304e+00	2.887591e-01	1.872733e+01	8.469112e+02	9.046449e-04	9.690720e-02	3.615403e-01	4.140346e+01	3.711364e-01	6.402082e-01	2.600860e-02	3.335556e-01	3.424973e-02	3.862182e-05	3.827144e+01	4.898992e-02	2.262532e+01	3.144809e-01	
1.758613e-03	3.143322e+00	6.131012e-01	2.937610e-03	3.706849e-05	1.425940e+01	2.490174e-02	1.214023e-04	3.281684e-01	1.742525e+00	1.609796e-01	6.135676e-05	7.893786e-01	3.935115e-05	7.568291e-05	2.725471e+00	2.855763e-01	1.874089e+01	8.625530e+02	8.506329e-04	9.155579e-02	3.920753e-01	2.892055e+01	3.750968e-01	6.408306e-01	1.639595e-02	3.339544e-01	3.438385e-02	4.413199e-05	3.759120e+01	5.053469e-02	2.260748e+01	3.148013e-01	
1.758718e-03	3.112090e+00	4.944382e-01	2.898445e-03	3.622226e-05	1.444079e+01	2.441368e-02	1.222315e-04	3.281289e-01	1.760634e+00	1.561220e-01	5.773354e-05	7.880075e-01	3.728207e-05	7.087358e-05	2.728045e+00	2.851655e-01	1.857765e+01	8.348231e+02	9.220947e-04	9.808771e-02	3.430472e-01	4.084394e+01	4.147171e-01	7.198074e-01	1.967201e-02	3.227453e-01	3.451054e-02	3.665162e-05	3.806475e+01	4.944575e-02	2.274470e+01	3.178496e-01	
1.758779e-03	3.041397e+00	5.764760e-01	2.942588e-03	3.706815e-05	1.444371e+01	2.443956e-02	1.507497e-04	3.281462e-01	1.766509e+00	1.557462e-01	5.210472e-05	7.878754e-01	3.739892e-05	7.053128e-05	2.736254e+00	2.879714e-01	1.845155e+01	8.231190e+02	8.712024e-04	9.191569e-02	3.645002e-01	3.877759e+01	4.173440e-01	7.504833e-01	2.193245e-02	3.342770e-01	3.391008e-02	6.162896e-05	3.812332e+01	4.942931e-02	2.270246e+01	3.177168e-01	
1.758950e-03	3.204799e+00	6.027141e-01	2.857662e-03	3.597423e-05	1.426567e+01	2.486746e-02	9.662322e-05	3.281648e-01	1.764804e+00	1.458582e-01	6.277178e-05	7.894166e-01	3.668869e-05	7.008148e-05	2.726239e+00	2.851946e-01	1.956641e+01	8.631215e+02	8.442795e-04	9.563461e-02	3.480199e-01	2.864764e+01	4.306137e-01	7.654286e-01	1.811790e-02	3.472712e-01	3.401770e-02	3.875304e-05	3.769638e+01	5.025635e-02	2.268751e+01	3.173512e-01	
1.759024e-03	3.123257e+00	6.059401e-01	3.040368e-03	3.819795e-05	1.428672e+01	2.473824e-02	1.301584e-04	3.281427e-01	1.755498e+00	1.597470e-01	5.989261e-05	7.883051e-01	4.059917e-05	7.746503e-05	2.737234e+00	2.880091e-01	1.862522e+01	8.285151e+02	9.344594e-04	9.906851e-02	3.497969e-01	3.922661e+01	4.152131e-01	7.442388e-01	2.176210e-02	3.117780e-01	3.509568e-02	4.825132e-05	3.754441e+01	5.041125e-02	2.257044e+01	3.209241e-01	
1.759030e-03	3.126517e+00	5.496991e-01	3.011510e-03	3.790915e-05	1.423856e+01	2.482256e-02	1.256845e-04	3.281743e-01	1.742156e+00	1.737700e-01	6.117929e-05	7.885335e-01	3.855836e-05	7.325879e-05	2.740596e+00	2.871109e-01	1.854929e+01	8.519287e+02	9.048112e-04	9.721174e-02	3.746830e-01	3.510041e+01	3.753006e-01	6.364485e-01	2.059355e-02	3.224362e-01	3.489461e-02	4.163237e-05	3.737328e+01	5.064922e-02	2.259610e+01	3.173815e-01	
1.759095e-03	3.041154e+00	4.830722e-01	2.943176e-03	3.695123e-05	1.438327e+01	2.454819e-02	1.195041e-04	3.282099e-01	1.751128e+00	1.559932e-01	5.609500e-05	7.883896e-01	3.365777e-05	6.379819e-05	2.733788e+00	2.874981e-01	1.781921e+01	8.396934e+02	8.586494e-04	8.641573e-02	3.908985e-01	3.875774e+01	3.740355e-01	6.443821e-01	2.606379e-02	3.258125e-01	3.437024e-02	2.985270e-05	3.796999e+01	4.959030e-02	2.265295e+01	3.204132e-01	
1.759182e-03	3.099075e+00	5.681963e-01	2.841344e-03	3.559033e-05	1.445437e+01	2.439290e-02	1.688028e-04	3.281782e-01	1.761725e+00	1.540271e-01	5.696482e-05	7.884162e-01	3.806199e-05	7.198105e-05	2.765241e+00	2.921855e-01	1.898121e+01	8.229637e+02	8.641078e-04	9.455029e-02	3.800033e-01	4.346790e+01	3.980701e-01	7.119047e-01	1.830274e-02	3.474340e-01	3.412685e-02	3.418007e-05	3.796635e+01	4.961996e-02	2.246176e+01	3.259293e-01	
1.759434e-03	3.111347e+00	4.490573e-01	2.800915e-03	3.518866e-05	1.450340e+01	2.438758e-02	1.070362e-04	3.281356e-01	1.761917e+00	1.472029e-01	4.835253e-05	7.882940e-01	3.710716e-05	7.027806e-05	2.736184e+00	2.868884e-01	1.862759e+01	8.578977e+02	8.079646e-04	8.619999e-02	4.028791e-01	4.264406e+01	3.661040e-01	6.288164e-01	2.238990e-02	3.355923e-01	3.415110e-02	2.546393e-05	3.815418e+01	4.948866e-02	2.265890e+01	3.129845e-01	
1.759626e-03	3.115980e+00	6.524207e-01	2.870630e-03	3.617273e-05	1.442354e+01	2.447957e-02	1.539870e-04	3.281239e-01	1.758794e+00	1.625418e-01	6.065321e-05	7.883869e-01	3.964363e-05	7.534749e-05	2.734131e+00	2.869920e-01	1.853920e+01	8.295995e+02	9.480406e-04	1.014690e-01	3.448952e-01	3.871427e+01	4.115425e-01	7.349364e-01	2.193283e-02	3.148662e-01	3.477534e-02	5.320982e-05	3.788045e+01	4.978611e-02	2.260902e+01	3.163507e-01	
1.759630e-03	3.093068e+00	4.130559e-01	2.848006e-03	3.580096e-05	1.446122e+01	2.437038e-02	1.095238e-04	3.281372e-01	1.756547e+00	1.622665e-01	4.886207e-05	7.877787e-01	3.386491e-05	6.374093e-05	2.757262e+00	2.914080e-01	1.806604e+01	8.319297e+02	7.758033e-04	7.950142e-02	3.853865e-01	4.694924e+01	4.115090e-01	7.450162e-01	2.690790e-02	3.284175e-01	3.448725e-02	2.972083e-05	3.821830e+01	4.915345e-02	2.267058e+01	3.181303e-01	
1.759771e-03	3.074545e+00	5.792699e-01	2.894767e-03	3.650596e-05	1.442879e+01	2.455255e-02	1.308937e-04	3.281765e-01	1.743201e+00	1.609728e-01	6.117440e-05	7.891870e-01	3.840778e-05	7.370916e-05	2.745073e+00	2.888275e-01	1.897399e+01	8.397623e+02	8.175765e-04	8.928168e-02	3.675746e-01	3.907093e+01	4.090586e-01	7.049879e-01	1.889103e-02	3.270864e-01	3.440641e-02	5.614141e-05	3.811441e+01	4.957119e-02	2.249786e+01	3.246988e-01	
1.759802e-03	3.156982e+00	5.331577e-01	2.893886e-03	3.640442e-05	1.434606e+01	2.464365e-02	1.272357e-04	3.281942e-01	1.757039e+00	1.592127e-01	6.688104e-05	7.891288e-01	3.566041e-05	6.812857e-05	2.747756e+00	2.898491e-01	1.889523e+01	8.238082e+02	9.649750e-04	1.052937e-01	3.707529e-01	4.196258e+01	3.828676e-01	6.585249e-01	2.474102e-02	3.470692e-01	3.419545e-02	4.671930e-05	3.809059e+01	4.942446e-02	2.257887e+01	3.256531e-01	
1.759844e-03	3.075750e+00	5.207886e-01	3.098478e-03	3.913762e-05	1.453416e+01	2.428199e-02	9.314561e-05	3.281465e-01	1.746538e+00	1.588476e-01	6.770345e-05	7.890850e-01	3.526494e-05	6.731625e-05	2.719633e+00	2.835918e-01	1.917762e+01	8.318391e+02	8.945770e-04	9.993296e-02	3.544119e-01	3.626250e+01	3.866355e-01	6.661771e-01	2.687153e-02	3.298174e-01	3.443796e-02	4.642634e-05	3.822817e+01	4.923598e-02	2.253757e+01	3.169004e-01	
1.759915e-03	3.031153e+00	5.513630e-01	2.996149e-03	3.736025e-05	1.447330e+01	2.443608e-02	1.035824e-04	3.281827e-01	1.752577e+00	1.596001e-01	5.876326e-05	7.883403e-01	3.377005e-05	6.379006e-05	2.733510e+00	2.879624e-01	1.834628e+01	8.396546e+02	9.157518e-04	9.583877e-02	3.674319e-01	4.644505e+01	4.147214e-01	7.540502e-01	2.737013e-02	3.321850e-01	3.392985e-02	3.267029e-05	3.824011e+01	4.931225e-02	2.257455e+01	3.283421e-01	
1.760157e-03	3.130063e+00	6.349031e-01	2.768757e-03	3.490925e-05	1.438102e+01	2.459284e-02	1.114014e-04	3.281074e-01	1.745048e+00	1.606641e-01	4.443610e-05	7.874421e-01	3.935277e-05	7.357313e-05	2.748288e+00	2.895389e-01	1.822900e+01	8.537949e+02	8.179764e-04	8.489030e-02	3.922643e-01	4.525773e+01	3.953876e-01	7.043798e-01	1.984195e-02	3.327535e-01	3.409500e-02	3.613834e-05	3.753328e+01	5.045767e-02	2.271295e+01	3.156566e-01	
1.760248e-03	3.091424e+00	6.309051e-01	2.943129e-03	3.696457e-05	1.442906e+01	2.449290e-02	1.369803e-04	3.281427e-01	1.755598e+00	1.677371e-01	6.847370e-05	7.881660e-01	3.438646e-05	6.557239e-05	2.727441e+00	2.860561e-01	1.814327e+01	8.511103e+02	9.932860e-04	1.033384e-01	3.523002e-01	3.687830e+01	3.823210e-01	6.707440e-01	2.458134e-02	3.208155e-01	3.460329e-02	3.027069e-05	3.811619e+01	4.939479e-02	2.245491e+01	3.243922e-01	
1.760526e-03	3.139301e+00	4.600016e-01	2.727029e-03	3.437064e-05	1.429141e+01	2.474862e-02	8.457103e-05	3.281610e-01	1.745649e+00	1.655528e-01	5.790076e-05	7.885026e-01	3.601164e-05	6.825582e-05	2.768139e+00	2.937638e-01	1.883523e+01	8.555718e+02	8.686483e-04	9.324231e-02	3.596136e-01	4.363160e+01	4.207382e-01	7.585722e-01	2.229429e-02	3.456389e-01	3.430431e-02	3.980632e-05	3.767832e+01	5.021340e-02	2.263870e+01	3.195887e-01	
1.760549e-03	3.031203e+00	5.009537e-01	2.913775e-03	3.667248e-05	1.434830e+01	2.461717e-02	8.890330e-05	3.281537e-01	1.739023e+00	1.674760e-01	5.816426e-05	7.879417e-01	3.392663e-05	6.382339e-05	2.738305e+00	2.882585e-01	1.812540e+01	8.815431e+02	7.845264e-04	8.081479e-02	3.561393e-01	3.202604e+01	4.315189e-01	7.805055e-01	1.843114e-02	3.207755e-01	3.455747e-02	4.213511e-05	3.779174e+01	4.997058e-02	2.278095e+01	3.122564e-01	
1.760627e-03	3.007133e+00	5.044132e-01	3.024572e-03	3.829763e-05	1.434351e+01	2.460340e-02	1.020271e-04	3.281546e-01	1.743459e+00	1.662841e-01	5.941153e-05	7.882587e-01	3.255565e-05	6.172011e-05	2.743976e+00	2.893840e-01	1.911809e+01	8.568317e+02	8.914435e-04	9.782488e-02	3.715758e-01	3.919078e+01	3.866625e-01	6.751945e-01	3.079354e-02	3.171039e-01	3.452299e-02	2.919464e-05	3.784378e+01	4.979917e-02	2.252223e+01	3.246437e-01	
1.760675e-03	3.272866e+00	5.723180e-01	2.982982e-03	3.740450e-05	1.438130e+01	2.455586e-02	9.084159e-05	3.281283e-01	1.751409e+00	1.549367e-01	5.550480e-05	7.885976e-01	3.579497e-05	6.779953e-05	2.723500e+00	2.846188e-01	1.863669e+01	8.420186e+02	7.920711e-04	8.384430e-02	3.578268e-01	3.347581e+01	4.219830e-01	7.714351e-01	2.470421e-02	3.365408e-01	3.441614e-02	6.679593e-05	3.781057e+01	4.987373e-02	2.270435e+01	3.190851e-01	
1.760836e-03	3.010195e+00	4.386761e-01	2.904458e-03	3.656710e-05	1.456887e+01	2.420866e-02	1.384807e-04	3.281302e-01	1.753438e+00	1.608528e-01	6.519033e-05	7.883503e-01	3.493643e-05	6.664267e-05	2.736665e+00	2.875388e-01	1.895439e+01	8.306958e+02	8.385944e-04	9.088597e-02	3.611135e-01	4.170821e+01	3.887868e-01	6.797235e-01	2.515688e-02	3.230011e-01	3.435967e-02	5.126622e-05	3.838868e+01	4.892942e-02	2.264484e+01	3.221690e-01	
1.760877e-03	2.983603e+00	3.581923e-01	2.846280e-03	3.569486e-05	1.448249e+01	2.449456e-02	7.100523e-05	3.281720e-01	1.761315e+00	1.456054e-01	6.514299e-05	7.881109e-01	3.445899e-05	6.509528e-05	2.735614e+00	2.884322e-01	1.842624e+01	8.524037e+02	9.213031e-04	9.707334e-02	3.338233e-01	4.016719e+01	4.135340e-01	7.158312e-01	2.384589e-02	3.369523e-01	3.364518e-02	3.322437e-05	3.849586e+01	4.900110e-02	2.268396e+01	3.226937e-01	
1.761036e-03	3.050420e+00	4.759477e-01	2.999258e-03	3.777068e-05	1.435573e+01	2.456933e-02	9.254717e-05	3.281694e-01	1.750943e+00	1.618607e-01	5.601202e-05	7.887747e-01	3.504168e-05	6.688337e-05	2.735805e+00	2.871644e-01	1.917309e+01	8.274354e+02	8.624329e-04	9.516650e-02	3.347259e-01	3.889393e+01	4.174384e-01	7.288645e-01	2.329554e-02	3.306995e-01	3.419192e-02	6.730886e-05	3.784406e+01	4.980064e-02	2.252359e+01	3.214459e-01	
1.761062e-03	3.118224e+00	6.567003e-01	2.762528e-03	3.472304e-05	1.448868e+01	2.450248e-02	1.137695e-04	3.282003e-01	1.762684e+00	1.523974e-01	6.474187e-05	7.883851e-01	3.978542e-05	7.564285e-05	2.728261e+00	2.867051e-01	1.821190e+01	8.200314e+02	8.965577e-04	9.219980e-02	3.472330e-01	4.113473e+01	4.205995e-01	7.570370e-01	1.606470e-02	3.278688e-01	3.448507e-02	4.353766e-05	3.809231e+01	4.971688e-02	2.263388e+01	3.208796e-01	
1.761324e-03	3.038193e+00	4.939378e-01	2.844713e-03	3.592662e-05	1.436558e+01	2.472634e-02	9.735238e-05	3.281928e-01	1.737710e+00	1.680721e-01	6.215851e-05	7.877925e-01	3.628891e-05	6.821687e-05	2.737879e+00	2.874581e-01	1.747513e+01	8.678805e+02	8.536934e-04	8.444218e-02	3.931417e-01	3.359309e+01	3.767561e-01	6.455358e-01	1.458080e-02	3.269873e-01	3.428726e-02	3.933354e-05	3.764339e+01	5.041943e-02	2.270860e+01	3.139033e-01	
1.761389e-03	3.101216e+00	5.116638e-01	2.904908e-03	3.664792e-05	1.448505e+01	2.448292e-02	6.915027e-05	3.281834e-01	1.753815e+00	1.496924e-01	5.299171e-05	7.886193e-01	3.551276e-05	6.738046e-05	2.719712e+00	2.831140e-01	1.842242e+01	8.372492e+02	8.533837e-04	8.955371e-02	3.508001e-01	3.413313e+01	4.264514e-01	7.490425e-01	2.256172e-02	3.358654e-01	3.401048e-02	5.425281e-05	3.822307e+01	4.945088e-02	2.269978e+01	3.149309e-01	
1.761406e-03	3.123681e+00	6.366793e-01	2.883838e-03	3.608022e-05	1.431893e+01	2.481535e-02	9.162392e-05	3.281804e-01	1.766336e+00	1.480576e-01	5.632414e-05	7.884402e-01	3.917477e-05	7.440085e-05	2.727157e+00	2.851433e-01	1.918977e+01	8.496631e+02	8.282737e-04	9.082031e-02	3.337639e-01	3.237287e+01	4.052502e-01	7.018378e-01	2.010892e-02	3.338747e-01	3.417510e-02	3.663286e-05	3.797087e+01	4.993098e-02	2.282763e+01	3.175761e-01	
1.761477e-03	3.162794e+00	5.884029e-01	2.819455e-03	3.558098e-05	1.441647e+01	2.449201e-02	9.358884e-05	3.281719e-01	1.738331e+00	1.723832e-01	6.332707e-05	7.883258e-01	3.695567e-05	6.989427e-05	2.723637e+00	2.846228e-01	1.775210e+01	8.590264e+02	9.538724e-04	9.640288e-02	3.710728e-01	3.872466e+01	3.898663e-01	6.778838e-01	2.267187e-02	3.252590e-01	3.446807e-02	3.134118e-05	3.780665e+01	4.985650e-02	2.259536e+01	3.178560e-01	
1.761559e-03	3.272566e+00	6.853241e-01	2.871451e-03	3.633442e-05	1.426276e+01	2.475028e-02	8.885088e-05	3.280981e-01	1.750299e+00	1.607257e-01	6.519627e-05	7.883365e-01	3.572206e-05	6.766194e-05	2.722130e+00	2.840033e-01	1.875164e+01	8.570029e+02	8.922896e-04	9.583628e-02	3.730054e-01	3.582134e+01	4.379703e-01	8.067607e-01	1.823072e-02	3.274564e-01	3.466175e-02	2.861152e-05	3.772034e+01	5.001267e-02	2.261471e+01	3.169069e-01	
1.761619e-03	3.283715e+00	7.217974e-01	2.710786e-03	3.428762e-05	1.423976e+01	2.480264e-02	1.198134e-04	3.281433e-01	1.743371e+00	1.766862e-01	8.217619e-05	7.887371e-01	3.913598e-05	7.467510e-05	2.748789e+00	2.903151e-01	1.855578e+01	8.540260e+02	9.653320e-04	1.029671e-01	3.814309e-01	3.759028e+01	4.231460e-01	7.453675e-01	1.870900e-02	3.413565e-01	3.454820e-02	5.245380e-05	3.763957e+01	5.013294e-02	2.239356e+01	3.216461e-01	
1.761673e-03	3.055742e+00	4.711757e-01	3.005028e-03	3.762837e-05	1.437660e+01	2.471279e-02	1.069251e-04	3.281814e-01	1.755384e+00	1.499295e-01	6.245646e-05	7.884639e-01	3.541856e-05	6.674735e-05	2.746309e+00	2.897088e-01	1.833856e+01	8.397835e+02	8.994687e-04	9.444900e-02	3.709714e-01	4.187320e+01	4.102000e-01	7.392477e-01	2.832891e-02	3.438557e-01	3.362878e-02	2.708772e-05	3.827740e+01	4.938792e-02	2.252796e+01	3.241950e-01	
1.761731e-03	3.063656e+00	5.746262e-01	2.963077e-03	3.709130e-05	1.434344e+01	2.470074e-02	8.556173e-05	3.281798e-01	1.734377e+00	1.667118e-01	5.230137e-05	7.886177e-01	3.894361e-05	7.403853e-05	2.734648e+00	2.856364e-01	1.773010e+01	9.004241e+02	9.127609e-04	9.251744e-02	3.660144e-01	3.179119e+01	4.310184e-01	7.793422e-01	2.170111e-02	3.247083e-01	3.433988e-02	3.340810e-05	3.793059e+01	4.981310e-02	2.283855e+01	3.098463e-01	
1.762120e-03	3.063869e+00	4.809362e-01	2.861485e-03	3.607044e-05	1.437936e+01	2.457155e-02	9.375275e-05	3.281917e-01	1.734720e+00	1.695547e-01	6.091436e-05	7.892368e-01	3.455909e-05	6.579724e-05	2.756297e+00	2.908964e-01	1.796074e+01	8.536936e+02	8.784917e-04	9.063751e-02	3.581664e-01	3.333087e+01	4.189604e-01	7.473970e-01	2.351881e-02	3.399729e-01	3.409705e-02	4.913573e-05	3.789635e+01	4.976196e-02	2.263697e+01	3.218642e-01	
1.762147e-03	3.257586e+00	5.277224e-01	2.847573e-03	3.574483e-05	1.439747e+01	2.455280e-02	1.366485e-04	3.281323e-01	1.761012e+00	1.590635e-01	6.453827e-05	7.891924e-01	3.870542e-05	7.417896e-05	2.735647e+00	2.872143e-01	1.953836e+01	8.257253e+02	8.308450e-04	9.386518e-02	3.813574e-01	4.284555e+01	3.918780e-01	6.715319e-01	2.850995e-02	3.439157e-01	3.437848e-02	5.078800e-05	3.822748e+01	4.928668e-02	2.267877e+01	3.179803e-01	
1.762200e-03	3.099507e+00	5.312992e-01	2.930864e-03	3.690099e-05	1.435460e+01	2.465573e-02	9.050311e-05	3.281625e-01	1.759211e+00	1.422636e-01	5.105312e-05	7.887318e-01	3.828603e-05	7.236732e-05	2.718256e+00	2.833094e-01	1.904936e+01	8.413958e+02	8.134501e-04	8.914296e-02	3.300547e-01	4.027773e+01	4.191722e-01	7.357630e-01	2.676412e-02	3.339719e-01	3.408281e-02	5.758641e-05	3.786273e+01	4.986664e-02	2.254837e+01	3.209021e-01	
1.762282e-03	3.095171e+00	4.832560e-01	2.921980e-03	3.684289e-05	1.434382e+01	2.472705e-02	1.064438e-04	3.281402e-01	1.753540e+00	1.489600e-01	5.831566e-05	7.885174e-01	3.680123e-05	6.946549e-05	2.725965e+00	2.848596e-01	1.879012e+01	8.512636e+02	8.061612e-04	8.690987e-02	3.353397e-01	3.546207e+01	4.270968e-01	7.646831e-01	2.064116e-02	3.387090e-01	3.383984e-02	5.466561e-05	3.786344e+01	4.998118e-02	2.270021e+01	3.173109e-01	
1.762441e-03	3.021275e+00	4.977472e-01	2.757785e-03	3.444167e-05	1.441202e+01	2.463271e-02	1.109229e-04	3.281668e-01	1.746846e+00	1.603731e-01	5.267257e-05	7.881594e-01	3.755938e-05	7.157090e-05	2.738378e+00	2.868772e-01	1.840798e+01	8.425293e+02	8.441015e-04	8.833196e-02	3.605459e-01	3.654546e+01	3.903276e-01	6.910218e-01	2.286124e-02	3.268499e-01	3.420320e-02	5.103781e-05	3.801038e+01	4.980205e-02	2.279349e+01	3.145396e-01	
1.762538e-03	3.110430e+00	4.089524e-01	2.837937e-03	3.560358e-05	1.419971e+01	2.484952e-02	8.887819e-05	3.281530e-01	1.763104e+00	1.522039e-01	5.299894e-05	7.889284e-01	3.537706e-05	6.741828e-05	2.754240e+00	2.906831e-01	1.865286e+01	8.281330e+02	7.980461e-04	8.501061e-02	3.727628e-01	3.989803e+01	4.116372e-01	7.456736e-01	2.629374e-02	3.412830e-01	3.412847e-02	5.830506e-05	3.752093e+01	5.032874e-02	2.260795e+01	3.185210e-01	
1.762543e-03	3.076595e+00	4.028091e-01	3.107617e-03	3.913656e-05	1.446617e+01	2.447706e-02	1.180300e-04	3.281532e-01	1.775572e+00	1.336050e-01	5.345225e-05	7.887765e-01	3.597781e-05	6.912516e-05	2.711172e+00	2.817857e-01	1.924618e+01	8.230257e+02	8.056591e-04	8.814743e-02	3.473992e-01	3.610085e+01	3.602957e-01	6.170174e-01	2.399706e-02	3.432136e-01	3.384039e-02	6.319499e-05	3.823456e+01	4.936190e-02	2.256910e+01	3.186678e-01	
1.762579e-03	3.162914e+00	5.255795e-01	2.895337e-03	3.633919e-05	1.437765e+01	2.461838e-02	1.302480e-04	3.281371e-01	1.737314e+00	1.689741e-01	6.015083e-05	7.884604e-01	3.647209e-05	6.916109e-05	2.724916e+00	2.852759e-01	1.805349e+01	8.602338e+02	9.892303e-04	1.026779e-01	3.794319e-01	3.686210e+01	3.547839e-01	6.186959e-01	2.740782e-02	3.264741e-01	3.429121e-02	4.078752e-05	3.763562e+01	5.029905e-02	2.258844e+01	3.217033e-01	
1.762681e-03	3.024420e+00	4.372751e-01	2.817104e-03	3.566117e-05	1.441159e+01	2.452230e-02	1.018579e-04	3.281633e-01	1.750094e+00	1.667041e-01	5.488083e-05	7.882337e-01	3.645865e-05	6.917643e-05	2.757694e+00	2.919134e-01	1.888142e+01	8.570797e+02	8.164957e-04	8.800519e-02	3.670950e-01	3.330488e+01	4.194958e-01	7.461469e-01	1.962347e-02	3.263289e-01	3.459976e-02	3.927562e-05	3.792772e+01	4.974109e-02	2.265839e+01	3.172725e-01	
1.762727e-03	3.093266e+00	5.351885e-01	2.880185e-03	3.609357e-05	1.437648e+01	2.459749e-02	8.798495e-05	3.281433e-01	1.738691e+00	1.672829e-01	6.857425e-05	7.881647e-01	3.445559e-05	6.497240e-05	2.735830e+00	2.876643e-01	1.864866e+01	8.646390e+02	9.293479e-04	9.918355e-02	3.458414e-01	3.285754e+01	4.127837e-01	7.346333e-01	2.206003e-02	3.266661e-01	3.433925e-02	5.351585e-05	3.825675e+01	4.923817e-02	2.254074e+01	3.236951e-01	
1.762844e-03	3.158729e+00	4.560359e-01	2.955741e-03	3.736148e-05	1.439664e+01	2.468298e-02	1.064599e-04	3.281323e-01	1.754438e+00	1.565312e-01	6.409864e-05	7.889170e-01	3.589118e-05	6.817766e-05	2.737521e+00	2.875209e-01	1.883102e+01	8.209071e+02	8.912549e-04	9.669886e-02	3.763810e-01	4.261630e+01	3.932194e-01	6.972823e-01	2.734045e-02	3.422884e-01	3.408414e-02	6.255241e-05	3.833221e+01	4.937902e-02	2.246392e+01	3.246843e-01	
1.763185e-03	3.083635e+00	5.281468e-01	2.902138e-03	3.631013e-05	1.444875e+01	2.449399e-02	1.068942e-04	3.281617e-01	1.751342e+00	1.609171e-01	6.356346e-05	7.882981e-01	3.615200e-05	6.799219e-05	2.737076e+00	2.873278e-01	1.847875e+01	8.570425e+02	8.896629e-04	9.434740e-02	3.532705e-01	3.475060e+01	4.256489e-01	7.588869e-01	2.551125e-02	3.241363e-01	3.434822e-02	4.585905e-05	3.812571e+01	4.951963e-02	2.269918e+01	3.184273e-01	
1.763269e-03	2.978791e+00	4.641049e-01	3.112737e-03	3.945054e-05	1.433721e+01	2.459170e-02	1.041232e-04	3.281880e-01	1.734069e+00	1.698137e-01	6.029255e-05	7.890154e-01	3.212795e-05	6.143864e-05	2.756621e+00	2.907105e-01	1.877542e+01	8.417298e+02	7.986314e-04	8.556927e-02	3.688065e-01	3.626587e+01	3.809670e-01	6.540748e-01	3.158053e-02	3.300076e-01	3.414562e-02	4.799327e-05	3.788702e+01	4.971811e-02	2.249800e+01	3.213547e-01	
1.763277e-03	3.085524e+00	4.978229e-01	2.754670e-03	3.482976e-05	1.427907e+01	2.479210e-02	9.386641e-05	3.281372e-01	1.744868e+00	1.657365e-01	5.608490e-05	7.885117e-01	3.684719e-05	6.987377e-05	2.754879e+00	2.917565e-01	1.944037e+01	8.529998e+02	8.795408e-04	9.915793e-02	3.405709e-01	3.918421e+01	4.000046e-01	6.882144e-01	2.234420e-02	3.362078e-01	3.408345e-02	4.349264e-05	3.777084e+01	5.003009e-02	2.261187e+01	3.138200e-01	
1.763497e-03	3.128875e+00	6.384143e-01	2.782791e-03	3.499970e-05	1.435767e+01	2.462717e-02	9.005635e-05	3.281625e-01	1.750953e+00	1.592685e-01	5.198254e-05	7.882471e-01	3.937022e-05	7.486777e-05	2.714458e+00	2.833681e-01	1.840153e+01	8.659853e+02	8.011544e-04	8.344968e-02	3.764533e-01	3.410347e+01	3.878170e-01	6.780475e-01	1.500484e-02	3.359376e-01	3.413117e-02	4.546843e-05	3.770199e+01	5.009973e-02	2.284927e+01	3.100929e-01	
1.763597e-03	3.006807e+00	4.711731e-01	2.918353e-03	3.658759e-05	1.447091e+01	2.431722e-02	9.541059e-05	3.282038e-01	1.748603e+00	1.603659e-01	6.140871e-05	7.889071e-01	3.654474e-05	6.993699e-05	2.756014e+00	2.913888e-01	1.886238e+01	8.441085e+02	8.721744e-04	9.387683e-02	3.433585e-01	4.144623e+01	3.944045e-01	6.742814e-01	2.397321e-02	3.267458e-01	3.447783e-02	3.795396e-05	3.825021e+01	4.907170e-02	2.268599e+01	3.176721e-01	
1.763671e-03	2.992954e+00	4.956885e-01	2.989420e-03	3.777349e-05	1.434617e+01	2.469330e-02	1.150284e-04	3.281979e-01	1.748967e+00	1.566053e-01	4.653656e-05	7.880388e-01	3.777625e-05	7.165514e-05	2.749272e+00	2.887488e-01	1.754520e+01	8.534545e+02	9.333665e-04	9.327101e-02	3.662590e-01	3.562058e+01	3.714241e-01	6.092929e-01	2.421703e-02	3.308984e-01	3.417710e-02	5.750285e-05	3.799043e+01	4.973368e-02	2.271867e+01	3.119219e-01	
1.763926e-03	3.052929e+00	5.399083e-01	2.899667e-03	3.640619e-05	1.458539e+01	2.430431e-02	1.307058e-04	3.282140e-01	1.766369e+00	1.469199e-01	5.908708e-05	7.891909e-01	3.597514e-05	6.919005e-05	2.729373e+00	2.851962e-01	1.930283e+01	8.400370e+02	8.538907e-04	9.506372e-02	3.778528e-01	3.540526e+01	3.763922e-01	6.530870e-01	2.165967e-02	3.375894e-01	3.438086e-02	2.665566e-05	3.867166e+01	4.871274e-02	2.270212e+01	3.148273e-01	
1.764015e-03	3.111613e+00	5.283979e-01	2.950245e-03	3.716336e-05	1.433677e+01	2.469174e-02	8.642817e-05	3.281141e-01	1.765010e+00	1.438257e-01	5.630861e-05	7.880196e-01	3.535694e-05	6.739945e-05	2.718151e+00	2.830607e-01	1.911258e+01	8.723114e+02	7.491242e-04	8.090355e-02	3.311658e-01	3.143636e+01	4.219337e-01	7.651679e-01	2.056065e-02	3.301237e-01	3.418606e-02	3.395630e-05	3.803190e+01	4.960449e-02	2.260329e+01	3.214933e-01	
1.764592e-03	3.052137e+00	6.004983e-01	2.972099e-03	3.731659e-05	1.448795e+01	2.447436e-02	1.484731e-04	3.281700e-01	1.750206e+00	1.614673e-01	6.023256e-05	7.882913e-01	3.656539e-05	6.969280e-05	2.753931e+00	2.917885e-01	1.860469e+01	8.097624e+02	9.753930e-04	1.044553e-01	3.627029e-01	5.342433e+01	3.515309e-01	5.845416e-01	2.319658e-02	3.337842e-01	3.416620e-02	3.074162e-05	3.798947e+01	4.979005e-02	2.263855e+01	3.228660e-01	
1.764696e-03	3.184271e+00	6.140303e-01	2.971479e-03	3.738943e-05	1.422103e+01	2.496243e-02	8.162932e-05	3.281401e-01	1.757688e+00	1.562930e-01	5.415735e-05	7.884807e-01	3.667239e-05	6.982001e-05	2.732082e+00	2.871089e-01	1.884659e+01	8.606798e+02	8.080282e-04	8.704365e-02	3.674081e-01	3.307417e+01	4.093130e-01	7.339581e-01	2.077232e-02	3.299822e-01	3.450208e-02	4.442295e-05	3.759405e+01	5.042183e-02	2.257565e+01	3.216887e-01	
1.764928e-03	3.135548e+00	5.583728e-01	2.912474e-03	3.682573e-05	1.446323e+01	2.446656e-02	1.086728e-04	3.281119e-01	1.753426e+00	1.590489e-01	6.355918e-05	7.879202e-01	3.469458e-05	6.539656e-05	2.736144e+00	2.875240e-01	1.814921e+01	8.341157e+02	8.873260e-04	9.183998e-02	3.581770e-01	4.286930e+01	4.389461e-01	8.039101e-01	2.350233e-02	3.303704e-01	3.443308e-02	3.481440e-05	3.824241e+01	4.926511e-02	2.258509e+01	3.212872e-01	
1.764993e-03	3.114457e+00	4.711529e-01	3.081725e-03	3.850664e-05	1.446339e+01	2.452341e-02	1.309610e-04	3.281465e-01	1.773453e+00	1.408832e-01	6.194180e-05	7.887899e-01	3.530492e-05	6.710177e-05	2.723841e+00	2.848284e-01	1.861635e+01	8.196251e+02	9.564406e-04	1.028278e-01	3.608176e-01	4.563402e+01	3.700114e-01	6.613635e-01	3.379011e-02	3.420560e-01	3.395956e-02	3.856249e-05	3.803674e+01	4.972074e-02	2.265674e+01	3.248345e-01	
1.765016e-03	3.103266e+00	5.334669e-01	2.855801e-03	3.600827e-05	1.446186e+01	2.446873e-02	1.022669e-04	3.281540e-01	1.759921e+00	1.572869e-01	5.140365e-05	7.878108e-01	3.917127e-05	7.439829e-05	2.713022e+00	2.831127e-01	1.846996e+01	8.541609e+02	7.485814e-04	7.795662e-02	3.974474e-01	3.329935e+01	3.835019e-01	6.632865e-01	1.198444e-02	3.227987e-01	3.459390e-02	2.944046e-05	3.796330e+01	4.978250e-02	2.294535e+01	3.070020e-01	
1.765620e-03	3.088176e+00	5.952900e-01	2.944587e-03	3.681388e-05	1.435433e+01	2.467466e-02	9.357557e-05	3.282002e-01	1.747007e+00	1.678927e-01	6.664191e-05	7.888915e-01	3.460384e-05	6.624600e-05	2.739589e+00	2.885359e-01	1.834804e+01	8.431303e+02	8.899371e-04	9.311404e-02	3.353663e-01	3.465634e+01	4.342850e-01	7.743337e-01	1.894561e-02	3.357707e-01	3.427905e-02	5.092517e-05	3.788295e+01	4.990888e-02	2.258749e+01	3.221155e-01	
1.765995e-03	3.037424e+00	5.061809e-01	3.046932e-03	3.818468e-05	1.441019e+01	2.445796e-02	1.105069e-04	3.281720e-01	1.752923e+00	1.610965e-01	6.043680e-05	7.882046e-01	3.646794e-05	6.890006e-05	2.728184e+00	2.862988e-01	1.844490e+01	8.282894e+02	9.671382e-04	1.026009e-01	3.299676e-01	4.412929e+01	3.977927e-01	6.908604e-01	2.681816e-02	3.185181e-01	3.460739e-02	5.223722e-05	3.833964e+01	4.890880e-02	2.263698e+01	3.177651e-01	
1.766126e-03	3.092835e+00	5.338629e-01	2.956360e-03	3.724490e-05	1.421692e+01	2.495223e-02	1.404588e-04	3.282160e-01	1.762326e+00	1.486356e-01	5.357452e-05	7.883246e-01	3.895393e-05	7.375619e-05	2.743251e+00	2.872499e-01	1.874429e+01	8.495280e+02	8.167053e-04	8.781214e-02	3.716722e-01	3.781419e+01	3.497246e-01	5.635618e-01	2.011247e-02	3.396953e-01	3.405593e-02	4.954796e-05	3.770807e+01	5.026156e-02	2.259323e+01	3.180709e-01	
1.766246e-03	3.131150e+00	4.537217e-01	2.943010e-03	3.703105e-05	1.438061e+01	2.471979e-02	1.046055e-04	3.281606e-01	1.755908e+00	1.542533e-01	5.716997e-05	7.884813e-01	3.803432e-05	7.232725e-05	2.732674e+00	2.857880e-01	1.934300e+01	8.281137e+02	8.075193e-04	9.000943e-02	3.609036e-01	3.847134e+01	3.771995e-01	6.426582e-01	2.181281e-02	3.272513e-01	3.474800e-02	5.020986e-05	3.796279e+01	4.991267e-02	2.268115e+01	3.188724e-01	
1.766312e-03	3.128007e+00	5.943978e-01	3.003769e-03	3.770249e-05	1.452066e+01	2.431292e-02	1.173579e-04	3.281412e-01	1.760222e+00	1.638146e-01	5.809925e-05	7.882583e-01	3.973829e-05	7.562676e-05	2.721981e+00	2.853364e-01	1.843700e+01	8.204659e+02	8.956948e-04	9.416912e-02	3.443991e-01	3.708629e+01	3.802568e-01	6.668005e-01	2.031117e-02	3.333921e-01	3.451360e-02	5.602104e-05	3.803173e+01	4.955119e-02	2.258876e+01	3.173341e-01	
1.766342e-03	3.096791e+00	5.642176e-01	3.015166e-03	3.765812e-05	1.435469e+01	2.457982e-02	8.394933e-05	3.281563e-01	1.737080e+00	1.759748e-01	5.853367e-05	7.875796e-01	3.481866e-05	6.520017e-05	2.745507e+00	2.889612e-01	1.778345e+01	8.499891e+02	9.978363e-04	1.013417e-01	3.702162e-01	4.772285e+01	3.898457e-01	7.066387e-01	2.604607e-02	3.200127e-01	3.459061e-02	2.492851e-05	3.755017e+01	5.030011e-02	2.263817e+01	3.211122e-01	
1.766530e-03	3.062399e+00	4.274405e-01	2.807396e-03	3.553734e-05	1.439608e+01	2.458175e-02	7.253057e-05	3.281742e-01	1.763983e+00	1.443535e-01	5.293347e-05	7.890057e-01	3.666921e-05	7.024578e-05	2.726081e+00	2.839909e-01	1.928763e+01	8.486873e+02	7.413799e-04	8.153925e-02	3.634008e-01	3.295989e+01	4.096532e-01	7.208066e-01	1.748058e-02	3.289626e-01	3.459807e-02	3.667735e-05	3.806096e+01	4.957106e-02	2.270580e+01	3.109507e-01	
1.766589e-03	3.047682e+00	5.506075e-01	2.754274e-03	3.482383e-05	1.434283e+01	2.469459e-02	1.121941e-04	3.281509e-01	1.771440e+00	1.530520e-01	4.093222e-05	7.877487e-01	3.752208e-05	7.059631e-05	2.735244e+00	2.881209e-01	1.849321e+01	8.386271e+02	8.055773e-04	8.447016e-02	3.560579e-01	4.106605e+01	4.477499e-01	8.149388e-01	2.283731e-02	3.335649e-01	3.385248e-02	3.834001e-05	3.794903e+01	4.980171e-02	2.266620e+01	3.151210e-01	
1.766595e-03	3.087808e+00	5.318930e-01	3.015633e-03	3.818774e-05	1.424231e+01	2.498432e-02	1.031633e-04	3.281469e-01	1.746693e+00	1.620041e-01	5.499773e-05	7.889622e-01	3.650835e-05	7.063444e-05	2.749750e+00	2.887463e-01	1.878138e+01	8.524781e+02	8.480896e-04	9.076792e-02	3.559787e-01	3.072715e+01	3.962715e-01	6.909425e-01	2.065504e-02	3.264052e-01	3.425749e-02	4.839587e-05	3.787410e+01	5.008261e-02	2.259350e+01	3.139442e-01	
1.766838e-03	3.110259e+00	4.762230e-01	2.952881e-03	3.719244e-05	1.448117e+01	2.439830e-02	9.821366e-05	3.281521e-01	1.760072e+00	1.505311e-01	7.498867e-05	7.881103e-01	3.534453e-05	6.636213e-05	2.736362e+00	2.870698e-01	1.908873e+01	8.396862e+02	8.992280e-04	9.918399e-02	3.357197e-01	4.301380e+01	3.685997e-01	6.368701e-01	2.597638e-02	3.379775e-01	3.401168e-02	5.333942e-05	3.785122e+01	4.989060e-02	2.278862e+01	3.138600e-01	
1.767346e-03	3.077724e+00	5.281678e-01	2.837316e-03	3.548749e-05	1.436017e+01	2.459463e-02	1.076518e-04	3.281742e-01	1.761708e+00	1.566794e-01	6.842711e-05	7.886252e-01	3.556524e-05	6.821290e-05	2.752017e+00	2.904083e-01	1.862090e+01	8.309438e+02	8.617688e-04	9.085787e-02	3.320531e-01	3.105277e+01	4.684724e-01	8.695878e-01	2.013503e-02	3.273357e-01	3.476431e-02	5.434059e-05	3.814252e+01	4.935038e-02	2.259812e+01	3.228229e-01	
1.767420e-03	3.171099e+00	4.929798e-01	2.917933e-03	3.705802e-05	1.439012e+01	2.461783e-02	1.311686e-04	3.281271e-01	1.762639e+00	1.509595e-01	7.158329e-05	7.889392e-01	3.647259e-05	6.973946e-05	2.755465e+00	2.903025e-01	1.962070e+01	8.244815e+02	9.160109e-04	1.044787e-01	3.625106e-01	4.061766e+01	3.726257e-01	6.442923e-01	2.425550e-02	3.366599e-01	3.448931e-02	3.270675e-05	3.806758e+01	4.957836e-02	2.251558e+01	3.234687e-01	
1.767577e-03	3.085146e+00	4.108778e-01	2.975922e-03	3.735132e-05	1.439762e+01	2.458916e-02	1.022201e-04	3.282024e-01	1.748960e+00	1.547363e-01	7.716264e-05	7.889463e-01	3.407134e-05	6.501684e-05	2.754118e+00	2.888880e-01	1.893530e+01	8.381839e+02	8.364078e-04	9.104599e-02	3.545690e-01	3.558382e+01	4.115789e-01	7.196117e-01	2.382851e-02	3.367624e-01	3.448654e-02	4.139524e-05	3.812299e+01	4.952866e-02	2.267581e+01	3.175035e-01	
1.768148e-03	3.061313e+00	4.984337e-01	2.832260e-03	3.559208e-05	1.457100e+01	2.420428e-02	1.241793e-04	3.281513e-01	1.749837e+00	1.695528e-01	6.295769e-05	7.885489e-01	3.573973e-05	6.843360e-05	2.765825e+00	2.931862e-01	1.825360e+01	8.297580e+02	8.492855e-04	8.802011e-02	3.802926e-01	4.992670e+01	3.908218e-01	7.007982e-01	2.397815e-02	3.232351e-01	3.467918e-02	4.027625e-05	3.800442e+01	4.961412e-02	2.249126e+01	3.240940e-01	
1.768218e-03	3.146866e+00	4.282003e-01	2.830991e-03	3.580259e-05	1.452968e+01	2.427110e-02	1.066118e-04	3.281191e-01	1.764151e+00	1.573659e-01	5.796831e-05	7.889258e-01	3.788578e-05	7.264185e-05	2.733343e+00	2.859233e-01	1.963093e+01	8.134760e+02	7.641354e-04	8.630746e-02	3.601176e-01	4.152969e+01	3.962507e-01	7.060820e-01	2.095154e-02	3.280030e-01	3.480300e-02	5.606161e-05	3.813666e+01	4.936183e-02	2.275708e+01	3.129308e-01	
1.768455e-03	3.093949e+00	4.560131e-01	3.072153e-03	3.854292e-05	1.433457e+01	2.461279e-02	1.155075e-04	3.281729e-01	1.757355e+00	1.538907e-01	5.185210e-05	7.879988e-01	3.657475e-05	6.853701e-05	2.727653e+00	2.857004e-01	1.805406e+01	8.372701e+02	8.538462e-04	8.777448e-02	3.731640e-01	4.375054e+01	3.783398e-01	6.678670e-01	2.597465e-02	3.271395e-01	3.449460e-02	3.314054e-05	3.774203e+01	4.996035e-02	2.291056e+01	3.145972e-01	
1.768942e-03	3.274529e+00	8.454384e-01	3.101202e-03	3.895609e-05	1.426452e+01	2.488556e-02	1.361975e-04	3.281315e-01	1.760468e+00	1.528361e-01	5.240219e-05	7.890465e-01	3.877765e-05	7.372472e-05	2.700465e+00	2.795590e-01	1.827828e+01	8.399965e+02	1.055465e-03	1.123818e-01	3.561812e-01	3.410526e+01	4.072078e-01	6.975374e-01	3.547947e-02	3.306204e-01	3.417975e-02	5.661748e-05	3.755866e+01	5.045361e-02	2.277782e+01	3.163756e-01	
1.769264e-03	3.198978e+00	6.503626e-01	2.944499e-03	3.725895e-05	1.418379e+01	2.495157e-02	1.319360e-04	3.281297e-01	1.753673e+00	1.566001e-01	5.628245e-05	7.888985e-01	3.826286e-05	7.232850e-05	2.731723e+00	2.865508e-01	1.908600e+01	8.304552e+02	1.048036e-03	1.177801e-01	3.345072e-01	3.483682e+01	3.898684e-01	6.612952e-01	2.319542e-02	3.375479e-01	3.435077e-02	6.611922e-05	3.758771e+01	5.038833e-02	2.262839e+01	3.136776e-01	
1.769300e-03	3.055933e+00	4.776269e-01	3.058019e-03	3.861931e-05	1.434176e+01	2.466367e-02	9.890322e-05	3.282248e-01	1.747278e+00	1.595148e-01	6.890364e-05	7.888690e-01	3.715331e-05	7.079607e-05	2.747081e+00	2.896920e-01	1.949028e+01	8.625372e+02	8.010600e-04	8.951131e-02	3.648182e-01	3.391805e+01	3.613200e-01	5.910442e-01	2.452920e-02	3.330447e-01	3.444229e-02	2.903565e-05	3.795371e+01	4.977887e-02	2.251572e+01	3.147950e-01	
1.770168e-03	3.124198e+00	4.756552e-01	2.751597e-03	3.443056e-05	1.434741e+01	2.468359e-02	9.021730e-05	3.281751e-01	1.739876e+00	1.652212e-01	5.379876e-05	7.885778e-01	3.811274e-05	7.280275e-05	2.738038e+00	2.881223e-01	1.840070e+01	8.637589e+02	9.654565e-04	1.006733e-01	3.684660e-01	3.495405e+01	3.961233e-01	6.951802e-01	1.892677e-02	3.205610e-01	3.489083e-02	3.047203e-05	3.799098e+01	4.968574e-02	2.291759e+01	3.087796e-01	
1.770478e-03	3.132537e+00	5.348281e-01	2.839329e-03	3.601883e-05	1.443829e+01	2.443559e-02	1.061617e-04	3.282166e-01	1.734900e+00	1.762838e-01	7.722975e-05	7.896457e-01	3.686897e-05	7.118109e-05	2.756917e+00	2.917728e-01	1.901273e+01	8.483566e+02	9.220220e-04	1.007823e-01	3.626997e-01	3.617336e+01	4.014567e-01	6.827775e-01	1.936166e-02	3.275706e-01	3.494174e-02	3.695412e-05	3.812429e+01	4.934631e-02	2.265296e+01	3.155026e-01	
1.770704e-03	3.135542e+00	5.994118e-01	2.969569e-03	3.745929e-05	1.426769e+01	2.485728e-02	1.033195e-04	3.281646e-01	1.742262e+00	1.617405e-01	5.376397e-05	7.891916e-01	3.668307e-05	7.051827e-05	2.754274e+00	2.897964e-01	1.943643e+01	8.454663e+02	8.044793e-04	8.931059e-02	3.367232e-01	3.067875e+01	4.399646e-01	8.076855e-01	2.184050e-02	3.209209e-01	3.471464e-02	5.114589e-05	3.781112e+01	5.008831e-02	2.261548e+01	3.161567e-01	
1.771173e-03	3.055022e+00	4.454871e-01	2.802468e-03	3.527903e-05	1.440273e+01	2.455810e-02	1.336317e-04	3.281561e-01	1.753981e+00	1.557482e-01	6.469201e-05	7.893399e-01	3.671049e-05	7.042791e-05	2.767415e+00	2.935637e-01	2.038795e+01	8.423954e+02	8.159459e-04	9.667002e-02	3.656652e-01	3.766798e+01	4.002947e-01	7.140556e-01	2.072437e-02	3.427229e-01	3.394106e-02	4.806562e-05	3.809318e+01	4.955535e-02	2.260575e+01	3.199514e-01	
1.771359e-03	3.173035e+00	5.498196e-01	2.854913e-03	3.589434e-05	1.437454e+01	2.457562e-02	1.532380e-04	3.281509e-01	1.743321e+00	1.667162e-01	5.976632e-05	7.885886e-01	3.612920e-05	6.907800e-05	2.772625e+00	2.939731e-01	1.819670e+01	8.240000e+02	9.033424e-04	9.370284e-02	3.892436e-01	4.152789e+01	4.117482e-01	7.532773e-01	2.487014e-02	3.356130e-01	3.462615e-02	5.296540e-05	3.786109e+01	4.981820e-02	2.246034e+01	3.273563e-01	
1.772171e-03	3.023189e+00	5.008842e-01	2.796106e-03	3.513488e-05	1.436920e+01	2.463336e-02	1.326368e-04	3.281631e-01	1.766065e+00	1.496147e-01	5.400137e-05	7.878643e-01	3.609439e-05	6.845120e-05	2.757978e+00	2.913109e-01	1.898059e+01	8.689956e+02	7.500995e-04	8.039878e-02	3.836664e-01	4.609167e+01	3.397383e-01	5.712466e-01	1.989124e-02	3.299031e-01	3.398405e-02	2.131210e-05	3.780312e+01	5.007014e-02	2.265064e+01	3.165604e-01	
1.772972e-03	3.206053e+00	6.392655e-01	2.939088e-03	3.720278e-05	1.416301e+01	2.501524e-02	1.098124e-04	3.281696e-01	1.752083e+00	1.594328e-01	6.360327e-05	7.890355e-01	3.671067e-05	6.978447e-05	2.736327e+00	2.875528e-01	1.923371e+01	8.478539e+02	8.587286e-04	9.517007e-02	3.491430e-01	3.345724e+01	4.148462e-01	7.363725e-01	2.138817e-02	3.306581e-01	3.456619e-02	6.467558e-05	3.742468e+01	5.068362e-02	2.264148e+01	3.137554e-01	
1.773515e-03	3.011491e+00	3.676737e-01	2.995298e-03	3.782795e-05	1.440903e+01	2.451782e-02	7.489430e-05	3.281942e-01	1.756135e+00	1.506666e-01	5.843672e-05	7.891727e-01	3.476128e-05	6.719607e-05	2.730917e+00	2.854429e-01	1.880864e+01	8.620090e+02	8.087270e-04	8.692802e-02	3.738122e-01	3.269230e+01	3.814816e-01	6.548054e-01	2.235919e-02	3.394457e-01	3.438453e-02	3.148858e-05	3.808222e+01	4.950195e-02	2.279176e+01	3.106575e-01	
1.787441e-03	3.139162e+00	7.149607e-01	2.883057e-03	3.631824e-05	1.432827e+01	2.465919e-02	1.122094e-04	3.281838e-01	1.745042e+00	1.665924e-01	6.025491e-05	7.882877e-01	3.885462e-05	7.411197e-05	2.732477e+00	2.872688e-01	1.805311e+01	8.515564e+02	1.004584e-03	1.022999e-01	3.586144e-01	3.692825e+01	3.996739e-01	7.136569e-01	2.248464e-02	3.227883e-01	3.459889e-02	3.050612e-05	3.796603e+01	4.956480e-02	2.264956e+01	3.200014e-01	
