f	x(1)	x(2)	x(3)	x(4)	x(5)	x(6)	x(7)	x(8)	x(9)	x(10)	x(11)	x(12)	x(13)	x(14)	x(15)	x(16)	x(17)	x(18)	x(19)	x(20)	x(21)	x(22)	x(23)	x(24)	x(25)	x(26)	x(27)	x(28)	x(29)	x(30)	x(31)	x(32)	
5.034555e-03	7.837637e+00	5.967311e+02	4.472920e+01	3.511125e+00	1.455094e+01	2.257891e-02	2.524385e-05	3.271622e-01	1.482988e+00	2.832772e-02	4.763863e-01	6.386037e-01	3.977108e-01	8.643627e+02	2.799895e+00	2.863822e-01	3.070972e-04	3.483712e-04	2.077328e-02	3.521078e-01	3.493733e-01	2.213455e+02	3.285375e-01	5.311098e-01	1.851109e-05	1.010261e-05	9.832570e+02	1.023226e-03	3.676646e+01	4.845154e-02	3.771954e-03	9.110678e+00	
5.036144e-03	7.847416e+00	5.625605e+02	4.458279e+01	3.574552e+00	1.454096e+01	2.253004e-02	2.551537e-05	3.271620e-01	1.471998e+00	3.092780e-02	4.886040e-01	6.395015e-01	3.954152e-01	8.674048e+02	2.806636e+00	2.881542e-01	2.797655e-04	3.194115e-04	2.100497e-02	3.544748e-01	3.301909e-01	1.955013e+02	2.868843e-01	4.458065e-01	2.380718e-05	1.020573e-05	9.732302e+02	1.148649e-03	3.679005e+01	4.826458e-02	3.887977e-03	9.091409e+00	
5.036791e-03	7.902645e+00	5.217787e+02	4.496810e+01	3.675068e+00	1.459454e+01	2.240869e-02	2.513604e-05	3.271751e-01	1.463631e+00	2.809984e-02	4.983837e-01	6.390815e-01	3.955228e-01	8.880045e+02	2.814520e+00	2.894787e-01	3.163863e-04	3.743519e-04	2.155897e-02	3.512064e-01	3.304163e-01	2.061861e+02	2.901156e-01	4.426360e-01	2.200197e-05	1.009270e-05	9.673981e+02	1.180030e-03	3.686688e+01	4.809740e-02	3.234964e-03	9.117359e+00	
5.037035e-03	7.900003e+00	5.525704e+02	4.455091e+01	3.528742e+00	1.446412e+01	2.273318e-02	2.545396e-05	3.271553e-01	1.487100e+00	2.901096e-02	4.743794e-01	6.381385e-01	3.987268e-01	8.534320e+02	2.817486e+00	2.906872e-01	3.210065e-04	3.659787e-04	2.122715e-02	3.578963e-01	3.465511e-01	1.940877e+02	2.698430e-01	4.100694e-01	2.841843e-05	1.019733e-05	9.751633e+02	1.241969e-03	3.649461e+01	4.889721e-02	3.678246e-03	9.105782e+00	
5.037360e-03	7.891815e+00	5.979107e+02	4.505731e+01	3.679887e+00	1.458307e+01	2.244727e-02	2.516563e-05	3.271483e-01	1.465042e+00	2.503239e-02	5.040769e-01	6.396581e-01	3.951303e-01	8.535617e+02	2.772891e+00	2.826549e-01	2.852800e-04	3.377225e-04	2.144015e-02	3.533292e-01	3.453570e-01	2.052303e+02	3.127092e-01	4.983482e-01	1.635923e-05	1.000912e-05	9.842327e+02	8.801441e-04	3.675699e+01	4.827349e-02	2.746278e-03	9.099156e+00	
5.037508e-03	7.886825e+00	5.056081e+02	4.449572e+01	3.444563e+00	1.457334e+01	2.254861e-02	2.527524e-05	3.271622e-01	1.484384e+00	2.494552e-02	4.821279e-01	6.378477e-01	3.997475e-01	8.428405e+02	2.805339e+00	2.878497e-01	3.034814e-04	3.576922e-04	2.191159e-02	3.624576e-01	3.461059e-01	2.121409e+02	2.850896e-01	4.417323e-01	2.542081e-05	1.019364e-05	9.728432e+02	1.396204e-03	3.668234e+01	4.862189e-02	2.936942e-03	9.103415e+00	
5.037560e-03	7.847821e+00	5.520471e+02	4.461104e+01	3.520693e+00	1.453467e+01	2.255513e-02	2.479932e-05	3.271670e-01	1.464034e+00	2.758304e-02	5.020763e-01	6.376149e-01	3.993523e-01	8.574406e+02	2.808484e+00	2.888007e-01	2.974291e-04	3.539674e-04	2.192443e-02	3.571616e-01	3.331279e-01	2.482106e+02	3.080080e-01	4.892176e-01	2.332831e-05	1.007458e-05	9.845219e+02	1.053170e-03	3.671980e+01	4.842941e-02	4.523517e-03	9.099754e+00	
5.037663e-03	7.900206e+00	5.715603e+02	4.506931e+01	3.753976e+00	1.453403e+01	2.258856e-02	2.534416e-05	3.271334e-01	1.471392e+00	3.326815e-02	4.858199e-01	6.362580e-01	4.032600e-01	8.620344e+02	2.816680e+00	2.900619e-01	2.632514e-04	3.125956e-04	2.207221e-02	3.620901e-01	3.310881e-01	2.355368e+02	3.045990e-01	4.843383e-01	2.773220e-05	1.002888e-05	9.865002e+02	9.763626e-04	3.684533e+01	4.828213e-02	6.682752e-03	9.088232e+00	
5.037779e-03	7.901550e+00	6.660002e+02	4.540094e+01	3.846116e+00	1.457334e+01	2.248213e-02	2.519723e-05	3.271591e-01	1.492120e+00	2.726019e-02	4.748569e-01	6.384100e-01	3.981195e-01	8.590554e+02	2.798871e+00	2.862810e-01	3.035259e-04	3.480001e-04	2.093638e-02	3.509971e-01	3.447229e-01	1.800220e+02	2.555803e-01	3.893876e-01	3.375048e-05	1.020323e-05	9.798092e+02	1.136233e-03	3.678392e+01	4.830628e-02	4.606030e-03	9.104360e+00	
5.037933e-03	7.813270e+00	5.858005e+02	4.444748e+01	3.377844e+00	1.462748e+01	2.240218e-02	2.449052e-05	3.272063e-01	1.482844e+00	2.616606e-02	4.860720e-01	6.394172e-01	3.954726e-01	8.650034e+02	2.798796e+00	2.876403e-01	2.860023e-04	3.306874e-04	2.113681e-02	3.516504e-01	3.438135e-01	2.031169e+02	2.924302e-01	4.525043e-01	2.165413e-05	1.013605e-05	9.733968e+02	1.155417e-03	3.688082e+01	4.816138e-02	3.825395e-03	9.130045e+00	
5.038036e-03	7.939523e+00	4.703038e+02	4.409166e+01	3.312389e+00	1.457798e+01	2.252176e-02	2.513764e-05	3.271585e-01	1.469699e+00	2.836891e-02	4.924126e-01	6.370164e-01	4.018304e-01	8.510731e+02	2.828905e+00	2.917789e-01	2.858682e-04	3.438272e-04	2.259022e-02	3.692705e-01	3.273411e-01	2.439508e+02	2.831080e-01	4.342520e-01	2.742000e-05	1.010992e-05	9.751540e+02	1.424310e-03	3.680071e+01	4.836578e-02	3.763096e-03	9.110749e+00	
5.038074e-03	7.929711e+00	5.400990e+02	4.445434e+01	3.406370e+00	1.455793e+01	2.251373e-02	2.536402e-05	3.271577e-01	1.482978e+00	2.776165e-02	4.815001e-01	6.385385e-01	3.971569e-01	8.658161e+02	2.799443e+00	2.867351e-01	3.209811e-04	3.673699e-04	2.115951e-02	3.550698e-01	3.444674e-01	1.801383e+02	2.545096e-01	3.786218e-01	2.589690e-05	1.003493e-05	9.614258e+02	1.452346e-03	3.671979e+01	4.842110e-02	3.807845e-03	9.125367e+00	
5.038174e-03	7.946634e+00	5.471906e+02	4.525979e+01	3.848977e+00	1.451159e+01	2.264558e-02	2.576489e-05	3.271223e-01	1.467061e+00	2.534125e-02	5.021288e-01	6.391631e-01	3.963222e-01	8.499404e+02	2.793832e+00	2.870056e-01	2.563620e-04	2.926954e-04	2.137460e-02	3.602072e-01	3.397397e-01	1.786886e+02	3.011034e-01	4.760136e-01	2.116362e-05	1.010275e-05	9.825357e+02	1.115912e-03	3.671576e+01	4.849948e-02	2.555432e-03	9.087737e+00	
5.038537e-03	7.895209e+00	5.726632e+02	4.504439e+01	3.674558e+00	1.448720e+01	2.270188e-02	2.542015e-05	3.271778e-01	1.474990e+00	2.567521e-02	4.935268e-01	6.390929e-01	3.964411e-01	8.610697e+02	2.806939e+00	2.892374e-01	2.829462e-04	3.286085e-04	2.149776e-02	3.577210e-01	3.440230e-01	1.737400e+02	2.651203e-01	4.068907e-01	2.456047e-05	1.008732e-05	9.773768e+02	1.195114e-03	3.661929e+01	4.868611e-02	3.382862e-03	9.112774e+00	
5.038591e-03	7.859357e+00	5.294663e+02	4.456968e+01	3.509012e+00	1.458370e+01	2.248400e-02	2.512367e-05	3.271505e-01	1.480638e+00	2.886600e-02	4.793967e-01	6.360510e-01	4.046220e-01	8.599728e+02	2.818313e+00	2.902665e-01	2.887016e-04	3.476860e-04	2.215152e-02	3.618147e-01	3.472739e-01	2.375067e+02	3.241269e-01	5.238547e-01	1.997228e-05	1.012674e-05	9.898026e+02	1.131140e-03	3.688883e+01	4.813171e-02	5.534244e-03	9.094077e+00	
5.038607e-03	7.892744e+00	5.687749e+02	4.491638e+01	3.661706e+00	1.453872e+01	2.264240e-02	2.506949e-05	3.271580e-01	1.481115e+00	2.593550e-02	4.873115e-01	6.364412e-01	4.025582e-01	8.514934e+02	2.802525e+00	2.879840e-01	2.816275e-04	3.325574e-04	2.164119e-02	3.541102e-01	3.468741e-01	2.104039e+02	3.143624e-01	4.983514e-01	2.617649e-05	1.002768e-05	9.850400e+02	9.736419e-04	3.671264e+01	4.854692e-02	5.011035e-03	9.101119e+00	
5.038702e-03	7.875944e+00	5.770803e+02	4.462886e+01	3.593009e+00	1.459556e+01	2.248095e-02	2.554296e-05	3.271530e-01	1.480757e+00	2.872867e-02	4.849632e-01	6.374505e-01	4.008667e-01	8.637569e+02	2.814198e+00	2.902115e-01	2.715084e-04	3.165492e-04	2.125681e-02	3.548175e-01	3.462979e-01	1.969795e+02	3.115124e-01	4.927905e-01	2.408580e-05	1.011196e-05	9.794919e+02	1.140060e-03	3.687999e+01	4.821640e-02	5.480095e-03	9.084673e+00	
5.038729e-03	7.916719e+00	6.289394e+02	4.520800e+01	3.776081e+00	1.460323e+01	2.248172e-02	2.569267e-05	3.271344e-01	1.476750e+00	2.900781e-02	4.875673e-01	6.394300e-01	3.955751e-01	8.449546e+02	2.796288e+00	2.860445e-01	2.214850e-04	2.570138e-04	2.177449e-02	3.659823e-01	3.503446e-01	1.805206e+02	2.490722e-01	3.777927e-01	2.069771e-05	1.009516e-05	9.881230e+02	9.000161e-04	3.676562e+01	4.843739e-02	3.220829e-03	9.088887e+00	
5.038812e-03	7.873218e+00	5.974964e+02	4.474417e+01	3.558853e+00	1.455879e+01	2.248237e-02	2.482249e-05	3.271577e-01	1.470890e+00	2.667598e-02	4.910128e-01	6.391125e-01	3.958757e-01	8.654119e+02	2.807077e+00	2.882736e-01	2.760704e-04	3.180289e-04	2.148148e-02	3.589159e-01	3.444981e-01	2.087991e+02	2.584734e-01	3.956494e-01	2.099083e-05	1.006290e-05	9.763051e+02	1.079804e-03	3.679419e+01	4.824893e-02	3.730112e-03	9.104678e+00	
5.038902e-03	7.870536e+00	5.318652e+02	4.486463e+01	3.622149e+00	1.456226e+01	2.252716e-02	2.545620e-05	3.271509e-01	1.463031e+00	2.929275e-02	5.025892e-01	6.383363e-01	3.979445e-01	8.551157e+02	2.810182e+00	2.898517e-01	2.708785e-04	3.218042e-04	2.195210e-02	3.599332e-01	3.296151e-01	2.173888e+02	3.499259e-01	5.577178e-01	2.285416e-05	1.016092e-05	9.857274e+02	1.039350e-03	3.682590e+01	4.825811e-02	4.463569e-03	9.096999e+00	
5.038915e-03	7.931421e+00	5.465711e+02	4.478902e+01	3.576621e+00	1.459112e+01	2.246709e-02	2.520941e-05	3.271713e-01	1.468610e+00	2.390650e-02	5.041547e-01	6.404173e-01	3.931477e-01	8.645327e+02	2.800476e+00	2.870063e-01	3.003373e-04	3.538863e-04	2.175415e-02	3.594878e-01	3.305793e-01	2.142891e+02	2.722853e-01	4.175007e-01	2.228493e-05	1.009855e-05	9.880293e+02	1.201895e-03	3.679796e+01	4.831683e-02	3.208516e-03	9.122558e+00	
5.039034e-03	7.889680e+00	6.190984e+02	4.479050e+01	3.618269e+00	1.456355e+01	2.253857e-02	2.531444e-05	3.271476e-01	1.473575e+00	2.895745e-02	4.860510e-01	6.388929e-01	3.968459e-01	8.637664e+02	2.802231e+00	2.869820e-01	2.933188e-04	3.415265e-04	2.142169e-02	3.563965e-01	3.480553e-01	2.165178e+02	2.884242e-01	4.495814e-01	2.240584e-05	1.007497e-05	9.816846e+02	1.010143e-03	3.676138e+01	4.841942e-02	3.071525e-03	9.106062e+00	
5.039051e-03	7.868442e+00	5.794024e+02	4.461429e+01	3.578647e+00	1.455031e+01	2.257628e-02	2.542650e-05	3.271543e-01	1.489095e+00	3.028811e-02	4.816568e-01	6.390363e-01	3.961551e-01	8.520405e+02	2.801809e+00	2.877927e-01	3.177362e-04	3.517638e-04	2.037990e-02	3.490109e-01	3.433222e-01	1.985426e+02	3.120184e-01	4.913730e-01	2.678039e-05	1.012167e-05	9.742455e+02	1.057366e-03	3.673111e+01	4.849684e-02	3.938158e-03	9.097051e+00	
5.039069e-03	7.934990e+00	5.622991e+02	4.462651e+01	3.525305e+00	1.446941e+01	2.273165e-02	2.621393e-05	3.271218e-01	1.468855e+00	2.735446e-02	5.043572e-01	6.381069e-01	3.984508e-01	8.265543e+02	2.814637e+00	2.904641e-01	2.668506e-04	3.213249e-04	2.256926e-02	3.688309e-01	3.462533e-01	2.001573e+02	3.126003e-01	4.974157e-01	2.522872e-05	1.002724e-05	9.810413e+02	1.027519e-03	3.662690e+01	4.869642e-02	4.013715e-03	9.096398e+00	
5.039072e-03	7.882908e+00	5.358051e+02	4.427648e+01	3.373439e+00	1.460145e+01	2.248876e-02	2.532252e-05	3.271616e-01	1.471232e+00	2.499546e-02	4.980595e-01	6.381322e-01	3.985370e-01	8.512911e+02	2.810241e+00	2.884732e-01	3.186009e-04	3.666214e-04	2.126298e-02	3.562035e-01	3.418439e-01	2.034155e+02	3.145464e-01	5.001169e-01	2.408974e-05	1.017842e-05	9.784483e+02	1.324864e-03	3.677995e+01	4.841247e-02	3.565676e-03	9.117835e+00	
5.039092e-03	7.901558e+00	5.010117e+02	4.445255e+01	3.437422e+00	1.454729e+01	2.257191e-02	2.540433e-05	3.271608e-01	1.473837e+00	2.825137e-02	4.865244e-01	6.380123e-01	3.992024e-01	8.646105e+02	2.822624e+00	2.914145e-01	2.734047e-04	3.226535e-04	2.204546e-02	3.637321e-01	3.352996e-01	1.829111e+02	2.908285e-01	4.477860e-01	2.836792e-05	1.011180e-05	9.733783e+02	1.377623e-03	3.679740e+01	4.835816e-02	5.683149e-03	9.108270e+00	
5.039146e-03	7.934369e+00	5.928893e+02	4.477245e+01	3.552928e+00	1.456087e+01	2.257442e-02	2.546234e-05	3.271296e-01	1.487337e+00	2.583912e-02	4.847869e-01	6.376596e-01	3.999127e-01	8.436249e+02	2.803597e+00	2.876132e-01	2.791707e-04	3.272193e-04	2.193496e-02	3.652468e-01	3.616252e-01	2.193792e+02	2.500943e-01	3.814117e-01	2.398942e-05	1.013529e-05	9.823275e+02	1.195316e-03	3.673867e+01	4.850554e-02	2.942106e-03	9.096927e+00	
5.039149e-03	7.870759e+00	5.084280e+02	4.476658e+01	3.585359e+00	1.454017e+01	2.264170e-02	2.487369e-05	3.271752e-01	1.475926e+00	3.166265e-02	4.756251e-01	6.376441e-01	4.004578e-01	8.563216e+02	2.802527e+00	2.876551e-01	2.996822e-04	3.526184e-04	2.203120e-02	3.669219e-01	3.388196e-01	2.215042e+02	2.917305e-01	4.435610e-01	2.925127e-05	1.018872e-05	9.916438e+02	1.349536e-03	3.676485e+01	4.848911e-02	3.566115e-03	9.113080e+00	
5.039181e-03	7.883216e+00	6.259855e+02	4.455233e+01	3.491685e+00	1.458452e+01	2.245322e-02	2.516074e-05	3.271556e-01	1.469260e+00	2.524761e-02	4.991979e-01	6.393057e-01	3.964201e-01	8.649377e+02	2.803457e+00	2.884173e-01	3.065730e-04	3.584735e-04	2.141647e-02	3.558775e-01	3.497661e-01	2.117727e+02	3.208476e-01	5.119809e-01	2.236598e-05	1.008406e-05	9.764220e+02	1.064230e-03	3.686492e+01	4.814614e-02	2.711825e-03	9.098872e+00	
5.039236e-03	7.891926e+00	6.545533e+02	4.478138e+01	3.571247e+00	1.453689e+01	2.253318e-02	2.547222e-05	3.271644e-01	1.474015e+00	2.697347e-02	4.930820e-01	6.388952e-01	3.960921e-01	8.553248e+02	2.797392e+00	2.877566e-01	2.998460e-04	3.411029e-04	2.106834e-02	3.532174e-01	3.420880e-01	1.807076e+02	2.724943e-01	4.131457e-01	2.324541e-05	1.024059e-05	9.944204e+02	9.544399e-04	3.673952e+01	4.835028e-02	3.594904e-03	9.111911e+00	
5.039243e-03	7.897051e+00	5.302272e+02	4.459704e+01	3.509829e+00	1.458393e+01	2.242326e-02	2.502935e-05	3.271560e-01	1.461618e+00	2.418255e-02	5.104783e-01	6.384072e-01	3.976820e-01	8.664014e+02	2.805163e+00	2.879166e-01	2.762723e-04	3.326524e-04	2.198490e-02	3.552860e-01	3.225775e-01	1.961423e+02	3.116216e-01	4.925993e-01	2.296262e-05	1.011977e-05	9.685440e+02	1.396271e-03	3.683173e+01	4.813514e-02	3.795500e-03	9.115297e+00	
5.039274e-03	7.849267e+00	5.755472e+02	4.477010e+01	3.578322e+00	1.454657e+01	2.259834e-02	2.530717e-05	3.271560e-01	1.472815e+00	3.092213e-02	4.866874e-01	6.385088e-01	3.979770e-01	8.431449e+02	2.811990e+00	2.896117e-01	2.625464e-04	3.028362e-04	2.136895e-02	3.606806e-01	3.484041e-01	2.167621e+02	3.155022e-01	4.995253e-01	2.268759e-05	1.009139e-05	9.787509e+02	1.055164e-03	3.677914e+01	4.842174e-02	3.973697e-03	9.099209e+00	
5.039276e-03	7.842173e+00	5.724443e+02	4.446202e+01	3.530738e+00	1.455110e+01	2.254962e-02	2.533638e-05	3.271780e-01	1.471634e+00	2.703839e-02	4.947391e-01	6.370904e-01	4.014388e-01	8.755203e+02	2.822738e+00	2.912220e-01	2.691468e-04	3.172002e-04	2.155690e-02	3.567286e-01	3.486415e-01	2.085170e+02	3.027814e-01	4.742532e-01	2.106737e-05	1.015379e-05	9.801445e+02	1.082307e-03	3.680917e+01	4.831729e-02	3.356807e-03	9.080108e+00	
5.039375e-03	7.843717e+00	5.544840e+02	4.436135e+01	3.399731e+00	1.461129e+01	2.244975e-02	2.484303e-05	3.271787e-01	1.484367e+00	3.002040e-02	4.721969e-01	6.371131e-01	4.012060e-01	8.618025e+02	2.815336e+00	2.896647e-01	2.712555e-04	3.234346e-04	2.190200e-02	3.575458e-01	3.385311e-01	2.161658e+02	2.929422e-01	4.578644e-01	2.327986e-05	1.020345e-05	9.851033e+02	1.172139e-03	3.694416e+01	4.811189e-02	5.160069e-03	9.099449e+00	
5.039389e-03	7.912689e+00	6.391351e+02	4.489712e+01	3.694489e+00	1.464664e+01	2.237217e-02	2.526561e-05	3.271401e-01	1.475432e+00	2.935347e-02	4.840868e-01	6.387157e-01	3.974007e-01	8.511750e+02	2.803869e+00	2.879651e-01	2.654830e-04	3.086125e-04	2.143304e-02	3.575817e-01	3.460642e-01	1.827675e+02	2.919003e-01	4.566949e-01	2.223102e-05	1.012756e-05	9.923200e+02	9.278824e-04	3.697905e+01	4.799565e-02	5.453166e-03	9.102238e+00	
5.039390e-03	7.874969e+00	5.574679e+02	4.427349e+01	3.334707e+00	1.455485e+01	2.255070e-02	2.521570e-05	3.271844e-01	1.485194e+00	2.574469e-02	4.854768e-01	6.399166e-01	3.942622e-01	8.455186e+02	2.800197e+00	2.870139e-01	3.201011e-04	3.593614e-04	2.078947e-02	3.532050e-01	3.393031e-01	1.912989e+02	3.019800e-01	4.752811e-01	2.362887e-05	1.015829e-05	9.728648e+02	1.172285e-03	3.670473e+01	4.851115e-02	2.741801e-03	9.115963e+00	
5.039459e-03	7.860473e+00	5.860645e+02	4.470309e+01	3.565138e+00	1.456015e+01	2.252757e-02	2.518544e-05	3.271615e-01	1.471972e+00	2.438808e-02	4.969466e-01	6.394949e-01	3.957661e-01	8.640366e+02	2.805139e+00	2.882419e-01	2.616124e-04	3.066427e-04	2.144430e-02	3.578744e-01	3.424490e-01	1.773454e+02	3.099314e-01	4.795032e-01	2.437238e-05	1.002753e-05	9.782151e+02	1.098058e-03	3.681871e+01	4.826188e-02	3.914814e-03	9.079011e+00	
5.039474e-03	7.952072e+00	5.551247e+02	4.458818e+01	3.526266e+00	1.458255e+01	2.243120e-02	2.528698e-05	3.271408e-01	1.486538e+00	2.962181e-02	4.789485e-01	6.385744e-01	3.978121e-01	8.607688e+02	2.795653e+00	2.862600e-01	2.807081e-04	3.289360e-04	2.166870e-02	3.600163e-01	3.500504e-01	1.953623e+02	2.984234e-01	4.575681e-01	2.159692e-05	1.011040e-05	9.906290e+02	1.114864e-03	3.684214e+01	4.811888e-02	3.288138e-03	9.105939e+00	
5.039609e-03	7.889029e+00	5.401083e+02	4.480582e+01	3.578071e+00	1.456677e+01	2.250293e-02	2.505717e-05	3.271757e-01	1.476513e+00	2.482651e-02	4.904997e-01	6.382714e-01	3.983674e-01	8.572037e+02	2.796027e+00	2.867057e-01	2.974435e-04	3.581416e-04	2.210048e-02	3.578749e-01	3.537363e-01	1.954069e+02	2.703405e-01	4.208245e-01	1.919248e-05	1.015741e-05	9.806239e+02	1.263996e-03	3.678923e+01	4.830899e-02	3.759584e-03	9.120620e+00	
5.039638e-03	7.947222e+00	5.162924e+02	4.428083e+01	3.372559e+00	1.462091e+01	2.245026e-02	2.542329e-05	3.271508e-01	1.470673e+00	2.520059e-02	5.030742e-01	6.380868e-01	3.986192e-01	8.474328e+02	2.804293e+00	2.879999e-01	3.157155e-04	3.796874e-04	2.210144e-02	3.595249e-01	3.456454e-01	2.162412e+02	2.854847e-01	4.464350e-01	1.929320e-05	1.000789e-05	9.753716e+02	1.244287e-03	3.686899e+01	4.823435e-02	4.034837e-03	9.121668e+00	
5.039660e-03	7.921759e+00	6.041661e+02	4.541663e+01	3.939598e+00	1.451186e+01	2.258779e-02	2.613703e-05	3.271286e-01	1.479792e+00	2.744155e-02	4.903202e-01	6.398390e-01	3.935827e-01	8.418829e+02	2.812047e+00	2.884703e-01	2.824386e-04	3.205455e-04	2.124340e-02	3.601055e-01	3.512112e-01	1.810398e+02	2.480168e-01	3.724640e-01	2.531775e-05	1.015806e-05	9.674733e+02	1.104250e-03	3.665867e+01	4.851894e-02	2.457261e-03	9.113113e+00	
5.039661e-03	7.863248e+00	5.280276e+02	4.393335e+01	3.237849e+00	1.452591e+01	2.260367e-02	2.493700e-05	3.271825e-01	1.475867e+00	2.401017e-02	4.924023e-01	6.406025e-01	3.921300e-01	8.548292e+02	2.806600e+00	2.878991e-01	3.103230e-04	3.551430e-04	2.132452e-02	3.582142e-01	3.324683e-01	2.080502e+02	2.567925e-01	3.790698e-01	2.393055e-05	1.008494e-05	9.737595e+02	1.244885e-03	3.667953e+01	4.856838e-02	3.665973e-03	9.106528e+00	
5.039665e-03	7.896016e+00	4.991623e+02	4.444123e+01	3.465314e+00	1.450025e+01	2.271977e-02	2.565850e-05	3.271588e-01	1.466851e+00	2.623407e-02	4.975704e-01	6.374150e-01	4.012103e-01	8.417238e+02	2.810842e+00	2.892356e-01	2.877753e-04	3.456504e-04	2.218812e-02	3.630881e-01	3.470651e-01	2.114747e+02	2.754501e-01	4.322856e-01	2.323607e-05	1.012062e-05	9.805207e+02	1.285568e-03	3.664818e+01	4.871819e-02	3.893869e-03	9.092333e+00	
5.039691e-03	7.872121e+00	5.495152e+02	4.439929e+01	3.459264e+00	1.447721e+01	2.266095e-02	2.554708e-05	3.271609e-01	1.476350e+00	2.859083e-02	4.808809e-01	6.373592e-01	4.007465e-01	8.438190e+02	2.815439e+00	2.906910e-01	3.382010e-04	4.033791e-04	2.201158e-02	3.590317e-01	3.506828e-01	2.261842e+02	3.169986e-01	5.028909e-01	2.510293e-05	1.007660e-05	9.820106e+02	1.241194e-03	3.673519e+01	4.838103e-02	5.527698e-03	9.102984e+00	
5.039714e-03	7.854118e+00	5.966871e+02	4.516482e+01	3.733279e+00	1.462416e+01	2.240903e-02	2.498735e-05	3.271875e-01	1.466052e+00	2.743457e-02	5.014395e-01	6.392638e-01	3.946551e-01	8.665469e+02	2.806617e+00	2.878809e-01	3.238449e-04	3.808583e-04	2.155111e-02	3.524690e-01	3.393142e-01	2.129365e+02	2.952596e-01	4.562743e-01	2.050860e-05	1.001594e-05	9.753949e+02	1.186055e-03	3.687107e+01	4.817646e-02	3.297939e-03	9.132009e+00	
5.039722e-03	7.876125e+00	6.013955e+02	4.492560e+01	3.704006e+00	1.463184e+01	2.241529e-02	2.493861e-05	3.271594e-01	1.478922e+00	2.150817e-02	4.951389e-01	6.376274e-01	3.997884e-01	8.507333e+02	2.795328e+00	2.866887e-01	2.598157e-04	3.102804e-04	2.178423e-02	3.540710e-01	3.543058e-01	1.803244e+02	2.823790e-01	4.478624e-01	2.429795e-05	1.003343e-05	9.815197e+02	1.139545e-03	3.697775e+01	4.806190e-02	5.150734e-03	9.096872e+00	
5.039772e-03	7.946173e+00	5.426106e+02	4.509509e+01	3.754013e+00	1.458920e+01	2.246580e-02	2.538158e-05	3.271428e-01	1.470545e+00	2.936633e-02	4.872862e-01	6.376894e-01	4.006696e-01	8.733158e+02	2.807949e+00	2.888325e-01	2.836830e-04	3.370976e-04	2.210044e-02	3.647523e-01	3.362250e-01	2.013032e+02	3.250685e-01	5.084766e-01	2.261403e-05	1.013412e-05	9.844096e+02	1.128495e-03	3.689655e+01	4.814794e-02	3.748098e-03	9.099403e+00	
5.039808e-03	7.891093e+00	5.454934e+02	4.482159e+01	3.620377e+00	1.453998e+01	2.259927e-02	2.489220e-05	3.271859e-01	1.476935e+00	2.485146e-02	4.887056e-01	6.374493e-01	4.005633e-01	8.654677e+02	2.803924e+00	2.884057e-01	2.553796e-04	2.999007e-04	2.179744e-02	3.603787e-01	3.355447e-01	2.020818e+02	2.671586e-01	4.018480e-01	2.664609e-05	1.007760e-05	9.875714e+02	1.168388e-03	3.673625e+01	4.847145e-02	3.843302e-03	9.108275e+00	
5.039857e-03	7.868299e+00	5.732294e+02	4.467217e+01	3.595204e+00	1.462201e+01	2.244750e-02	2.530399e-05	3.271436e-01	1.483989e+00	2.785334e-02	4.809661e-01	6.379269e-01	3.990445e-01	8.649105e+02	2.805393e+00	2.873270e-01	2.553206e-04	2.941876e-04	2.117209e-02	3.549004e-01	3.449183e-01	1.982427e+02	2.723225e-01	4.236393e-01	2.212791e-05	1.001533e-05	9.816801e+02	8.788594e-04	3.685345e+01	4.828468e-02	5.015680e-03	9.072022e+00	
5.039858e-03	7.902963e+00	5.954435e+02	4.468875e+01	3.543187e+00	1.447973e+01	2.271420e-02	2.497576e-05	3.271596e-01	1.464728e+00	2.680808e-02	5.000295e-01	6.388955e-01	3.973240e-01	8.650990e+02	2.800484e+00	2.871718e-01	2.794005e-04	3.295803e-04	2.158610e-02	3.560101e-01	3.260953e-01	2.351347e+02	3.622376e-01	5.897817e-01	2.484071e-05	1.002916e-05	9.961043e+02	1.006678e-03	3.662230e+01	4.872251e-02	4.293767e-03	9.097972e+00	
5.039880e-03	7.870293e+00	5.932319e+02	4.533074e+01	3.785677e+00	1.464979e+01	2.236939e-02	2.537771e-05	3.271650e-01	1.480881e+00	3.263096e-02	4.826515e-01	6.374659e-01	3.999856e-01	8.549760e+02	2.818467e+00	2.900966e-01	2.727661e-04	3.217400e-04	2.163552e-02	3.572467e-01	3.426210e-01	1.946428e+02	2.557730e-01	3.855425e-01	2.355088e-05	1.016681e-05	9.760943e+02	1.075939e-03	3.692692e+01	4.805024e-02	4.852930e-03	9.128099e+00	
5.039888e-03	7.893707e+00	6.478710e+02	4.483116e+01	3.643233e+00	1.462726e+01	2.242558e-02	2.493478e-05	3.271766e-01	1.483024e+00	2.508023e-02	4.923762e-01	6.382681e-01	3.987464e-01	8.564462e+02	2.798480e+00	2.879606e-01	2.803639e-04	3.204979e-04	2.114783e-02	3.574219e-01	3.460072e-01	1.907956e+02	2.434826e-01	3.633209e-01	2.516311e-05	1.025112e-05	9.948971e+02	1.217576e-03	3.691223e+01	4.815611e-02	3.260667e-03	9.117442e+00	
5.039894e-03	7.954625e+00	5.373561e+02	4.481168e+01	3.627037e+00	1.457814e+01	2.250929e-02	2.561792e-05	3.271377e-01	1.473961e+00	2.894774e-02	4.855596e-01	6.392734e-01	3.952516e-01	8.385441e+02	2.797807e+00	2.865620e-01	3.137781e-04	3.673431e-04	2.173840e-02	3.596834e-01	3.481672e-01	2.029638e+02	2.661283e-01	4.021012e-01	2.340715e-05	1.012080e-05	9.756574e+02	1.267653e-03	3.671580e+01	4.845544e-02	3.501693e-03	9.103977e+00	
5.039910e-03	7.830171e+00	6.077896e+02	4.491471e+01	3.648235e+00	1.452337e+01	2.264238e-02	2.535244e-05	3.271729e-01	1.465752e+00	3.120274e-02	4.920662e-01	6.385811e-01	3.975732e-01	8.633045e+02	2.816624e+00	2.900833e-01	2.617693e-04	3.106492e-04	2.178360e-02	3.589792e-01	3.438213e-01	2.085316e+02	2.995726e-01	4.658835e-01	2.011479e-05	1.014050e-05	9.866360e+02	9.322257e-04	3.679915e+01	4.841079e-02	3.897493e-03	9.094353e+00	
5.039958e-03	7.882595e+00	6.187466e+02	4.510696e+01	3.728879e+00	1.456467e+01	2.252816e-02	2.544247e-05	3.271560e-01	1.483402e+00	2.452161e-02	4.913480e-01	6.391747e-01	3.957214e-01	8.542695e+02	2.797166e+00	2.863204e-01	2.686058e-04	3.096897e-04	2.108655e-02	3.533481e-01	3.528645e-01	2.145482e+02	2.920926e-01	4.540382e-01	1.824489e-05	1.007072e-05	9.867758e+02	8.921017e-04	3.673712e+01	4.844417e-02	3.597664e-03	9.103771e+00	
5.039971e-03	7.874586e+00	6.335119e+02	4.505202e+01	3.701019e+00	1.459579e+01	2.241025e-02	2.514351e-05	3.271540e-01	1.471430e+00	2.628567e-02	4.990526e-01	6.379549e-01	3.991093e-01	8.659985e+02	2.804342e+00	2.879284e-01	2.595503e-04	3.029985e-04	2.122460e-02	3.532559e-01	3.451650e-01	1.931708e+02	2.714989e-01	4.201200e-01	2.098578e-05	1.007995e-05	9.900154e+02	9.288352e-04	3.694461e+01	4.794684e-02	5.569498e-03	9.086411e+00	
5.039981e-03	7.879486e+00	5.717302e+02	4.495442e+01	3.654413e+00	1.452844e+01	2.253889e-02	2.526480e-05	3.271554e-01	1.483327e+00	3.024177e-02	4.760867e-01	6.374176e-01	4.007946e-01	8.659247e+02	2.805582e+00	2.882285e-01	2.822938e-04	3.283407e-04	2.129852e-02	3.548148e-01	3.572543e-01	1.929179e+02	2.482820e-01	3.798430e-01	2.068720e-05	1.007810e-05	9.708883e+02	1.149519e-03	3.672607e+01	4.834751e-02	4.094332e-03	9.103396e+00	
5.039985e-03	7.822329e+00	5.442964e+02	4.474794e+01	3.513331e+00	1.463488e+01	2.237877e-02	2.466396e-05	3.272023e-01	1.478682e+00	2.488205e-02	4.883853e-01	6.382059e-01	3.987645e-01	8.741898e+02	2.801319e+00	2.871815e-01	2.959548e-04	3.522223e-04	2.142135e-02	3.504485e-01	3.394987e-01	2.068903e+02	3.136819e-01	4.880312e-01	2.342812e-05	1.016028e-05	9.799067e+02	1.218902e-03	3.694673e+01	4.801782e-02	4.753341e-03	9.103266e+00	
5.040021e-03	7.882962e+00	5.569491e+02	4.472146e+01	3.542936e+00	1.454507e+01	2.253670e-02	2.490646e-05	3.271696e-01	1.479226e+00	3.480788e-02	4.761694e-01	6.380031e-01	3.992630e-01	8.629562e+02	2.830664e+00	2.920913e-01	2.907947e-04	3.426397e-04	2.198683e-02	3.631747e-01	3.311748e-01	1.926783e+02	2.978276e-01	4.635648e-01	3.059425e-05	1.013065e-05	9.761871e+02	1.221580e-03	3.681736e+01	4.827513e-02	7.315639e-03	9.114005e+00	
5.040070e-03	7.893379e+00	5.501889e+02	4.436096e+01	3.452999e+00	1.453995e+01	2.254457e-02	2.522913e-05	3.271454e-01	1.464868e+00	2.304358e-02	5.058943e-01	6.387020e-01	3.969242e-01	8.474269e+02	2.803832e+00	2.873123e-01	2.830684e-04	3.363733e-04	2.220021e-02	3.645016e-01	3.468153e-01	2.241459e+02	3.063646e-01	4.810096e-01	2.026340e-05	1.004142e-05	9.808108e+02	1.160445e-03	3.673494e+01	4.838189e-02	2.762148e-03	9.108347e+00	
5.040071e-03	7.924989e+00	5.464165e+02	4.475320e+01	3.591148e+00	1.452258e+01	2.263769e-02	2.583358e-05	3.271315e-01	1.466076e+00	2.783947e-02	4.958045e-01	6.352067e-01	4.049242e-01	8.535752e+02	2.817069e+00	2.891490e-01	2.858983e-04	3.422595e-04	2.222312e-02	3.610092e-01	3.431796e-01	2.028629e+02	2.982900e-01	4.681785e-01	2.777302e-05	1.004254e-05	9.789099e+02	1.154295e-03	3.669813e+01	4.856371e-02	4.167673e-03	9.085872e+00	
5.040108e-03	7.862926e+00	6.313247e+02	4.500182e+01	3.693339e+00	1.460572e+01	2.244664e-02	2.494988e-05	3.271660e-01	1.488827e+00	3.191037e-02	4.735933e-01	6.396059e-01	3.941081e-01	8.708679e+02	2.795299e+00	2.860231e-01	3.029750e-04	3.370110e-04	2.023367e-02	3.436235e-01	3.510667e-01	1.983548e+02	2.470862e-01	3.709004e-01	2.059543e-05	1.018152e-05	9.777960e+02	9.456384e-04	3.689638e+01	4.814170e-02	4.609607e-03	9.098564e+00	
5.040112e-03	7.871739e+00	5.829872e+02	4.491982e+01	3.625665e+00	1.447475e+01	2.273202e-02	2.572220e-05	3.271416e-01	1.484064e+00	3.307060e-02	4.714871e-01	6.381634e-01	3.989831e-01	8.483853e+02	2.811073e+00	2.885845e-01	3.176162e-04	3.619416e-04	2.142321e-02	3.641204e-01	3.474914e-01	2.264077e+02	2.622115e-01	4.100976e-01	2.459692e-05	1.012290e-05	9.881486e+02	1.059399e-03	3.661950e+01	4.870169e-02	3.617590e-03	9.098132e+00	
5.040119e-03	7.911224e+00	5.941294e+02	4.474347e+01	3.532805e+00	1.459920e+01	2.242276e-02	2.517750e-05	3.271422e-01	1.481424e+00	3.164653e-02	4.804841e-01	6.378627e-01	3.996815e-01	8.525456e+02	2.800089e+00	2.866106e-01	2.557788e-04	3.065655e-04	2.228402e-02	3.670445e-01	3.478823e-01	2.138106e+02	2.740963e-01	4.223428e-01	2.006282e-05	1.012217e-05	9.801862e+02	1.094914e-03	3.683866e+01	4.817981e-02	3.795073e-03	9.110927e+00	
5.040155e-03	7.871993e+00	5.764179e+02	4.461065e+01	3.534877e+00	1.452603e+01	2.263445e-02	2.542744e-05	3.271775e-01	1.473516e+00	2.686532e-02	4.909821e-01	6.383434e-01	3.980790e-01	8.612382e+02	2.817481e+00	2.908077e-01	2.682424e-04	3.107064e-04	2.181369e-02	3.653573e-01	3.442342e-01	2.128544e+02	2.356168e-01	3.488325e-01	2.024650e-05	1.007611e-05	9.839919e+02	1.029582e-03	3.668085e+01	4.857422e-02	2.881910e-03	9.116987e+00	
5.040157e-03	7.989311e+00	5.982051e+02	4.545369e+01	3.837923e+00	1.456902e+01	2.254272e-02	2.635825e-05	3.271017e-01	1.476452e+00	2.796351e-02	4.952225e-01	6.377403e-01	3.989996e-01	8.375960e+02	2.799211e+00	2.871945e-01	2.776539e-04	3.178310e-04	2.149027e-02	3.620270e-01	3.480028e-01	1.874462e+02	2.323177e-01	3.510474e-01	2.444950e-05	1.008520e-05	9.907228e+02	1.016031e-03	3.668017e+01	4.853409e-02	3.579966e-03	9.123883e+00	
5.040166e-03	7.876997e+00	6.056559e+02	4.500382e+01	3.680869e+00	1.464775e+01	2.235646e-02	2.550479e-05	3.271520e-01	1.466398e+00	2.423816e-02	5.044464e-01	6.390246e-01	3.962362e-01	8.541337e+02	2.806794e+00	2.889195e-01	2.677694e-04	3.149064e-04	2.175400e-02	3.568493e-01	3.527225e-01	2.002095e+02	2.958225e-01	4.674116e-01	1.834762e-05	1.017734e-05	9.825295e+02	1.027139e-03	3.696511e+01	4.799212e-02	3.416309e-03	9.109556e+00	
5.040178e-03	7.909858e+00	5.314042e+02	4.508019e+01	3.725372e+00	1.454819e+01	2.256894e-02	2.534545e-05	3.271449e-01	1.476075e+00	2.981001e-02	4.866118e-01	6.387504e-01	3.963454e-01	8.544068e+02	2.810719e+00	2.889436e-01	2.679724e-04	3.132634e-04	2.196502e-02	3.633896e-01	3.328480e-01	2.023197e+02	2.842530e-01	4.361499e-01	2.564090e-05	1.014161e-05	9.743900e+02	1.128167e-03	3.676936e+01	4.843627e-02	4.785059e-03	9.112179e+00	
5.040187e-03	7.922003e+00	5.285435e+02	4.428900e+01	3.356642e+00	1.458548e+01	2.247117e-02	2.502098e-05	3.271677e-01	1.475038e+00	2.382732e-02	4.929289e-01	6.401114e-01	3.944043e-01	8.540528e+02	2.797066e+00	2.869284e-01	3.464143e-04	4.050519e-04	2.161469e-02	3.611183e-01	3.346650e-01	1.979075e+02	2.793964e-01	4.196592e-01	2.711259e-05	1.019213e-05	9.654387e+02	1.658055e-03	3.675456e+01	4.833858e-02	2.544214e-03	9.130069e+00	
5.040202e-03	7.880985e+00	5.480558e+02	4.488489e+01	3.600556e+00	1.457380e+01	2.252577e-02	2.523052e-05	3.271525e-01	1.468135e+00	2.577413e-02	5.001880e-01	6.373937e-01	3.997987e-01	8.467065e+02	2.817690e+00	2.905155e-01	2.559942e-04	3.086275e-04	2.230292e-02	3.629018e-01	3.462192e-01	2.034252e+02	2.788920e-01	4.309964e-01	2.151374e-05	1.004571e-05	9.706629e+02	1.155114e-03	3.680346e+01	4.834243e-02	4.429496e-03	9.108416e+00	
5.040225e-03	7.953232e+00	5.955334e+02	4.520581e+01	3.748315e+00	1.466801e+01	2.239816e-02	2.524016e-05	3.271398e-01	1.470686e+00	2.128733e-02	5.079615e-01	6.384687e-01	3.975970e-01	8.445677e+02	2.801508e+00	2.871976e-01	2.903593e-04	3.451410e-04	2.171663e-02	3.567118e-01	3.451271e-01	1.828224e+02	2.951275e-01	4.561818e-01	2.528118e-05	1.017790e-05	9.860618e+02	1.273648e-03	3.698506e+01	4.810022e-02	4.112890e-03	9.123650e+00	
5.040233e-03	7.900594e+00	6.448430e+02	4.487918e+01	3.658251e+00	1.459239e+01	2.248574e-02	2.570479e-05	3.271346e-01	1.456612e+00	2.812028e-02	5.102411e-01	6.394355e-01	3.956906e-01	8.562239e+02	2.798353e+00	2.879410e-01	2.547141e-04	3.026941e-04	2.166365e-02	3.559293e-01	3.467005e-01	1.843194e+02	3.600359e-01	5.878736e-01	1.789302e-05	1.007737e-05	9.987390e+02	7.547245e-04	3.694349e+01	4.807814e-02	4.286224e-03	9.084381e+00	
5.040253e-03	7.867139e+00	4.869356e+02	4.467134e+01	3.529831e+00	1.451291e+01	2.263267e-02	2.499074e-05	3.271596e-01	1.475049e+00	2.816561e-02	4.924759e-01	6.378558e-01	4.001192e-01	8.675396e+02	2.800991e+00	2.877600e-01	2.694476e-04	3.182350e-04	2.154032e-02	3.556578e-01	3.259567e-01	2.208499e+02	3.416371e-01	5.464477e-01	2.567974e-05	1.003821e-05	9.852960e+02	1.194872e-03	3.675986e+01	4.845261e-02	4.389750e-03	9.074548e+00	
5.040254e-03	7.828967e+00	4.831585e+02	4.400911e+01	3.246265e+00	1.456469e+01	2.259906e-02	2.470150e-05	3.271980e-01	1.482257e+00	2.826969e-02	4.826310e-01	6.377633e-01	3.996154e-01	8.640922e+02	2.817598e+00	2.905143e-01	3.183465e-04	3.741966e-04	2.176636e-02	3.608147e-01	3.305828e-01	2.273582e+02	2.892743e-01	4.441245e-01	2.963718e-05	1.012835e-05	9.735831e+02	1.616062e-03	3.674127e+01	4.853382e-02	4.421167e-03	9.114255e+00	
5.040273e-03	7.939829e+00	4.887601e+02	4.427464e+01	3.332288e+00	1.453445e+01	2.261270e-02	2.596230e-05	3.271398e-01	1.475419e+00	2.635473e-02	4.918687e-01	6.407236e-01	3.918804e-01	8.401261e+02	2.794971e+00	2.858871e-01	3.039481e-04	3.407725e-04	2.138362e-02	3.677567e-01	3.403937e-01	1.929615e+02	2.494322e-01	3.752490e-01	1.715906e-05	1.014250e-05	9.629777e+02	1.252720e-03	3.659176e+01	4.871398e-02	2.376933e-03	9.138562e+00	
5.040291e-03	7.882773e+00	6.013032e+02	4.510272e+01	3.759247e+00	1.456004e+01	2.250648e-02	2.557280e-05	3.271653e-01	1.471745e+00	3.342658e-02	4.817863e-01	6.386776e-01	3.971837e-01	8.648072e+02	2.806780e+00	2.883551e-01	2.930738e-04	3.311899e-04	2.082207e-02	3.523208e-01	3.417281e-01	1.817632e+02	2.876845e-01	4.446943e-01	2.068009e-05	1.012275e-05	9.754514e+02	9.806991e-04	3.684556e+01	4.819499e-02	3.748195e-03	9.105361e+00	
5.040316e-03	7.900554e+00	6.086346e+02	4.458951e+01	3.416036e+00	1.454547e+01	2.247171e-02	2.475942e-05	3.271831e-01	1.483098e+00	3.074981e-02	4.841823e-01	6.415548e-01	3.900628e-01	8.545940e+02	2.792982e+00	2.854525e-01	3.437917e-04	3.863379e-04	2.082813e-02	3.519016e-01	3.325543e-01	2.130186e+02	2.986971e-01	4.706057e-01	2.020604e-05	1.015089e-05	9.827787e+02	1.062395e-03	3.666906e+01	4.836487e-02	3.041375e-03	9.133323e+00	
5.040348e-03	7.905504e+00	5.476106e+02	4.532605e+01	3.794843e+00	1.456875e+01	2.251245e-02	2.514452e-05	3.271456e-01	1.478005e+00	2.877705e-02	4.899377e-01	6.401639e-01	3.930871e-01	8.547245e+02	2.793912e+00	2.859340e-01	2.555197e-04	2.888282e-04	2.099889e-02	3.570403e-01	3.403736e-01	1.794582e+02	2.833987e-01	4.343498e-01	1.947409e-05	1.005799e-05	9.768230e+02	9.224795e-04	3.680471e+01	4.829841e-02	4.448993e-03	9.092869e+00	
5.040384e-03	7.878740e+00	5.078147e+02	4.440014e+01	3.424923e+00	1.453981e+01	2.255207e-02	2.536790e-05	3.271657e-01	1.481726e+00	2.926198e-02	4.823376e-01	6.372001e-01	4.008793e-01	8.539841e+02	2.826102e+00	2.920817e-01	2.707165e-04	3.216184e-04	2.222768e-02	3.634482e-01	3.400071e-01	2.026313e+02	3.254870e-01	5.188579e-01	2.628542e-05	1.012579e-05	9.687547e+02	1.178807e-03	3.682131e+01	4.825655e-02	5.971535e-03	9.087498e+00	
5.040391e-03	7.870781e+00	5.582932e+02	4.457274e+01	3.530977e+00	1.456543e+01	2.249085e-02	2.555553e-05	3.271634e-01	1.468681e+00	3.084217e-02	4.914545e-01	6.402268e-01	3.933692e-01	8.573377e+02	2.804946e+00	2.879198e-01	2.891696e-04	3.271290e-04	2.095004e-02	3.544151e-01	3.463674e-01	1.895373e+02	2.926553e-01	4.635518e-01	2.003137e-05	1.018128e-05	9.753205e+02	1.198919e-03	3.678460e+01	4.829316e-02	3.724231e-03	9.104279e+00	
5.040413e-03	7.930010e+00	5.291246e+02	4.493466e+01	3.722795e+00	1.459986e+01	2.245801e-02	2.508209e-05	3.271426e-01	1.474503e+00	2.854141e-02	4.851322e-01	6.382323e-01	3.978577e-01	8.670654e+02	2.808087e+00	2.883415e-01	3.100299e-04	3.638665e-04	2.164910e-02	3.556134e-01	3.321083e-01	2.073744e+02	3.170395e-01	5.036819e-01	2.883981e-05	1.008294e-05	9.845099e+02	1.477880e-03	3.692295e+01	4.809006e-02	4.388623e-03	9.102017e+00	
5.040448e-03	7.888691e+00	5.578697e+02	4.464889e+01	3.612873e+00	1.457116e+01	2.253360e-02	2.513121e-05	3.271585e-01	1.482212e+00	2.434456e-02	4.847036e-01	6.370871e-01	4.007904e-01	8.518813e+02	2.814103e+00	2.898085e-01	3.099581e-04	3.687624e-04	2.188077e-02	3.560804e-01	3.506393e-01	2.104458e+02	3.086867e-01	4.812864e-01	3.222017e-05	1.014258e-05	9.836504e+02	1.528887e-03	3.686175e+01	4.827393e-02	4.385364e-03	9.097150e+00	
5.040451e-03	7.832709e+00	5.123175e+02	4.446842e+01	3.463906e+00	1.455912e+01	2.257729e-02	2.421124e-05	3.272083e-01	1.482344e+00	2.503735e-02	4.793251e-01	6.380073e-01	3.995013e-01	8.596069e+02	2.806226e+00	2.880465e-01	2.994929e-04	3.475609e-04	2.139859e-02	3.561735e-01	3.376781e-01	2.336745e+02	3.249075e-01	5.149747e-01	2.466253e-05	1.011503e-05	9.872667e+02	1.200133e-03	3.680918e+01	4.836894e-02	5.084442e-03	9.106844e+00	
5.040485e-03	7.854346e+00	5.640594e+02	4.527947e+01	3.745708e+00	1.451455e+01	2.262765e-02	2.508710e-05	3.271740e-01	1.464541e+00	2.637097e-02	4.929366e-01	6.381928e-01	3.987088e-01	8.574225e+02	2.818671e+00	2.896288e-01	2.730195e-04	3.230144e-04	2.179338e-02	3.587167e-01	3.321581e-01	2.075735e+02	2.741398e-01	4.327536e-01	2.397870e-05	1.014725e-05	9.810317e+02	1.232261e-03	3.667382e+01	4.853665e-02	3.675539e-03	9.122133e+00	
5.040510e-03	7.861063e+00	5.970674e+02	4.471523e+01	3.541143e+00	1.461268e+01	2.240729e-02	2.486149e-05	3.271961e-01	1.460912e+00	2.706437e-02	5.033040e-01	6.406962e-01	3.929755e-01	8.635812e+02	2.805257e+00	2.879620e-01	2.878891e-04	3.400076e-04	2.158752e-02	3.553804e-01	3.255558e-01	1.968955e+02	3.139626e-01	4.951336e-01	2.370746e-05	1.013896e-05	9.840755e+02	1.103496e-03	3.690638e+01	4.805269e-02	3.677940e-03	9.118333e+00	
5.040525e-03	7.854571e+00	6.796238e+02	4.520099e+01	3.746868e+00	1.458809e+01	2.243095e-02	2.535011e-05	3.271611e-01	1.492913e+00	2.700311e-02	4.759065e-01	6.379234e-01	3.991775e-01	8.629798e+02	2.815752e+00	2.896191e-01	2.937843e-04	3.321496e-04	2.065142e-02	3.501713e-01	3.582962e-01	1.912867e+02	2.468470e-01	3.745770e-01	2.736276e-05	1.018131e-05	9.830135e+02	9.760340e-04	3.681514e+01	4.815184e-02	4.315378e-03	9.103234e+00	
5.040555e-03	7.915211e+00	5.746961e+02	4.417620e+01	3.323777e+00	1.452856e+01	2.259204e-02	2.503263e-05	3.271588e-01	1.474180e+00	2.897719e-02	4.949486e-01	6.386430e-01	3.973493e-01	8.568296e+02	2.797380e+00	2.875449e-01	3.104123e-04	3.576710e-04	2.146404e-02	3.605687e-01	3.365488e-01	2.219908e+02	2.914731e-01	4.447905e-01	2.206698e-05	1.006179e-05	9.854874e+02	1.174456e-03	3.667885e+01	4.854728e-02	3.189899e-03	9.113480e+00	
5.040595e-03	7.859997e+00	6.043682e+02	4.448674e+01	3.516896e+00	1.463055e+01	2.241522e-02	2.438633e-05	3.271645e-01	1.486670e+00	2.707341e-02	4.801216e-01	6.366938e-01	4.023201e-01	8.685122e+02	2.798740e+00	2.863985e-01	3.000812e-04	3.457297e-04	2.090617e-02	3.508166e-01	3.391151e-01	1.890358e+02	3.068013e-01	4.766577e-01	3.052190e-05	1.005750e-05	9.891542e+02	1.341064e-03	3.690069e+01	4.817109e-02	6.678057e-03	9.089176e+00	
5.040604e-03	7.949005e+00	4.735044e+02	4.425426e+01	3.398249e+00	1.459465e+01	2.252794e-02	2.523251e-05	3.271400e-01	1.481901e+00	3.065303e-02	4.853613e-01	6.380449e-01	3.986492e-01	8.518171e+02	2.797103e+00	2.860864e-01	2.729861e-04	3.147784e-04	2.179218e-02	3.666656e-01	3.346253e-01	2.013174e+02	2.876160e-01	4.410094e-01	2.284333e-05	1.008322e-05	9.825723e+02	1.395539e-03	3.681008e+01	4.839192e-02	4.596783e-03	9.065895e+00	
5.040648e-03	7.860363e+00	5.522906e+02	4.452009e+01	3.501422e+00	1.452794e+01	2.256780e-02	2.534701e-05	3.271631e-01	1.467621e+00	2.706766e-02	4.936414e-01	6.372247e-01	4.013243e-01	8.606278e+02	2.826901e+00	2.916798e-01	2.530673e-04	2.945014e-04	2.176341e-02	3.634511e-01	3.341762e-01	1.966869e+02	2.826161e-01	4.395768e-01	2.915287e-05	1.011627e-05	9.838763e+02	1.165334e-03	3.676370e+01	4.838746e-02	5.458742e-03	9.084871e+00	
5.040669e-03	7.853140e+00	6.317992e+02	4.511926e+01	3.774289e+00	1.460710e+01	2.237152e-02	2.505273e-05	3.271597e-01	1.487355e+00	3.055229e-02	4.783249e-01	6.378725e-01	3.985212e-01	8.691618e+02	2.817061e+00	2.900413e-01	2.908047e-04	3.361286e-04	2.109856e-02	3.506703e-01	3.499128e-01	1.930878e+02	2.588494e-01	3.877144e-01	2.332644e-05	1.014564e-05	9.793196e+02	1.061509e-03	3.688661e+01	4.803847e-02	5.229890e-03	9.117204e+00	
5.040680e-03	7.902097e+00	5.783916e+02	4.489884e+01	3.622172e+00	1.455957e+01	2.253438e-02	2.474352e-05	3.271866e-01	1.497431e+00	2.561767e-02	4.778143e-01	6.369781e-01	4.015106e-01	8.539171e+02	2.797715e+00	2.872831e-01	2.799992e-04	3.263609e-04	2.169822e-02	3.586295e-01	3.388521e-01	2.128395e+02	2.818924e-01	4.280079e-01	3.081189e-05	1.018042e-05	9.854273e+02	1.200841e-03	3.675320e+01	4.844298e-02	3.507998e-03	9.125069e+00	
5.040714e-03	7.844121e+00	5.427030e+02	4.519744e+01	3.784708e+00	1.453348e+01	2.260646e-02	2.563831e-05	3.271621e-01	1.472612e+00	2.549318e-02	4.965812e-01	6.364899e-01	4.028936e-01	8.677810e+02	2.819903e+00	2.910535e-01	2.617140e-04	3.102729e-04	2.150063e-02	3.544000e-01	3.437543e-01	1.937470e+02	2.983546e-01	4.560815e-01	2.392143e-05	1.017976e-05	9.890629e+02	1.115590e-03	3.676889e+01	4.842327e-02	4.781379e-03	9.092003e+00	
5.040726e-03	7.873927e+00	6.248594e+02	4.508352e+01	3.825391e+00	1.450344e+01	2.258708e-02	2.525169e-05	3.271561e-01	1.491217e+00	2.691277e-02	4.796173e-01	6.392308e-01	3.950783e-01	8.656856e+02	2.803520e+00	2.876332e-01	2.802556e-04	3.139518e-04	2.072436e-02	3.519378e-01	3.456551e-01	1.743481e+02	2.495212e-01	3.724229e-01	3.102554e-05	1.013292e-05	9.686659e+02	1.140000e-03	3.671113e+01	4.840062e-02	4.952532e-03	9.090946e+00	
5.040736e-03	7.882868e+00	5.789556e+02	4.484150e+01	3.658731e+00	1.456852e+01	2.254076e-02	2.543112e-05	3.271627e-01	1.465716e+00	2.699150e-02	5.024422e-01	6.379774e-01	3.987621e-01	8.534484e+02	2.809649e+00	2.891727e-01	2.744358e-04	3.250379e-04	2.185476e-02	3.565259e-01	3.457525e-01	1.904851e+02	2.840481e-01	4.528096e-01	2.740835e-05	1.008787e-05	9.774718e+02	1.185572e-03	3.683370e+01	4.832501e-02	5.072721e-03	9.101227e+00	
5.040747e-03	7.910047e+00	5.416530e+02	4.451860e+01	3.483311e+00	1.463360e+01	2.237152e-02	2.524847e-05	3.271625e-01	1.462441e+00	2.531725e-02	5.042959e-01	6.413445e-01	3.916166e-01	8.590096e+02	2.802932e+00	2.875648e-01	3.093449e-04	3.608759e-04	2.133529e-02	3.554730e-01	3.347186e-01	2.047546e+02	3.391347e-01	5.408466e-01	1.923658e-05	1.007257e-05	9.694893e+02	1.081122e-03	3.697218e+01	4.796214e-02	3.553637e-03	9.122477e+00	
5.040782e-03	7.882779e+00	5.755626e+02	4.503706e+01	3.743566e+00	1.451495e+01	2.260458e-02	2.536399e-05	3.271626e-01	1.492787e+00	2.916324e-02	4.753903e-01	6.364912e-01	4.024689e-01	8.536705e+02	2.808459e+00	2.880703e-01	2.915409e-04	3.274563e-04	2.103336e-02	3.577394e-01	3.429590e-01	1.735536e+02	2.461809e-01	3.660102e-01	3.545049e-05	1.020096e-05	9.834180e+02	1.371821e-03	3.669528e+01	4.849099e-02	5.530538e-03	9.099199e+00	
5.040789e-03	7.909267e+00	5.694552e+02	4.506732e+01	3.704123e+00	1.459951e+01	2.249606e-02	2.528453e-05	3.271386e-01	1.474684e+00	2.575464e-02	4.909652e-01	6.381423e-01	3.976187e-01	8.487046e+02	2.796337e+00	2.861424e-01	2.304650e-04	2.676118e-04	2.165287e-02	3.604137e-01	3.466459e-01	1.823705e+02	2.952620e-01	4.575588e-01	2.098056e-05	1.002187e-05	9.832417e+02	9.688199e-04	3.690818e+01	4.816526e-02	4.485795e-03	9.082645e+00	
5.040793e-03	7.832691e+00	5.021118e+02	4.485350e+01	3.637439e+00	1.463490e+01	2.238790e-02	2.446379e-05	3.272035e-01	1.484173e+00	2.552042e-02	4.890806e-01	6.374375e-01	4.002672e-01	8.679906e+02	2.811338e+00	2.892587e-01	2.863023e-04	3.258288e-04	2.073890e-02	3.472691e-01	3.243462e-01	1.814508e+02	2.798628e-01	4.349238e-01	3.337714e-05	1.021917e-05	9.769909e+02	1.481612e-03	3.685372e+01	4.816574e-02	5.567988e-03	9.095601e+00	
5.040810e-03	7.902983e+00	5.492994e+02	4.465450e+01	3.520571e+00	1.456873e+01	2.249618e-02	2.509677e-05	3.271682e-01	1.474225e+00	2.364254e-02	5.009896e-01	6.388028e-01	3.960088e-01	8.584545e+02	2.818125e+00	2.902186e-01	2.902324e-04	3.349235e-04	2.149419e-02	3.580827e-01	3.372557e-01	1.967206e+02	2.753409e-01	4.232561e-01	2.920918e-05	1.010125e-05	9.702809e+02	1.220174e-03	3.672724e+01	4.838509e-02	2.935199e-03	9.113749e+00	
5.040820e-03	7.899598e+00	5.609717e+02	4.459425e+01	3.486350e+00	1.466479e+01	2.230036e-02	2.465292e-05	3.271887e-01	1.473753e+00	2.242115e-02	4.942531e-01	6.394128e-01	3.959736e-01	8.808836e+02	2.813501e+00	2.894935e-01	3.130331e-04	3.730325e-04	2.154825e-02	3.485786e-01	3.464856e-01	1.798354e+02	3.013689e-01	4.789345e-01	2.904054e-05	1.023087e-05	9.729379e+02	1.386814e-03	3.706594e+01	4.779141e-02	3.937798e-03	9.111881e+00	
5.040831e-03	7.877522e+00	6.417876e+02	4.504620e+01	3.759260e+00	1.456645e+01	2.253025e-02	2.513736e-05	3.271694e-01	1.476627e+00	2.377098e-02	4.927981e-01	6.373075e-01	4.013183e-01	8.632433e+02	2.812788e+00	2.896637e-01	2.703613e-04	3.182226e-04	2.145246e-02	3.550756e-01	3.436452e-01	1.950061e+02	2.674418e-01	4.141745e-01	2.749354e-05	1.015966e-05	9.864849e+02	1.140356e-03	3.680125e+01	4.831303e-02	4.267889e-03	9.119572e+00	
5.040839e-03	7.914851e+00	5.261562e+02	4.495646e+01	3.712796e+00	1.450346e+01	2.261963e-02	2.575732e-05	3.271198e-01	1.467700e+00	2.476237e-02	5.020773e-01	6.381208e-01	3.972257e-01	8.476369e+02	2.797387e+00	2.860137e-01	2.856885e-04	3.323017e-04	2.164561e-02	3.594745e-01	3.470853e-01	2.050967e+02	2.820633e-01	4.301343e-01	2.238227e-05	1.003500e-05	9.719680e+02	1.206792e-03	3.660781e+01	4.865376e-02	3.263562e-03	9.088945e+00	
5.040959e-03	7.827345e+00	5.724493e+02	4.480616e+01	3.637715e+00	1.452927e+01	2.259098e-02	2.496905e-05	3.271660e-01	1.494659e+00	3.097459e-02	4.731601e-01	6.383612e-01	3.972405e-01	8.375809e+02	2.790453e+00	2.850765e-01	2.750770e-04	3.079073e-04	2.101693e-02	3.584684e-01	3.356483e-01	2.178060e+02	2.434634e-01	3.622730e-01	2.412222e-05	1.020072e-05	9.882820e+02	8.627866e-04	3.663611e+01	4.862614e-02	4.696894e-03	9.098015e+00	
5.041028e-03	7.846997e+00	6.480292e+02	4.455832e+01	3.474749e+00	1.457142e+01	2.250909e-02	2.481768e-05	3.271866e-01	1.483589e+00	2.547355e-02	4.856609e-01	6.388851e-01	3.970401e-01	8.567956e+02	2.796050e+00	2.866394e-01	3.242268e-04	3.632993e-04	2.057065e-02	3.507007e-01	3.519102e-01	2.107606e+02	2.534215e-01	3.783801e-01	2.109438e-05	1.010195e-05	9.799304e+02	1.055824e-03	3.677490e+01	4.835477e-02	2.757614e-03	9.118540e+00	
5.041082e-03	7.916658e+00	6.441750e+02	4.492930e+01	3.625315e+00	1.462709e+01	2.236073e-02	2.566963e-05	3.271439e-01	1.479467e+00	2.894933e-02	4.863805e-01	6.403201e-01	3.937585e-01	8.536896e+02	2.800202e+00	2.872778e-01	2.964915e-04	3.404082e-04	2.101063e-02	3.542017e-01	3.474161e-01	1.902762e+02	2.817036e-01	4.381454e-01	2.087496e-05	1.024425e-05	9.767825e+02	9.175433e-04	3.695183e+01	4.796344e-02	3.514539e-03	9.109634e+00	
5.041137e-03	7.964762e+00	5.818327e+02	4.547204e+01	3.886807e+00	1.455303e+01	2.254997e-02	2.593295e-05	3.271262e-01	1.470361e+00	3.070679e-02	4.899170e-01	6.401643e-01	3.934992e-01	8.486945e+02	2.795528e+00	2.857388e-01	2.747108e-04	3.146781e-04	2.140008e-02	3.596523e-01	3.318746e-01	2.012569e+02	2.863795e-01	4.499538e-01	1.913820e-05	1.013400e-05	9.796251e+02	1.034494e-03	3.672477e+01	4.844005e-02	2.910611e-03	9.106436e+00	
5.041174e-03	7.871030e+00	5.875122e+02	4.434184e+01	3.364399e+00	1.460276e+01	2.254921e-02	2.510473e-05	3.271839e-01	1.478577e+00	2.353635e-02	4.958140e-01	6.387713e-01	3.972449e-01	8.410972e+02	2.791334e+00	2.859163e-01	2.815319e-04	3.338984e-04	2.202132e-02	3.623901e-01	3.405239e-01	1.948784e+02	2.740588e-01	4.232268e-01	2.131331e-05	1.009350e-05	9.832500e+02	1.161389e-03	3.677771e+01	4.852941e-02	3.674127e-03	9.119860e+00	
5.041195e-03	7.836752e+00	6.944377e+02	4.423509e+01	3.311964e+00	1.466248e+01	2.226130e-02	2.476879e-05	3.271871e-01	1.475956e+00	3.024974e-02	4.881755e-01	6.415290e-01	3.902201e-01	8.570264e+02	2.796559e+00	2.863019e-01	3.200303e-04	3.659456e-04	2.071601e-02	3.487271e-01	3.529047e-01	1.912133e+02	2.661347e-01	4.093057e-01	1.872809e-05	1.022933e-05	9.783899e+02	9.489104e-04	3.699150e+01	4.781391e-02	3.403549e-03	9.130441e+00	
5.041209e-03	7.949416e+00	5.252226e+02	4.474421e+01	3.547639e+00	1.455481e+01	2.253709e-02	2.512796e-05	3.271459e-01	1.483172e+00	2.400339e-02	4.865337e-01	6.387349e-01	3.971213e-01	8.625837e+02	2.784854e+00	2.853358e-01	2.692855e-04	3.044278e-04	2.132605e-02	3.612640e-01	3.428727e-01	1.886333e+02	2.740801e-01	4.177400e-01	2.543150e-05	1.013078e-05	9.781976e+02	1.351446e-03	3.671615e+01	4.841953e-02	3.238354e-03	9.104522e+00	
5.041223e-03	7.901185e+00	5.047345e+02	4.514489e+01	3.742641e+00	1.459992e+01	2.245890e-02	2.548796e-05	3.271572e-01	1.472614e+00	2.623746e-02	4.934006e-01	6.385948e-01	3.980682e-01	8.744030e+02	2.815595e+00	2.900067e-01	3.136363e-04	3.652372e-04	2.138063e-02	3.579674e-01	3.365924e-01	1.921844e+02	2.776433e-01	4.263161e-01	2.485469e-05	1.020220e-05	9.648850e+02	1.518898e-03	3.678281e+01	4.831968e-02	2.822309e-03	9.141305e+00	
5.041227e-03	7.847614e+00	6.414521e+02	4.461104e+01	3.589709e+00	1.447405e+01	2.267815e-02	2.543878e-05	3.271525e-01	1.473499e+00	2.477875e-02	4.954616e-01	6.384688e-01	3.975028e-01	8.493928e+02	2.809355e+00	2.893157e-01	2.989707e-04	3.452585e-04	2.146654e-02	3.590597e-01	3.538061e-01	1.988641e+02	2.677823e-01	4.151264e-01	2.740636e-05	1.015270e-05	9.800079e+02	1.182236e-03	3.659079e+01	4.864260e-02	3.014812e-03	9.099635e+00	
5.041299e-03	7.871467e+00	5.504969e+02	4.440923e+01	3.452326e+00	1.459904e+01	2.246891e-02	2.488172e-05	3.271789e-01	1.475534e+00	2.682726e-02	4.825405e-01	6.385660e-01	3.982375e-01	8.630219e+02	2.808834e+00	2.885836e-01	2.485068e-04	2.942272e-04	2.210764e-02	3.629727e-01	3.359535e-01	1.862899e+02	2.785090e-01	4.346131e-01	2.176037e-05	1.005511e-05	9.757917e+02	1.257973e-03	3.696325e+01	4.802343e-02	3.913485e-03	9.101843e+00	
5.041312e-03	7.890889e+00	5.837464e+02	4.500094e+01	3.707036e+00	1.455034e+01	2.252041e-02	2.527341e-05	3.271669e-01	1.487802e+00	2.787946e-02	4.806517e-01	6.383911e-01	3.975572e-01	8.558526e+02	2.803779e+00	2.880101e-01	3.050691e-04	3.495115e-04	2.129396e-02	3.546915e-01	3.560596e-01	1.893510e+02	2.694793e-01	4.182213e-01	2.164590e-05	1.018839e-05	9.791972e+02	1.078144e-03	3.675488e+01	4.836384e-02	4.280615e-03	9.110123e+00	
5.041330e-03	7.854879e+00	5.462544e+02	4.447136e+01	3.465394e+00	1.456690e+01	2.256160e-02	2.503302e-05	3.271808e-01	1.468779e+00	2.260671e-02	5.016658e-01	6.385134e-01	3.986940e-01	8.556427e+02	2.805143e+00	2.880574e-01	3.096368e-04	3.612010e-04	2.150490e-02	3.579826e-01	3.360253e-01	2.256837e+02	3.038610e-01	4.802080e-01	2.306814e-05	1.014030e-05	9.861132e+02	1.365920e-03	3.672746e+01	4.852329e-02	2.408057e-03	9.104594e+00	
5.041350e-03	7.882017e+00	6.388691e+02	4.496606e+01	3.647274e+00	1.452919e+01	2.250286e-02	2.463621e-05	3.271850e-01	1.488668e+00	2.705153e-02	4.844298e-01	6.401875e-01	3.933052e-01	8.631216e+02	2.804784e+00	2.889049e-01	3.159380e-04	3.574840e-04	2.072553e-02	3.487535e-01	3.332133e-01	1.988445e+02	2.803131e-01	4.253596e-01	3.027524e-05	1.020615e-05	9.813643e+02	1.158462e-03	3.674244e+01	4.830227e-02	3.849075e-03	9.136239e+00	
5.041350e-03	7.960202e+00	5.436595e+02	4.508147e+01	3.748892e+00	1.457984e+01	2.257862e-02	2.532463e-05	3.271111e-01	1.474274e+00	2.585710e-02	4.913123e-01	6.366902e-01	4.028014e-01	8.440745e+02	2.804498e+00	2.882742e-01	2.532083e-04	3.036768e-04	2.210837e-02	3.630120e-01	3.444534e-01	2.218532e+02	3.443353e-01	5.606212e-01	2.323325e-05	1.002621e-05	9.968969e+02	1.098533e-03	3.680952e+01	4.841305e-02	4.400489e-03	9.100836e+00	
5.041381e-03	7.918283e+00	5.174526e+02	4.473748e+01	3.501235e+00	1.450218e+01	2.265405e-02	2.580837e-05	3.271526e-01	1.472044e+00	3.024362e-02	4.909556e-01	6.404344e-01	3.935033e-01	8.337922e+02	2.802307e+00	2.879866e-01	2.751155e-04	3.207215e-04	2.198762e-02	3.669704e-01	3.298512e-01	2.077900e+02	2.883137e-01	4.535927e-01	1.968808e-05	1.013348e-05	9.699120e+02	9.984491e-04	3.658334e+01	4.872901e-02	3.562066e-03	9.117007e+00	
5.041446e-03	7.889161e+00	5.120368e+02	4.471593e+01	3.532341e+00	1.458324e+01	2.249985e-02	2.486650e-05	3.271798e-01	1.477171e+00	2.928848e-02	4.851637e-01	6.375135e-01	4.001884e-01	8.551321e+02	2.809683e+00	2.887262e-01	2.697079e-04	3.215222e-04	2.204570e-02	3.605195e-01	3.384132e-01	2.094299e+02	2.613921e-01	3.914293e-01	2.452973e-05	1.003446e-05	9.827190e+02	1.322753e-03	3.681566e+01	4.828083e-02	5.715629e-03	9.119815e+00	
5.041457e-03	7.901111e+00	5.928728e+02	4.471379e+01	3.556420e+00	1.461500e+01	2.242588e-02	2.541865e-05	3.271595e-01	1.473401e+00	2.570089e-02	4.961816e-01	6.383745e-01	3.978815e-01	8.468805e+02	2.796730e+00	2.866439e-01	2.971791e-04	3.525934e-04	2.194123e-02	3.592070e-01	3.545819e-01	2.120181e+02	3.006519e-01	4.846674e-01	1.932145e-05	1.008470e-05	9.838006e+02	1.203315e-03	3.691745e+01	4.811991e-02	2.951926e-03	9.118176e+00	
5.041464e-03	7.922805e+00	6.545462e+02	4.500832e+01	3.686678e+00	1.448974e+01	2.264477e-02	2.563182e-05	3.271380e-01	1.489269e+00	3.041638e-02	4.704939e-01	6.381696e-01	3.979176e-01	8.420622e+02	2.803393e+00	2.873088e-01	2.612692e-04	3.050830e-04	2.179149e-02	3.606250e-01	3.564393e-01	1.810611e+02	2.441959e-01	3.724015e-01	2.607300e-05	1.010149e-05	9.835331e+02	1.061471e-03	3.669183e+01	4.846658e-02	4.482473e-03	9.102142e+00	
5.041483e-03	7.900433e+00	6.121106e+02	4.458984e+01	3.531958e+00	1.457838e+01	2.246216e-02	2.558375e-05	3.271514e-01	1.489748e+00	2.731386e-02	4.771806e-01	6.394694e-01	3.955826e-01	8.531055e+02	2.808378e+00	2.889644e-01	2.886248e-04	3.222878e-04	2.079725e-02	3.576576e-01	3.542949e-01	1.805784e+02	2.517269e-01	3.720885e-01	2.756725e-05	1.017949e-05	9.728346e+02	1.210412e-03	3.685016e+01	4.817401e-02	3.462441e-03	9.098719e+00	
5.041488e-03	7.864466e+00	5.266077e+02	4.481163e+01	3.636243e+00	1.452577e+01	2.261699e-02	2.562747e-05	3.271411e-01	1.478751e+00	2.840600e-02	4.864904e-01	6.379447e-01	3.992528e-01	8.478579e+02	2.808007e+00	2.883942e-01	2.996991e-04	3.449396e-04	2.139703e-02	3.598020e-01	3.372200e-01	2.121278e+02	3.112709e-01	5.017257e-01	2.407790e-05	1.011401e-05	9.812732e+02	1.279823e-03	3.669475e+01	4.851938e-02	4.077546e-03	9.079183e+00	
5.041499e-03	7.802661e+00	6.111683e+02	4.459884e+01	3.513944e+00	1.456007e+01	2.249607e-02	2.484704e-05	3.272020e-01	1.479554e+00	2.669355e-02	4.877219e-01	6.396844e-01	3.942042e-01	8.688277e+02	2.814110e+00	2.898718e-01	2.857748e-04	3.254586e-04	2.078378e-02	3.471738e-01	3.478337e-01	1.793873e+02	2.759007e-01	4.315738e-01	2.282556e-05	1.013434e-05	9.669437e+02	1.051232e-03	3.682412e+01	4.821010e-02	4.499766e-03	9.088268e+00	
5.041545e-03	7.870032e+00	5.585086e+02	4.437818e+01	3.457588e+00	1.453541e+01	2.261817e-02	2.497186e-05	3.271702e-01	1.482834e+00	2.493325e-02	4.831713e-01	6.398561e-01	3.943040e-01	8.483808e+02	2.799458e+00	2.866183e-01	2.776730e-04	3.140350e-04	2.108233e-02	3.580299e-01	3.394440e-01	1.964981e+02	2.848641e-01	4.402401e-01	2.052504e-05	1.014206e-05	9.800969e+02	9.750900e-04	3.671481e+01	4.854909e-02	4.680999e-03	9.098637e+00	
5.041549e-03	7.915000e+00	5.335824e+02	4.529373e+01	3.863198e+00	1.449756e+01	2.270052e-02	2.612603e-05	3.271366e-01	1.472775e+00	2.778331e-02	4.899505e-01	6.385021e-01	3.981053e-01	8.468281e+02	2.803224e+00	2.884398e-01	2.832972e-04	3.261781e-04	2.156228e-02	3.633721e-01	3.584066e-01	2.019610e+02	2.785615e-01	4.375193e-01	2.028858e-05	1.006036e-05	9.707474e+02	1.112317e-03	3.667722e+01	4.864241e-02	2.860747e-03	9.089279e+00	
5.041558e-03	7.903876e+00	4.738462e+02	4.409152e+01	3.261365e+00	1.460935e+01	2.246986e-02	2.489257e-05	3.271701e-01	1.480518e+00	2.767425e-02	4.770501e-01	6.370419e-01	4.017973e-01	8.670784e+02	2.811862e+00	2.890133e-01	2.812208e-04	3.297290e-04	2.192198e-02	3.638772e-01	3.262897e-01	2.201783e+02	2.545835e-01	3.794330e-01	2.377317e-05	1.020770e-05	9.827663e+02	1.407047e-03	3.680789e+01	4.834081e-02	4.154083e-03	9.107589e+00	
5.041587e-03	7.889922e+00	5.969739e+02	4.446502e+01	3.463692e+00	1.456846e+01	2.252040e-02	2.474304e-05	3.271636e-01	1.472668e+00	2.500904e-02	4.975254e-01	6.394796e-01	3.952129e-01	8.617268e+02	2.797476e+00	2.864751e-01	3.283019e-04	3.809277e-04	2.119932e-02	3.501070e-01	3.422426e-01	2.075002e+02	2.956513e-01	4.796850e-01	2.281419e-05	1.013934e-05	9.842237e+02	1.025751e-03	3.677878e+01	4.834413e-02	4.943937e-03	9.094523e+00	
5.041588e-03	7.887992e+00	6.071108e+02	4.464263e+01	3.540349e+00	1.455045e+01	2.257484e-02	2.581259e-05	3.271547e-01	1.471282e+00	3.098066e-02	4.946441e-01	6.381330e-01	3.981714e-01	8.589070e+02	2.816184e+00	2.900324e-01	3.090392e-04	3.590273e-04	2.139065e-02	3.547873e-01	3.512636e-01	1.976741e+02	2.791339e-01	4.374165e-01	2.247756e-05	1.006112e-05	9.810072e+02	1.000315e-03	3.673964e+01	4.843146e-02	4.093276e-03	9.105813e+00	
5.041593e-03	7.904818e+00	5.587994e+02	4.428929e+01	3.356500e+00	1.459638e+01	2.249554e-02	2.550665e-05	3.271490e-01	1.467456e+00	2.380307e-02	5.101715e-01	6.388722e-01	3.965054e-01	8.592749e+02	2.819239e+00	2.898781e-01	2.404535e-04	2.865373e-04	2.239118e-02	3.695923e-01	3.449714e-01	2.072689e+02	2.871915e-01	4.485608e-01	2.296098e-05	1.007168e-05	9.777138e+02	1.236002e-03	3.683658e+01	4.833456e-02	2.965529e-03	9.109313e+00	
5.041658e-03	7.892927e+00	5.755309e+02	4.476788e+01	3.561109e+00	1.458974e+01	2.249516e-02	2.477124e-05	3.271625e-01	1.467835e+00	2.608089e-02	5.051210e-01	6.376594e-01	3.993128e-01	8.365448e+02	2.804298e+00	2.870237e-01	2.588789e-04	3.088315e-04	2.206423e-02	3.612814e-01	3.384479e-01	2.264407e+02	2.799031e-01	4.358568e-01	2.234712e-05	1.015687e-05	9.879774e+02	1.247965e-03	3.678173e+01	4.838364e-02	3.999189e-03	9.133680e+00	
5.041661e-03	7.890857e+00	5.344707e+02	4.533868e+01	3.816126e+00	1.455196e+01	2.256069e-02	2.604501e-05	3.271326e-01	1.489091e+00	3.431538e-02	4.698498e-01	6.361012e-01	4.029968e-01	8.555891e+02	2.809285e+00	2.878305e-01	2.859579e-04	3.267193e-04	2.131309e-02	3.591762e-01	3.583843e-01	1.971735e+02	2.550468e-01	3.923893e-01	2.253639e-05	1.018764e-05	9.706480e+02	1.212250e-03	3.677781e+01	4.838552e-02	4.403341e-03	9.095312e+00	
5.041676e-03	7.883668e+00	4.692808e+02	4.438007e+01	3.453059e+00	1.453392e+01	2.264829e-02	2.568580e-05	3.271665e-01	1.477265e+00	2.331169e-02	4.959845e-01	6.401086e-01	3.939808e-01	8.620070e+02	2.789915e+00	2.864331e-01	2.664193e-04	2.982997e-04	2.089159e-02	3.579237e-01	3.449891e-01	2.007601e+02	3.122784e-01	4.908361e-01	1.791467e-05	1.005034e-05	9.686810e+02	1.106589e-03	3.672456e+01	4.855456e-02	2.798259e-03	9.083134e+00	
5.041686e-03	7.913175e+00	5.736667e+02	4.429648e+01	3.345600e+00	1.459693e+01	2.244751e-02	2.555376e-05	3.271548e-01	1.480638e+00	2.790045e-02	4.863124e-01	6.388981e-01	3.966621e-01	8.449751e+02	2.813499e+00	2.887596e-01	2.978759e-04	3.432866e-04	2.173745e-02	3.660108e-01	3.394753e-01	1.926992e+02	2.576428e-01	3.827630e-01	2.751025e-05	1.016015e-05	9.725291e+02	1.394330e-03	3.682440e+01	4.826652e-02	3.316137e-03	9.121455e+00	
5.041691e-03	7.860214e+00	6.164920e+02	4.460469e+01	3.489201e+00	1.458728e+01	2.245606e-02	2.516284e-05	3.271757e-01	1.477510e+00	2.921060e-02	4.841927e-01	6.403234e-01	3.931195e-01	8.565554e+02	2.797628e+00	2.861294e-01	3.021724e-04	3.413057e-04	2.107647e-02	3.576134e-01	3.563481e-01	2.013902e+02	2.715940e-01	4.235430e-01	1.744527e-05	1.012027e-05	9.768997e+02	1.009245e-03	3.678136e+01	4.827750e-02	3.334072e-03	9.122538e+00	
5.041695e-03	7.908166e+00	6.175583e+02	4.475682e+01	3.566725e+00	1.452849e+01	2.253561e-02	2.505440e-05	3.271582e-01	1.482404e+00	3.119664e-02	4.822208e-01	6.402652e-01	3.932505e-01	8.385734e+02	2.804519e+00	2.881360e-01	2.905800e-04	3.285430e-04	2.112350e-02	3.580165e-01	3.376751e-01	2.054105e+02	2.504316e-01	3.807500e-01	2.283922e-05	1.018058e-05	9.846730e+02	9.123038e-04	3.666557e+01	4.844753e-02	3.999666e-03	9.105831e+00	
5.041701e-03	7.911690e+00	5.170764e+02	4.460129e+01	3.471799e+00	1.454422e+01	2.254462e-02	2.557392e-05	3.271527e-01	1.476181e+00	2.673491e-02	4.900367e-01	6.375824e-01	4.007571e-01	8.636640e+02	2.817824e+00	2.908432e-01	3.192819e-04	3.604196e-04	2.077425e-02	3.516040e-01	3.385760e-01	1.918751e+02	2.850630e-01	4.515631e-01	2.652126e-05	1.019720e-05	9.680587e+02	1.433450e-03	3.671925e+01	4.840734e-02	4.394517e-03	9.106550e+00	
5.041705e-03	7.931425e+00	5.586574e+02	4.480293e+01	3.522977e+00	1.455313e+01	2.255263e-02	2.478973e-05	3.271669e-01	1.472339e+00	2.823765e-02	4.901606e-01	6.378949e-01	3.998718e-01	8.576166e+02	2.806797e+00	2.889865e-01	2.994752e-04	3.610689e-04	2.194066e-02	3.568767e-01	3.406118e-01	2.220491e+02	3.478862e-01	5.465452e-01	2.470846e-05	1.009610e-05	9.890545e+02	1.158524e-03	3.683703e+01	4.825830e-02	5.057192e-03	9.122263e+00	
5.041719e-03	7.849644e+00	5.955536e+02	4.525021e+01	3.880739e+00	1.460086e+01	2.242032e-02	2.539128e-05	3.271473e-01	1.479057e+00	2.985142e-02	4.860925e-01	6.378712e-01	3.981702e-01	8.594015e+02	2.823871e+00	2.905388e-01	2.773128e-04	3.173967e-04	2.099179e-02	3.509088e-01	3.509812e-01	1.858304e+02	3.116741e-01	4.887929e-01	2.522877e-05	1.022625e-05	9.828548e+02	1.032540e-03	3.696860e+01	4.798967e-02	6.728214e-03	9.084121e+00	
5.041724e-03	7.918693e+00	5.500200e+02	4.448793e+01	3.458431e+00	1.457313e+01	2.254956e-02	2.524960e-05	3.271657e-01	1.473361e+00	2.647467e-02	4.939918e-01	6.388088e-01	3.973268e-01	8.528899e+02	2.801306e+00	2.878013e-01	2.894897e-04	3.304175e-04	2.126274e-02	3.596596e-01	3.325875e-01	1.862135e+02	2.869635e-01	4.376055e-01	2.243840e-05	1.010655e-05	9.814062e+02	1.134678e-03	3.679889e+01	4.840692e-02	4.201447e-03	9.093499e+00	
5.041735e-03	7.908478e+00	5.590033e+02	4.504911e+01	3.690093e+00	1.461376e+01	2.247147e-02	2.561116e-05	3.271480e-01	1.486850e+00	2.511650e-02	4.889984e-01	6.391475e-01	3.954595e-01	8.571274e+02	2.796027e+00	2.869223e-01	2.665163e-04	3.014748e-04	2.083163e-02	3.503657e-01	3.495833e-01	1.807291e+02	2.832510e-01	4.518367e-01	2.506666e-05	1.011206e-05	9.714000e+02	1.012957e-03	3.687760e+01	4.822599e-02	3.464251e-03	9.101037e+00	
5.041756e-03	7.890217e+00	5.095239e+02	4.513126e+01	3.762818e+00	1.458728e+01	2.255671e-02	2.531197e-05	3.271581e-01	1.475782e+00	2.909494e-02	4.885487e-01	6.359448e-01	4.046071e-01	8.600655e+02	2.810439e+00	2.900758e-01	2.435707e-04	2.963486e-04	2.236833e-02	3.608409e-01	3.360019e-01	1.904442e+02	3.155361e-01	4.968429e-01	2.538090e-05	1.007843e-05	9.851033e+02	1.282890e-03	3.689058e+01	4.832459e-02	6.159976e-03	9.098174e+00	
5.041830e-03	7.905855e+00	6.715188e+02	4.541585e+01	3.816807e+00	1.458728e+01	2.250931e-02	2.568087e-05	3.271587e-01	1.480785e+00	2.444262e-02	4.903691e-01	6.385217e-01	3.977731e-01	8.355069e+02	2.795002e+00	2.869839e-01	2.672152e-04	3.014445e-04	2.103302e-02	3.579500e-01	3.522266e-01	1.731628e+02	2.482128e-01	3.710570e-01	2.399729e-05	1.024441e-05	9.848645e+02	9.749787e-04	3.681514e+01	4.832629e-02	3.882801e-03	9.126154e+00	
5.041851e-03	7.902598e+00	5.059082e+02	4.480264e+01	3.590606e+00	1.449518e+01	2.267701e-02	2.555663e-05	3.271607e-01	1.469037e+00	2.668674e-02	4.962561e-01	6.382706e-01	3.992329e-01	8.516858e+02	2.800823e+00	2.879362e-01	2.729139e-04	3.149445e-04	2.140094e-02	3.611694e-01	3.292922e-01	1.901733e+02	2.898777e-01	4.487727e-01	2.455836e-05	1.003014e-05	9.747837e+02	1.125163e-03	3.665793e+01	4.862012e-02	3.639120e-03	9.096385e+00	
5.041854e-03	7.923044e+00	6.105213e+02	4.520483e+01	3.833765e+00	1.456364e+01	2.253094e-02	2.526656e-05	3.271525e-01	1.479005e+00	3.118986e-02	4.752282e-01	6.369984e-01	4.020877e-01	8.637712e+02	2.800495e+00	2.875500e-01	2.745530e-04	3.280621e-04	2.209921e-02	3.616553e-01	3.457609e-01	1.881287e+02	2.650321e-01	4.108011e-01	2.554747e-05	1.010459e-05	9.851402e+02	1.124419e-03	3.679206e+01	4.830373e-02	4.923451e-03	9.102579e+00	
5.041885e-03	7.903259e+00	6.052220e+02	4.480883e+01	3.624808e+00	1.449399e+01	2.264032e-02	2.537986e-05	3.271600e-01	1.468209e+00	2.702558e-02	4.984259e-01	6.394430e-01	3.955206e-01	8.541769e+02	2.812698e+00	2.895010e-01	2.703250e-04	3.122071e-04	2.157270e-02	3.615131e-01	3.391767e-01	1.852716e+02	2.677756e-01	4.030693e-01	2.368401e-05	1.007967e-05	9.779088e+02	1.026415e-03	3.665246e+01	4.857085e-02	3.474533e-03	9.083229e+00	
5.041898e-03	7.928785e+00	6.125403e+02	4.446708e+01	3.449859e+00	1.458560e+01	2.244655e-02	2.534620e-05	3.271478e-01	1.469064e+00	2.690992e-02	4.961855e-01	6.406543e-01	3.934789e-01	8.592688e+02	2.791865e+00	2.862229e-01	2.946230e-04	3.533700e-04	2.192825e-02	3.598993e-01	3.414782e-01	2.178403e+02	3.109138e-01	4.937588e-01	1.604107e-05	1.008813e-05	9.832260e+02	1.011676e-03	3.677431e+01	4.825747e-02	2.222646e-03	9.118092e+00	
5.041949e-03	7.865994e+00	6.617410e+02	4.466402e+01	3.525361e+00	1.458812e+01	2.246059e-02	2.528587e-05	3.271705e-01	1.469673e+00	2.757338e-02	4.888285e-01	6.409336e-01	3.910962e-01	8.591649e+02	2.797717e+00	2.862549e-01	3.019040e-04	3.441459e-04	2.111901e-02	3.546832e-01	3.486828e-01	1.958439e+02	2.473032e-01	3.759560e-01	1.890854e-05	1.021949e-05	9.732895e+02	1.015191e-03	3.685513e+01	4.818425e-02	2.542820e-03	9.137700e+00	
5.042005e-03	7.881038e+00	5.576544e+02	4.437865e+01	3.432171e+00	1.466693e+01	2.240283e-02	2.476718e-05	3.271606e-01	1.483514e+00	2.749916e-02	4.865880e-01	6.376074e-01	3.996534e-01	8.578301e+02	2.796366e+00	2.869360e-01	2.565725e-04	2.993487e-04	2.183443e-02	3.631103e-01	3.403720e-01	2.245775e+02	3.243409e-01	5.121065e-01	2.317761e-05	1.011819e-05	9.853836e+02	1.062875e-03	3.706210e+01	4.796876e-02	4.201555e-03	9.088903e+00	
5.042066e-03	7.877499e+00	6.504153e+02	4.504183e+01	3.821495e+00	1.449069e+01	2.261936e-02	2.570003e-05	3.271446e-01	1.474611e+00	2.862437e-02	4.854157e-01	6.388457e-01	3.972031e-01	8.509509e+02	2.810828e+00	2.896325e-01	2.926517e-04	3.343163e-04	2.121967e-02	3.557513e-01	3.541854e-01	1.955202e+02	3.053679e-01	4.891751e-01	2.279691e-05	1.011902e-05	9.870293e+02	9.797797e-04	3.675394e+01	4.836481e-02	3.953075e-03	9.080958e+00	
5.042093e-03	7.875887e+00	5.811109e+02	4.465515e+01	3.535334e+00	1.456143e+01	2.246609e-02	2.519900e-05	3.271526e-01	1.482572e+00	2.957046e-02	4.868369e-01	6.379511e-01	3.980802e-01	8.583175e+02	2.810315e+00	2.889556e-01	2.719987e-04	3.092823e-04	2.118725e-02	3.585657e-01	3.526166e-01	1.984861e+02	2.720131e-01	4.100340e-01	2.314889e-05	1.015758e-05	9.777709e+02	1.055328e-03	3.684039e+01	4.817466e-02	4.788516e-03	9.083483e+00	
5.042093e-03	7.946813e+00	4.897982e+02	4.446797e+01	3.485562e+00	1.454753e+01	2.260832e-02	2.493518e-05	3.271670e-01	1.475354e+00	2.563953e-02	4.980618e-01	6.384957e-01	3.975948e-01	8.576517e+02	2.791013e+00	2.859634e-01	3.038281e-04	3.454938e-04	2.158789e-02	3.641692e-01	3.317200e-01	1.873669e+02	2.619470e-01	4.002953e-01	2.405210e-05	1.008319e-05	9.817065e+02	1.690090e-03	3.670627e+01	4.859493e-02	3.309795e-03	9.099030e+00	
5.042108e-03	7.953527e+00	5.362238e+02	4.438542e+01	3.445104e+00	1.460614e+01	2.246960e-02	2.497270e-05	3.271616e-01	1.477376e+00	2.737137e-02	4.849305e-01	6.390305e-01	3.976188e-01	8.643100e+02	2.809700e+00	2.881329e-01	2.970785e-04	3.471293e-04	2.178516e-02	3.634932e-01	3.410349e-01	1.906224e+02	2.789310e-01	4.325846e-01	2.447523e-05	1.010323e-05	9.847598e+02	1.467082e-03	3.687358e+01	4.823365e-02	3.568493e-03	9.100763e+00	
5.042114e-03	7.897972e+00	5.667720e+02	4.481490e+01	3.553812e+00	1.464715e+01	2.235432e-02	2.492476e-05	3.271539e-01	1.477393e+00	2.191350e-02	4.964453e-01	6.389323e-01	3.965844e-01	8.494121e+02	2.801731e+00	2.870073e-01	3.161707e-04	3.755194e-04	2.178134e-02	3.561284e-01	3.457739e-01	2.084662e+02	3.114755e-01	4.955573e-01	2.283312e-05	1.005825e-05	9.758102e+02	1.181019e-03	3.691848e+01	4.809903e-02	3.066544e-03	9.130471e+00	
5.042149e-03	7.871452e+00	5.784820e+02	4.494939e+01	3.642729e+00	1.452975e+01	2.261071e-02	2.517426e-05	3.271582e-01	1.478538e+00	2.840714e-02	4.882897e-01	6.381473e-01	3.988799e-01	8.530221e+02	2.807711e+00	2.887616e-01	2.888940e-04	3.306182e-04	2.110706e-02	3.555746e-01	3.385364e-01	2.170993e+02	3.354095e-01	5.320395e-01	2.699278e-05	1.011809e-05	9.864109e+02	1.072830e-03	3.665677e+01	4.857430e-02	3.734099e-03	9.121536e+00	
5.042198e-03	7.932313e+00	5.979668e+02	4.493274e+01	3.678943e+00	1.450608e+01	2.257461e-02	2.552732e-05	3.271344e-01	1.491162e+00	2.998496e-02	4.732875e-01	6.383350e-01	3.977910e-01	8.547633e+02	2.791056e+00	2.850921e-01	2.807836e-04	3.165610e-04	2.099643e-02	3.559505e-01	3.455505e-01	2.031611e+02	2.347828e-01	3.544503e-01	2.033986e-05	1.001940e-05	9.893692e+02	1.006561e-03	3.667421e+01	4.843279e-02	4.233080e-03	9.090785e+00	
5.042270e-03	7.927459e+00	5.383542e+02	4.506046e+01	3.747519e+00	1.458496e+01	2.252432e-02	2.524507e-05	3.271446e-01	1.470528e+00	2.873918e-02	4.968612e-01	6.388434e-01	3.971584e-01	8.618657e+02	2.796251e+00	2.870912e-01	2.516301e-04	2.937500e-04	2.158798e-02	3.615598e-01	3.378764e-01	1.966365e+02	3.023458e-01	4.645200e-01	2.207231e-05	1.003884e-05	9.860872e+02	1.039201e-03	3.676400e+01	4.842708e-02	4.442326e-03	9.091969e+00	
5.042314e-03	7.905475e+00	6.286607e+02	4.503253e+01	3.713949e+00	1.463800e+01	2.236806e-02	2.540854e-05	3.271420e-01	1.490806e+00	2.649779e-02	4.869843e-01	6.379621e-01	3.984318e-01	8.467941e+02	2.809643e+00	2.887059e-01	2.678303e-04	3.121888e-04	2.155030e-02	3.564391e-01	3.622885e-01	1.730213e+02	2.496354e-01	3.806948e-01	2.264965e-05	1.015264e-05	9.780409e+02	9.979467e-04	3.687972e+01	4.811297e-02	4.578370e-03	9.110591e+00	
5.042321e-03	7.887037e+00	6.337680e+02	4.447631e+01	3.512699e+00	1.461111e+01	2.239080e-02	2.494954e-05	3.271430e-01	1.484564e+00	2.628281e-02	4.833631e-01	6.387590e-01	3.969049e-01	8.581290e+02	2.788382e+00	2.848266e-01	2.772459e-04	3.173739e-04	2.137218e-02	3.591203e-01	3.573456e-01	2.176086e+02	2.775376e-01	4.276814e-01	1.889619e-05	1.006525e-05	9.815200e+02	1.020006e-03	3.688383e+01	4.807912e-02	2.839762e-03	9.087692e+00	
5.042341e-03	7.858137e+00	5.580534e+02	4.495338e+01	3.703305e+00	1.456327e+01	2.252801e-02	2.547864e-05	3.271640e-01	1.477018e+00	2.858985e-02	4.815309e-01	6.376234e-01	4.001836e-01	8.665185e+02	2.822019e+00	2.902536e-01	2.863597e-04	3.292869e-04	2.106445e-02	3.547677e-01	3.413236e-01	2.038713e+02	2.943016e-01	4.556545e-01	2.554026e-05	1.012209e-05	9.815009e+02	1.156252e-03	3.680095e+01	4.828035e-02	4.513612e-03	9.101784e+00	
5.042350e-03	7.887386e+00	5.623924e+02	4.462001e+01	3.549005e+00	1.446344e+01	2.270728e-02	2.560179e-05	3.271609e-01	1.463870e+00	2.546238e-02	4.963875e-01	6.392027e-01	3.971666e-01	8.623326e+02	2.804608e+00	2.890256e-01	3.048069e-04	3.530933e-04	2.130911e-02	3.569837e-01	3.367884e-01	1.958778e+02	3.391971e-01	5.472512e-01	2.512078e-05	1.011390e-05	9.793891e+02	1.148211e-03	3.663396e+01	4.865010e-02	3.538761e-03	9.098995e+00	
5.042364e-03	7.904897e+00	5.292779e+02	4.484793e+01	3.642821e+00	1.453296e+01	2.261355e-02	2.557107e-05	3.271315e-01	1.482265e+00	2.728745e-02	4.879734e-01	6.380743e-01	3.984033e-01	8.585361e+02	2.797445e+00	2.863059e-01	2.901664e-04	3.292430e-04	2.112312e-02	3.603124e-01	3.482816e-01	2.048274e+02	2.816427e-01	4.369023e-01	1.821840e-05	1.012902e-05	9.719259e+02	1.108791e-03	3.657492e+01	4.876546e-02	2.500915e-03	9.090606e+00	
5.042377e-03	7.872653e+00	5.600811e+02	4.459397e+01	3.459849e+00	1.449627e+01	2.263577e-02	2.497954e-05	3.271880e-01	1.466548e+00	2.476220e-02	5.074414e-01	6.399298e-01	3.943787e-01	8.515609e+02	2.797011e+00	2.869910e-01	3.159765e-04	3.648586e-04	2.144824e-02	3.576815e-01	3.353929e-01	2.360432e+02	3.117078e-01	4.936795e-01	1.964067e-05	1.012359e-05	9.770221e+02	1.088334e-03	3.656053e+01	4.874106e-02	3.499975e-03	9.127940e+00	
5.042410e-03	7.866049e+00	6.616263e+02	4.468645e+01	3.511611e+00	1.463161e+01	2.236731e-02	2.476705e-05	3.271778e-01	1.485159e+00	2.452661e-02	4.838922e-01	6.396105e-01	3.938664e-01	8.674046e+02	2.785791e+00	2.847817e-01	3.052739e-04	3.459600e-04	2.055706e-02	3.445609e-01	3.518329e-01	1.786166e+02	2.631693e-01	3.965492e-01	2.058763e-05	1.009993e-05	9.765194e+02	9.476272e-04	3.685697e+01	4.815888e-02	3.177265e-03	9.101064e+00	
5.042444e-03	7.837772e+00	6.780783e+02	4.513451e+01	3.779635e+00	1.457889e+01	2.250666e-02	2.498211e-05	3.271881e-01	1.484902e+00	2.549679e-02	4.894463e-01	6.402435e-01	3.928828e-01	8.517321e+02	2.797703e+00	2.860447e-01	2.675824e-04	3.024630e-04	2.076006e-02	3.502235e-01	3.509883e-01	1.843439e+02	2.603413e-01	4.008655e-01	2.252719e-05	1.008453e-05	9.783576e+02	9.978279e-04	3.672073e+01	4.842230e-02	2.869623e-03	9.114802e+00	
5.042462e-03	7.866701e+00	6.076058e+02	4.454181e+01	3.510876e+00	1.455398e+01	2.255859e-02	2.494932e-05	3.271751e-01	1.483133e+00	2.644258e-02	4.822548e-01	6.386376e-01	3.967849e-01	8.491779e+02	2.807468e+00	2.876623e-01	3.156060e-04	3.556828e-04	2.101078e-02	3.562924e-01	3.469830e-01	1.913580e+02	2.873708e-01	4.481361e-01	2.836955e-05	1.014757e-05	9.760497e+02	1.339959e-03	3.681448e+01	4.832298e-02	3.368608e-03	9.115109e+00	
5.042601e-03	7.854744e+00	5.245714e+02	4.446908e+01	3.425110e+00	1.456209e+01	2.255297e-02	2.476402e-05	3.271693e-01	1.494097e+00	3.455545e-02	4.684272e-01	6.376655e-01	3.999193e-01	8.698565e+02	2.816811e+00	2.903869e-01	2.603135e-04	2.962668e-04	2.123036e-02	3.606673e-01	3.402748e-01	1.991717e+02	2.528051e-01	3.815148e-01	2.198745e-05	1.006892e-05	9.780815e+02	1.072798e-03	3.670421e+01	4.850787e-02	4.732085e-03	9.107205e+00	
5.042605e-03	7.874637e+00	4.954213e+02	4.463188e+01	3.496361e+00	1.451120e+01	2.266925e-02	2.488576e-05	3.271725e-01	1.476359e+00	2.398079e-02	4.929051e-01	6.373473e-01	4.009698e-01	8.595573e+02	2.804141e+00	2.869886e-01	3.163329e-04	3.750224e-04	2.162080e-02	3.557529e-01	3.405659e-01	2.140086e+02	3.624191e-01	6.097846e-01	2.252164e-05	1.010431e-05	9.866123e+02	1.410937e-03	3.666494e+01	4.862732e-02	4.656597e-03	9.093817e+00	
5.042614e-03	7.893725e+00	5.242452e+02	4.425920e+01	3.383646e+00	1.454436e+01	2.255894e-02	2.550283e-05	3.271632e-01	1.474284e+00	3.140595e-02	4.811642e-01	6.403638e-01	3.929031e-01	8.466156e+02	2.802719e+00	2.869913e-01	2.906826e-04	3.293374e-04	2.140821e-02	3.624457e-01	3.351573e-01	2.017463e+02	2.402366e-01	3.557002e-01	1.784322e-05	1.021734e-05	9.785503e+02	1.088756e-03	3.671381e+01	4.849064e-02	3.626782e-03	9.100024e+00	
5.042614e-03	7.925139e+00	5.681507e+02	4.528968e+01	3.774778e+00	1.455397e+01	2.254436e-02	2.540631e-05	3.271399e-01	1.484678e+00	3.391570e-02	4.746968e-01	6.371627e-01	4.019796e-01	8.632355e+02	2.797609e+00	2.868721e-01	2.608848e-04	3.064882e-04	2.173162e-02	3.637712e-01	3.484766e-01	1.994395e+02	2.769293e-01	4.287373e-01	2.325530e-05	1.005682e-05	9.816633e+02	1.118645e-03	3.681004e+01	4.828299e-02	3.858057e-03	9.096553e+00	
5.042669e-03	7.900294e+00	6.352372e+02	4.458088e+01	3.508334e+00	1.455378e+01	2.250200e-02	2.501770e-05	3.271716e-01	1.468413e+00	3.007163e-02	4.938982e-01	6.408124e-01	3.917614e-01	8.524401e+02	2.797098e+00	2.869457e-01	2.851490e-04	3.280380e-04	2.156415e-02	3.602309e-01	3.388941e-01	2.097633e+02	2.575551e-01	3.943113e-01	1.944262e-05	1.020832e-05	9.913053e+02	9.216354e-04	3.672847e+01	4.833903e-02	3.526213e-03	9.108191e+00	
5.042709e-03	7.887723e+00	5.785305e+02	4.412154e+01	3.292527e+00	1.455450e+01	2.253439e-02	2.534106e-05	3.271661e-01	1.476170e+00	2.652253e-02	4.885433e-01	6.409520e-01	3.916001e-01	8.499983e+02	2.798510e+00	2.868998e-01	2.991202e-04	3.314536e-04	2.094369e-02	3.609786e-01	3.299151e-01	2.044527e+02	2.518972e-01	3.824620e-01	2.096094e-05	1.020473e-05	9.761483e+02	1.052928e-03	3.674198e+01	4.836109e-02	2.694595e-03	9.124371e+00	
5.042729e-03	7.902745e+00	5.602951e+02	4.452287e+01	3.528905e+00	1.452609e+01	2.259940e-02	2.500771e-05	3.271558e-01	1.482001e+00	2.894574e-02	4.893812e-01	6.392447e-01	3.951296e-01	8.495430e+02	2.802179e+00	2.873881e-01	2.627024e-04	2.948412e-04	2.099730e-02	3.581794e-01	3.333450e-01	2.126799e+02	2.926152e-01	4.417680e-01	2.101547e-05	1.001757e-05	9.775141e+02	9.410234e-04	3.670570e+01	4.845133e-02	4.387640e-03	9.095486e+00	
5.042789e-03	7.858054e+00	5.808097e+02	4.499365e+01	3.634810e+00	1.449508e+01	2.265230e-02	2.541950e-05	3.271785e-01	1.475515e+00	2.859239e-02	4.917026e-01	6.389536e-01	3.969982e-01	8.711200e+02	2.818398e+00	2.904267e-01	3.378114e-04	3.867104e-04	2.108922e-02	3.561516e-01	3.455854e-01	2.107054e+02	3.281297e-01	5.139297e-01	2.156107e-05	1.013397e-05	9.848783e+02	1.191588e-03	3.665691e+01	4.853103e-02	2.673226e-03	9.103731e+00	
5.042905e-03	7.865315e+00	5.430068e+02	4.453379e+01	3.468322e+00	1.452065e+01	2.259673e-02	2.518055e-05	3.271880e-01	1.473913e+00	3.050881e-02	4.903687e-01	6.386462e-01	3.966720e-01	8.554961e+02	2.815144e+00	2.897865e-01	3.041007e-04	3.513857e-04	2.134941e-02	3.547039e-01	3.280146e-01	2.067249e+02	3.171038e-01	4.961157e-01	2.291763e-05	1.016369e-05	9.791959e+02	1.096615e-03	3.677272e+01	4.833565e-02	5.653925e-03	9.093540e+00	
5.042922e-03	7.906727e+00	5.666629e+02	4.472691e+01	3.552696e+00	1.460779e+01	2.244391e-02	2.510301e-05	3.271807e-01	1.483887e+00	3.293721e-02	4.731016e-01	6.396126e-01	3.958436e-01	8.695536e+02	2.798785e+00	2.872103e-01	2.781639e-04	3.111454e-04	2.114189e-02	3.608226e-01	3.415744e-01	1.881670e+02	2.236688e-01	3.341096e-01	2.363718e-05	1.020648e-05	9.774086e+02	1.243121e-03	3.689075e+01	4.818108e-02	3.166551e-03	9.119045e+00	
5.042946e-03	7.882135e+00	5.672168e+02	4.458118e+01	3.509504e+00	1.449156e+01	2.267071e-02	2.545585e-05	3.271729e-01	1.468946e+00	2.649834e-02	4.972368e-01	6.385779e-01	3.976578e-01	8.689535e+02	2.810536e+00	2.887858e-01	3.157181e-04	3.639630e-04	2.131911e-02	3.572347e-01	3.451600e-01	2.045000e+02	2.691170e-01	4.162844e-01	2.267722e-05	1.017053e-05	9.831711e+02	1.257250e-03	3.656839e+01	4.872351e-02	3.520388e-03	9.104422e+00	
5.042983e-03	7.963055e+00	5.792827e+02	4.448641e+01	3.502834e+00	1.452619e+01	2.254659e-02	2.549267e-05	3.271398e-01	1.475304e+00	2.476654e-02	4.958066e-01	6.398583e-01	3.937454e-01	8.556570e+02	2.789739e+00	2.858016e-01	3.130205e-04	3.494170e-04	2.105580e-02	3.591229e-01	3.389903e-01	1.983550e+02	2.749065e-01	4.122831e-01	2.012156e-05	1.003685e-05	9.731333e+02	1.099677e-03	3.659107e+01	4.861161e-02	2.346514e-03	9.100118e+00	
5.043082e-03	7.918003e+00	6.127735e+02	4.481387e+01	3.551110e+00	1.453218e+01	2.257797e-02	2.541695e-05	3.271462e-01	1.480808e+00	3.008113e-02	4.853363e-01	6.388660e-01	3.963198e-01	8.608773e+02	2.802796e+00	2.875751e-01	2.825686e-04	3.248193e-04	2.134391e-02	3.591665e-01	3.525400e-01	1.975704e+02	2.688531e-01	4.062885e-01	2.267476e-05	1.004193e-05	9.868143e+02	1.023466e-03	3.667604e+01	4.847791e-02	3.194647e-03	9.095807e+00	
5.043124e-03	7.898848e+00	5.146418e+02	4.457178e+01	3.546892e+00	1.452279e+01	2.263399e-02	2.582837e-05	3.271488e-01	1.470594e+00	3.170800e-02	4.895746e-01	6.384426e-01	3.983328e-01	8.582304e+02	2.816652e+00	2.895575e-01	2.694781e-04	3.154167e-04	2.162852e-02	3.595137e-01	3.352402e-01	1.822689e+02	2.824694e-01	4.398850e-01	2.546818e-05	1.017301e-05	9.777053e+02	1.146862e-03	3.680420e+01	4.834159e-02	5.839575e-03	9.082219e+00	
5.043175e-03	7.850517e+00	6.304689e+02	4.485166e+01	3.609123e+00	1.451312e+01	2.264738e-02	2.531878e-05	3.271717e-01	1.467134e+00	3.105074e-02	4.901689e-01	6.387235e-01	3.980925e-01	8.571366e+02	2.817767e+00	2.902869e-01	3.130080e-04	3.639128e-04	2.141753e-02	3.582977e-01	3.483517e-01	2.084118e+02	3.354022e-01	5.390289e-01	2.321924e-05	1.006728e-05	9.858025e+02	1.171506e-03	3.675738e+01	4.843484e-02	3.888594e-03	9.120997e+00	
5.043243e-03	7.912856e+00	5.529112e+02	4.468740e+01	3.477089e+00	1.456091e+01	2.254286e-02	2.480525e-05	3.271670e-01	1.473460e+00	3.054976e-02	4.853981e-01	6.396011e-01	3.954584e-01	8.597553e+02	2.807922e+00	2.885331e-01	3.049264e-04	3.478687e-04	2.146248e-02	3.617862e-01	3.265865e-01	2.029428e+02	2.900333e-01	4.534828e-01	2.472418e-05	1.010591e-05	9.785188e+02	1.274665e-03	3.682902e+01	4.825256e-02	3.300474e-03	9.123991e+00	
5.043296e-03	7.857827e+00	5.689546e+02	4.425541e+01	3.310603e+00	1.455156e+01	2.255660e-02	2.527244e-05	3.272136e-01	1.461840e+00	2.395979e-02	5.102970e-01	6.405631e-01	3.921908e-01	8.575146e+02	2.819416e+00	2.916002e-01	3.218879e-04	3.800620e-04	2.172144e-02	3.551232e-01	3.442604e-01	1.957115e+02	3.280666e-01	5.183824e-01	2.138326e-05	1.017429e-05	9.698799e+02	1.341932e-03	3.670803e+01	4.847918e-02	2.546594e-03	9.142321e+00	
5.043306e-03	7.872756e+00	5.959573e+02	4.465106e+01	3.582053e+00	1.465975e+01	2.231288e-02	2.530401e-05	3.271849e-01	1.466289e+00	2.893532e-02	4.967971e-01	6.395796e-01	3.947540e-01	8.847930e+02	2.826633e+00	2.923527e-01	2.903751e-04	3.359915e-04	2.118966e-02	3.496975e-01	3.476667e-01	1.932382e+02	2.790744e-01	4.381277e-01	2.372839e-05	1.023190e-05	9.713588e+02	1.216701e-03	3.699096e+01	4.794503e-02	3.240809e-03	9.122672e+00	
5.043309e-03	7.898841e+00	6.111342e+02	4.470658e+01	3.530456e+00	1.462074e+01	2.242267e-02	2.558113e-05	3.271456e-01	1.480098e+00	2.950335e-02	4.845996e-01	6.408454e-01	3.918833e-01	8.469664e+02	2.802112e+00	2.871361e-01	3.266323e-04	3.654991e-04	2.085581e-02	3.556436e-01	3.461969e-01	1.893580e+02	2.872834e-01	4.453564e-01	2.475802e-05	1.018786e-05	9.775176e+02	1.143831e-03	3.688186e+01	4.815543e-02	3.432750e-03	9.112682e+00	
5.043310e-03	7.876588e+00	5.950971e+02	4.503550e+01	3.644219e+00	1.450458e+01	2.257650e-02	2.496066e-05	3.271672e-01	1.480372e+00	2.960198e-02	4.807126e-01	6.387451e-01	3.963995e-01	8.564547e+02	2.808136e+00	2.885161e-01	2.696372e-04	3.081592e-04	2.122379e-02	3.553807e-01	3.379828e-01	1.884212e+02	2.946647e-01	4.546199e-01	2.140468e-05	1.014367e-05	9.867222e+02	9.754551e-04	3.669798e+01	4.837695e-02	5.325396e-03	9.089297e+00	
5.043328e-03	7.942198e+00	5.487860e+02	4.498767e+01	3.640347e+00	1.454603e+01	2.259529e-02	2.535317e-05	3.271259e-01	1.458206e+00	3.097035e-02	4.985482e-01	6.388835e-01	3.971701e-01	8.642317e+02	2.798690e+00	2.862079e-01	2.969499e-04	3.576441e-04	2.214205e-02	3.623018e-01	3.208807e-01	2.194148e+02	3.866633e-01	6.362131e-01	2.268582e-05	1.004340e-05	9.854587e+02	1.078617e-03	3.681586e+01	4.834738e-02	4.409880e-03	9.106549e+00	
5.043414e-03	7.894775e+00	5.053685e+02	4.492706e+01	3.702142e+00	1.460090e+01	2.253823e-02	2.529640e-05	3.271465e-01	1.482637e+00	2.431550e-02	4.951990e-01	6.366621e-01	4.023415e-01	8.574768e+02	2.796881e+00	2.860630e-01	2.698839e-04	3.165258e-04	2.129060e-02	3.537547e-01	3.500676e-01	1.925821e+02	3.169805e-01	4.878158e-01	2.441870e-05	1.004743e-05	9.780481e+02	1.159145e-03	3.684296e+01	4.843143e-02	5.292748e-03	9.078662e+00	
5.043431e-03	7.864042e+00	5.665032e+02	4.444990e+01	3.480209e+00	1.459156e+01	2.249980e-02	2.480380e-05	3.271848e-01	1.467245e+00	2.646332e-02	4.941998e-01	6.393762e-01	3.952010e-01	8.808492e+02	2.797137e+00	2.871038e-01	3.119233e-04	3.633351e-04	2.124960e-02	3.510288e-01	3.295739e-01	2.253478e+02	3.314829e-01	5.251327e-01	2.028323e-05	1.019473e-05	9.870814e+02	1.168423e-03	3.686149e+01	4.820029e-02	2.974549e-03	9.120203e+00	
5.043498e-03	7.850302e+00	5.975766e+02	4.500654e+01	3.706903e+00	1.460131e+01	2.241568e-02	2.543184e-05	3.271707e-01	1.479205e+00	3.083223e-02	4.859920e-01	6.393311e-01	3.958812e-01	8.740803e+02	2.810731e+00	2.890068e-01	2.860140e-04	3.232549e-04	2.055868e-02	3.506040e-01	3.443911e-01	1.974504e+02	2.693755e-01	4.039433e-01	2.093355e-05	1.022600e-05	9.814396e+02	9.477198e-04	3.689763e+01	4.806367e-02	3.727636e-03	9.108036e+00	
5.043565e-03	7.841701e+00	5.637051e+02	4.494181e+01	3.645582e+00	1.449878e+01	2.266493e-02	2.540993e-05	3.271852e-01	1.471648e+00	2.640661e-02	4.971974e-01	6.371606e-01	3.998362e-01	8.547566e+02	2.815733e+00	2.893754e-01	2.933029e-04	3.428989e-04	2.141325e-02	3.508922e-01	3.427159e-01	2.074290e+02	2.625892e-01	4.098618e-01	2.447112e-05	1.013956e-05	9.782307e+02	1.178736e-03	3.660655e+01	4.865268e-02	4.951638e-03	9.107087e+00	
5.043571e-03	7.921595e+00	5.846888e+02	4.533608e+01	3.790579e+00	1.456446e+01	2.253765e-02	2.597897e-05	3.271386e-01	1.484100e+00	2.725198e-02	4.904288e-01	6.412004e-01	3.911511e-01	8.456693e+02	2.804728e+00	2.884773e-01	2.909981e-04	3.230449e-04	2.091879e-02	3.597762e-01	3.402525e-01	1.682800e+02	2.467380e-01	3.794768e-01	2.507341e-05	1.012074e-05	9.609605e+02	1.032508e-03	3.670238e+01	4.852250e-02	2.907521e-03	9.111048e+00	
5.043638e-03	7.865446e+00	6.062125e+02	4.505186e+01	3.715054e+00	1.453246e+01	2.258262e-02	2.573586e-05	3.271322e-01	1.469947e+00	3.178919e-02	4.832349e-01	6.387403e-01	3.976650e-01	8.699021e+02	2.808335e+00	2.888918e-01	2.861644e-04	3.337747e-04	2.127997e-02	3.556685e-01	3.578022e-01	1.945411e+02	3.267979e-01	5.248174e-01	2.043376e-05	1.006199e-05	9.742250e+02	1.040651e-03	3.680706e+01	4.833298e-02	3.514271e-03	9.058645e+00	
5.043640e-03	7.926520e+00	6.615349e+02	4.454742e+01	3.536721e+00	1.454285e+01	2.255672e-02	2.568734e-05	3.271351e-01	1.492807e+00	2.816896e-02	4.743246e-01	6.373618e-01	3.998572e-01	8.469368e+02	2.792279e+00	2.852543e-01	3.001236e-04	3.451198e-04	2.133462e-02	3.595635e-01	3.659089e-01	1.725957e+02	2.439200e-01	3.558862e-01	2.242341e-05	1.010700e-05	9.894053e+02	1.115083e-03	3.676546e+01	4.837119e-02	3.923696e-03	9.091756e+00	
5.043910e-03	7.894161e+00	5.873338e+02	4.526780e+01	3.904210e+00	1.460806e+01	2.241389e-02	2.583568e-05	3.271323e-01	1.477077e+00	2.748163e-02	4.931256e-01	6.403418e-01	3.924096e-01	8.415777e+02	2.808026e+00	2.883917e-01	2.366524e-04	2.693559e-04	2.138503e-02	3.626234e-01	3.440786e-01	1.771474e+02	2.783254e-01	4.204662e-01	1.990445e-05	1.012417e-05	9.778691e+02	9.451840e-04	3.690211e+01	4.811133e-02	4.000682e-03	9.101706e+00	
5.043957e-03	7.931822e+00	5.956428e+02	4.478057e+01	3.673851e+00	1.452887e+01	2.260091e-02	2.544952e-05	3.271449e-01	1.485610e+00	2.738005e-02	4.846630e-01	6.380588e-01	3.994212e-01	8.666682e+02	2.814409e+00	2.894637e-01	2.751139e-04	3.106116e-04	2.086770e-02	3.544611e-01	3.564123e-01	1.639473e+02	2.575416e-01	3.926117e-01	3.132743e-05	1.009672e-05	9.757606e+02	1.217240e-03	3.678509e+01	4.837509e-02	4.594453e-03	9.066626e+00	
5.043986e-03	7.864465e+00	6.105316e+02	4.441944e+01	3.397771e+00	1.457457e+01	2.251524e-02	2.512718e-05	3.271663e-01	1.481491e+00	2.889743e-02	4.805988e-01	6.402366e-01	3.930877e-01	8.411532e+02	2.786728e+00	2.850012e-01	3.374083e-04	3.791539e-04	2.053738e-02	3.489821e-01	3.572406e-01	2.040761e+02	3.130127e-01	4.989575e-01	1.752348e-05	1.020734e-05	9.856327e+02	9.666625e-04	3.673228e+01	4.841426e-02	3.310943e-03	9.103484e+00	
5.044119e-03	7.915960e+00	6.322160e+02	4.460828e+01	3.601722e+00	1.454984e+01	2.258104e-02	2.575635e-05	3.271343e-01	1.479135e+00	2.825343e-02	4.896980e-01	6.387750e-01	3.968984e-01	8.458176e+02	2.800826e+00	2.866190e-01	2.892794e-04	3.256539e-04	2.111237e-02	3.591851e-01	3.467787e-01	1.905675e+02	2.811147e-01	4.461135e-01	2.366420e-05	1.013483e-05	9.735716e+02	1.048124e-03	3.674312e+01	4.847340e-02	3.480309e-03	9.099814e+00	
5.044140e-03	7.933092e+00	6.361576e+02	4.462797e+01	3.578054e+00	1.465886e+01	2.234162e-02	2.516114e-05	3.271330e-01	1.476872e+00	2.495041e-02	4.887055e-01	6.394923e-01	3.964337e-01	8.621040e+02	2.806056e+00	2.882827e-01	3.008787e-04	3.538208e-04	2.137194e-02	3.552233e-01	3.579675e-01	1.909503e+02	2.987716e-01	4.681348e-01	2.293976e-05	1.018183e-05	9.912965e+02	1.064222e-03	3.710105e+01	4.778266e-02	3.900377e-03	9.109695e+00	
5.044240e-03	7.846236e+00	5.978414e+02	4.507470e+01	3.759534e+00	1.448238e+01	2.266244e-02	2.600234e-05	3.271712e-01	1.468306e+00	3.040814e-02	4.971779e-01	6.388268e-01	3.968064e-01	8.532222e+02	2.827775e+00	2.918297e-01	2.888628e-04	3.315782e-04	2.127067e-02	3.590919e-01	3.456464e-01	2.161339e+02	3.299306e-01	5.093122e-01	2.160884e-05	1.016837e-05	9.817137e+02	1.044664e-03	3.672866e+01	4.841358e-02	3.736593e-03	9.111074e+00	
