f	x(1)	x(2)	x(3)	x(4)	x(5)	x(6)	x(7)	x(8)	x(9)	x(10)	x(11)	x(12)	x(13)	x(14)	x(15)	x(16)	x(17)	x(18)	x(19)	x(20)	x(21)	x(22)	x(23)	x(24)	x(25)	x(26)	x(27)	x(28)	x(29)	x(30)	x(31)	x(32)	
4.471372e-03	2.007855e-01	1.225751e-03	5.796907e-01	7.222187e-03	1.423852e+01	2.516717e-02	3.039999e-01	3.215918e-01	1.708884e+00	9.860254e-05	2.518156e-01	8.243186e-01	1.594342e-02	7.886650e-02	3.013260e+00	3.467231e-01	1.005043e-05	2.922149e-05	2.505089e-02	2.150767e-01	1.383530e-05	1.082205e-05	1.215645e-01	1.725307e-01	1.732030e+01	6.218414e+02	1.030152e-02	1.534310e+00	3.774404e+01	5.051391e-02	3.257320e+01	3.517298e-03	
4.471931e-03	2.069224e-01	1.247393e-03	4.790969e-01	5.967866e-03	1.411323e+01	2.546267e-02	3.022948e-01	3.215480e-01	1.706463e+00	1.293699e-04	2.515863e-01	8.237258e-01	1.602484e-02	7.879729e-02	3.014550e+00	3.463368e-01	1.005139e-05	2.906075e-05	2.598809e-02	2.257496e-01	1.408290e-05	1.043784e-05	1.189196e-01	1.682974e-01	1.789100e+01	6.180925e+02	1.020564e-02	1.565900e+00	3.764349e+01	5.076570e-02	3.263618e+01	2.793344e-03	
4.471990e-03	2.093259e-01	1.239354e-03	4.970312e-01	6.200255e-03	1.419591e+01	2.529630e-02	3.053014e-01	3.215228e-01	1.699069e+00	7.576906e-05	2.632026e-01	8.244721e-01	1.647948e-02	8.438283e-02	3.015281e+00	3.470221e-01	1.004786e-05	2.878446e-05	2.517761e-02	2.176153e-01	1.423775e-05	1.082150e-05	1.195117e-01	1.685736e-01	1.560417e+01	6.385491e+02	1.027682e-02	1.559082e+00	3.759008e+01	5.089541e-02	3.261396e+01	3.290713e-03	
4.472553e-03	2.077014e-01	1.236503e-03	5.476017e-01	6.829555e-03	1.418650e+01	2.535152e-02	3.045377e-01	3.215192e-01	1.705006e+00	6.815989e-05	2.516023e-01	8.239337e-01	1.656739e-02	8.291751e-02	2.984956e+00	3.411891e-01	1.004997e-05	2.912919e-05	2.511390e-02	2.159045e-01	1.421312e-05	1.054689e-05	1.184262e-01	1.674167e-01	1.658239e+01	6.421931e+02	1.025400e-02	1.535248e+00	3.756657e+01	5.096282e-02	3.269496e+01	3.158903e-03	
4.472667e-03	2.089263e-01	1.238727e-03	4.901707e-01	6.097147e-03	1.417587e+01	2.532998e-02	3.091994e-01	3.214663e-01	1.722421e+00	8.611931e-05	2.459599e-01	8.242493e-01	1.667707e-02	8.409692e-02	2.985960e+00	3.406348e-01	1.005381e-05	2.892732e-05	2.429269e-02	2.090780e-01	1.422993e-05	1.039764e-05	1.203973e-01	1.704762e-01	1.550385e+01	6.272233e+02	1.029035e-02	1.558694e+00	3.742282e+01	5.115708e-02	3.264606e+01	3.076915e-03	
4.472686e-03	2.029059e-01	1.198983e-03	4.889129e-01	6.075040e-03	1.428750e+01	2.514024e-02	3.062482e-01	3.214702e-01	1.694164e+00	6.550589e-05	2.600927e-01	8.235669e-01	1.775939e-02	8.930005e-02	3.005088e+00	3.449703e-01	1.006794e-05	2.879548e-05	2.455066e-02	2.133266e-01	1.494843e-05	1.075118e-05	1.233465e-01	1.759428e-01	1.481279e+01	6.051060e+02	1.020657e-02	1.589208e+00	3.782567e+01	5.050396e-02	3.262010e+01	4.725815e-03	
4.472709e-03	1.898526e-01	1.179689e-03	4.575488e-01	5.669317e-03	1.416135e+01	2.544197e-02	3.044985e-01	3.215825e-01	1.715202e+00	5.956694e-05	2.483151e-01	8.232568e-01	1.682658e-02	8.354413e-02	3.004561e+00	3.443234e-01	1.005414e-05	2.922015e-05	2.523558e-02	2.174011e-01	1.435588e-05	1.063942e-05	1.195113e-01	1.696796e-01	1.677163e+01	6.452064e+02	1.022991e-02	1.571230e+00	3.779725e+01	5.065640e-02	3.261082e+01	3.441815e-03	
4.472867e-03	1.997181e-01	1.203598e-03	6.400484e-01	7.984891e-03	1.415784e+01	2.541297e-02	3.061078e-01	3.215222e-01	1.708029e+00	6.841951e-05	2.518579e-01	8.240244e-01	1.694809e-02	8.608889e-02	2.993397e+00	3.418011e-01	1.005951e-05	2.923710e-05	2.473816e-02	2.125339e-01	1.417170e-05	1.059086e-05	1.193766e-01	1.673441e-01	1.616911e+01	6.334844e+02	1.022475e-02	1.581084e+00	3.744168e+01	5.119680e-02	3.264944e+01	3.210019e-03	
4.472970e-03	1.997145e-01	1.256696e-03	6.089084e-01	7.617115e-03	1.436320e+01	2.504188e-02	3.010542e-01	3.216850e-01	1.714569e+00	6.913103e-05	2.408647e-01	8.230216e-01	1.822070e-02	9.097858e-02	2.994236e+00	3.422476e-01	1.005304e-05	2.837870e-05	2.361416e-02	2.051460e-01	1.534521e-05	1.086664e-05	1.179559e-01	1.681507e-01	1.491271e+01	6.092858e+02	1.021514e-02	1.531320e+00	3.819534e+01	4.997940e-02	3.254539e+01	2.511839e-03	
4.473035e-03	2.022508e-01	1.231991e-03	5.339271e-01	6.649645e-03	1.430889e+01	2.507403e-02	3.032471e-01	3.215732e-01	1.707750e+00	4.996195e-05	2.466876e-01	8.242705e-01	1.626324e-02	8.137647e-02	2.984284e+00	3.399374e-01	1.005377e-05	2.871397e-05	2.447231e-02	2.122131e-01	1.453391e-05	1.063550e-05	1.182638e-01	1.691863e-01	1.447384e+01	6.141785e+02	1.025282e-02	1.545268e+00	3.787656e+01	5.036199e-02	3.261223e+01	2.665228e-03	
4.473099e-03	2.027413e-01	1.189148e-03	5.584343e-01	6.955110e-03	1.424087e+01	2.513565e-02	3.057605e-01	3.214988e-01	1.711893e+00	8.412185e-05	2.558483e-01	8.247137e-01	1.600324e-02	8.153259e-02	3.010699e+00	3.460316e-01	1.006374e-05	2.837742e-05	2.533620e-02	2.221981e-01	1.423556e-05	1.068778e-05	1.187364e-01	1.671514e-01	1.489613e+01	6.456753e+02	1.035367e-02	1.551228e+00	3.768840e+01	5.055014e-02	3.261239e+01	3.590089e-03	
4.473215e-03	2.107926e-01	1.264378e-03	6.174222e-01	7.666492e-03	1.427027e+01	2.514038e-02	3.030447e-01	3.215994e-01	1.715943e+00	7.742769e-05	2.487875e-01	8.238571e-01	1.628484e-02	8.070663e-02	2.987004e+00	3.411365e-01	1.005659e-05	2.872598e-05	2.394317e-02	2.064580e-01	1.482739e-05	1.058848e-05	1.197347e-01	1.681434e-01	1.473987e+01	6.066613e+02	1.023654e-02	1.558769e+00	3.779878e+01	5.046903e-02	3.267758e+01	2.440691e-03	
4.473241e-03	1.966128e-01	1.187155e-03	5.470737e-01	6.814405e-03	1.413164e+01	2.541490e-02	3.042008e-01	3.215533e-01	1.709568e+00	8.363716e-05	2.497466e-01	8.236710e-01	1.672262e-02	8.320683e-02	3.002104e+00	3.444659e-01	1.004546e-05	2.886305e-05	2.602767e-02	2.255960e-01	1.335772e-05	1.026593e-05	1.191410e-01	1.676556e-01	1.867825e+01	6.407690e+02	1.026896e-02	1.527520e+00	3.762234e+01	5.074888e-02	3.268929e+01	2.936115e-03	
4.473302e-03	2.117716e-01	1.269136e-03	5.685390e-01	7.075733e-03	1.427390e+01	2.511915e-02	3.131457e-01	3.213800e-01	1.691885e+00	7.969625e-05	2.600492e-01	8.242484e-01	1.782748e-02	9.190824e-02	3.027593e+00	3.503261e-01	1.005540e-05	2.901438e-05	2.456536e-02	2.117158e-01	1.418693e-05	1.072698e-05	1.250163e-01	1.764844e-01	1.638789e+01	6.313876e+02	1.033628e-02	1.528136e+00	3.778339e+01	5.047302e-02	3.255759e+01	4.748589e-03	
4.473317e-03	1.970358e-01	1.150890e-03	6.088328e-01	7.587451e-03	1.424791e+01	2.521794e-02	3.069359e-01	3.215002e-01	1.709966e+00	9.892613e-05	2.522213e-01	8.249522e-01	1.671856e-02	8.651856e-02	2.997981e+00	3.431540e-01	1.005488e-05	2.857680e-05	2.483490e-02	2.156383e-01	1.411141e-05	1.041850e-05	1.173810e-01	1.678927e-01	1.488209e+01	6.356141e+02	1.033945e-02	1.538188e+00	3.772735e+01	5.066125e-02	3.258474e+01	3.183688e-03	
4.473343e-03	1.996998e-01	1.218520e-03	6.716381e-01	8.411247e-03	1.418620e+01	2.534635e-02	3.071702e-01	3.215102e-01	1.703770e+00	7.456261e-05	2.503745e-01	8.236456e-01	1.799406e-02	9.276983e-02	3.022311e+00	3.475963e-01	1.005114e-05	2.848778e-05	2.470896e-02	2.148718e-01	1.493221e-05	1.056260e-05	1.186667e-01	1.690083e-01	1.492008e+01	6.656821e+02	1.032274e-02	1.524775e+00	3.753697e+01	5.098576e-02	3.249902e+01	2.952576e-03	
4.473432e-03	2.076747e-01	1.226372e-03	5.703878e-01	7.096148e-03	1.424903e+01	2.512360e-02	3.040160e-01	3.215358e-01	1.707093e+00	1.231582e-04	2.562786e-01	8.244546e-01	1.583189e-02	7.949268e-02	3.014537e+00	3.469024e-01	1.005500e-05	2.839124e-05	2.521949e-02	2.203862e-01	1.424146e-05	1.042588e-05	1.209406e-01	1.700219e-01	1.748016e+01	6.151153e+02	1.034245e-02	1.534762e+00	3.765067e+01	5.064823e-02	3.260217e+01	3.954628e-03	
4.473456e-03	2.000235e-01	1.175919e-03	4.945892e-01	6.171265e-03	1.420096e+01	2.538827e-02	3.071384e-01	3.214886e-01	1.706112e+00	7.062456e-05	2.525183e-01	8.245160e-01	1.673245e-02	8.600466e-02	3.015898e+00	3.471363e-01	1.005992e-05	2.915110e-05	2.478127e-02	2.123725e-01	1.419204e-05	1.038279e-05	1.174004e-01	1.675137e-01	1.546617e+01	6.013865e+02	1.035511e-02	1.530924e+00	3.741262e+01	5.136124e-02	3.254365e+01	3.635463e-03	
4.473461e-03	1.835163e-01	1.122805e-03	4.829627e-01	6.006147e-03	1.413238e+01	2.546036e-02	2.975461e-01	3.217233e-01	1.715778e+00	6.084692e-05	2.439849e-01	8.232402e-01	1.765925e-02	8.840576e-02	2.993419e+00	3.417227e-01	1.005432e-05	2.850911e-05	2.534751e-02	2.208853e-01	1.376966e-05	1.035680e-05	1.186072e-01	1.699894e-01	1.517264e+01	6.330302e+02	1.017231e-02	1.560054e+00	3.768794e+01	5.075100e-02	3.260076e+01	3.181334e-03	
4.473480e-03	1.961919e-01	1.158162e-03	5.224513e-01	6.507909e-03	1.420429e+01	2.533088e-02	3.041850e-01	3.215549e-01	1.713529e+00	5.014057e-05	2.488455e-01	8.246642e-01	1.644072e-02	8.369550e-02	3.006457e+00	3.462544e-01	1.005086e-05	2.858692e-05	2.482385e-02	2.151455e-01	1.445947e-05	1.052067e-05	1.188394e-01	1.712534e-01	1.424947e+01	6.002164e+02	1.034337e-02	1.540979e+00	3.763925e+01	5.084957e-02	3.254289e+01	2.822908e-03	
4.473487e-03	2.092746e-01	1.298930e-03	6.121374e-01	7.639757e-03	1.425253e+01	2.521935e-02	2.977050e-01	3.217396e-01	1.698220e+00	6.563649e-05	2.570828e-01	8.233222e-01	1.739254e-02	8.678908e-02	3.019163e+00	3.470968e-01	1.006520e-05	2.820994e-05	2.424906e-02	2.125034e-01	1.502503e-05	1.081000e-05	1.207505e-01	1.715959e-01	1.475091e+01	6.976514e+02	1.025909e-02	1.550376e+00	3.783448e+01	5.048581e-02	3.262033e+01	2.100839e-03	
4.473487e-03	1.919772e-01	1.159813e-03	5.494561e-01	6.849331e-03	1.418688e+01	2.530430e-02	3.032501e-01	3.215827e-01	1.717082e+00	7.755984e-05	2.466242e-01	8.233589e-01	1.736749e-02	8.744335e-02	2.995980e+00	3.412937e-01	1.004926e-05	2.814029e-05	2.440350e-02	2.135667e-01	1.398458e-05	1.056132e-05	1.150364e-01	1.622341e-01	1.503295e+01	6.377256e+02	1.021508e-02	1.570656e+00	3.759057e+01	5.080829e-02	3.256669e+01	3.144677e-03	
4.473564e-03	2.035127e-01	1.216344e-03	6.050517e-01	7.537839e-03	1.424891e+01	2.523384e-02	3.002965e-01	3.216370e-01	1.710834e+00	7.959424e-05	2.514214e-01	8.237589e-01	1.651527e-02	8.208032e-02	3.006689e+00	3.456020e-01	1.004978e-05	2.845586e-05	2.499604e-02	2.176170e-01	1.473963e-05	1.070343e-05	1.213331e-01	1.717571e-01	1.468638e+01	5.920916e+02	1.030001e-02	1.534128e+00	3.780005e+01	5.059817e-02	3.260320e+01	4.057559e-03	
4.473621e-03	1.980250e-01	1.194794e-03	5.809369e-01	7.230921e-03	1.417903e+01	2.533890e-02	3.045230e-01	3.215908e-01	1.715954e+00	6.053552e-05	2.444963e-01	8.243527e-01	1.688678e-02	8.656862e-02	2.994303e+00	3.417440e-01	1.005800e-05	2.831108e-05	2.479186e-02	2.158944e-01	1.409539e-05	1.059437e-05	1.165725e-01	1.654108e-01	1.570869e+01	6.258566e+02	1.030927e-02	1.553991e+00	3.784624e+01	5.043137e-02	3.265125e+01	4.073209e-03	
4.473641e-03	2.141455e-01	1.272747e-03	7.353032e-01	9.179529e-03	1.427290e+01	2.512050e-02	3.037369e-01	3.215407e-01	1.707983e+00	8.667671e-05	2.520344e-01	8.243837e-01	1.647609e-02	8.320387e-02	2.996430e+00	3.428472e-01	1.005820e-05	2.847417e-05	2.509175e-02	2.194411e-01	1.439025e-05	1.044699e-05	1.149463e-01	1.637968e-01	1.662095e+01	6.650286e+02	1.032880e-02	1.526335e+00	3.775092e+01	5.052863e-02	3.267165e+01	2.103701e-03	
4.473648e-03	2.080480e-01	1.259477e-03	4.814907e-01	5.988956e-03	1.416654e+01	2.532875e-02	3.015457e-01	3.215808e-01	1.705110e+00	1.442631e-04	2.544986e-01	8.234059e-01	1.636363e-02	7.919441e-02	3.003136e+00	3.448128e-01	1.004459e-05	2.907737e-05	2.585756e-02	2.246971e-01	1.420684e-05	1.053794e-05	1.178985e-01	1.661304e-01	1.977761e+01	6.588776e+02	1.021581e-02	1.542468e+00	3.774436e+01	5.051779e-02	3.268713e+01	3.261818e-03	
4.473685e-03	1.983684e-01	1.155920e-03	5.230534e-01	6.522506e-03	1.425327e+01	2.519979e-02	3.078254e-01	3.214273e-01	1.708430e+00	9.080029e-05	2.515682e-01	8.238886e-01	1.656018e-02	8.358597e-02	2.992075e+00	3.415006e-01	1.003978e-05	2.839808e-05	2.433876e-02	2.109643e-01	1.370926e-05	1.038621e-05	1.150149e-01	1.632860e-01	1.610848e+01	5.893683e+02	1.034701e-02	1.521330e+00	3.764021e+01	5.077395e-02	3.257516e+01	4.293409e-03	
4.473690e-03	1.993964e-01	1.186499e-03	6.039115e-01	7.536238e-03	1.416412e+01	2.535740e-02	3.051289e-01	3.215613e-01	1.710854e+00	7.463946e-05	2.523108e-01	8.251385e-01	1.639458e-02	8.473303e-02	2.990431e+00	3.410247e-01	1.006453e-05	2.850141e-05	2.517207e-02	2.199718e-01	1.389804e-05	1.035217e-05	1.188433e-01	1.682122e-01	1.438816e+01	6.359350e+02	1.028985e-02	1.563603e+00	3.750516e+01	5.098435e-02	3.260741e+01	3.135583e-03	
4.473703e-03	2.149732e-01	1.239569e-03	6.437904e-01	8.049811e-03	1.425853e+01	2.512756e-02	3.068831e-01	3.214671e-01	1.705728e+00	9.903611e-05	2.533377e-01	8.248697e-01	1.658562e-02	8.523644e-02	3.004413e+00	3.436283e-01	1.005588e-05	2.855501e-05	2.400434e-02	2.085405e-01	1.396323e-05	1.037505e-05	1.182328e-01	1.657064e-01	1.530987e+01	6.049085e+02	1.033602e-02	1.543705e+00	3.771161e+01	5.056040e-02	3.264004e+01	2.991484e-03	
4.473770e-03	1.966103e-01	1.222869e-03	5.017594e-01	6.240878e-03	1.424591e+01	2.525984e-02	3.004589e-01	3.216597e-01	1.717429e+00	7.412887e-05	2.417210e-01	8.228602e-01	1.755961e-02	8.730478e-02	2.979909e+00	3.395475e-01	1.004645e-05	2.885342e-05	2.445217e-02	2.107355e-01	1.502403e-05	1.072200e-05	1.160683e-01	1.658723e-01	1.682021e+01	6.254388e+02	1.020151e-02	1.556962e+00	3.798901e+01	5.027415e-02	3.267966e+01	2.783065e-03	
4.473870e-03	1.962448e-01	1.181750e-03	6.084273e-01	7.587149e-03	1.423218e+01	2.527592e-02	3.049898e-01	3.215349e-01	1.713789e+00	7.342043e-05	2.472264e-01	8.242170e-01	1.597952e-02	8.051180e-02	3.015652e+00	3.471611e-01	1.004201e-05	2.845169e-05	2.447931e-02	2.124834e-01	1.424116e-05	1.053113e-05	1.193633e-01	1.683256e-01	1.629918e+01	6.095024e+02	1.033920e-02	1.526591e+00	3.770994e+01	5.072608e-02	3.266242e+01	2.660308e-03	
4.473880e-03	2.078223e-01	1.274380e-03	6.115736e-01	7.658756e-03	1.437436e+01	2.492264e-02	3.025670e-01	3.216167e-01	1.717308e+00	6.053914e-05	2.461903e-01	8.239251e-01	1.627322e-02	8.104374e-02	2.997849e+00	3.428744e-01	1.005583e-05	2.887940e-05	2.443924e-02	2.111207e-01	1.491682e-05	1.081161e-05	1.197457e-01	1.699057e-01	1.397983e+01	5.949124e+02	1.026524e-02	1.543373e+00	3.826705e+01	4.963939e-02	3.257809e+01	3.046142e-03	
4.473900e-03	2.074885e-01	1.235627e-03	6.292036e-01	7.857715e-03	1.416750e+01	2.530926e-02	3.032499e-01	3.215673e-01	1.708701e+00	8.769353e-05	2.475484e-01	8.238641e-01	1.691212e-02	8.545969e-02	3.001521e+00	3.438078e-01	1.004338e-05	2.884220e-05	2.514757e-02	2.167057e-01	1.445693e-05	1.087669e-05	1.157569e-01	1.651183e-01	1.667940e+01	6.054747e+02	1.037560e-02	1.510471e+00	3.792072e+01	5.021394e-02	3.253541e+01	3.220728e-03	
4.473981e-03	1.897067e-01	1.128290e-03	5.503153e-01	6.868173e-03	1.410718e+01	2.546568e-02	3.027088e-01	3.215694e-01	1.708938e+00	5.124464e-05	2.455089e-01	8.237634e-01	1.672668e-02	8.379718e-02	3.006021e+00	3.450676e-01	1.006019e-05	2.858381e-05	2.541531e-02	2.209680e-01	1.397554e-05	1.050289e-05	1.216369e-01	1.728646e-01	1.447070e+01	6.185591e+02	1.036085e-02	1.523745e+00	3.744468e+01	5.107593e-02	3.264058e+01	3.036316e-03	
4.473982e-03	2.058367e-01	1.237885e-03	5.547446e-01	6.940734e-03	1.404439e+01	2.553623e-02	3.026369e-01	3.215648e-01	1.707572e+00	6.095998e-05	2.563770e-01	8.233412e-01	1.677937e-02	8.322049e-02	3.028437e+00	3.500148e-01	1.006240e-05	2.895245e-05	2.562086e-02	2.213916e-01	1.462132e-05	1.062685e-05	1.196036e-01	1.714552e-01	1.609305e+01	6.481345e+02	1.018188e-02	1.609159e+00	3.744775e+01	5.100442e-02	3.259590e+01	3.023971e-03	
4.473991e-03	1.858990e-01	1.125126e-03	5.802732e-01	7.233261e-03	1.410828e+01	2.554516e-02	3.056076e-01	3.215566e-01	1.716767e+00	8.198771e-05	2.442385e-01	8.243811e-01	1.648447e-02	8.429268e-02	2.999006e+00	3.436936e-01	1.004069e-05	2.820227e-05	2.499155e-02	2.174281e-01	1.332739e-05	1.029613e-05	1.160602e-01	1.645421e-01	1.693109e+01	6.553441e+02	1.039977e-02	1.504427e+00	3.743539e+01	5.126915e-02	3.258567e+01	2.789072e-03	
4.474014e-03	2.058879e-01	1.220547e-03	5.890769e-01	7.365361e-03	1.422893e+01	2.517020e-02	3.067632e-01	3.214595e-01	1.711063e+00	7.089544e-05	2.497817e-01	8.241015e-01	1.704597e-02	8.676198e-02	3.019383e+00	3.478287e-01	1.005567e-05	2.835152e-05	2.428455e-02	2.117945e-01	1.488738e-05	1.054246e-05	1.184662e-01	1.694736e-01	1.532151e+01	6.331354e+02	1.031926e-02	1.527847e+00	3.767149e+01	5.056555e-02	3.257943e+01	2.763771e-03	
4.474023e-03	2.006855e-01	1.191520e-03	5.288177e-01	6.593580e-03	1.427710e+01	2.502515e-02	3.052563e-01	3.215497e-01	1.726067e+00	8.406777e-05	2.381728e-01	8.239121e-01	1.678046e-02	8.462104e-02	2.988147e+00	3.401346e-01	1.005392e-05	2.785974e-05	2.295794e-02	2.002336e-01	1.436453e-05	1.041991e-05	1.149977e-01	1.607210e-01	1.398002e+01	6.032564e+02	1.032025e-02	1.552195e+00	3.768662e+01	5.049934e-02	3.258538e+01	2.738576e-03	
4.474032e-03	1.948121e-01	1.169797e-03	5.689017e-01	7.087540e-03	1.415374e+01	2.536150e-02	3.093532e-01	3.214467e-01	1.712617e+00	5.986240e-05	2.453816e-01	8.240253e-01	1.720530e-02	8.751569e-02	3.011275e+00	3.451087e-01	1.005156e-05	2.903045e-05	2.506575e-02	2.160307e-01	1.380501e-05	1.078388e-05	1.238705e-01	1.747267e-01	1.534304e+01	6.185773e+02	1.031855e-02	1.540042e+00	3.756381e+01	5.090601e-02	3.257414e+01	3.821199e-03	
4.474086e-03	2.072085e-01	1.220598e-03	5.739951e-01	7.152577e-03	1.415157e+01	2.536038e-02	3.093811e-01	3.214415e-01	1.706379e+00	1.105461e-04	2.550728e-01	8.246006e-01	1.674385e-02	8.709898e-02	3.030798e+00	3.495455e-01	1.003879e-05	2.835952e-05	2.443616e-02	2.121621e-01	1.438139e-05	1.061435e-05	1.156155e-01	1.623364e-01	1.762538e+01	6.468915e+02	1.030848e-02	1.563311e+00	3.745252e+01	5.103340e-02	3.252781e+01	3.000410e-03	
4.474109e-03	2.021799e-01	1.237840e-03	5.473359e-01	6.813025e-03	1.419441e+01	2.528484e-02	3.033509e-01	3.216005e-01	1.717426e+00	5.559471e-05	2.458094e-01	8.237286e-01	1.655013e-02	8.197381e-02	3.010440e+00	3.458313e-01	1.005236e-05	2.855137e-05	2.427485e-02	2.098651e-01	1.424445e-05	1.081730e-05	1.227232e-01	1.761309e-01	1.444902e+01	6.207281e+02	1.024228e-02	1.565579e+00	3.777140e+01	5.052892e-02	3.252793e+01	3.511684e-03	
4.474115e-03	1.976606e-01	1.217726e-03	5.483764e-01	6.819755e-03	1.431740e+01	2.505629e-02	3.053515e-01	3.215564e-01	1.717030e+00	6.912645e-05	2.475459e-01	8.240234e-01	1.671130e-02	8.507061e-02	2.995417e+00	3.425556e-01	1.006316e-05	2.895050e-05	2.480018e-02	2.140063e-01	1.446945e-05	1.053495e-05	1.188630e-01	1.690698e-01	1.496224e+01	6.493026e+02	1.026733e-02	1.572869e+00	3.782296e+01	5.045369e-02	3.262203e+01	2.722257e-03	
4.474146e-03	1.965999e-01	1.196514e-03	6.006546e-01	7.493464e-03	1.418921e+01	2.535854e-02	3.029362e-01	3.216043e-01	1.707718e+00	6.028785e-05	2.508547e-01	8.236858e-01	1.786204e-02	9.112926e-02	3.002652e+00	3.438217e-01	1.005915e-05	2.865766e-05	2.467613e-02	2.146857e-01	1.430951e-05	1.035124e-05	1.180737e-01	1.675158e-01	1.572554e+01	6.667344e+02	1.024202e-02	1.544746e+00	3.752036e+01	5.105700e-02	3.263774e+01	3.067189e-03	
4.474164e-03	1.966718e-01	1.203290e-03	5.826499e-01	7.270639e-03	1.414980e+01	2.534340e-02	3.019972e-01	3.216138e-01	1.720921e+00	8.151935e-05	2.427774e-01	8.241729e-01	1.652236e-02	8.322870e-02	2.993209e+00	3.416085e-01	1.005029e-05	2.880413e-05	2.486817e-02	2.155572e-01	1.402505e-05	1.064091e-05	1.196742e-01	1.687792e-01	1.675059e+01	6.464890e+02	1.023731e-02	1.532556e+00	3.759729e+01	5.077070e-02	3.259729e+01	2.796038e-03	
4.474200e-03	1.920443e-01	1.181876e-03	6.384934e-01	7.977219e-03	1.408958e+01	2.554815e-02	3.019879e-01	3.216042e-01	1.711527e+00	6.997584e-05	2.444690e-01	8.242729e-01	1.701003e-02	8.672859e-02	2.992037e+00	3.428372e-01	1.004286e-05	2.872578e-05	2.558541e-02	2.234277e-01	1.417864e-05	1.074263e-05	1.213973e-01	1.725277e-01	1.725789e+01	6.494149e+02	1.031615e-02	1.517170e+00	3.769647e+01	5.073270e-02	3.258788e+01	3.702065e-03	
4.474206e-03	1.949171e-01	1.161901e-03	5.377870e-01	6.700995e-03	1.423242e+01	2.526451e-02	3.036497e-01	3.215616e-01	1.714827e+00	5.696182e-05	2.497904e-01	8.242786e-01	1.646925e-02	8.339993e-02	3.000660e+00	3.435825e-01	1.004453e-05	2.791207e-05	2.409770e-02	2.116748e-01	1.403667e-05	1.067737e-05	1.163693e-01	1.655562e-01	1.587142e+01	6.467887e+02	1.031667e-02	1.547005e+00	3.778453e+01	5.055092e-02	3.256018e+01	2.779447e-03	
4.474232e-03	2.076140e-01	1.238155e-03	5.736947e-01	7.165059e-03	1.411407e+01	2.545772e-02	3.045944e-01	3.215579e-01	1.699783e+00	8.102820e-05	2.575526e-01	8.238698e-01	1.714551e-02	8.627461e-02	3.013934e+00	3.459601e-01	1.004412e-05	2.922859e-05	2.519080e-02	2.165302e-01	1.411088e-05	1.064838e-05	1.220220e-01	1.724247e-01	1.644662e+01	6.114852e+02	1.034157e-02	1.536432e+00	3.744555e+01	5.114244e-02	3.251951e+01	3.774948e-03	
4.474274e-03	2.085911e-01	1.288682e-03	5.828673e-01	7.279416e-03	1.421579e+01	2.524454e-02	3.025909e-01	3.216349e-01	1.713544e+00	1.056913e-04	2.484413e-01	8.243251e-01	1.585114e-02	7.887148e-02	3.012268e+00	3.461592e-01	1.004524e-05	2.854531e-05	2.488628e-02	2.161163e-01	1.432359e-05	1.074078e-05	1.168041e-01	1.640594e-01	1.765010e+01	6.504158e+02	1.025967e-02	1.539909e+00	3.795439e+01	5.018725e-02	3.261252e+01	2.328265e-03	
4.474317e-03	1.935658e-01	1.171499e-03	4.948695e-01	6.197392e-03	1.421981e+01	2.529720e-02	3.026603e-01	3.216287e-01	1.702873e+00	4.431406e-05	2.594568e-01	8.242758e-01	1.651040e-02	8.435071e-02	2.991946e+00	3.419117e-01	1.006870e-05	2.886886e-05	2.529856e-02	2.184979e-01	1.424533e-05	1.054959e-05	1.200120e-01	1.689593e-01	1.348439e+01	6.441503e+02	1.026473e-02	1.590547e+00	3.751584e+01	5.106986e-02	3.257534e+01	2.619662e-03	
4.474346e-03	2.007117e-01	1.210559e-03	6.976485e-01	8.717514e-03	1.411452e+01	2.544508e-02	3.031798e-01	3.215973e-01	1.706523e+00	7.966264e-05	2.538254e-01	8.240142e-01	1.747495e-02	8.858646e-02	2.985859e+00	3.414366e-01	1.004604e-05	2.864795e-05	2.438706e-02	2.120566e-01	1.412609e-05	1.023029e-05	1.126559e-01	1.591035e-01	1.588282e+01	6.285354e+02	1.024917e-02	1.575070e+00	3.732814e+01	5.125524e-02	3.256965e+01	3.306179e-03	
4.474359e-03	1.991374e-01	1.214742e-03	6.120199e-01	7.614210e-03	1.422134e+01	2.529275e-02	3.020871e-01	3.216181e-01	1.720095e+00	6.833685e-05	2.412718e-01	8.237564e-01	1.703166e-02	8.474630e-02	2.987352e+00	3.401128e-01	1.005734e-05	2.902517e-05	2.484066e-02	2.155883e-01	1.394554e-05	1.057366e-05	1.216560e-01	1.716600e-01	1.561384e+01	6.113508e+02	1.026155e-02	1.540874e+00	3.802229e+01	5.019496e-02	3.267266e+01	3.689038e-03	
4.474374e-03	1.980465e-01	1.220505e-03	5.538991e-01	6.906639e-03	1.427782e+01	2.512060e-02	2.997557e-01	3.216460e-01	1.708073e+00	7.462953e-05	2.497308e-01	8.230157e-01	1.655290e-02	8.060717e-02	3.006467e+00	3.445408e-01	1.005840e-05	2.883629e-05	2.483219e-02	2.155104e-01	1.445249e-05	1.058694e-05	1.190493e-01	1.692686e-01	1.680225e+01	6.051303e+02	1.020353e-02	1.566246e+00	3.798474e+01	5.011053e-02	3.261450e+01	3.656096e-03	
4.474377e-03	1.940000e-01	1.159089e-03	5.516114e-01	6.890114e-03	1.425564e+01	2.516822e-02	3.059832e-01	3.214629e-01	1.712047e+00	7.980246e-05	2.539769e-01	8.243613e-01	1.613690e-02	8.247766e-02	2.994846e+00	3.420461e-01	1.005299e-05	2.839495e-05	2.538830e-02	2.225079e-01	1.381879e-05	1.041415e-05	1.181366e-01	1.668600e-01	1.525984e+01	6.178923e+02	1.032787e-02	1.550474e+00	3.775855e+01	5.054316e-02	3.261078e+01	3.392691e-03	
4.474396e-03	1.948572e-01	1.179375e-03	5.729206e-01	7.144808e-03	1.415405e+01	2.544362e-02	3.018078e-01	3.216125e-01	1.714662e+00	8.282444e-05	2.464327e-01	8.232864e-01	1.739532e-02	8.680563e-02	3.011817e+00	3.465036e-01	1.003790e-05	2.852368e-05	2.400275e-02	2.080511e-01	1.381704e-05	1.050280e-05	1.167788e-01	1.635795e-01	1.699133e+01	6.366320e+02	1.023571e-02	1.541053e+00	3.786247e+01	5.052857e-02	3.260921e+01	2.800822e-03	
4.474428e-03	2.070040e-01	1.251705e-03	5.787601e-01	7.229476e-03	1.410697e+01	2.546888e-02	3.032731e-01	3.215806e-01	1.714194e+00	1.443697e-04	2.497635e-01	8.240628e-01	1.615238e-02	8.001108e-02	3.009812e+00	3.453657e-01	1.004183e-05	2.875730e-05	2.572037e-02	2.242429e-01	1.371729e-05	1.060989e-05	1.143392e-01	1.607668e-01	2.031952e+01	6.699426e+02	1.023935e-02	1.584678e+00	3.746540e+01	5.104117e-02	3.259189e+01	2.862731e-03	
4.474428e-03	1.912403e-01	1.170423e-03	5.510460e-01	6.859126e-03	1.417327e+01	2.534929e-02	3.006632e-01	3.216490e-01	1.712097e+00	6.001030e-05	2.494927e-01	8.232436e-01	1.735956e-02	8.676427e-02	2.994756e+00	3.420421e-01	1.004748e-05	2.868419e-05	2.475500e-02	2.148376e-01	1.425644e-05	1.050076e-05	1.191242e-01	1.705734e-01	1.599402e+01	6.286876e+02	1.028594e-02	1.532203e+00	3.782016e+01	5.046914e-02	3.273250e+01	3.124140e-03	
4.474475e-03	2.028524e-01	1.185053e-03	4.682001e-01	5.825341e-03	1.418900e+01	2.527707e-02	3.035590e-01	3.215595e-01	1.710068e+00	1.100744e-04	2.487778e-01	8.245505e-01	1.643671e-02	8.192677e-02	3.034083e+00	3.520883e-01	1.005041e-05	2.827750e-05	2.505820e-02	2.207921e-01	1.498176e-05	1.067133e-05	1.242080e-01	1.760624e-01	1.716904e+01	6.216601e+02	1.040606e-02	1.525659e+00	3.771422e+01	5.057270e-02	3.258672e+01	3.520731e-03	
4.474480e-03	1.825162e-01	1.098128e-03	4.191263e-01	5.196819e-03	1.420888e+01	2.529008e-02	3.016637e-01	3.216172e-01	1.718703e+00	5.580386e-05	2.433365e-01	8.241338e-01	1.626740e-02	8.179800e-02	2.974779e+00	3.382747e-01	1.004480e-05	2.877865e-05	2.494337e-02	2.160431e-01	1.404351e-05	1.052847e-05	1.195119e-01	1.710118e-01	1.451378e+01	6.020333e+02	1.028143e-02	1.565227e+00	3.791877e+01	5.029969e-02	3.260980e+01	2.793283e-03	
4.474509e-03	1.965963e-01	1.220795e-03	5.692399e-01	7.087558e-03	1.409976e+01	2.559413e-02	3.070226e-01	3.215455e-01	1.713970e+00	7.886068e-05	2.446265e-01	8.242377e-01	1.661795e-02	8.378511e-02	3.001006e+00	3.437856e-01	1.004149e-05	2.907630e-05	2.505612e-02	2.154142e-01	1.369384e-05	1.054074e-05	1.173938e-01	1.665201e-01	1.815823e+01	6.338739e+02	1.025468e-02	1.540132e+00	3.763266e+01	5.095992e-02	3.255135e+01	3.858303e-03	
4.474573e-03	1.976703e-01	1.205813e-03	4.971744e-01	6.174238e-03	1.416702e+01	2.536529e-02	3.045012e-01	3.215385e-01	1.711234e+00	8.338375e-05	2.478503e-01	8.232706e-01	1.763967e-02	8.951916e-02	2.978427e+00	3.386533e-01	1.006056e-05	2.932726e-05	2.421503e-02	2.072975e-01	1.449334e-05	1.048304e-05	1.160566e-01	1.649580e-01	1.662194e+01	6.198934e+02	1.010600e-02	1.605060e+00	3.791432e+01	5.031503e-02	3.269113e+01	3.324793e-03	
4.474600e-03	1.934389e-01	1.172618e-03	4.817464e-01	6.008177e-03	1.425163e+01	2.520089e-02	3.036081e-01	3.215905e-01	1.705048e+00	9.160868e-05	2.544694e-01	8.245510e-01	1.634277e-02	8.305946e-02	3.012054e+00	3.470148e-01	1.004795e-05	2.798579e-05	2.432262e-02	2.125210e-01	1.389823e-05	1.071612e-05	1.173626e-01	1.674288e-01	1.630855e+01	6.230960e+02	1.030695e-02	1.537655e+00	3.809561e+01	5.001504e-02	3.257830e+01	3.459278e-03	
4.474605e-03	2.116072e-01	1.264107e-03	6.340164e-01	7.931992e-03	1.416636e+01	2.533294e-02	3.057580e-01	3.215400e-01	1.705406e+00	1.001309e-04	2.587596e-01	8.245315e-01	1.603555e-02	8.131528e-02	3.002447e+00	3.438614e-01	1.004109e-05	2.861167e-05	2.459795e-02	2.129034e-01	1.423283e-05	1.055252e-05	1.147570e-01	1.620577e-01	1.581791e+01	6.432447e+02	1.027202e-02	1.580836e+00	3.745416e+01	5.103197e-02	3.251903e+01	2.967109e-03	
4.474612e-03	1.996298e-01	1.201949e-03	5.067403e-01	6.300331e-03	1.427036e+01	2.524187e-02	3.018938e-01	3.215927e-01	1.715006e+00	6.347496e-05	2.479678e-01	8.235640e-01	1.677325e-02	8.373078e-02	2.987778e+00	3.419278e-01	1.005465e-05	2.849158e-05	2.393929e-02	2.070033e-01	1.464447e-05	1.058300e-05	1.154182e-01	1.670205e-01	1.618264e+01	6.319629e+02	1.022582e-02	1.578636e+00	3.785073e+01	5.058752e-02	3.262573e+01	2.930338e-03	
4.474619e-03	2.233301e-01	1.319563e-03	5.948590e-01	7.411353e-03	1.435402e+01	2.490432e-02	3.059546e-01	3.214886e-01	1.702368e+00	1.017954e-04	2.560398e-01	8.241106e-01	1.624160e-02	8.132987e-02	3.011113e+00	3.459973e-01	1.006555e-05	2.910855e-05	2.402314e-02	2.057178e-01	1.424320e-05	1.073368e-05	1.189283e-01	1.679918e-01	1.648764e+01	6.240546e+02	1.028559e-02	1.541517e+00	3.781879e+01	5.030797e-02	3.265031e+01	3.714043e-03	
4.474642e-03	2.132823e-01	1.228219e-03	5.373355e-01	6.706122e-03	1.428269e+01	2.507623e-02	3.095632e-01	3.214141e-01	1.707192e+00	1.004177e-04	2.563220e-01	8.254728e-01	1.594510e-02	8.241394e-02	3.024326e+00	3.489599e-01	1.006337e-05	2.882504e-05	2.478361e-02	2.150551e-01	1.372168e-05	1.066680e-05	1.218834e-01	1.693308e-01	1.570620e+01	6.291142e+02	1.044206e-02	1.513489e+00	3.762776e+01	5.068153e-02	3.255830e+01	3.792050e-03	
4.474652e-03	1.862241e-01	1.134019e-03	4.377188e-01	5.444308e-03	1.411491e+01	2.555064e-02	2.981934e-01	3.216853e-01	1.717735e+00	5.222302e-05	2.446738e-01	8.225802e-01	1.727194e-02	8.490302e-02	2.988815e+00	3.419005e-01	1.006104e-05	2.860946e-05	2.472729e-02	2.145598e-01	1.406182e-05	1.051584e-05	1.171522e-01	1.644847e-01	1.652233e+01	6.586118e+02	1.011948e-02	1.606039e+00	3.774229e+01	5.077498e-02	3.270464e+01	3.048492e-03	
4.474689e-03	2.061698e-01	1.247129e-03	4.685333e-01	5.801734e-03	1.431624e+01	2.511988e-02	3.029916e-01	3.216072e-01	1.712820e+00	6.484398e-05	2.469105e-01	8.238660e-01	1.711828e-02	8.671250e-02	2.989625e+00	3.404599e-01	1.006819e-05	2.846928e-05	2.402302e-02	2.089870e-01	1.463983e-05	1.066977e-05	1.203085e-01	1.717993e-01	1.372244e+01	6.173194e+02	1.026082e-02	1.567480e+00	3.801384e+01	5.023974e-02	3.265051e+01	3.305815e-03	
4.474721e-03	2.094463e-01	1.270617e-03	7.122715e-01	8.887415e-03	1.414154e+01	2.541485e-02	3.026828e-01	3.215587e-01	1.707354e+00	8.455635e-05	2.493984e-01	8.234714e-01	1.754381e-02	8.828185e-02	2.993759e+00	3.417732e-01	1.005976e-05	2.886274e-05	2.485092e-02	2.156159e-01	1.424462e-05	1.038186e-05	1.214641e-01	1.748237e-01	1.527617e+01	6.280437e+02	1.021549e-02	1.539935e+00	3.752752e+01	5.096398e-02	3.267162e+01	3.403430e-03	
4.474732e-03	2.015396e-01	1.241368e-03	5.771894e-01	7.190295e-03	1.429770e+01	2.506639e-02	3.038325e-01	3.215853e-01	1.720518e+00	8.588604e-05	2.387906e-01	8.237026e-01	1.654122e-02	8.216122e-02	3.013181e+00	3.455132e-01	1.005395e-05	2.852171e-05	2.378186e-02	2.064200e-01	1.441492e-05	1.058205e-05	1.147728e-01	1.619102e-01	1.650315e+01	6.507787e+02	1.025536e-02	1.532129e+00	3.784525e+01	5.034278e-02	3.260413e+01	3.117300e-03	
4.474738e-03	2.010364e-01	1.186995e-03	6.292889e-01	7.839518e-03	1.422738e+01	2.525951e-02	3.063413e-01	3.215052e-01	1.709284e+00	8.366037e-05	2.515037e-01	8.241530e-01	1.627904e-02	8.180595e-02	2.997183e+00	3.433682e-01	1.005139e-05	2.876488e-05	2.439068e-02	2.097296e-01	1.426288e-05	1.055791e-05	1.152576e-01	1.642769e-01	1.498649e+01	6.231912e+02	1.024921e-02	1.592578e+00	3.783928e+01	5.044894e-02	3.262926e+01	3.120977e-03	
4.474739e-03	2.111848e-01	1.275210e-03	5.849047e-01	7.262077e-03	1.437369e+01	2.502345e-02	3.025318e-01	3.216146e-01	1.711767e+00	6.134519e-05	2.508526e-01	8.234878e-01	1.691734e-02	8.383868e-02	3.007955e+00	3.451802e-01	1.006290e-05	2.874606e-05	2.433224e-02	2.100354e-01	1.526377e-05	1.084702e-05	1.173019e-01	1.686055e-01	1.451793e+01	6.342603e+02	1.026239e-02	1.573884e+00	3.808822e+01	5.013463e-02	3.265663e+01	2.232804e-03	
4.474804e-03	2.027671e-01	1.188483e-03	6.649785e-01	8.312551e-03	1.415317e+01	2.532662e-02	3.049285e-01	3.215267e-01	1.699161e+00	8.958614e-05	2.557041e-01	8.239582e-01	1.755291e-02	9.013599e-02	3.014177e+00	3.459950e-01	1.004719e-05	2.855643e-05	2.502431e-02	2.179154e-01	1.402474e-05	1.041761e-05	1.183229e-01	1.639837e-01	1.711536e+01	6.285390e+02	1.034573e-02	1.546684e+00	3.743927e+01	5.103321e-02	3.257356e+01	3.112058e-03	
4.474809e-03	2.133989e-01	1.254118e-03	6.237973e-01	7.791059e-03	1.418279e+01	2.534460e-02	3.066636e-01	3.214762e-01	1.702257e+00	8.264551e-05	2.568835e-01	8.244627e-01	1.688045e-02	8.576574e-02	3.007938e+00	3.450005e-01	1.007194e-05	2.908545e-05	2.462670e-02	2.135047e-01	1.475807e-05	1.046423e-05	1.180519e-01	1.693481e-01	1.497632e+01	6.396650e+02	1.024385e-02	1.602398e+00	3.761153e+01	5.085105e-02	3.260157e+01	4.338983e-03	
4.474875e-03	2.100957e-01	1.233799e-03	6.582711e-01	8.205349e-03	1.427889e+01	2.515066e-02	3.041773e-01	3.215351e-01	1.707658e+00	1.049167e-04	2.523041e-01	8.243947e-01	1.675937e-02	8.475761e-02	3.013639e+00	3.464234e-01	1.005512e-05	2.902194e-05	2.537171e-02	2.205063e-01	1.455427e-05	1.081840e-05	1.231590e-01	1.751472e-01	1.636839e+01	6.147447e+02	1.043462e-02	1.479455e+00	3.775140e+01	5.059262e-02	3.258219e+01	5.078437e-03	
4.474876e-03	1.982267e-01	1.195234e-03	4.927897e-01	6.130591e-03	1.409716e+01	2.551893e-02	3.078607e-01	3.214810e-01	1.719121e+00	8.166580e-05	2.482217e-01	8.245974e-01	1.654868e-02	8.575331e-02	2.989604e+00	3.408064e-01	1.005596e-05	2.859949e-05	2.503107e-02	2.181389e-01	1.448443e-05	1.055212e-05	1.175147e-01	1.681819e-01	1.537914e+01	6.318908e+02	1.024039e-02	1.581611e+00	3.741836e+01	5.117451e-02	3.257021e+01	3.907258e-03	
4.474885e-03	1.979601e-01	1.213006e-03	5.781592e-01	7.204361e-03	1.419415e+01	2.534508e-02	3.020255e-01	3.216202e-01	1.717934e+00	8.707081e-05	2.456310e-01	8.235643e-01	1.677340e-02	8.356897e-02	2.985376e+00	3.403916e-01	1.005152e-05	2.849855e-05	2.448748e-02	2.121514e-01	1.406055e-05	1.055026e-05	1.184047e-01	1.672621e-01	1.593075e+01	6.657289e+02	1.022035e-02	1.544528e+00	3.761116e+01	5.089328e-02	3.261257e+01	2.451996e-03	
4.474897e-03	2.014774e-01	1.166270e-03	5.432791e-01	6.756298e-03	1.428705e+01	2.513863e-02	3.016770e-01	3.216046e-01	1.710169e+00	6.059336e-05	2.470584e-01	8.242303e-01	1.641686e-02	8.204130e-02	2.997296e+00	3.427962e-01	1.006222e-05	2.809503e-05	2.345438e-02	2.039572e-01	1.406917e-05	1.040100e-05	1.186284e-01	1.693086e-01	1.376155e+01	6.100769e+02	1.041440e-02	1.504178e+00	3.777542e+01	5.057454e-02	3.261273e+01	2.947393e-03	
4.474939e-03	2.107267e-01	1.267253e-03	5.422375e-01	6.751594e-03	1.418610e+01	2.528084e-02	3.036228e-01	3.215563e-01	1.699751e+00	5.700547e-05	2.606791e-01	8.242541e-01	1.586959e-02	7.910732e-02	3.001451e+00	3.444187e-01	1.005923e-05	2.918562e-05	2.454975e-02	2.100183e-01	1.479848e-05	1.067030e-05	1.178633e-01	1.698324e-01	1.461650e+01	6.355542e+02	1.018246e-02	1.592986e+00	3.758450e+01	5.079550e-02	3.256738e+01	3.059852e-03	
4.474985e-03	2.045091e-01	1.213106e-03	5.829753e-01	7.245494e-03	1.412886e+01	2.543797e-02	3.056477e-01	3.214867e-01	1.712754e+00	6.857265e-05	2.522160e-01	8.243316e-01	1.600919e-02	8.048429e-02	2.998520e+00	3.429112e-01	1.005051e-05	2.868547e-05	2.507220e-02	2.178848e-01	1.376791e-05	1.041611e-05	1.173319e-01	1.657686e-01	1.581835e+01	6.303942e+02	1.025945e-02	1.583232e+00	3.742687e+01	5.118085e-02	3.260058e+01	3.570292e-03	
4.474999e-03	1.991155e-01	1.228897e-03	5.546959e-01	6.936645e-03	1.429488e+01	2.517760e-02	3.066238e-01	3.215140e-01	1.706566e+00	4.963091e-05	2.522215e-01	8.238724e-01	1.749782e-02	8.930097e-02	2.997414e+00	3.434466e-01	1.005290e-05	2.845837e-05	2.395049e-02	2.085115e-01	1.480151e-05	1.066684e-05	1.171167e-01	1.683654e-01	1.306429e+01	5.953008e+02	1.026686e-02	1.546669e+00	3.782908e+01	5.057215e-02	3.259721e+01	3.972066e-03	
4.474999e-03	1.932576e-01	1.181404e-03	4.996164e-01	6.210898e-03	1.421529e+01	2.522738e-02	3.005696e-01	3.216464e-01	1.714373e+00	8.546147e-05	2.458308e-01	8.231960e-01	1.673466e-02	8.124456e-02	2.984006e+00	3.405729e-01	1.005622e-05	2.883105e-05	2.446289e-02	2.124028e-01	1.442171e-05	1.033294e-05	1.160547e-01	1.643199e-01	1.778991e+01	6.438628e+02	1.019273e-02	1.581671e+00	3.774061e+01	5.054160e-02	3.265552e+01	2.504780e-03	
4.475014e-03	2.098773e-01	1.281613e-03	6.238133e-01	7.803590e-03	1.431555e+01	2.506331e-02	3.035818e-01	3.215904e-01	1.706985e+00	6.976176e-05	2.564804e-01	8.248680e-01	1.535095e-02	7.751764e-02	3.002408e+00	3.437869e-01	1.006186e-05	2.803369e-05	2.363726e-02	2.067690e-01	1.386181e-05	1.041489e-05	1.116867e-01	1.564002e-01	1.610626e+01	6.884184e+02	1.027770e-02	1.572640e+00	3.769591e+01	5.067385e-02	3.256215e+01	2.764337e-03	
4.475021e-03	2.131195e-01	1.273039e-03	5.647707e-01	7.030528e-03	1.423251e+01	2.520300e-02	3.047736e-01	3.215064e-01	1.699740e+00	9.937471e-05	2.624189e-01	8.244213e-01	1.633503e-02	8.321020e-02	3.015172e+00	3.468502e-01	1.006878e-05	2.857917e-05	2.451882e-02	2.140259e-01	1.488229e-05	1.045017e-05	1.162140e-01	1.647655e-01	1.484010e+01	6.748830e+02	1.017804e-02	1.597204e+00	3.761853e+01	5.077644e-02	3.268298e+01	2.633552e-03	
4.475056e-03	2.110384e-01	1.300269e-03	5.680628e-01	7.070160e-03	1.429178e+01	2.508413e-02	3.061126e-01	3.215263e-01	1.701580e+00	7.963529e-05	2.556987e-01	8.242077e-01	1.726642e-02	8.848309e-02	2.999922e+00	3.448523e-01	1.006649e-05	2.908369e-05	2.472031e-02	2.137106e-01	1.478026e-05	1.086067e-05	1.250185e-01	1.760373e-01	1.547663e+01	6.009337e+02	1.018584e-02	1.582615e+00	3.813952e+01	4.984004e-02	3.269771e+01	5.137685e-03	
4.475071e-03	2.024804e-01	1.206404e-03	6.806951e-01	8.513412e-03	1.421874e+01	2.520991e-02	3.025173e-01	3.215671e-01	1.711208e+00	5.065146e-05	2.482906e-01	8.243772e-01	1.589849e-02	7.911057e-02	3.005164e+00	3.452840e-01	1.005019e-05	2.856032e-05	2.445869e-02	2.125253e-01	1.378965e-05	1.050345e-05	1.216896e-01	1.736697e-01	1.447716e+01	6.284194e+02	1.038951e-02	1.506298e+00	3.759714e+01	5.080968e-02	3.260418e+01	2.595800e-03	
4.475130e-03	2.017330e-01	1.218853e-03	6.219819e-01	7.738767e-03	1.422745e+01	2.525067e-02	3.036212e-01	3.215963e-01	1.708106e+00	7.782131e-05	2.508352e-01	8.236507e-01	1.773916e-02	9.091162e-02	3.000987e+00	3.438968e-01	1.004101e-05	2.817979e-05	2.400959e-02	2.081920e-01	1.476405e-05	1.078599e-05	1.208327e-01	1.732003e-01	1.528322e+01	6.131030e+02	1.038144e-02	1.497700e+00	3.788079e+01	5.035120e-02	3.267658e+01	3.177745e-03	
4.475167e-03	2.029010e-01	1.225248e-03	5.331244e-01	6.618704e-03	1.429143e+01	2.511043e-02	3.019471e-01	3.216169e-01	1.703526e+00	7.060398e-05	2.590196e-01	8.238598e-01	1.597938e-02	7.891585e-02	3.035850e+00	3.507031e-01	1.004391e-05	2.818567e-05	2.354556e-02	2.050882e-01	1.449241e-05	1.069523e-05	1.145606e-01	1.625659e-01	1.696747e+01	6.476327e+02	1.026783e-02	1.556645e+00	3.785228e+01	5.039351e-02	3.259044e+01	2.377154e-03	
4.475208e-03	2.033654e-01	1.196909e-03	5.652911e-01	7.036773e-03	1.423462e+01	2.513882e-02	3.028045e-01	3.215397e-01	1.717696e+00	1.048978e-04	2.482001e-01	8.233521e-01	1.639348e-02	8.099859e-02	2.994598e+00	3.416888e-01	1.004904e-05	2.775213e-05	2.384762e-02	2.088373e-01	1.351905e-05	1.041919e-05	1.139763e-01	1.599278e-01	1.664339e+01	6.517298e+02	1.024418e-02	1.566782e+00	3.772117e+01	5.044196e-02	3.267627e+01	2.521850e-03	
4.475224e-03	2.137670e-01	1.258302e-03	7.647052e-01	9.567536e-03	1.423266e+01	2.518305e-02	3.048215e-01	3.215143e-01	1.700260e+00	9.147948e-05	2.574864e-01	8.242954e-01	1.649409e-02	8.334214e-02	3.021241e+00	3.477880e-01	1.005089e-05	2.829367e-05	2.444085e-02	2.130260e-01	1.461746e-05	1.086887e-05	1.203150e-01	1.737239e-01	1.487626e+01	6.484799e+02	1.040989e-02	1.529199e+00	3.772740e+01	5.050229e-02	3.261171e+01	3.197876e-03	
4.475303e-03	2.190728e-01	1.294834e-03	5.297461e-01	6.600956e-03	1.422158e+01	2.520885e-02	3.027717e-01	3.215641e-01	1.700025e+00	8.796124e-05	2.585373e-01	8.235201e-01	1.741019e-02	8.725215e-02	3.011092e+00	3.463445e-01	1.005819e-05	2.822713e-05	2.415499e-02	2.101327e-01	1.485549e-05	1.069249e-05	1.217133e-01	1.732068e-01	1.510387e+01	6.122948e+02	1.024040e-02	1.558490e+00	3.777197e+01	5.048107e-02	3.262453e+01	2.760467e-03	
4.475348e-03	2.060486e-01	1.199755e-03	6.324348e-01	7.873739e-03	1.427916e+01	2.507124e-02	3.057596e-01	3.214763e-01	1.709119e+00	9.561428e-05	2.521891e-01	8.243942e-01	1.627172e-02	8.250210e-02	3.013293e+00	3.462988e-01	1.005366e-05	2.807728e-05	2.426415e-02	2.127178e-01	1.413252e-05	1.056090e-05	1.178145e-01	1.668838e-01	1.499099e+01	6.333840e+02	1.038668e-02	1.518852e+00	3.783726e+01	5.029714e-02	3.265494e+01	3.094055e-03	
4.475355e-03	2.013974e-01	1.202898e-03	5.241478e-01	6.522653e-03	1.417538e+01	2.534721e-02	3.072540e-01	3.215014e-01	1.702419e+00	8.064786e-05	2.522352e-01	8.241449e-01	1.730495e-02	8.839738e-02	2.999222e+00	3.433204e-01	1.006097e-05	2.868513e-05	2.509231e-02	2.171596e-01	1.396155e-05	1.031124e-05	1.171320e-01	1.669760e-01	1.473623e+01	6.541501e+02	1.023930e-02	1.576145e+00	3.755601e+01	5.093483e-02	3.265776e+01	3.800252e-03	
4.475390e-03	2.069914e-01	1.240269e-03	5.565424e-01	6.928323e-03	1.425805e+01	2.516908e-02	3.062428e-01	3.215607e-01	1.710618e+00	7.754130e-05	2.527828e-01	8.248436e-01	1.650140e-02	8.375091e-02	3.006341e+00	3.444045e-01	1.005947e-05	2.865547e-05	2.387701e-02	2.067991e-01	1.415489e-05	1.047353e-05	1.194610e-01	1.696634e-01	1.539975e+01	6.320892e+02	1.031271e-02	1.553839e+00	3.770652e+01	5.062552e-02	3.263328e+01	3.301835e-03	
4.475391e-03	2.041628e-01	1.253109e-03	5.207400e-01	6.496128e-03	1.424158e+01	2.529503e-02	3.010022e-01	3.216714e-01	1.704147e+00	6.277015e-05	2.559416e-01	8.233569e-01	1.745896e-02	8.843732e-02	2.985214e+00	3.399691e-01	1.005237e-05	2.904348e-05	2.454559e-02	2.098967e-01	1.508168e-05	1.096096e-05	1.175984e-01	1.674625e-01	1.673673e+01	6.416226e+02	1.017986e-02	1.595036e+00	3.805982e+01	5.021867e-02	3.261944e+01	3.174971e-03	
4.475397e-03	2.137872e-01	1.289267e-03	5.212446e-01	6.507167e-03	1.431433e+01	2.501944e-02	3.029948e-01	3.216083e-01	1.702440e+00	8.661967e-05	2.593407e-01	8.240265e-01	1.605954e-02	7.948305e-02	2.989518e+00	3.412771e-01	1.006035e-05	2.858981e-05	2.380477e-02	2.059415e-01	1.432989e-05	1.049790e-05	1.193717e-01	1.685837e-01	1.510713e+01	6.401583e+02	1.021975e-02	1.590973e+00	3.778541e+01	5.043267e-02	3.260751e+01	2.315204e-03	
4.475399e-03	2.110613e-01	1.281212e-03	7.947571e-01	9.937132e-03	1.411406e+01	2.552593e-02	3.046676e-01	3.215484e-01	1.711040e+00	8.510410e-05	2.521759e-01	8.240567e-01	1.671667e-02	8.552184e-02	2.987991e+00	3.402633e-01	1.004916e-05	2.878274e-05	2.556281e-02	2.219305e-01	1.448132e-05	1.076464e-05	1.170015e-01	1.647035e-01	1.582856e+01	6.446732e+02	1.031016e-02	1.536566e+00	3.749211e+01	5.115437e-02	3.253948e+01	3.266991e-03	
4.475480e-03	2.104751e-01	1.278753e-03	6.739715e-01	8.446692e-03	1.411274e+01	2.543471e-02	3.002856e-01	3.216273e-01	1.688320e+00	5.924795e-05	2.713621e-01	8.231838e-01	1.741253e-02	8.824432e-02	3.017444e+00	3.467450e-01	1.005991e-05	2.919005e-05	2.522149e-02	2.175175e-01	1.539051e-05	1.096100e-05	1.148603e-01	1.619119e-01	1.696691e+01	6.752170e+02	1.019311e-02	1.605984e+00	3.764074e+01	5.072337e-02	3.253341e+01	3.096141e-03	
4.475518e-03	1.918213e-01	1.181353e-03	4.874674e-01	6.082458e-03	1.415699e+01	2.539745e-02	2.997066e-01	3.216782e-01	1.712128e+00	6.210220e-05	2.494711e-01	8.239885e-01	1.659309e-02	8.400242e-02	2.986145e+00	3.402431e-01	1.005034e-05	2.846873e-05	2.530739e-02	2.215671e-01	1.407047e-05	1.055024e-05	1.201309e-01	1.688827e-01	1.566271e+01	6.549041e+02	1.017288e-02	1.585377e+00	3.771783e+01	5.065181e-02	3.258776e+01	2.840001e-03	
4.475554e-03	2.019223e-01	1.185841e-03	6.639309e-01	8.294958e-03	1.435741e+01	2.497004e-02	3.043739e-01	3.215619e-01	1.710310e+00	8.804172e-05	2.520117e-01	8.240078e-01	1.745038e-02	8.791399e-02	3.020925e+00	3.479158e-01	1.005406e-05	2.866626e-05	2.478681e-02	2.155221e-01	1.446567e-05	1.065954e-05	1.220229e-01	1.739890e-01	1.743091e+01	6.293016e+02	1.040672e-02	1.496264e+00	3.794186e+01	5.023688e-02	3.257516e+01	4.118191e-03	
4.475561e-03	2.065506e-01	1.228495e-03	5.585533e-01	6.967327e-03	1.417999e+01	2.527144e-02	3.059257e-01	3.215257e-01	1.719017e+00	8.529381e-05	2.473114e-01	8.248886e-01	1.627999e-02	8.376115e-02	3.000381e+00	3.437208e-01	1.005070e-05	2.839248e-05	2.495906e-02	2.174839e-01	1.388826e-05	1.065202e-05	1.176734e-01	1.649102e-01	1.491805e+01	6.488973e+02	1.032360e-02	1.550614e+00	3.768191e+01	5.055715e-02	3.258958e+01	2.543430e-03	
4.475601e-03	2.036360e-01	1.225547e-03	6.177499e-01	7.666333e-03	1.420382e+01	2.530596e-02	3.095032e-01	3.214498e-01	1.711984e+00	8.045999e-05	2.464343e-01	8.242544e-01	1.676516e-02	8.593567e-02	2.995856e+00	3.417746e-01	1.004637e-05	2.886897e-05	2.485740e-02	2.142672e-01	1.358979e-05	1.044070e-05	1.141246e-01	1.615733e-01	1.651643e+01	5.969540e+02	1.025153e-02	1.566290e+00	3.758559e+01	5.087295e-02	3.261060e+01	4.050146e-03	
4.475618e-03	2.051750e-01	1.250586e-03	4.908744e-01	6.116424e-03	1.404659e+01	2.553350e-02	3.019892e-01	3.215959e-01	1.700856e+00	6.671671e-05	2.587285e-01	8.233345e-01	1.666021e-02	8.207412e-02	3.007738e+00	3.443416e-01	1.006083e-05	2.920481e-05	2.560822e-02	2.225825e-01	1.408818e-05	1.044555e-05	1.184487e-01	1.665494e-01	1.840792e+01	6.692945e+02	1.017770e-02	1.602915e+00	3.739345e+01	5.104793e-02	3.262785e+01	3.209513e-03	
4.475639e-03	1.969012e-01	1.150628e-03	6.521385e-01	8.135191e-03	1.416216e+01	2.539880e-02	3.076272e-01	3.215028e-01	1.703475e+00	6.538921e-05	2.536668e-01	8.249817e-01	1.744327e-02	9.083279e-02	3.015649e+00	3.471688e-01	1.003995e-05	2.872377e-05	2.524916e-02	2.202105e-01	1.371350e-05	1.065568e-05	1.256995e-01	1.762129e-01	1.633029e+01	6.235697e+02	1.049756e-02	1.502964e+00	3.751491e+01	5.101106e-02	3.255694e+01	3.602038e-03	
4.475652e-03	2.088836e-01	1.251760e-03	6.038917e-01	7.537881e-03	1.435734e+01	2.502896e-02	3.034126e-01	3.215624e-01	1.707375e+00	8.708710e-05	2.542746e-01	8.246846e-01	1.572726e-02	7.949865e-02	3.002819e+00	3.441500e-01	1.005102e-05	2.834919e-05	2.482651e-02	2.161952e-01	1.363317e-05	1.063869e-05	1.143523e-01	1.606741e-01	1.552027e+01	6.245353e+02	1.028231e-02	1.562956e+00	3.797296e+01	5.029154e-02	3.264497e+01	2.817369e-03	
4.475656e-03	2.202270e-01	1.347521e-03	7.234913e-01	9.030272e-03	1.433358e+01	2.501699e-02	3.040234e-01	3.215669e-01	1.702932e+00	8.543894e-05	2.560170e-01	8.240101e-01	1.705173e-02	8.686448e-02	2.994632e+00	3.415798e-01	1.006916e-05	2.885414e-05	2.409868e-02	2.084774e-01	1.488550e-05	1.083798e-05	1.202477e-01	1.707120e-01	1.501215e+01	6.350611e+02	1.022009e-02	1.561395e+00	3.790971e+01	5.025168e-02	3.261781e+01	3.755720e-03	
4.475660e-03	2.162416e-01	1.278539e-03	5.901620e-01	7.373017e-03	1.430013e+01	2.508674e-02	3.058453e-01	3.214938e-01	1.715385e+00	1.024014e-04	2.477290e-01	8.243383e-01	1.670836e-02	8.397426e-02	3.003862e+00	3.451720e-01	1.005418e-05	2.886590e-05	2.514874e-02	2.185493e-01	1.444818e-05	1.077388e-05	1.238125e-01	1.767386e-01	1.595018e+01	6.177498e+02	1.034608e-02	1.530006e+00	3.806754e+01	5.004374e-02	3.265767e+01	3.047400e-03	
4.475668e-03	1.984180e-01	1.198005e-03	5.838785e-01	7.282862e-03	1.416663e+01	2.546026e-02	3.089293e-01	3.214646e-01	1.706690e+00	6.209429e-05	2.533282e-01	8.252562e-01	1.653238e-02	8.655345e-02	3.003406e+00	3.451191e-01	1.005337e-05	2.897761e-05	2.548287e-02	2.205541e-01	1.401331e-05	1.077296e-05	1.215554e-01	1.740516e-01	1.588188e+01	6.051802e+02	1.029407e-02	1.544722e+00	3.775186e+01	5.077759e-02	3.259126e+01	5.253555e-03	
4.475671e-03	1.975585e-01	1.179638e-03	5.793226e-01	7.225220e-03	1.411213e+01	2.546024e-02	3.023816e-01	3.215753e-01	1.708891e+00	8.850968e-05	2.489262e-01	8.241576e-01	1.677762e-02	8.463127e-02	2.990555e+00	3.404136e-01	1.005436e-05	2.935355e-05	2.611201e-02	2.273001e-01	1.433363e-05	1.046743e-05	1.182369e-01	1.683199e-01	1.749009e+01	6.347612e+02	1.034169e-02	1.527348e+00	3.749214e+01	5.100751e-02	3.261124e+01	3.084820e-03	
4.475692e-03	1.968414e-01	1.208275e-03	5.508359e-01	6.843130e-03	1.424672e+01	2.528599e-02	3.010701e-01	3.216742e-01	1.699731e+00	6.258708e-05	2.554879e-01	8.233898e-01	1.831898e-02	9.288701e-02	3.015413e+00	3.475063e-01	1.005489e-05	2.830890e-05	2.456920e-02	2.147596e-01	1.444045e-05	1.089587e-05	1.249040e-01	1.775820e-01	1.569502e+01	6.168796e+02	1.034335e-02	1.520475e+00	3.792089e+01	5.042773e-02	3.260343e+01	3.698419e-03	
4.475697e-03	2.096333e-01	1.252313e-03	6.461313e-01	8.087786e-03	1.417068e+01	2.532468e-02	3.063366e-01	3.214937e-01	1.707580e+00	9.986743e-05	2.511012e-01	8.236595e-01	1.729847e-02	8.863128e-02	3.012918e+00	3.450912e-01	1.003962e-05	2.871795e-05	2.560617e-02	2.207737e-01	1.436448e-05	1.068861e-05	1.166482e-01	1.671752e-01	1.748327e+01	6.383338e+02	1.040292e-02	1.493692e+00	3.767287e+01	5.070307e-02	3.258074e+01	3.000430e-03	
4.475738e-03	2.010780e-01	1.200196e-03	5.787712e-01	7.242784e-03	1.429716e+01	2.504385e-02	3.018971e-01	3.215903e-01	1.703048e+00	5.320207e-05	2.558545e-01	8.246056e-01	1.569716e-02	7.825382e-02	3.028909e+00	3.501171e-01	1.005384e-05	2.827155e-05	2.394292e-02	2.092433e-01	1.471121e-05	1.081842e-05	1.217770e-01	1.731866e-01	1.372146e+01	6.543113e+02	1.037226e-02	1.539638e+00	3.774424e+01	5.048942e-02	3.252623e+01	2.019542e-03	
4.475752e-03	1.815191e-01	1.139375e-03	5.644215e-01	7.051937e-03	1.408252e+01	2.552585e-02	2.988647e-01	3.217099e-01	1.712256e+00	4.396015e-05	2.475021e-01	8.229748e-01	1.727999e-02	8.544539e-02	2.999015e+00	3.440959e-01	1.003822e-05	2.901790e-05	2.468023e-02	2.128800e-01	1.381835e-05	1.025632e-05	1.139156e-01	1.607331e-01	1.725937e+01	6.591778e+02	1.019175e-02	1.550925e+00	3.720422e+01	5.156044e-02	3.261930e+01	2.111968e-03	
4.475764e-03	2.059204e-01	1.204625e-03	6.816772e-01	8.487830e-03	1.418428e+01	2.539328e-02	3.084375e-01	3.214208e-01	1.708062e+00	6.270566e-05	2.514727e-01	8.246794e-01	1.649279e-02	8.511750e-02	3.016613e+00	3.481446e-01	1.006235e-05	2.819173e-05	2.454642e-02	2.142754e-01	1.422722e-05	1.048438e-05	1.213187e-01	1.739094e-01	1.315818e+01	6.063306e+02	1.032739e-02	1.538198e+00	3.758484e+01	5.095853e-02	3.263442e+01	3.809774e-03	
4.475765e-03	1.998447e-01	1.192464e-03	5.586970e-01	6.992384e-03	1.415167e+01	2.535164e-02	3.045768e-01	3.215487e-01	1.715939e+00	6.435021e-05	2.471557e-01	8.242918e-01	1.689841e-02	8.686688e-02	2.995394e+00	3.423388e-01	1.005615e-05	2.815927e-05	2.430323e-02	2.121612e-01	1.408598e-05	1.062606e-05	1.194499e-01	1.706665e-01	1.381983e+01	6.236175e+02	1.035343e-02	1.541711e+00	3.746417e+01	5.100504e-02	3.258634e+01	3.100512e-03	
4.475815e-03	2.050612e-01	1.218931e-03	6.604143e-01	8.228946e-03	1.423363e+01	2.513881e-02	3.054070e-01	3.215584e-01	1.723444e+00	1.204229e-04	2.390948e-01	8.251781e-01	1.639397e-02	8.359155e-02	3.015138e+00	3.464340e-01	1.004569e-05	2.795045e-05	2.503285e-02	2.216618e-01	1.422200e-05	1.075663e-05	1.217564e-01	1.719330e-01	1.561053e+01	6.258085e+02	1.048065e-02	1.487652e+00	3.785040e+01	5.023494e-02	3.255537e+01	3.406518e-03	
4.475853e-03	2.018139e-01	1.226738e-03	6.267517e-01	7.845131e-03	1.423917e+01	2.524823e-02	3.039899e-01	3.216058e-01	1.702400e+00	8.432470e-05	2.611905e-01	8.247218e-01	1.591113e-02	7.967535e-02	3.025976e+00	3.502488e-01	1.004624e-05	2.851622e-05	2.486859e-02	2.170283e-01	1.360620e-05	1.065406e-05	1.187406e-01	1.647241e-01	1.769463e+01	6.743086e+02	1.034169e-02	1.563527e+00	3.763096e+01	5.084820e-02	3.253195e+01	2.612983e-03	
4.475867e-03	1.921793e-01	1.165469e-03	4.635936e-01	5.757131e-03	1.431174e+01	2.500547e-02	2.962252e-01	3.217357e-01	1.707462e+00	4.928800e-05	2.498365e-01	8.229690e-01	1.684515e-02	8.202512e-02	2.989674e+00	3.403405e-01	1.007651e-05	2.886112e-05	2.431339e-02	2.100067e-01	1.491403e-05	1.057725e-05	1.176557e-01	1.685065e-01	1.475745e+01	6.417440e+02	1.019869e-02	1.580369e+00	3.791078e+01	5.019915e-02	3.267292e+01	2.394778e-03	
4.475931e-03	2.209813e-01	1.309050e-03	6.557617e-01	8.144322e-03	1.446116e+01	2.476018e-02	3.054286e-01	3.215104e-01	1.703234e+00	9.113785e-05	2.573500e-01	8.241976e-01	1.676882e-02	8.464922e-02	3.011413e+00	3.456562e-01	1.007850e-05	2.842908e-05	2.407183e-02	2.103699e-01	1.464628e-05	1.080746e-05	1.209510e-01	1.723939e-01	1.463992e+01	6.557700e+02	1.031958e-02	1.540640e+00	3.826738e+01	4.962801e-02	3.271801e+01	3.632162e-03	
4.475942e-03	1.853158e-01	1.102608e-03	4.978741e-01	6.204357e-03	1.425478e+01	2.517843e-02	3.010199e-01	3.216254e-01	1.728036e+00	6.028756e-05	2.363922e-01	8.232315e-01	1.692121e-02	8.412942e-02	2.978744e+00	3.388109e-01	1.003545e-05	2.802124e-05	2.369639e-02	2.061114e-01	1.398575e-05	1.047802e-05	1.148776e-01	1.622659e-01	1.413154e+01	5.991378e+02	1.033551e-02	1.523751e+00	3.784008e+01	5.041056e-02	3.259081e+01	2.354127e-03	
4.475994e-03	1.953579e-01	1.192638e-03	6.105720e-01	7.608002e-03	1.419053e+01	2.541176e-02	3.006630e-01	3.216554e-01	1.707754e+00	9.466414e-05	2.514041e-01	8.229858e-01	1.730489e-02	8.426364e-02	2.992364e+00	3.422408e-01	1.004475e-05	2.901637e-05	2.547042e-02	2.208329e-01	1.420510e-05	1.070375e-05	1.225517e-01	1.728824e-01	1.824899e+01	6.188333e+02	1.025710e-02	1.541471e+00	3.804557e+01	5.027604e-02	3.270157e+01	3.692856e-03	
4.476029e-03	2.044043e-01	1.274777e-03	4.725529e-01	5.889274e-03	1.428552e+01	2.516598e-02	3.055534e-01	3.215253e-01	1.705627e+00	5.317769e-05	2.553358e-01	8.234467e-01	1.639029e-02	8.165465e-02	3.001245e+00	3.449929e-01	1.005221e-05	2.881844e-05	2.428044e-02	2.086803e-01	1.438776e-05	1.062002e-05	1.197307e-01	1.706902e-01	1.559219e+01	6.339680e+02	1.014398e-02	1.597150e+00	3.782780e+01	5.051813e-02	3.259664e+01	2.867653e-03	
4.476081e-03	1.997539e-01	1.223873e-03	5.412678e-01	6.738227e-03	1.427680e+01	2.517099e-02	2.998716e-01	3.216765e-01	1.702152e+00	8.462764e-05	2.564137e-01	8.238477e-01	1.716742e-02	8.573490e-02	3.011451e+00	3.475746e-01	1.006340e-05	2.899455e-05	2.476520e-02	2.144089e-01	1.451360e-05	1.069146e-05	1.171268e-01	1.656928e-01	1.834244e+01	6.524086e+02	1.019048e-02	1.563430e+00	3.798065e+01	5.025701e-02	3.266654e+01	3.588732e-03	
4.476088e-03	2.072722e-01	1.263509e-03	5.295779e-01	6.585078e-03	1.423815e+01	2.510958e-02	3.053073e-01	3.215218e-01	1.709666e+00	1.033347e-04	2.512318e-01	8.242830e-01	1.565719e-02	7.690702e-02	3.008614e+00	3.466724e-01	1.006285e-05	2.902685e-05	2.482239e-02	2.149300e-01	1.435709e-05	1.061501e-05	1.171666e-01	1.676166e-01	1.774490e+01	6.511668e+02	1.025361e-02	1.558435e+00	3.782350e+01	5.027425e-02	3.265965e+01	3.075117e-03	
4.476094e-03	1.899024e-01	1.142123e-03	4.979972e-01	6.179643e-03	1.416224e+01	2.531591e-02	3.049048e-01	3.215714e-01	1.715670e+00	6.629031e-05	2.449069e-01	8.243256e-01	1.630101e-02	8.175657e-02	2.997068e+00	3.435203e-01	1.005290e-05	2.865164e-05	2.499975e-02	2.167347e-01	1.390738e-05	1.041843e-05	1.231332e-01	1.730497e-01	1.581743e+01	6.367819e+02	1.033175e-02	1.517804e+00	3.761301e+01	5.070022e-02	3.262813e+01	2.577142e-03	
4.476132e-03	1.908905e-01	1.154907e-03	6.032913e-01	7.544071e-03	1.409903e+01	2.553369e-02	3.026410e-01	3.215654e-01	1.706732e+00	5.136446e-05	2.483471e-01	8.231475e-01	1.753419e-02	8.855740e-02	2.986979e+00	3.398986e-01	1.005942e-05	2.863914e-05	2.484664e-02	2.151793e-01	1.419587e-05	1.066850e-05	1.248892e-01	1.803272e-01	1.399167e+01	6.192481e+02	1.023702e-02	1.557505e+00	3.766568e+01	5.080408e-02	3.257744e+01	4.216424e-03	
4.476132e-03	2.065776e-01	1.231582e-03	5.742995e-01	7.158763e-03	1.423040e+01	2.520517e-02	3.065565e-01	3.214488e-01	1.706081e+00	8.746327e-05	2.589471e-01	8.238947e-01	1.663260e-02	8.567459e-02	2.997234e+00	3.427550e-01	1.005249e-05	2.883024e-05	2.512252e-02	2.170147e-01	1.454871e-05	1.068600e-05	1.241852e-01	1.749949e-01	1.529004e+01	6.178223e+02	1.026353e-02	1.550900e+00	3.774469e+01	5.055752e-02	3.260273e+01	3.573592e-03	
4.476145e-03	2.119746e-01	1.282458e-03	6.146277e-01	7.654821e-03	1.424855e+01	2.524984e-02	3.072220e-01	3.214646e-01	1.704675e+00	9.514230e-05	2.529676e-01	8.246394e-01	1.666504e-02	8.526727e-02	3.013564e+00	3.464021e-01	1.006078e-05	2.884624e-05	2.563346e-02	2.247675e-01	1.434035e-05	1.053887e-05	1.233733e-01	1.749603e-01	1.614537e+01	6.320813e+02	1.031972e-02	1.550451e+00	3.775884e+01	5.069639e-02	3.260012e+01	4.027355e-03	
4.476150e-03	2.038556e-01	1.227311e-03	6.250638e-01	7.810201e-03	1.427519e+01	2.515242e-02	3.046998e-01	3.215918e-01	1.714612e+00	9.246108e-05	2.512726e-01	8.248522e-01	1.541063e-02	7.725627e-02	3.015281e+00	3.478099e-01	1.004687e-05	2.877929e-05	2.471158e-02	2.139338e-01	1.436607e-05	1.075541e-05	1.167836e-01	1.624108e-01	1.759166e+01	5.911624e+02	1.042218e-02	1.516564e+00	3.790833e+01	5.030421e-02	3.251957e+01	3.628217e-03	
4.476195e-03	1.972697e-01	1.146076e-03	6.025218e-01	7.521747e-03	1.412809e+01	2.549981e-02	3.061716e-01	3.215119e-01	1.703975e+00	9.997860e-05	2.535891e-01	8.245426e-01	1.676342e-02	8.606789e-02	3.015672e+00	3.471142e-01	1.004291e-05	2.834099e-05	2.440031e-02	2.124715e-01	1.375807e-05	1.043515e-05	1.154387e-01	1.618119e-01	1.621436e+01	5.851500e+02	1.034922e-02	1.552925e+00	3.752576e+01	5.108614e-02	3.256119e+01	3.955738e-03	
4.476224e-03	2.003955e-01	1.216421e-03	5.923677e-01	7.384864e-03	1.424204e+01	2.525944e-02	3.039861e-01	3.215379e-01	1.710847e+00	5.405242e-05	2.470671e-01	8.239315e-01	1.689710e-02	8.619744e-02	2.978384e+00	3.384824e-01	1.006068e-05	2.906970e-05	2.476111e-02	2.132885e-01	1.444326e-05	1.054397e-05	1.175154e-01	1.674624e-01	1.529201e+01	6.337607e+02	1.014589e-02	1.571831e+00	3.778600e+01	5.055449e-02	3.261848e+01	2.711048e-03	
4.476294e-03	2.183057e-01	1.263866e-03	6.612778e-01	8.265531e-03	1.423697e+01	2.527109e-02	3.088055e-01	3.214649e-01	1.692554e+00	9.195682e-05	2.658496e-01	8.254455e-01	1.609548e-02	8.351172e-02	3.012938e+00	3.456608e-01	1.004964e-05	2.903549e-05	2.511454e-02	2.164114e-01	1.407800e-05	1.074614e-05	1.170780e-01	1.644486e-01	1.664111e+01	6.190663e+02	1.041574e-02	1.518273e+00	3.766805e+01	5.077892e-02	3.252847e+01	3.446798e-03	
4.476319e-03	2.068200e-01	1.264241e-03	5.912197e-01	7.357355e-03	1.419883e+01	2.527535e-02	3.015081e-01	3.216341e-01	1.700399e+00	6.599638e-05	2.549443e-01	8.240415e-01	1.675135e-02	8.352856e-02	3.012860e+00	3.454086e-01	1.006069e-05	2.836974e-05	2.442787e-02	2.148478e-01	1.457439e-05	1.070621e-05	1.180489e-01	1.672250e-01	1.567860e+01	6.656442e+02	1.026486e-02	1.559167e+00	3.763928e+01	5.075543e-02	3.259081e+01	2.615697e-03	
4.476347e-03	1.825221e-01	1.121748e-03	5.108140e-01	6.349814e-03	1.415020e+01	2.539411e-02	3.029289e-01	3.215904e-01	1.705569e+00	6.676576e-05	2.523371e-01	8.232882e-01	1.748452e-02	8.860457e-02	2.999532e+00	3.429919e-01	1.005546e-05	2.886701e-05	2.369695e-02	2.038040e-01	1.337456e-05	1.020833e-05	1.147314e-01	1.619152e-01	1.694677e+01	6.280371e+02	1.019136e-02	1.586869e+00	3.754298e+01	5.095936e-02	3.260667e+01	3.902240e-03	
4.476368e-03	2.211031e-01	1.340346e-03	5.934649e-01	7.398816e-03	1.427547e+01	2.504576e-02	3.019991e-01	3.216017e-01	1.706547e+00	9.897977e-05	2.533575e-01	8.242057e-01	1.629930e-02	8.261939e-02	2.996803e+00	3.421854e-01	1.006421e-05	2.867787e-05	2.446462e-02	2.131215e-01	1.539588e-05	1.060931e-05	1.216332e-01	1.722377e-01	1.462789e+01	6.415844e+02	1.030640e-02	1.539100e+00	3.756048e+01	5.072373e-02	3.265060e+01	2.398577e-03	
4.476396e-03	2.236578e-01	1.345893e-03	6.287058e-01	7.817185e-03	1.431051e+01	2.510181e-02	3.062588e-01	3.215107e-01	1.701868e+00	1.001058e-04	2.569548e-01	8.248080e-01	1.647176e-02	8.527517e-02	2.986738e+00	3.412674e-01	1.007010e-05	2.888967e-05	2.463107e-02	2.129610e-01	1.470152e-05	1.072140e-05	1.141298e-01	1.608937e-01	1.463339e+01	6.340607e+02	1.018211e-02	1.593395e+00	3.789094e+01	5.036931e-02	3.269198e+01	3.489555e-03	
4.476411e-03	1.994418e-01	1.158858e-03	5.748054e-01	7.172143e-03	1.412278e+01	2.545906e-02	3.040865e-01	3.215570e-01	1.717525e+00	9.408374e-05	2.478425e-01	8.238867e-01	1.687741e-02	8.440324e-02	3.012475e+00	3.464834e-01	1.005053e-05	2.824282e-05	2.370115e-02	2.055395e-01	1.440566e-05	1.051692e-05	1.168644e-01	1.655557e-01	1.445332e+01	6.297034e+02	1.034142e-02	1.557970e+00	3.731660e+01	5.138756e-02	3.266109e+01	3.021864e-03	
4.476411e-03	2.096440e-01	1.251547e-03	5.575669e-01	6.954762e-03	1.421940e+01	2.519121e-02	3.090085e-01	3.214633e-01	1.709443e+00	1.590838e-04	2.501229e-01	8.241915e-01	1.700675e-02	8.798654e-02	3.011070e+00	3.443205e-01	1.004860e-05	2.911093e-05	2.590473e-02	2.232318e-01	1.432611e-05	1.043873e-05	1.185499e-01	1.659886e-01	1.930729e+01	6.273648e+02	1.032277e-02	1.533412e+00	3.784083e+01	5.029464e-02	3.267258e+01	3.850898e-03	
4.476442e-03	1.975996e-01	1.194373e-03	6.837225e-01	8.561300e-03	1.413111e+01	2.545860e-02	3.047413e-01	3.215681e-01	1.716306e+00	1.229981e-04	2.472143e-01	8.237327e-01	1.746554e-02	8.828217e-02	2.999887e+00	3.424592e-01	1.003859e-05	2.900457e-05	2.594407e-02	2.249151e-01	1.363851e-05	1.054610e-05	1.216540e-01	1.711498e-01	1.820221e+01	6.202239e+02	1.037132e-02	1.493188e+00	3.766871e+01	5.079673e-02	3.260024e+01	4.376736e-03	
4.476456e-03	2.113883e-01	1.232756e-03	6.857577e-01	8.574178e-03	1.418020e+01	2.534971e-02	3.128415e-01	3.213479e-01	1.710169e+00	1.833926e-04	2.592152e-01	8.259767e-01	1.548070e-02	8.080260e-02	3.009843e+00	3.459792e-01	1.003323e-05	2.816040e-05	2.528723e-02	2.219203e-01	1.351389e-05	1.052324e-05	1.160978e-01	1.624577e-01	1.652110e+01	6.035136e+02	1.041566e-02	1.526964e+00	3.756103e+01	5.093582e-02	3.246883e+01	3.897772e-03	
4.476456e-03	1.940940e-01	1.196369e-03	4.550970e-01	5.629635e-03	1.423794e+01	2.525662e-02	2.961845e-01	3.217361e-01	1.709859e+00	5.226867e-05	2.473872e-01	8.224248e-01	1.746003e-02	8.399372e-02	2.980297e+00	3.396720e-01	1.007082e-05	2.910497e-05	2.433080e-02	2.097453e-01	1.444514e-05	1.054670e-05	1.172628e-01	1.679590e-01	1.591575e+01	6.464948e+02	1.009157e-02	1.589069e+00	3.791536e+01	5.036539e-02	3.268054e+01	3.091739e-03	
4.476464e-03	1.833701e-01	1.099493e-03	6.185175e-01	7.748938e-03	1.409276e+01	2.554465e-02	3.016284e-01	3.216435e-01	1.724290e+00	4.269932e-05	2.380964e-01	8.236005e-01	1.705669e-02	8.548231e-02	2.989257e+00	3.404348e-01	1.004038e-05	2.871579e-05	2.373651e-02	2.032236e-01	1.342597e-05	1.010560e-05	1.142068e-01	1.625016e-01	1.447748e+01	6.017104e+02	1.027720e-02	1.543638e+00	3.731177e+01	5.145852e-02	3.252654e+01	2.632379e-03	
4.476474e-03	2.176635e-01	1.315963e-03	8.597037e-01	1.079751e-02	1.423354e+01	2.518523e-02	3.072920e-01	3.215145e-01	1.699987e+00	8.150017e-05	2.597488e-01	8.247828e-01	1.646400e-02	8.456667e-02	2.998729e+00	3.440268e-01	1.005368e-05	2.896055e-05	2.476490e-02	2.142054e-01	1.457051e-05	1.077676e-05	1.157270e-01	1.647170e-01	1.655283e+01	6.586500e+02	1.034838e-02	1.567433e+00	3.782406e+01	5.037666e-02	3.253230e+01	3.542565e-03	
4.476480e-03	1.908708e-01	1.113415e-03	5.365617e-01	6.671232e-03	1.419276e+01	2.532592e-02	3.038779e-01	3.215938e-01	1.716195e+00	5.988230e-05	2.452003e-01	8.240445e-01	1.737792e-02	8.951739e-02	2.970035e+00	3.356165e-01	1.004554e-05	2.829002e-05	2.411875e-02	2.084968e-01	1.440526e-05	1.050639e-05	1.183484e-01	1.672816e-01	1.303692e+01	6.252372e+02	1.034764e-02	1.548039e+00	3.754109e+01	5.098125e-02	3.262635e+01	2.990508e-03	
4.476503e-03	1.909216e-01	1.190574e-03	5.187487e-01	6.475855e-03	1.405113e+01	2.558884e-02	2.997710e-01	3.216668e-01	1.714144e+00	6.896778e-05	2.474960e-01	8.232727e-01	1.652785e-02	8.156911e-02	2.982391e+00	3.401102e-01	1.005251e-05	2.827518e-05	2.436167e-02	2.120261e-01	1.369934e-05	1.034472e-05	1.115788e-01	1.572128e-01	1.680632e+01	6.787912e+02	1.005730e-02	1.621634e+00	3.750145e+01	5.102219e-02	3.270631e+01	2.316829e-03	
4.476523e-03	2.157364e-01	1.302655e-03	7.047405e-01	8.805211e-03	1.421804e+01	2.525083e-02	3.077861e-01	3.215148e-01	1.705637e+00	1.315456e-04	2.523573e-01	8.249169e-01	1.722579e-02	9.021546e-02	3.031632e+00	3.497741e-01	1.005363e-05	2.868023e-05	2.494760e-02	2.165327e-01	1.441583e-05	1.063905e-05	1.224463e-01	1.735089e-01	1.705303e+01	6.340908e+02	1.038224e-02	1.499489e+00	3.774655e+01	5.056050e-02	3.258012e+01	3.316711e-03	
4.476543e-03	2.008423e-01	1.208982e-03	6.063021e-01	7.535111e-03	1.417913e+01	2.533161e-02	3.018455e-01	3.215890e-01	1.716613e+00	7.303960e-05	2.415559e-01	8.230531e-01	1.758909e-02	8.620120e-02	2.986229e+00	3.413393e-01	1.004759e-05	2.844381e-05	2.410012e-02	2.097324e-01	1.320118e-05	1.041610e-05	1.182179e-01	1.667819e-01	1.471278e+01	6.481382e+02	1.026908e-02	1.524995e+00	3.767600e+01	5.072507e-02	3.264231e+01	2.087339e-03	
4.476550e-03	2.022495e-01	1.255627e-03	5.491959e-01	6.876973e-03	1.425258e+01	2.519112e-02	3.025047e-01	3.216497e-01	1.713934e+00	7.286021e-05	2.491049e-01	8.239685e-01	1.689344e-02	8.482046e-02	3.011254e+00	3.453514e-01	1.005463e-05	2.940749e-05	2.454389e-02	2.110518e-01	1.422984e-05	1.057392e-05	1.197591e-01	1.694332e-01	1.756320e+01	6.348672e+02	1.023917e-02	1.574637e+00	3.785126e+01	5.043995e-02	3.262220e+01	3.282004e-03	
4.476551e-03	1.996427e-01	1.212133e-03	6.787462e-01	8.454703e-03	1.422164e+01	2.524637e-02	3.051612e-01	3.215639e-01	1.722070e+00	8.806972e-05	2.346329e-01	8.232776e-01	1.824115e-02	9.142666e-02	2.987468e+00	3.409868e-01	1.005641e-05	2.895244e-05	2.500336e-02	2.159650e-01	1.407758e-05	1.055579e-05	1.232584e-01	1.718717e-01	1.666372e+01	6.064943e+02	1.032427e-02	1.493900e+00	3.781500e+01	5.045117e-02	3.263755e+01	3.645481e-03	
4.476570e-03	2.069991e-01	1.234483e-03	5.621112e-01	7.013659e-03	1.421333e+01	2.529905e-02	3.089820e-01	3.214558e-01	1.709468e+00	1.098598e-04	2.439557e-01	8.241149e-01	1.737175e-02	8.757416e-02	2.994734e+00	3.424374e-01	1.005120e-05	2.925074e-05	2.564585e-02	2.219831e-01	1.395924e-05	1.053749e-05	1.206928e-01	1.693763e-01	1.929234e+01	6.222338e+02	1.036626e-02	1.519724e+00	3.792503e+01	5.031975e-02	3.262601e+01	4.576197e-03	
4.476573e-03	2.042035e-01	1.214387e-03	6.091592e-01	7.589688e-03	1.430676e+01	2.513513e-02	3.065513e-01	3.215104e-01	1.704202e+00	6.264206e-05	2.540548e-01	8.242023e-01	1.724419e-02	8.970362e-02	3.000319e+00	3.429308e-01	1.007367e-05	2.840205e-05	2.496647e-02	2.165910e-01	1.436819e-05	1.064535e-05	1.232937e-01	1.738002e-01	1.345324e+01	6.323977e+02	1.030218e-02	1.545911e+00	3.789235e+01	5.044546e-02	3.268453e+01	4.138977e-03	
4.476601e-03	2.134153e-01	1.316823e-03	6.562518e-01	8.211205e-03	1.424015e+01	2.527377e-02	3.022184e-01	3.216286e-01	1.708171e+00	8.499346e-05	2.495330e-01	8.238889e-01	1.721902e-02	8.749470e-02	2.996687e+00	3.425559e-01	1.005857e-05	2.866758e-05	2.505917e-02	2.181753e-01	1.457162e-05	1.080310e-05	1.207701e-01	1.699343e-01	1.613624e+01	6.770142e+02	1.024208e-02	1.542727e+00	3.792518e+01	5.035084e-02	3.263711e+01	2.383203e-03	
4.476601e-03	1.911399e-01	1.142350e-03	5.372188e-01	6.703285e-03	1.414743e+01	2.541508e-02	3.024832e-01	3.216016e-01	1.710882e+00	7.825464e-05	2.429265e-01	8.237789e-01	1.775726e-02	8.985348e-02	2.978146e+00	3.389258e-01	1.005722e-05	2.887801e-05	2.510203e-02	2.173760e-01	1.396641e-05	1.039167e-05	1.194501e-01	1.685274e-01	1.602332e+01	6.255825e+02	1.031113e-02	1.533517e+00	3.775320e+01	5.056006e-02	3.263033e+01	4.023511e-03	
4.476647e-03	1.846442e-01	1.139211e-03	4.992997e-01	6.237451e-03	1.423146e+01	2.527769e-02	3.028078e-01	3.216230e-01	1.713261e+00	4.551310e-05	2.439764e-01	8.230443e-01	1.757706e-02	8.730157e-02	2.980492e+00	3.399388e-01	1.004194e-05	2.802253e-05	2.343344e-02	2.034751e-01	1.409086e-05	1.060982e-05	1.179024e-01	1.695601e-01	1.473109e+01	6.096536e+02	1.026945e-02	1.539729e+00	3.781181e+01	5.052951e-02	3.257354e+01	2.506429e-03	
4.476728e-03	1.984199e-01	1.237700e-03	5.345090e-01	6.657567e-03	1.418880e+01	2.534444e-02	2.975025e-01	3.217271e-01	1.716487e+00	4.742674e-05	2.465263e-01	8.231180e-01	1.695185e-02	8.375927e-02	2.989445e+00	3.426094e-01	1.003932e-05	2.840253e-05	2.420782e-02	2.102766e-01	1.481637e-05	1.051665e-05	1.106682e-01	1.588760e-01	1.679223e+01	6.650613e+02	1.020796e-02	1.558848e+00	3.771552e+01	5.069081e-02	3.263626e+01	1.955328e-03	
4.476734e-03	2.048514e-01	1.219487e-03	5.214532e-01	6.494681e-03	1.428105e+01	2.516974e-02	3.081468e-01	3.215006e-01	1.712595e+00	1.230839e-04	2.486308e-01	8.245065e-01	1.648443e-02	8.378453e-02	3.029885e+00	3.493995e-01	1.004732e-05	2.836012e-05	2.464322e-02	2.153790e-01	1.426505e-05	1.072667e-05	1.186569e-01	1.650407e-01	1.851438e+01	5.951707e+02	1.037206e-02	1.530242e+00	3.813741e+01	4.998967e-02	3.259435e+01	3.824648e-03	
4.476761e-03	1.884419e-01	1.113835e-03	6.060071e-01	7.544404e-03	1.418594e+01	2.544829e-02	3.051739e-01	3.215489e-01	1.706942e+00	7.017943e-05	2.493391e-01	8.249166e-01	1.716962e-02	8.961910e-02	2.993190e+00	3.421764e-01	1.003974e-05	2.803746e-05	2.456666e-02	2.152145e-01	1.349037e-05	1.029901e-05	1.189597e-01	1.696151e-01	1.583790e+01	6.105633e+02	1.036817e-02	1.525450e+00	3.764236e+01	5.100431e-02	3.260314e+01	4.115805e-03	
4.476773e-03	2.098841e-01	1.261362e-03	5.732617e-01	7.128225e-03	1.425122e+01	2.522948e-02	3.031758e-01	3.215939e-01	1.706845e+00	9.631915e-05	2.539350e-01	8.237909e-01	1.724260e-02	8.763122e-02	2.993333e+00	3.414432e-01	1.005010e-05	2.889962e-05	2.463498e-02	2.122987e-01	1.489598e-05	1.063661e-05	1.200160e-01	1.687424e-01	1.564007e+01	6.419025e+02	1.026051e-02	1.539520e+00	3.786941e+01	5.045570e-02	3.267007e+01	2.581018e-03	
4.476810e-03	2.107796e-01	1.238001e-03	6.135995e-01	7.589936e-03	1.429529e+01	2.500315e-02	3.064806e-01	3.215004e-01	1.712717e+00	9.764751e-05	2.499777e-01	8.241667e-01	1.767222e-02	9.162747e-02	2.984843e+00	3.399398e-01	1.006983e-05	2.819010e-05	2.394419e-02	2.087385e-01	1.423673e-05	1.053366e-05	1.230682e-01	1.737785e-01	1.322455e+01	6.303860e+02	1.036589e-02	1.534172e+00	3.782742e+01	5.027042e-02	3.275226e+01	3.518886e-03	
4.476830e-03	2.095901e-01	1.247840e-03	5.613137e-01	7.023055e-03	1.426464e+01	2.518041e-02	2.984953e-01	3.216594e-01	1.704400e+00	5.589322e-05	2.559095e-01	8.232855e-01	1.677451e-02	8.158790e-02	2.994209e+00	3.422996e-01	1.005486e-05	2.845473e-05	2.417273e-02	2.112379e-01	1.492987e-05	1.071106e-05	1.198003e-01	1.707566e-01	1.438610e+01	6.742266e+02	1.025621e-02	1.566120e+00	3.782345e+01	5.046247e-02	3.263438e+01	1.677786e-03	
4.476838e-03	2.037520e-01	1.226071e-03	6.086919e-01	7.605021e-03	1.417677e+01	2.529254e-02	2.984175e-01	3.216229e-01	1.705880e+00	1.175524e-04	2.480462e-01	8.231599e-01	1.688571e-02	8.360156e-02	2.994656e+00	3.416004e-01	1.005196e-05	2.841318e-05	2.505053e-02	2.194729e-01	1.351066e-05	1.026698e-05	1.123370e-01	1.573634e-01	1.839636e+01	6.566902e+02	1.024672e-02	1.518807e+00	3.779713e+01	5.041303e-02	3.264323e+01	2.513641e-03	
4.476889e-03	2.116836e-01	1.310816e-03	6.150814e-01	7.649387e-03	1.418693e+01	2.531967e-02	3.066357e-01	3.214817e-01	1.700764e+00	9.418230e-05	2.537548e-01	8.231003e-01	1.774442e-02	8.989585e-02	3.021778e+00	3.476008e-01	1.006062e-05	2.899535e-05	2.490098e-02	2.151460e-01	1.401329e-05	1.040018e-05	1.179952e-01	1.692939e-01	1.688583e+01	6.528043e+02	1.021631e-02	1.538901e+00	3.764330e+01	5.076915e-02	3.266315e+01	3.831061e-03	
4.476918e-03	2.082846e-01	1.276784e-03	6.664710e-01	8.292983e-03	1.421770e+01	2.524496e-02	3.027956e-01	3.216038e-01	1.708788e+00	9.952848e-05	2.501065e-01	8.232782e-01	1.786180e-02	9.114295e-02	2.987195e+00	3.408733e-01	1.004820e-05	2.804420e-05	2.489128e-02	2.180839e-01	1.485205e-05	1.073875e-05	1.215234e-01	1.732407e-01	1.515302e+01	6.047095e+02	1.028735e-02	1.536802e+00	3.793920e+01	5.026839e-02	3.265658e+01	3.071725e-03	
4.476928e-03	2.097605e-01	1.271170e-03	6.370647e-01	7.981862e-03	1.423829e+01	2.515508e-02	3.063108e-01	3.214865e-01	1.723244e+00	1.130692e-04	2.419012e-01	8.236059e-01	1.723916e-02	8.826064e-02	2.989047e+00	3.398299e-01	1.005045e-05	2.861438e-05	2.481655e-02	2.158408e-01	1.412437e-05	1.033927e-05	1.148467e-01	1.596842e-01	1.650645e+01	6.577825e+02	1.023868e-02	1.538825e+00	3.786111e+01	5.029827e-02	3.271765e+01	2.662723e-03	
4.476953e-03	2.082547e-01	1.258550e-03	6.259030e-01	7.829846e-03	1.424887e+01	2.511137e-02	3.058212e-01	3.215454e-01	1.707498e+00	1.432215e-04	2.526781e-01	8.236190e-01	1.761800e-02	8.843563e-02	3.002296e+00	3.436306e-01	1.005502e-05	2.867679e-05	2.502688e-02	2.174744e-01	1.413782e-05	1.041852e-05	1.161206e-01	1.637878e-01	1.925227e+01	6.942134e+02	1.028058e-02	1.544910e+00	3.753004e+01	5.080514e-02	3.268253e+01	3.721249e-03	
4.477072e-03	2.059065e-01	1.266793e-03	5.654560e-01	7.026639e-03	1.432322e+01	2.507495e-02	2.992408e-01	3.216706e-01	1.713075e+00	6.677251e-05	2.490557e-01	8.240172e-01	1.669394e-02	8.463954e-02	2.993132e+00	3.418423e-01	1.005850e-05	2.797683e-05	2.312180e-02	2.022742e-01	1.437551e-05	1.071529e-05	1.196850e-01	1.698001e-01	1.374426e+01	6.261385e+02	1.022497e-02	1.540220e+00	3.801398e+01	5.015152e-02	3.266066e+01	2.896787e-03	
4.477077e-03	1.965978e-01	1.186436e-03	4.857565e-01	6.042292e-03	1.426405e+01	2.509287e-02	3.026329e-01	3.215652e-01	1.718645e+00	6.611742e-05	2.434506e-01	8.230100e-01	1.727269e-02	8.513336e-02	2.998022e+00	3.426808e-01	1.005485e-05	2.786290e-05	2.366637e-02	2.084200e-01	1.510185e-05	1.066170e-05	1.165706e-01	1.654756e-01	1.440591e+01	6.318523e+02	1.018295e-02	1.578368e+00	3.789237e+01	5.024204e-02	3.263410e+01	3.000781e-03	
4.477099e-03	2.041970e-01	1.224209e-03	5.696965e-01	7.117529e-03	1.415708e+01	2.542855e-02	2.978576e-01	3.217018e-01	1.709484e+00	6.451864e-05	2.561950e-01	8.241528e-01	1.587374e-02	7.879696e-02	2.999959e+00	3.447524e-01	1.005318e-05	2.792397e-05	2.395220e-02	2.092631e-01	1.446646e-05	1.042261e-05	1.119941e-01	1.592885e-01	1.448257e+01	6.692077e+02	1.017794e-02	1.591489e+00	3.742357e+01	5.127235e-02	3.268165e+01	1.759673e-03	
4.477141e-03	1.945739e-01	1.168748e-03	5.572822e-01	6.924909e-03	1.414105e+01	2.543734e-02	2.997461e-01	3.216637e-01	1.717351e+00	6.808064e-05	2.432325e-01	8.231021e-01	1.796017e-02	9.018356e-02	2.977682e+00	3.385032e-01	1.005140e-05	2.849023e-05	2.406487e-02	2.089511e-01	1.441063e-05	1.046936e-05	1.125856e-01	1.595640e-01	1.500658e+01	6.475804e+02	1.011220e-02	1.614084e+00	3.768700e+01	5.074127e-02	3.264570e+01	2.554850e-03	
4.477488e-03	2.015976e-01	1.198392e-03	6.058091e-01	7.552081e-03	1.417107e+01	2.547189e-02	3.103397e-01	3.214263e-01	1.707923e+00	8.054942e-05	2.518539e-01	8.241347e-01	1.782912e-02	9.379413e-02	2.995470e+00	3.414470e-01	1.005108e-05	2.891580e-05	2.486504e-02	2.152391e-01	1.442551e-05	1.052974e-05	1.173862e-01	1.667648e-01	1.622257e+01	5.871795e+02	1.031740e-02	1.555094e+00	3.756969e+01	5.108565e-02	3.258571e+01	5.355315e-03	
4.477502e-03	1.939464e-01	1.205290e-03	4.455301e-01	5.526358e-03	1.428956e+01	2.528639e-02	3.058852e-01	3.215140e-01	1.719747e+00	7.167535e-05	2.420808e-01	8.230021e-01	1.725681e-02	8.713153e-02	2.983834e+00	3.403789e-01	1.004557e-05	2.864853e-05	2.403260e-02	2.067825e-01	1.418876e-05	1.048268e-05	1.136218e-01	1.608714e-01	1.705562e+01	6.334969e+02	1.011831e-02	1.577869e+00	3.785384e+01	5.073422e-02	3.265449e+01	3.545620e-03	
4.477531e-03	2.012744e-01	1.216288e-03	5.639424e-01	7.019987e-03	1.426407e+01	2.516671e-02	3.004393e-01	3.216493e-01	1.710286e+00	6.849494e-05	2.492111e-01	8.235370e-01	1.655877e-02	8.081499e-02	3.010795e+00	3.452349e-01	1.005493e-05	2.827758e-05	2.380208e-02	2.074944e-01	1.455158e-05	1.051682e-05	1.149066e-01	1.632917e-01	1.534187e+01	6.358871e+02	1.019594e-02	1.546805e+00	3.780907e+01	5.048704e-02	3.259951e+01	2.478427e-03	
4.477543e-03	1.927703e-01	1.159606e-03	6.467983e-01	8.057803e-03	1.416625e+01	2.544092e-02	2.992242e-01	3.216982e-01	1.711290e+00	7.208095e-05	2.510865e-01	8.240487e-01	1.684330e-02	8.357499e-02	2.992276e+00	3.434328e-01	1.004788e-05	2.852195e-05	2.451157e-02	2.144740e-01	1.392543e-05	1.032152e-05	1.139860e-01	1.591554e-01	1.715217e+01	6.458468e+02	1.035093e-02	1.541175e+00	3.758074e+01	5.102507e-02	3.259628e+01	2.696097e-03	
4.477593e-03	1.928064e-01	1.153165e-03	5.381315e-01	6.717691e-03	1.428249e+01	2.507125e-02	3.035991e-01	3.215441e-01	1.710416e+00	7.783114e-05	2.513470e-01	8.230724e-01	1.766738e-02	8.998469e-02	2.978042e+00	3.388659e-01	1.005686e-05	2.828344e-05	2.363960e-02	2.038765e-01	1.445663e-05	1.038517e-05	1.143863e-01	1.609788e-01	1.610737e+01	6.265884e+02	1.017406e-02	1.585810e+00	3.772233e+01	5.054468e-02	3.264155e+01	2.787252e-03	
4.477596e-03	2.087684e-01	1.258506e-03	6.371473e-01	7.994089e-03	1.425767e+01	2.511303e-02	3.062090e-01	3.215372e-01	1.707553e+00	7.338158e-05	2.543710e-01	8.245394e-01	1.664542e-02	8.556727e-02	3.002739e+00	3.441018e-01	1.005578e-05	2.813093e-05	2.362042e-02	2.058352e-01	1.471905e-05	1.057490e-05	1.189159e-01	1.681114e-01	1.411897e+01	6.358687e+02	1.029825e-02	1.568435e+00	3.758081e+01	5.074732e-02	3.258838e+01	3.124862e-03	
4.477605e-03	2.094163e-01	1.276056e-03	6.462587e-01	8.048648e-03	1.430191e+01	2.514774e-02	3.020048e-01	3.215917e-01	1.713494e+00	9.585629e-05	2.467073e-01	8.238226e-01	1.648397e-02	8.321733e-02	2.999022e+00	3.433628e-01	1.004951e-05	2.780536e-05	2.325827e-02	2.038044e-01	1.479168e-05	1.066153e-05	1.136132e-01	1.614499e-01	1.534587e+01	6.347217e+02	1.025665e-02	1.531104e+00	3.805665e+01	5.014744e-02	3.264305e+01	2.041737e-03	
4.477627e-03	2.050371e-01	1.223758e-03	5.258123e-01	6.534818e-03	1.421601e+01	2.523589e-02	3.071360e-01	3.215105e-01	1.715430e+00	1.279098e-04	2.493093e-01	8.246970e-01	1.708794e-02	8.760490e-02	3.013524e+00	3.459715e-01	1.005204e-05	2.858844e-05	2.587598e-02	2.266865e-01	1.418782e-05	1.044516e-05	1.264691e-01	1.774753e-01	1.731522e+01	6.261248e+02	1.030015e-02	1.511554e+00	3.774329e+01	5.056627e-02	3.267185e+01	4.618519e-03	
4.477778e-03	1.931014e-01	1.123678e-03	6.356696e-01	7.946306e-03	1.413345e+01	2.542852e-02	3.069802e-01	3.214292e-01	1.712888e+00	5.036217e-05	2.446030e-01	8.240848e-01	1.675656e-02	8.545918e-02	2.997081e+00	3.416714e-01	1.004759e-05	2.836708e-05	2.478944e-02	2.164188e-01	1.369400e-05	1.042115e-05	1.179428e-01	1.711043e-01	1.419007e+01	6.216685e+02	1.045759e-02	1.510606e+00	3.744138e+01	5.114537e-02	3.258125e+01	3.130918e-03	
4.477781e-03	2.019471e-01	1.230501e-03	6.024842e-01	7.519344e-03	1.428554e+01	2.512766e-02	3.034329e-01	3.215557e-01	1.706868e+00	9.962896e-05	2.527340e-01	8.228638e-01	1.686889e-02	8.245465e-02	3.012554e+00	3.470034e-01	1.004068e-05	2.861932e-05	2.395451e-02	2.067412e-01	1.392289e-05	1.053395e-05	1.157505e-01	1.602551e-01	1.878692e+01	6.511958e+02	1.017806e-02	1.571014e+00	3.785134e+01	5.039154e-02	3.265904e+01	2.422863e-03	
4.477808e-03	2.011839e-01	1.229700e-03	5.849784e-01	7.286846e-03	1.422308e+01	2.527388e-02	3.017003e-01	3.215757e-01	1.699767e+00	6.716015e-05	2.603247e-01	8.237805e-01	1.733821e-02	8.792317e-02	3.006060e+00	3.450292e-01	1.006068e-05	2.838558e-05	2.472862e-02	2.168950e-01	1.447562e-05	1.076477e-05	1.223501e-01	1.738881e-01	1.549122e+01	6.548709e+02	1.021143e-02	1.562696e+00	3.764037e+01	5.081804e-02	3.263023e+01	4.589905e-03	
4.477829e-03	1.955353e-01	1.162137e-03	5.516672e-01	6.883323e-03	1.423504e+01	2.517319e-02	3.031233e-01	3.215779e-01	1.718666e+00	5.736904e-05	2.425813e-01	8.241552e-01	1.635157e-02	8.127806e-02	3.015334e+00	3.471895e-01	1.005668e-05	2.827594e-05	2.421867e-02	2.111977e-01	1.430211e-05	1.044029e-05	1.207715e-01	1.714398e-01	1.487520e+01	6.341755e+02	1.037259e-02	1.529090e+00	3.758908e+01	5.070777e-02	3.253973e+01	2.435468e-03	
4.477863e-03	1.864064e-01	1.123046e-03	4.864644e-01	6.092516e-03	1.417278e+01	2.538464e-02	3.035260e-01	3.215882e-01	1.721683e+00	9.954210e-05	2.420926e-01	8.236653e-01	1.751897e-02	8.942658e-02	2.984664e+00	3.398656e-01	1.005595e-05	2.882385e-05	2.605256e-02	2.260746e-01	1.397632e-05	1.061531e-05	1.233184e-01	1.728915e-01	1.603513e+01	6.335837e+02	1.028908e-02	1.528111e+00	3.785674e+01	5.044098e-02	3.263546e+01	3.722707e-03	
4.478013e-03	2.059975e-01	1.238580e-03	5.690864e-01	7.130069e-03	1.423057e+01	2.525576e-02	3.108136e-01	3.213835e-01	1.714485e+00	1.013798e-04	2.503027e-01	8.253227e-01	1.594896e-02	8.356038e-02	3.003867e+00	3.441163e-01	1.003874e-05	2.887831e-05	2.583486e-02	2.250491e-01	1.378856e-05	1.073163e-05	1.232027e-01	1.746352e-01	1.678982e+01	6.139877e+02	1.046116e-02	1.481244e+00	3.786012e+01	5.040692e-02	3.255009e+01	3.801709e-03	
4.478028e-03	2.043634e-01	1.224946e-03	7.584538e-01	9.486738e-03	1.426013e+01	2.514554e-02	3.019354e-01	3.215814e-01	1.709403e+00	7.203919e-05	2.507980e-01	8.234344e-01	1.714072e-02	8.534272e-02	3.020724e+00	3.482615e-01	1.004809e-05	2.793006e-05	2.333274e-02	2.045245e-01	1.493619e-05	1.064181e-05	1.204467e-01	1.731242e-01	1.469715e+01	6.483753e+02	1.027958e-02	1.532211e+00	3.784859e+01	5.040643e-02	3.258341e+01	2.687861e-03	
4.478049e-03	2.142502e-01	1.238473e-03	7.156635e-01	8.963315e-03	1.425873e+01	2.508510e-02	3.119531e-01	3.213597e-01	1.712099e+00	8.867639e-05	2.465537e-01	8.249365e-01	1.725697e-02	9.180778e-02	3.007557e+00	3.443429e-01	1.005565e-05	2.817882e-05	2.397031e-02	2.082522e-01	1.453421e-05	1.060288e-05	1.195169e-01	1.693591e-01	1.548553e+01	5.771631e+02	1.045899e-02	1.482620e+00	3.768746e+01	5.054934e-02	3.260004e+01	4.119327e-03	
4.478092e-03	1.960113e-01	1.203659e-03	4.856116e-01	6.039350e-03	1.416111e+01	2.542444e-02	3.083963e-01	3.214503e-01	1.709573e+00	6.036565e-05	2.449529e-01	8.242670e-01	1.715637e-02	8.995553e-02	2.984351e+00	3.399849e-01	1.006525e-05	2.956120e-05	2.549880e-02	2.181840e-01	1.362987e-05	1.038561e-05	1.200890e-01	1.703804e-01	1.642642e+01	6.183388e+02	1.018115e-02	1.569091e+00	3.771669e+01	5.075029e-02	3.263624e+01	4.537131e-03	
4.478143e-03	1.919228e-01	1.144452e-03	5.647704e-01	7.025957e-03	1.420502e+01	2.530310e-02	3.026437e-01	3.215701e-01	1.711766e+00	5.311572e-05	2.469909e-01	8.237765e-01	1.728897e-02	8.690827e-02	2.989764e+00	3.420553e-01	1.005778e-05	2.824348e-05	2.369655e-02	2.068551e-01	1.374431e-05	1.034015e-05	1.137333e-01	1.617809e-01	1.562968e+01	6.336004e+02	1.024600e-02	1.593868e+00	3.759489e+01	5.090958e-02	3.264437e+01	2.975153e-03	
4.478227e-03	2.047422e-01	1.199230e-03	6.677015e-01	8.335173e-03	1.416455e+01	2.534041e-02	3.067956e-01	3.214630e-01	1.709793e+00	7.730896e-05	2.469404e-01	8.238623e-01	1.672003e-02	8.429011e-02	2.994634e+00	3.418914e-01	1.003932e-05	2.864250e-05	2.520099e-02	2.181336e-01	1.365464e-05	1.050117e-05	1.185715e-01	1.658406e-01	1.653453e+01	6.236314e+02	1.031336e-02	1.513064e+00	3.754018e+01	5.092021e-02	3.252732e+01	2.898671e-03	
4.478246e-03	2.031540e-01	1.249399e-03	6.407665e-01	7.983581e-03	1.423452e+01	2.529255e-02	3.041063e-01	3.215880e-01	1.714763e+00	7.998882e-05	2.448305e-01	8.235252e-01	1.681390e-02	8.349906e-02	3.037908e+00	3.511344e-01	1.004266e-05	2.828143e-05	2.432146e-02	2.117825e-01	1.435213e-05	1.086511e-05	1.185353e-01	1.666680e-01	1.713160e+01	6.208184e+02	1.027212e-02	1.531806e+00	3.793429e+01	5.038676e-02	3.258629e+01	3.073674e-03	
4.478274e-03	2.139450e-01	1.289317e-03	6.327169e-01	7.877337e-03	1.420101e+01	2.523197e-02	3.063741e-01	3.215007e-01	1.710014e+00	7.379351e-05	2.558603e-01	8.245708e-01	1.637773e-02	8.332255e-02	2.993592e+00	3.419246e-01	1.006036e-05	2.901865e-05	2.464045e-02	2.144506e-01	1.448074e-05	1.044392e-05	1.163179e-01	1.626237e-01	1.488934e+01	6.266241e+02	1.021453e-02	1.603638e+00	3.762247e+01	5.073350e-02	3.262698e+01	3.415534e-03	
4.478299e-03	2.050901e-01	1.195139e-03	6.367990e-01	7.946717e-03	1.425975e+01	2.519977e-02	3.030331e-01	3.216018e-01	1.712655e+00	1.262201e-04	2.485555e-01	8.245340e-01	1.644107e-02	8.211757e-02	3.002372e+00	3.442178e-01	1.005094e-05	2.838419e-05	2.502333e-02	2.182848e-01	1.415609e-05	1.056313e-05	1.202448e-01	1.687572e-01	1.611904e+01	6.374716e+02	1.034238e-02	1.527618e+00	3.783863e+01	5.049525e-02	3.264008e+01	3.134351e-03	
4.478311e-03	2.164561e-01	1.263898e-03	6.891737e-01	8.585010e-03	1.431429e+01	2.493869e-02	3.045721e-01	3.215602e-01	1.698234e+00	8.220966e-05	2.628295e-01	8.245903e-01	1.656386e-02	8.344621e-02	2.998077e+00	3.433276e-01	1.005731e-05	2.823445e-05	2.425433e-02	2.116147e-01	1.495278e-05	1.078574e-05	1.258886e-01	1.790011e-01	1.390513e+01	6.184384e+02	1.033212e-02	1.538252e+00	3.786096e+01	5.014225e-02	3.264306e+01	2.738973e-03	
4.478408e-03	1.950025e-01	1.190484e-03	6.391936e-01	7.956219e-03	1.417890e+01	2.540255e-02	2.969823e-01	3.217326e-01	1.708599e+00	4.939402e-05	2.481483e-01	8.229368e-01	1.639805e-02	7.823515e-02	2.999795e+00	3.438831e-01	1.003715e-05	2.855630e-05	2.492902e-02	2.169767e-01	1.478289e-05	1.075765e-05	1.150320e-01	1.646159e-01	1.615884e+01	6.483817e+02	1.022801e-02	1.545318e+00	3.782322e+01	5.057833e-02	3.261661e+01	2.086805e-03	
4.478425e-03	2.055089e-01	1.272470e-03	5.559688e-01	6.915885e-03	1.428755e+01	2.514550e-02	3.012289e-01	3.216190e-01	1.703883e+00	6.689533e-05	2.558193e-01	8.234945e-01	1.697528e-02	8.515463e-02	3.016339e+00	3.467069e-01	1.005639e-05	2.866413e-05	2.415832e-02	2.100469e-01	1.460592e-05	1.065481e-05	1.158786e-01	1.667275e-01	1.574392e+01	6.606721e+02	1.018723e-02	1.576381e+00	3.783372e+01	5.052921e-02	3.262069e+01	2.597583e-03	
4.478434e-03	2.158459e-01	1.308241e-03	6.208179e-01	7.714834e-03	1.419776e+01	2.533552e-02	3.052454e-01	3.215726e-01	1.711566e+00	1.004277e-04	2.520183e-01	8.243659e-01	1.635838e-02	8.344790e-02	2.987486e+00	3.403714e-01	1.005771e-05	2.850233e-05	2.462211e-02	2.137730e-01	1.405212e-05	1.061474e-05	1.106412e-01	1.539502e-01	1.545443e+01	6.449808e+02	1.018475e-02	1.607624e+00	3.762998e+01	5.087120e-02	3.259022e+01	2.991737e-03	
4.478572e-03	1.953826e-01	1.153208e-03	4.856582e-01	6.064656e-03	1.415753e+01	2.533295e-02	3.043746e-01	3.215353e-01	1.706547e+00	8.294379e-05	2.611178e-01	8.245682e-01	1.600274e-02	8.153555e-02	3.005962e+00	3.442995e-01	1.005089e-05	2.855975e-05	2.475406e-02	2.150020e-01	1.372689e-05	1.055253e-05	1.190804e-01	1.661400e-01	1.543624e+01	6.296777e+02	1.027736e-02	1.566024e+00	3.741745e+01	5.107944e-02	3.260538e+01	3.274747e-03	
4.478600e-03	1.898003e-01	1.164513e-03	5.890933e-01	7.398707e-03	1.419419e+01	2.535559e-02	3.020610e-01	3.216191e-01	1.719070e+00	8.769067e-05	2.463824e-01	8.237236e-01	1.647567e-02	8.209839e-02	3.019428e+00	3.469234e-01	1.004219e-05	2.825442e-05	2.439685e-02	2.128818e-01	1.354310e-05	1.059110e-05	1.155320e-01	1.623271e-01	1.914522e+01	6.527749e+02	1.030666e-02	1.527396e+00	3.787063e+01	5.049765e-02	3.259120e+01	3.410305e-03	
4.478648e-03	2.118263e-01	1.324386e-03	6.428699e-01	8.058516e-03	1.438643e+01	2.490626e-02	3.023673e-01	3.215727e-01	1.713499e+00	8.461895e-05	2.459910e-01	8.236082e-01	1.628469e-02	8.102379e-02	3.010762e+00	3.471484e-01	1.005112e-05	2.823781e-05	2.370504e-02	2.061430e-01	1.476267e-05	1.063214e-05	1.155789e-01	1.648073e-01	1.574017e+01	6.356923e+02	1.024405e-02	1.520842e+00	3.814774e+01	4.989327e-02	3.262794e+01	2.426359e-03	
4.479118e-03	1.900018e-01	1.143406e-03	5.873264e-01	7.351526e-03	1.423616e+01	2.528785e-02	3.037856e-01	3.216165e-01	1.710635e+00	6.434754e-05	2.444152e-01	8.247864e-01	1.689466e-02	8.827535e-02	3.012805e+00	3.467286e-01	1.004151e-05	2.780531e-05	2.429076e-02	2.114969e-01	1.385480e-05	1.040874e-05	1.184897e-01	1.653244e-01	1.546097e+01	6.150825e+02	1.040046e-02	1.485728e+00	3.771875e+01	5.076647e-02	3.261470e+01	2.897571e-03	
4.479216e-03	1.874216e-01	1.129908e-03	5.978596e-01	7.449255e-03	1.411529e+01	2.548442e-02	3.004689e-01	3.216575e-01	1.715236e+00	9.310767e-05	2.463657e-01	8.239391e-01	1.675667e-02	8.461213e-02	2.970524e+00	3.372632e-01	1.003976e-05	2.850959e-05	2.432889e-02	2.115408e-01	1.383406e-05	1.028678e-05	1.124202e-01	1.583701e-01	1.672991e+01	6.420585e+02	1.025892e-02	1.555146e+00	3.754200e+01	5.091771e-02	3.265275e+01	2.893201e-03	
4.479374e-03	1.947650e-01	1.180562e-03	5.161623e-01	6.409237e-03	1.408482e+01	2.548198e-02	3.054591e-01	3.215287e-01	1.711501e+00	1.086574e-04	2.504223e-01	8.238504e-01	1.717363e-02	8.715200e-02	2.986499e+00	3.399888e-01	1.004028e-05	2.879098e-05	2.595930e-02	2.252236e-01	1.339436e-05	1.030052e-05	1.188191e-01	1.664968e-01	1.790487e+01	6.285550e+02	1.025499e-02	1.557556e+00	3.748870e+01	5.103500e-02	3.266743e+01	3.494455e-03	
