f	x(1)	x(2)	x(3)	x(4)	x(5)	x(6)	x(7)	x(8)	x(9)	x(10)	x(11)	x(12)	x(13)	x(14)	x(15)	x(16)	x(17)	x(18)	x(19)	x(20)	x(21)	x(22)	x(23)	x(24)	x(25)	x(26)	x(27)	x(28)	x(29)	x(30)	x(31)	x(32)	
5.969707e-04	5.244661e-01	4.866375e-03	1.946299e+01	3.999237e-01	1.420778e+01	2.502124e-02	1.259393e-01	3.248871e-01	1.757891e+00	2.351491e-02	1.377334e-01	6.903005e-01	2.415179e-01	1.220248e+00	2.833932e+00	3.078546e-01	9.739691e-05	3.292261e-04	5.234652e-02	4.867302e-01	5.983761e-02	5.790009e-02	7.278072e-03	9.211067e-03	4.619229e-02	4.661408e-01	3.150611e-02	1.718923e-01	3.679725e+01	5.195150e-02	3.429507e-02	9.765700e+00	
6.036970e-04	5.523216e-01	5.089770e-03	1.854024e+01	3.725074e-01	1.419092e+01	2.503832e-02	1.304178e-01	3.248001e-01	1.756268e+00	2.583277e-02	1.390216e-01	6.922937e-01	2.389381e-01	1.264488e+00	2.827768e+00	3.061282e-01	9.678854e-05	3.072202e-04	4.925027e-02	4.633792e-01	5.882816e-02	5.735667e-02	5.525206e-03	7.047918e-03	2.227910e-02	5.028010e-01	3.106681e-02	1.639215e-01	3.678538e+01	5.196492e-02	4.721352e-02	9.695065e+00	
6.056016e-04	5.154020e-01	4.724560e-03	1.835845e+01	3.659630e-01	1.406288e+01	2.533732e-02	1.243505e-01	3.249053e-01	1.752374e+00	2.608626e-02	1.409909e-01	6.913022e-01	2.389192e-01	1.210518e+00	2.834358e+00	3.081559e-01	1.211047e-04	3.894284e-04	5.053328e-02	4.770860e-01	5.618380e-02	5.283151e-02	6.215959e-03	7.999485e-03	3.760113e-02	4.677392e-01	3.158131e-02	1.895106e-01	3.646698e+01	5.263159e-02	4.148562e-02	9.741844e+00	
6.056280e-04	5.384672e-01	5.039508e-03	1.925052e+01	3.943663e-01	1.421855e+01	2.500866e-02	1.244730e-01	3.249307e-01	1.765740e+00	2.297526e-02	1.329075e-01	6.891195e-01	2.437610e-01	1.215996e+00	2.834719e+00	3.078266e-01	9.917775e-05	3.358406e-04	5.136076e-02	4.754722e-01	6.910888e-02	6.657636e-02	6.870308e-03	8.703835e-03	3.729848e-02	4.702699e-01	3.139435e-02	1.770762e-01	3.706300e+01	5.147423e-02	4.365388e-02	9.700036e+00	
6.064270e-04	5.461453e-01	5.156698e-03	1.862287e+01	3.747220e-01	1.419384e+01	2.510633e-02	1.262701e-01	3.248499e-01	1.768535e+00	2.296016e-02	1.269566e-01	6.904957e-01	2.400027e-01	1.195638e+00	2.828143e+00	3.071690e-01	9.859922e-05	3.278915e-04	5.247507e-02	4.915101e-01	6.229903e-02	5.827716e-02	6.568015e-03	8.336799e-03	3.056735e-02	4.689453e-01	3.163703e-02	1.675482e-01	3.683445e+01	5.203951e-02	3.480806e-02	9.777026e+00	
6.071392e-04	5.208200e-01	4.881720e-03	1.891336e+01	3.842832e-01	1.424937e+01	2.501697e-02	1.287548e-01	3.248373e-01	1.761312e+00	2.584943e-02	1.324007e-01	6.894459e-01	2.440158e-01	1.255286e+00	2.834932e+00	3.085664e-01	9.527958e-05	3.182304e-04	5.156403e-02	4.791501e-01	5.822843e-02	5.479430e-02	6.277550e-03	7.980647e-03	2.047098e-02	4.862692e-01	3.129762e-02	1.821504e-01	3.716677e+01	5.144441e-02	4.271059e-02	9.740861e+00	
6.080114e-04	5.147223e-01	4.814168e-03	1.960513e+01	4.051606e-01	1.402584e+01	2.539113e-02	1.260192e-01	3.249096e-01	1.760304e+00	2.384017e-02	1.382201e-01	6.889541e-01	2.460910e-01	1.315817e+00	2.808933e+00	3.027982e-01	9.287018e-05	3.110217e-04	5.196903e-02	4.827947e-01	5.645261e-02	5.421145e-02	6.912197e-03	8.780398e-03	2.475459e-02	4.872910e-01	3.131945e-02	1.714295e-01	3.645627e+01	5.258390e-02	4.329170e-02	9.707835e+00	
6.088298e-04	4.951646e-01	4.604683e-03	1.844742e+01	3.698300e-01	1.416466e+01	2.506090e-02	1.271566e-01	3.248583e-01	1.756283e+00	2.496230e-02	1.368961e-01	6.886785e-01	2.460342e-01	1.277907e+00	2.847320e+00	3.100814e-01	8.919039e-05	3.061159e-04	5.296418e-02	4.919702e-01	5.778215e-02	5.290124e-02	6.705499e-03	8.535005e-03	2.793844e-02	4.742928e-01	3.153309e-02	1.886247e-01	3.685682e+01	5.178485e-02	4.196436e-02	9.718065e+00	
6.090677e-04	5.760050e-01	5.269684e-03	1.794440e+01	3.553507e-01	1.420870e+01	2.499646e-02	1.247474e-01	3.249077e-01	1.762864e+00	2.624017e-02	1.362002e-01	6.929744e-01	2.347293e-01	1.156801e+00	2.827287e+00	3.064063e-01	1.022222e-04	3.400633e-04	5.101561e-02	4.730671e-01	5.558092e-02	5.137173e-02	6.133450e-03	7.796485e-03	1.427588e-02	4.767195e-01	3.165220e-02	1.868376e-01	3.695885e+01	5.164006e-02	3.881457e-02	9.736216e+00	
6.093311e-04	5.655360e-01	5.269880e-03	1.842088e+01	3.681831e-01	1.418234e+01	2.513463e-02	1.266791e-01	3.248680e-01	1.756166e+00	2.607794e-02	1.341527e-01	6.918179e-01	2.386336e-01	1.208208e+00	2.815290e+00	3.039842e-01	1.054677e-04	3.455247e-04	4.999898e-02	4.663852e-01	5.893164e-02	5.797650e-02	5.828918e-03	7.414888e-03	1.557726e-02	4.848885e-01	3.127072e-02	1.856935e-01	3.682182e+01	5.203203e-02	4.177126e-02	9.702745e+00	
6.093404e-04	5.104293e-01	4.724940e-03	1.779986e+01	3.509477e-01	1.417057e+01	2.506508e-02	1.259313e-01	3.248883e-01	1.768899e+00	2.463680e-02	1.300982e-01	6.912188e-01	2.395429e-01	1.230960e+00	2.828058e+00	3.063591e-01	1.106807e-04	3.632955e-04	5.178781e-02	4.844101e-01	5.889428e-02	5.812178e-02	6.579496e-03	8.294737e-03	2.584981e-02	4.732827e-01	3.143251e-02	1.816058e-01	3.681753e+01	5.187975e-02	4.640143e-02	9.696487e+00	
6.095288e-04	5.290756e-01	4.875323e-03	1.858031e+01	3.751612e-01	1.413944e+01	2.513358e-02	1.269030e-01	3.248596e-01	1.767031e+00	2.203442e-02	1.341626e-01	6.894136e-01	2.434547e-01	1.259339e+00	2.849079e+00	3.113659e-01	1.122653e-04	3.644787e-04	5.148230e-02	4.835042e-01	5.791225e-02	5.215811e-02	6.620284e-03	8.461242e-03	5.028345e-02	4.545756e-01	3.218222e-02	1.714051e-01	3.660902e+01	5.225558e-02	3.626779e-02	9.724201e+00	
6.095358e-04	5.018727e-01	4.534128e-03	1.890820e+01	3.844220e-01	1.403690e+01	2.536249e-02	1.284715e-01	3.247875e-01	1.765330e+00	2.307071e-02	1.374152e-01	6.876638e-01	2.470687e-01	1.274678e+00	2.839896e+00	3.094484e-01	8.565232e-05	2.898572e-04	5.300050e-02	4.924182e-01	6.237523e-02	5.914470e-02	7.010028e-03	8.949679e-03	5.043771e-02	4.557770e-01	3.195428e-02	1.720385e-01	3.660518e+01	5.230880e-02	4.462895e-02	9.708298e+00	
6.095488e-04	5.341297e-01	4.959312e-03	1.752166e+01	3.434221e-01	1.418071e+01	2.513588e-02	1.310803e-01	3.247809e-01	1.758184e+00	2.476120e-02	1.391525e-01	6.911660e-01	2.404231e-01	1.239395e+00	2.854289e+00	3.116471e-01	1.010948e-04	3.377045e-04	5.167978e-02	4.814159e-01	5.174413e-02	4.988773e-02	6.076757e-03	7.693281e-03	3.397047e-02	4.717934e-01	3.166994e-02	1.940654e-01	3.693550e+01	5.179940e-02	4.376512e-02	9.713202e+00	
6.095902e-04	5.729041e-01	5.391292e-03	1.929318e+01	3.944754e-01	1.407522e+01	2.531205e-02	1.258138e-01	3.248750e-01	1.761350e+00	2.396511e-02	1.401966e-01	6.917480e-01	2.370591e-01	1.168872e+00	2.822509e+00	3.059730e-01	1.000561e-04	3.336811e-04	5.265800e-02	4.921628e-01	5.422196e-02	5.456725e-02	6.906777e-03	8.707665e-03	4.001441e-02	4.700131e-01	3.163148e-02	1.660368e-01	3.641757e+01	5.272388e-02	3.239489e-02	9.777943e+00	
6.097483e-04	5.138486e-01	4.651456e-03	1.927180e+01	3.956991e-01	1.419464e+01	2.503553e-02	1.281303e-01	3.248220e-01	1.764295e+00	2.510173e-02	1.299399e-01	6.901285e-01	2.418593e-01	1.220904e+00	2.823605e+00	3.056488e-01	8.859571e-05	2.948795e-04	5.115086e-02	4.758011e-01	6.111354e-02	5.542118e-02	6.608398e-03	8.516908e-03	3.875412e-02	4.642366e-01	3.191650e-02	1.504676e-01	3.686984e+01	5.176800e-02	3.836396e-02	9.741627e+00	
6.101192e-04	5.154396e-01	4.650706e-03	1.878055e+01	3.792585e-01	1.414133e+01	2.517206e-02	1.250790e-01	3.248861e-01	1.765838e+00	2.416477e-02	1.343139e-01	6.903612e-01	2.420181e-01	1.252425e+00	2.823405e+00	3.060299e-01	1.060201e-04	3.491426e-04	5.170744e-02	4.852884e-01	5.756745e-02	5.486337e-02	6.656455e-03	8.476875e-03	2.784289e-02	4.675180e-01	3.176068e-02	1.813341e-01	3.656470e+01	5.241273e-02	3.585216e-02	9.790746e+00	
6.108099e-04	5.035855e-01	4.712900e-03	1.826946e+01	3.657885e-01	1.414552e+01	2.516726e-02	1.272206e-01	3.248855e-01	1.750408e+00	2.443173e-02	1.461033e-01	6.901319e-01	2.416941e-01	1.216193e+00	2.840332e+00	3.101321e-01	9.792300e-05	3.333881e-04	5.224500e-02	4.823814e-01	5.875513e-02	5.654375e-02	6.289311e-03	7.939246e-03	3.007321e-02	4.742145e-01	3.167207e-02	1.792992e-01	3.671706e+01	5.215286e-02	4.413570e-02	9.683544e+00	
6.111286e-04	5.256066e-01	4.779921e-03	1.898688e+01	3.852193e-01	1.412899e+01	2.509449e-02	1.297207e-01	3.247704e-01	1.765089e+00	2.455622e-02	1.317304e-01	6.909864e-01	2.408382e-01	1.236132e+00	2.833438e+00	3.078631e-01	8.684902e-05	2.925475e-04	5.180214e-02	4.821057e-01	5.819280e-02	5.480524e-02	6.584668e-03	8.425824e-03	3.001774e-02	4.777406e-01	3.174278e-02	1.557752e-01	3.652195e+01	5.229945e-02	3.924117e-02	9.773472e+00	
6.113433e-04	5.648678e-01	5.248483e-03	1.894062e+01	3.866364e-01	1.415961e+01	2.515996e-02	1.295053e-01	3.247813e-01	1.776263e+00	2.294095e-02	1.271822e-01	6.890554e-01	2.448509e-01	1.264181e+00	2.829875e+00	3.072973e-01	9.625042e-05	3.238080e-04	5.137649e-02	4.771829e-01	6.640700e-02	6.013649e-02	6.547182e-03	8.294476e-03	2.919957e-02	4.710006e-01	3.169206e-02	1.743805e-01	3.661367e+01	5.236610e-02	3.954978e-02	9.726337e+00	
6.114951e-04	5.808763e-01	5.384372e-03	1.828345e+01	3.625302e-01	1.419233e+01	2.502220e-02	1.305229e-01	3.247807e-01	1.766849e+00	2.422919e-02	1.345258e-01	6.911498e-01	2.414182e-01	1.287720e+00	2.829897e+00	3.061155e-01	1.058510e-04	3.461630e-04	5.076482e-02	4.764853e-01	5.923396e-02	5.679410e-02	6.437110e-03	8.114995e-03	2.099147e-02	4.788379e-01	3.155436e-02	1.864596e-01	3.680411e+01	5.190162e-02	4.679498e-02	9.733182e+00	
6.116229e-04	5.166308e-01	4.734407e-03	1.811523e+01	3.598694e-01	1.428316e+01	2.490931e-02	1.274860e-01	3.248693e-01	1.756363e+00	2.476842e-02	1.391079e-01	6.902085e-01	2.426142e-01	1.252320e+00	2.828945e+00	3.067415e-01	8.585869e-05	2.852226e-04	5.252535e-02	4.912626e-01	5.250168e-02	4.970889e-02	6.249206e-03	7.938355e-03	2.644586e-02	4.733057e-01	3.157098e-02	1.754871e-01	3.719759e+01	5.131300e-02	3.867014e-02	9.740722e+00	
6.117731e-04	5.164273e-01	4.523746e-03	1.760082e+01	3.455223e-01	1.417395e+01	2.504619e-02	1.248721e-01	3.248760e-01	1.760468e+00	2.752482e-02	1.306192e-01	6.904269e-01	2.414613e-01	1.232678e+00	2.828632e+00	3.058072e-01	1.077431e-04	3.502617e-04	5.073552e-02	4.779143e-01	5.436305e-02	4.902809e-02	6.513494e-03	8.255429e-03	2.278373e-02	4.625668e-01	3.192832e-02	2.001986e-01	3.682947e+01	5.184399e-02	4.597421e-02	9.715124e+00	
6.117863e-04	5.145909e-01	4.480235e-03	1.890425e+01	3.838828e-01	1.411759e+01	2.516874e-02	1.282237e-01	3.248269e-01	1.759744e+00	2.435341e-02	1.346420e-01	6.909514e-01	2.415171e-01	1.258482e+00	2.818508e+00	3.043963e-01	1.058521e-04	3.568365e-04	5.220296e-02	4.820819e-01	5.538072e-02	5.290009e-02	6.736307e-03	8.523298e-03	2.577109e-02	4.774746e-01	3.171604e-02	1.701791e-01	3.650718e+01	5.241689e-02	4.424521e-02	9.711520e+00	
6.117970e-04	5.127666e-01	4.689530e-03	1.849484e+01	3.728043e-01	1.416994e+01	2.504949e-02	1.279110e-01	3.248261e-01	1.753023e+00	2.476595e-02	1.410750e-01	6.904139e-01	2.402810e-01	1.195361e+00	2.841226e+00	3.091874e-01	1.211698e-04	4.086878e-04	5.182360e-02	4.784652e-01	5.689601e-02	5.593094e-02	6.915597e-03	8.730210e-03	2.032455e-02	4.716552e-01	3.158679e-02	1.873865e-01	3.653489e+01	5.237961e-02	3.563818e-02	9.752857e+00	
6.119365e-04	4.971804e-01	4.637258e-03	1.899253e+01	3.863222e-01	1.414001e+01	2.519274e-02	1.283392e-01	3.248579e-01	1.764303e+00	2.557551e-02	1.320081e-01	6.886673e-01	2.472819e-01	1.342023e+00	2.807147e+00	3.018880e-01	9.654802e-05	3.190311e-04	5.110213e-02	4.760256e-01	5.518042e-02	5.279027e-02	6.636282e-03	8.388069e-03	3.837707e-02	4.787760e-01	3.129796e-02	1.859082e-01	3.670095e+01	5.221725e-02	4.377939e-02	9.711730e+00	
6.119875e-04	4.934601e-01	4.471240e-03	1.928701e+01	3.955248e-01	1.407208e+01	2.526585e-02	1.275342e-01	3.248471e-01	1.758854e+00	2.487118e-02	1.374989e-01	6.891789e-01	2.458399e-01	1.321534e+00	2.813302e+00	3.032455e-01	9.247013e-05	3.080851e-04	5.140306e-02	4.808263e-01	5.720351e-02	5.003362e-02	6.321976e-03	8.051126e-03	2.331669e-02	4.736199e-01	3.163983e-02	1.842087e-01	3.652637e+01	5.240069e-02	4.020380e-02	9.724409e+00	
6.121787e-04	4.939902e-01	4.484265e-03	1.887120e+01	3.832138e-01	1.418158e+01	2.500809e-02	1.268312e-01	3.248463e-01	1.760119e+00	2.459830e-02	1.409823e-01	6.902494e-01	2.428161e-01	1.273474e+00	2.844317e+00	3.097716e-01	9.072962e-05	3.000474e-04	5.191622e-02	4.898226e-01	5.627192e-02	4.870843e-02	6.581239e-03	8.475834e-03	3.203006e-02	4.703540e-01	3.179493e-02	1.843870e-01	3.668812e+01	5.203603e-02	4.020284e-02	9.725903e+00	
6.123358e-04	5.376715e-01	5.213778e-03	1.836000e+01	3.668722e-01	1.426179e+01	2.493193e-02	1.297755e-01	3.248244e-01	1.756609e+00	2.348374e-02	1.412079e-01	6.919124e-01	2.375344e-01	1.183430e+00	2.832895e+00	3.081471e-01	1.062681e-04	3.562350e-04	5.122598e-02	4.741182e-01	5.777158e-02	5.613637e-02	6.452613e-03	8.236761e-03	3.131992e-02	4.781785e-01	3.127964e-02	1.694324e-01	3.701206e+01	5.157545e-02	3.714509e-02	9.762365e+00	
6.125673e-04	5.057370e-01	4.595762e-03	1.916186e+01	3.924619e-01	1.411562e+01	2.520412e-02	1.254418e-01	3.248875e-01	1.767267e+00	2.420878e-02	1.326554e-01	6.886369e-01	2.456402e-01	1.266358e+00	2.833204e+00	3.081647e-01	1.026525e-04	3.400401e-04	5.206249e-02	4.877554e-01	5.436132e-02	5.168433e-02	7.095965e-03	8.984740e-03	3.032686e-02	4.715411e-01	3.164830e-02	1.881812e-01	3.679765e+01	5.198080e-02	3.305548e-02	9.765838e+00	
6.127014e-04	4.985127e-01	4.549568e-03	1.961154e+01	4.067402e-01	1.415199e+01	2.521967e-02	1.238768e-01	3.249611e-01	1.764803e+00	2.344168e-02	1.324585e-01	6.891929e-01	2.444852e-01	1.254050e+00	2.813976e+00	3.033327e-01	9.913861e-05	3.314115e-04	5.166246e-02	4.807142e-01	5.775395e-02	5.719362e-02	6.547968e-03	8.312141e-03	1.873794e-02	4.782208e-01	3.164579e-02	1.681392e-01	3.677685e+01	5.216659e-02	4.682107e-02	9.696874e+00	
6.128681e-04	4.930065e-01	4.661337e-03	1.934812e+01	3.964958e-01	1.413933e+01	2.520587e-02	1.259350e-01	3.249098e-01	1.756650e+00	2.347567e-02	1.360510e-01	6.902453e-01	2.420376e-01	1.225200e+00	2.834432e+00	3.083746e-01	9.945888e-05	3.440973e-04	5.318254e-02	4.895824e-01	5.753918e-02	5.557868e-02	6.890400e-03	8.773456e-03	3.579273e-02	4.642184e-01	3.146423e-02	1.625468e-01	3.660189e+01	5.241271e-02	3.652277e-02	9.772631e+00	
6.131199e-04	5.658693e-01	5.334446e-03	1.907148e+01	3.895830e-01	1.406814e+01	2.536172e-02	1.258310e-01	3.248919e-01	1.760734e+00	2.567962e-02	1.341179e-01	6.894433e-01	2.438957e-01	1.241353e+00	2.835032e+00	3.080560e-01	9.887015e-05	3.342193e-04	5.174664e-02	4.811875e-01	6.047998e-02	5.702520e-02	6.655962e-03	8.519047e-03	2.501615e-02	4.876607e-01	3.107805e-02	1.928220e-01	3.664405e+01	5.235321e-02	4.045375e-02	9.704372e+00	
6.131483e-04	5.017810e-01	4.691038e-03	1.876036e+01	3.816230e-01	1.402629e+01	2.536152e-02	1.233448e-01	3.249342e-01	1.767397e+00	2.481154e-02	1.325185e-01	6.898829e-01	2.422754e-01	1.236566e+00	2.816609e+00	3.043183e-01	9.375159e-05	3.134303e-04	5.237265e-02	4.902267e-01	5.827377e-02	5.689890e-02	6.886223e-03	8.663616e-03	2.663465e-02	4.666136e-01	3.153071e-02	1.895687e-01	3.667289e+01	5.216325e-02	4.489239e-02	9.686362e+00	
6.131957e-04	5.424028e-01	5.174432e-03	1.930733e+01	3.976854e-01	1.413212e+01	2.522592e-02	1.271120e-01	3.248586e-01	1.781076e+00	2.441064e-02	1.255763e-01	6.885820e-01	2.463253e-01	1.305374e+00	2.808059e+00	3.032264e-01	9.536783e-05	3.182526e-04	5.167345e-02	4.821025e-01	5.797628e-02	5.504971e-02	6.484131e-03	8.235117e-03	1.966832e-02	4.808148e-01	3.148295e-02	1.784145e-01	3.683588e+01	5.197793e-02	3.796903e-02	9.711625e+00	
6.135793e-04	4.613452e-01	4.183275e-03	1.850225e+01	3.699912e-01	1.415111e+01	2.518761e-02	1.281573e-01	3.248179e-01	1.750967e+00	2.600662e-02	1.371837e-01	6.876952e-01	2.487959e-01	1.334270e+00	2.833179e+00	3.075846e-01	9.721472e-05	3.258835e-04	5.247218e-02	4.879439e-01	5.197681e-02	4.737733e-02	7.315388e-03	9.399979e-03	2.777628e-02	4.618592e-01	3.170269e-02	1.841791e-01	3.687534e+01	5.191553e-02	5.301412e-02	9.680946e+00	
6.139737e-04	5.262918e-01	4.842678e-03	1.906519e+01	3.888134e-01	1.416750e+01	2.514723e-02	1.255041e-01	3.249204e-01	1.765926e+00	2.445429e-02	1.355719e-01	6.903481e-01	2.421284e-01	1.258024e+00	2.823923e+00	3.063061e-01	9.798690e-05	3.204797e-04	5.081178e-02	4.742538e-01	6.203753e-02	5.648362e-02	6.597240e-03	8.348551e-03	2.290895e-02	4.835122e-01	3.145249e-02	1.726343e-01	3.676317e+01	5.213360e-02	4.447461e-02	9.710195e+00	
6.141102e-04	5.284328e-01	4.972683e-03	1.968837e+01	4.086561e-01	1.416886e+01	2.513833e-02	1.299383e-01	3.247941e-01	1.764172e+00	2.328202e-02	1.368144e-01	6.892510e-01	2.446442e-01	1.281962e+00	2.817793e+00	3.058601e-01	9.088674e-05	2.977981e-04	5.054533e-02	4.720104e-01	6.585864e-02	6.497737e-02	6.436911e-03	8.134737e-03	3.176932e-02	4.862093e-01	3.123552e-02	1.765390e-01	3.673859e+01	5.214098e-02	3.871353e-02	9.722892e+00	
6.141220e-04	5.493766e-01	5.082159e-03	1.890436e+01	3.840526e-01	1.416118e+01	2.509099e-02	1.286300e-01	3.248003e-01	1.757534e+00	2.658654e-02	1.375341e-01	6.906217e-01	2.410587e-01	1.238424e+00	2.820290e+00	3.052151e-01	1.110702e-04	3.656441e-04	5.131851e-02	4.815661e-01	5.647648e-02	5.704180e-02	6.736789e-03	8.447236e-03	2.502200e-02	4.855838e-01	3.123529e-02	1.857335e-01	3.686458e+01	5.180780e-02	3.788465e-02	9.732348e+00	
6.144168e-04	5.243174e-01	4.766820e-03	1.870243e+01	3.766935e-01	1.407049e+01	2.536165e-02	1.288205e-01	3.247835e-01	1.751703e+00	2.605787e-02	1.398797e-01	6.900465e-01	2.426440e-01	1.264804e+00	2.812800e+00	3.041770e-01	9.085102e-05	3.068866e-04	5.237537e-02	4.839021e-01	5.994334e-02	5.905759e-02	7.123339e-03	9.059512e-03	2.838456e-02	4.750457e-01	3.133782e-02	1.765549e-01	3.650715e+01	5.262583e-02	4.368989e-02	9.740772e+00	
6.144352e-04	5.025357e-01	4.486549e-03	1.818619e+01	3.620625e-01	1.408619e+01	2.526699e-02	1.264726e-01	3.248653e-01	1.759289e+00	2.420849e-02	1.374364e-01	6.913823e-01	2.401925e-01	1.240648e+00	2.816259e+00	3.051271e-01	9.844253e-05	3.291892e-04	5.183738e-02	4.818353e-01	6.105766e-02	5.595599e-02	6.736279e-03	8.686237e-03	3.845401e-02	4.669309e-01	3.165999e-02	1.772882e-01	3.650503e+01	5.251075e-02	4.187336e-02	9.727442e+00	
6.145191e-04	4.984764e-01	4.521774e-03	1.869501e+01	3.758615e-01	1.403561e+01	2.535381e-02	1.251711e-01	3.249105e-01	1.757802e+00	2.428950e-02	1.391131e-01	6.900667e-01	2.421360e-01	1.218996e+00	2.837068e+00	3.082841e-01	1.019186e-04	3.418163e-04	5.274091e-02	4.955932e-01	5.576888e-02	4.971584e-02	7.181419e-03	9.093650e-03	4.778518e-02	4.599763e-01	3.178154e-02	1.700593e-01	3.648548e+01	5.249300e-02	4.129930e-02	9.742849e+00	
6.146047e-04	5.388707e-01	5.128654e-03	1.969184e+01	4.085759e-01	1.415941e+01	2.521042e-02	1.285124e-01	3.248507e-01	1.767017e+00	2.359024e-02	1.299309e-01	6.895060e-01	2.440817e-01	1.261002e+00	2.807783e+00	3.038426e-01	9.093760e-05	3.043939e-04	5.139801e-02	4.755865e-01	6.602301e-02	6.602414e-02	6.456177e-03	8.129709e-03	3.070866e-02	4.863663e-01	3.118239e-02	1.724025e-01	3.676698e+01	5.216953e-02	4.158576e-02	9.709743e+00	
6.146573e-04	5.059155e-01	4.727032e-03	1.841864e+01	3.677535e-01	1.415415e+01	2.506852e-02	1.248333e-01	3.248845e-01	1.758009e+00	2.427517e-02	1.340625e-01	6.900171e-01	2.412159e-01	1.213446e+00	2.829966e+00	3.068398e-01	1.132561e-04	3.841683e-04	5.248817e-02	4.876121e-01	6.260614e-02	5.718897e-02	7.079840e-03	9.049806e-03	2.968009e-02	4.638486e-01	3.167998e-02	1.805255e-01	3.684128e+01	5.181504e-02	4.182295e-02	9.766339e+00	
6.146623e-04	5.561682e-01	5.149496e-03	1.862335e+01	3.773134e-01	1.413598e+01	2.517810e-02	1.271936e-01	3.248700e-01	1.762307e+00	2.482160e-02	1.300324e-01	6.889935e-01	2.447642e-01	1.255652e+00	2.834057e+00	3.069759e-01	9.783251e-05	3.222231e-04	5.164995e-02	4.845817e-01	6.176467e-02	5.913928e-02	6.712046e-03	8.513405e-03	5.464919e-02	4.725794e-01	3.160300e-02	1.671738e-01	3.678931e+01	5.198836e-02	4.560219e-02	9.681900e+00	
6.147849e-04	5.158814e-01	4.949845e-03	1.965448e+01	4.067803e-01	1.408337e+01	2.532779e-02	1.283884e-01	3.248669e-01	1.767367e+00	2.243188e-02	1.316440e-01	6.893873e-01	2.441971e-01	1.253899e+00	2.836441e+00	3.081178e-01	9.508289e-05	3.245406e-04	5.195320e-02	4.809010e-01	6.685279e-02	6.161883e-02	6.905527e-03	8.853777e-03	3.982424e-02	4.810720e-01	3.132226e-02	1.712510e-01	3.655740e+01	5.254206e-02	4.292658e-02	9.719636e+00	
6.152236e-04	5.305438e-01	4.955511e-03	1.852654e+01	3.711119e-01	1.406618e+01	2.526332e-02	1.260063e-01	3.248933e-01	1.772929e+00	2.392891e-02	1.315877e-01	6.901847e-01	2.418569e-01	1.241575e+00	2.827535e+00	3.065822e-01	9.204321e-05	3.082526e-04	5.255034e-02	4.920287e-01	6.175728e-02	5.573522e-02	6.553691e-03	8.399125e-03	2.958245e-02	4.670548e-01	3.197166e-02	1.637872e-01	3.658009e+01	5.227424e-02	3.732138e-02	9.719759e+00	
6.155080e-04	5.118660e-01	4.615738e-03	1.926411e+01	3.947678e-01	1.405257e+01	2.533815e-02	1.273637e-01	3.247998e-01	1.764782e+00	2.341187e-02	1.351862e-01	6.887135e-01	2.455406e-01	1.282294e+00	2.826559e+00	3.061029e-01	9.015085e-05	3.066567e-04	5.252539e-02	4.892960e-01	5.970047e-02	5.567109e-02	6.983430e-03	8.908242e-03	3.801188e-02	4.660035e-01	3.188243e-02	1.788308e-01	3.641318e+01	5.268278e-02	4.023174e-02	9.743362e+00	
6.155255e-04	5.212792e-01	4.849570e-03	1.830405e+01	3.649062e-01	1.422911e+01	2.495171e-02	1.264865e-01	3.248718e-01	1.760012e+00	2.589353e-02	1.356877e-01	6.917175e-01	2.389007e-01	1.223534e+00	2.829029e+00	3.068693e-01	1.075677e-04	3.494945e-04	5.140556e-02	4.857465e-01	5.628763e-02	5.221294e-02	6.107505e-03	7.797405e-03	3.138547e-02	4.797067e-01	3.153901e-02	1.882203e-01	3.690392e+01	5.173051e-02	4.065972e-02	9.751889e+00	
6.156275e-04	5.484249e-01	5.116501e-03	1.821226e+01	3.628756e-01	1.418265e+01	2.504525e-02	1.263963e-01	3.248625e-01	1.770695e+00	2.337671e-02	1.283406e-01	6.902704e-01	2.418239e-01	1.245156e+00	2.838746e+00	3.089526e-01	1.259853e-04	4.190202e-04	5.200291e-02	4.854199e-01	5.953217e-02	5.704939e-02	6.502794e-03	8.218883e-03	1.840030e-02	4.850019e-01	3.120512e-02	2.065129e-01	3.692511e+01	5.170201e-02	3.811926e-02	9.739905e+00	
6.156968e-04	5.413999e-01	4.935826e-03	1.881283e+01	3.785509e-01	1.408125e+01	2.525326e-02	1.276576e-01	3.248478e-01	1.761404e+00	2.342216e-02	1.323915e-01	6.896517e-01	2.435134e-01	1.258059e+00	2.821687e+00	3.052717e-01	9.805100e-05	3.212188e-04	5.161647e-02	4.834215e-01	6.096011e-02	5.753572e-02	6.634654e-03	8.536122e-03	2.876326e-02	4.779230e-01	3.176900e-02	1.734181e-01	3.659969e+01	5.229960e-02	4.779858e-02	9.728047e+00	
6.160939e-04	5.687881e-01	5.472076e-03	1.863944e+01	3.752885e-01	1.422049e+01	2.511727e-02	1.233470e-01	3.249512e-01	1.759642e+00	2.483482e-02	1.310360e-01	6.899447e-01	2.408891e-01	1.189217e+00	2.820862e+00	3.047426e-01	9.992420e-05	3.295424e-04	5.072476e-02	4.711457e-01	6.471975e-02	6.340889e-02	6.270369e-03	8.050958e-03	1.836573e-02	4.808884e-01	3.125829e-02	1.802093e-01	3.697648e+01	5.189423e-02	3.971101e-02	9.748470e+00	
6.162216e-04	5.613694e-01	5.221243e-03	1.801230e+01	3.560021e-01	1.417238e+01	2.514481e-02	1.248468e-01	3.249090e-01	1.770927e+00	2.493320e-02	1.305075e-01	6.924561e-01	2.371009e-01	1.184674e+00	2.826714e+00	3.066710e-01	9.390682e-05	3.090067e-04	5.165773e-02	4.890155e-01	6.183714e-02	5.456344e-02	6.364274e-03	8.116457e-03	3.798879e-02	4.687395e-01	3.146778e-02	1.691380e-01	3.676307e+01	5.211431e-02	4.150104e-02	9.735349e+00	
6.164683e-04	5.437987e-01	5.077645e-03	1.922710e+01	3.942194e-01	1.408602e+01	2.527749e-02	1.255089e-01	3.248967e-01	1.778613e+00	2.221592e-02	1.253068e-01	6.886787e-01	2.452854e-01	1.250837e+00	2.819511e+00	3.054746e-01	9.187411e-05	3.201014e-04	5.235388e-02	4.779005e-01	6.673771e-02	6.371268e-02	7.104487e-03	9.125389e-03	3.561494e-02	4.709510e-01	3.156231e-02	1.693858e-01	3.675111e+01	5.207988e-02	4.224161e-02	9.709398e+00	
6.167062e-04	5.044619e-01	4.495067e-03	1.900661e+01	3.850539e-01	1.417038e+01	2.497762e-02	1.289606e-01	3.247644e-01	1.764704e+00	2.642878e-02	1.271375e-01	6.902701e-01	2.421643e-01	1.254551e+00	2.825492e+00	3.057305e-01	9.239024e-05	3.083172e-04	5.245820e-02	4.907457e-01	5.843901e-02	5.704370e-02	6.713233e-03	8.606523e-03	2.298722e-02	4.735872e-01	3.198157e-02	1.623061e-01	3.668918e+01	5.194489e-02	3.785742e-02	9.790249e+00	
6.168141e-04	4.965458e-01	4.608476e-03	1.848975e+01	3.694734e-01	1.417442e+01	2.507891e-02	1.262534e-01	3.249187e-01	1.759109e+00	2.636617e-02	1.335923e-01	6.915760e-01	2.401941e-01	1.254700e+00	2.844527e+00	3.088204e-01	1.184615e-04	3.956596e-04	5.202765e-02	4.879878e-01	5.681185e-02	5.004904e-02	6.617283e-03	8.400851e-03	2.426548e-02	4.763021e-01	3.157235e-02	1.790661e-01	3.663294e+01	5.226430e-02	4.216900e-02	9.758091e+00	
6.168726e-04	5.087145e-01	4.688412e-03	1.884185e+01	3.817558e-01	1.417320e+01	2.501721e-02	1.283692e-01	3.247962e-01	1.754650e+00	2.592765e-02	1.399388e-01	6.900539e-01	2.421608e-01	1.245270e+00	2.832353e+00	3.074336e-01	1.022519e-04	3.367495e-04	5.139515e-02	4.821284e-01	5.758592e-02	5.416389e-02	6.571575e-03	8.487023e-03	2.389210e-02	4.691426e-01	3.187617e-02	1.673371e-01	3.658496e+01	5.222161e-02	3.754771e-02	9.767151e+00	
6.168737e-04	5.173534e-01	4.928820e-03	1.899098e+01	3.876448e-01	1.409483e+01	2.525023e-02	1.238498e-01	3.249668e-01	1.770138e+00	2.257629e-02	1.372656e-01	6.893425e-01	2.421913e-01	1.190142e+00	2.839272e+00	3.098809e-01	1.136116e-04	3.915332e-04	5.357020e-02	4.962440e-01	5.874066e-02	5.412310e-02	7.069323e-03	8.901918e-03	2.622895e-02	4.652814e-01	3.179187e-02	1.732929e-01	3.655319e+01	5.244268e-02	3.545901e-02	9.746872e+00	
6.169186e-04	5.607085e-01	5.317382e-03	1.878585e+01	3.788532e-01	1.413131e+01	2.519848e-02	1.253767e-01	3.248837e-01	1.771508e+00	2.400227e-02	1.224006e-01	6.890299e-01	2.428804e-01	1.205715e+00	2.843114e+00	3.086171e-01	1.058266e-04	3.662470e-04	5.286813e-02	4.875320e-01	6.069521e-02	5.485324e-02	7.039789e-03	8.965925e-03	3.612797e-02	4.639904e-01	3.178484e-02	1.605665e-01	3.687332e+01	5.187450e-02	3.597719e-02	9.794148e+00	
6.169254e-04	5.046326e-01	4.905931e-03	1.759358e+01	3.463257e-01	1.409992e+01	2.528704e-02	1.293231e-01	3.248599e-01	1.752092e+00	2.447724e-02	1.416907e-01	6.912654e-01	2.407873e-01	1.268399e+00	2.840153e+00	3.095964e-01	1.073207e-04	3.539426e-04	5.136157e-02	4.810047e-01	5.321269e-02	4.886715e-02	6.761723e-03	8.535928e-03	4.157280e-02	4.663141e-01	3.157745e-02	1.825614e-01	3.672593e+01	5.221533e-02	4.919355e-02	9.698992e+00	
6.170494e-04	5.212911e-01	4.882006e-03	1.936111e+01	3.971180e-01	1.412655e+01	2.521004e-02	1.252240e-01	3.249223e-01	1.754988e+00	2.340108e-02	1.413251e-01	6.905583e-01	2.409785e-01	1.210791e+00	2.811865e+00	3.045097e-01	1.141983e-04	3.893961e-04	5.218644e-02	4.818698e-01	5.675122e-02	5.312444e-02	6.777180e-03	8.632382e-03	2.500278e-02	4.809666e-01	3.138100e-02	1.763056e-01	3.658827e+01	5.235848e-02	3.346714e-02	9.771020e+00	
6.171112e-04	5.016682e-01	4.431801e-03	1.854738e+01	3.708850e-01	1.414892e+01	2.509701e-02	1.280435e-01	3.248288e-01	1.763991e+00	2.508465e-02	1.376043e-01	6.911901e-01	2.405055e-01	1.256690e+00	2.837794e+00	3.075446e-01	1.011516e-04	3.359920e-04	5.213209e-02	4.896223e-01	5.754107e-02	5.296651e-02	6.999997e-03	8.800353e-03	3.244997e-02	4.774967e-01	3.168440e-02	1.683673e-01	3.667711e+01	5.209138e-02	4.844958e-02	9.737981e+00	
6.171744e-04	4.910548e-01	4.480542e-03	1.958337e+01	4.044099e-01	1.404294e+01	2.534025e-02	1.224565e-01	3.249368e-01	1.768788e+00	2.209065e-02	1.321606e-01	6.862801e-01	2.509713e-01	1.314106e+00	2.826063e+00	3.062121e-01	9.858049e-05	3.315534e-04	5.294397e-02	4.959629e-01	6.549480e-02	5.859778e-02	7.399903e-03	9.535874e-03	4.265354e-02	4.645261e-01	3.175492e-02	1.781779e-01	3.633077e+01	5.278817e-02	3.961000e-02	9.729184e+00	
6.172113e-04	5.034204e-01	4.646040e-03	1.862692e+01	3.761658e-01	1.406034e+01	2.525674e-02	1.249153e-01	3.248727e-01	1.770750e+00	2.459421e-02	1.270567e-01	6.895942e-01	2.426783e-01	1.248184e+00	2.831016e+00	3.060821e-01	1.144555e-04	3.849588e-04	5.238055e-02	4.887372e-01	5.654774e-02	5.455444e-02	7.020381e-03	8.922497e-03	2.895328e-02	4.623973e-01	3.176036e-02	1.959170e-01	3.650653e+01	5.238865e-02	3.613276e-02	9.752072e+00	
6.172489e-04	5.269194e-01	4.926042e-03	1.868006e+01	3.766692e-01	1.407386e+01	2.531680e-02	1.236991e-01	3.249659e-01	1.763503e+00	2.469174e-02	1.350654e-01	6.910886e-01	2.389530e-01	1.185265e+00	2.827362e+00	3.068887e-01	1.222158e-04	4.158454e-04	5.260064e-02	4.872412e-01	6.238714e-02	5.456779e-02	7.318884e-03	9.269456e-03	4.435818e-02	4.639320e-01	3.123129e-02	1.886737e-01	3.650990e+01	5.256625e-02	3.751387e-02	9.746194e+00	
6.172553e-04	4.938367e-01	4.529551e-03	1.848540e+01	3.693611e-01	1.410481e+01	2.515184e-02	1.239301e-01	3.249318e-01	1.763345e+00	2.514644e-02	1.288482e-01	6.904492e-01	2.406505e-01	1.211315e+00	2.829031e+00	3.064859e-01	1.076479e-04	3.597353e-04	5.262602e-02	4.919409e-01	5.533034e-02	5.399887e-02	6.589858e-03	8.262614e-03	1.467350e-02	4.815699e-01	3.160539e-02	1.801257e-01	3.658202e+01	5.222204e-02	4.132636e-02	9.768004e+00	
6.173450e-04	5.330713e-01	4.918301e-03	1.877519e+01	3.802358e-01	1.415969e+01	2.514659e-02	1.288042e-01	3.248391e-01	1.755795e+00	2.572460e-02	1.377734e-01	6.898592e-01	2.443801e-01	1.292402e+00	2.804600e+00	3.030746e-01	8.505002e-05	2.823457e-04	5.125976e-02	4.769255e-01	5.715646e-02	5.492342e-02	5.883070e-03	7.476344e-03	1.820091e-02	4.924337e-01	3.137174e-02	1.892142e-01	3.683815e+01	5.197064e-02	4.312708e-02	9.702319e+00	
6.173972e-04	5.498402e-01	5.154490e-03	1.772939e+01	3.500810e-01	1.411948e+01	2.530226e-02	1.264863e-01	3.248856e-01	1.761384e+00	2.638760e-02	1.302584e-01	6.915006e-01	2.391146e-01	1.208081e+00	2.822554e+00	3.052256e-01	9.809115e-05	3.270017e-04	5.135666e-02	4.787807e-01	5.649737e-02	5.322442e-02	6.645996e-03	8.392395e-03	2.975698e-02	4.673973e-01	3.144423e-02	1.609583e-01	3.669073e+01	5.237207e-02	4.722750e-02	9.694076e+00	
6.174855e-04	5.119038e-01	4.808618e-03	1.920277e+01	3.929220e-01	1.411198e+01	2.531813e-02	1.286981e-01	3.248528e-01	1.764871e+00	2.381834e-02	1.321129e-01	6.900335e-01	2.439038e-01	1.297117e+00	2.804261e+00	3.021868e-01	9.985675e-05	3.296836e-04	5.070502e-02	4.730431e-01	6.503128e-02	6.634446e-02	6.804566e-03	8.625591e-03	1.999880e-02	4.900442e-01	3.109251e-02	2.041216e-01	3.670256e+01	5.234060e-02	4.307374e-02	9.696939e+00	
6.175487e-04	5.747583e-01	5.460928e-03	1.909499e+01	3.889070e-01	1.410479e+01	2.522136e-02	1.262880e-01	3.248821e-01	1.763220e+00	2.395426e-02	1.336516e-01	6.901251e-01	2.412376e-01	1.203897e+00	2.829388e+00	3.079110e-01	1.159037e-04	3.911533e-04	5.272919e-02	4.901393e-01	5.683589e-02	5.269920e-02	6.767982e-03	8.635023e-03	2.998521e-02	4.851353e-01	3.124518e-02	1.841294e-01	3.675121e+01	5.202211e-02	3.443128e-02	9.733450e+00	
6.176193e-04	5.320341e-01	5.031125e-03	1.847449e+01	3.691661e-01	1.426402e+01	2.496235e-02	1.261633e-01	3.248922e-01	1.756820e+00	2.567956e-02	1.351418e-01	6.908249e-01	2.398654e-01	1.209043e+00	2.829276e+00	3.066381e-01	9.814594e-05	3.362424e-04	5.315626e-02	4.905745e-01	5.866866e-02	5.220863e-02	6.742852e-03	8.734595e-03	2.250063e-02	4.695650e-01	3.161165e-02	1.781797e-01	3.697644e+01	5.176441e-02	3.405987e-02	9.787634e+00	
6.177415e-04	5.429418e-01	5.173479e-03	1.901384e+01	3.881712e-01	1.410332e+01	2.522876e-02	1.247667e-01	3.249193e-01	1.775046e+00	2.438172e-02	1.284954e-01	6.895726e-01	2.437759e-01	1.250690e+00	2.834512e+00	3.086777e-01	1.081867e-04	3.552965e-04	5.147083e-02	4.857363e-01	6.319315e-02	5.969567e-02	6.992710e-03	8.930059e-03	2.943468e-02	4.736924e-01	3.148828e-02	1.802540e-01	3.672039e+01	5.211086e-02	3.926121e-02	9.749300e+00	
6.177986e-04	4.963528e-01	4.711050e-03	1.910376e+01	3.890052e-01	1.421313e+01	2.496325e-02	1.250285e-01	3.249292e-01	1.766741e+00	2.393601e-02	1.385953e-01	6.880783e-01	2.457133e-01	1.250191e+00	2.831064e+00	3.079054e-01	8.639117e-05	2.811077e-04	5.071761e-02	4.748973e-01	6.294248e-02	6.035681e-02	6.377665e-03	8.115252e-03	2.744777e-02	4.729472e-01	3.156803e-02	1.932805e-01	3.698014e+01	5.153025e-02	4.628800e-02	9.712844e+00	
6.179844e-04	4.945656e-01	4.622558e-03	1.772427e+01	3.503890e-01	1.414726e+01	2.508060e-02	1.258555e-01	3.248679e-01	1.756227e+00	2.845411e-02	1.374982e-01	6.913776e-01	2.391582e-01	1.210369e+00	2.829186e+00	3.072449e-01	1.100314e-04	3.692100e-04	5.245687e-02	4.914038e-01	5.230525e-02	4.670987e-02	6.592734e-03	8.420510e-03	2.975937e-02	4.619906e-01	3.171655e-02	1.746209e-01	3.678918e+01	5.189703e-02	3.669519e-02	9.736791e+00	
6.180328e-04	5.991412e-01	5.728230e-03	1.885235e+01	3.816705e-01	1.415217e+01	2.512959e-02	1.300490e-01	3.247987e-01	1.771186e+00	2.496197e-02	1.302274e-01	6.910992e-01	2.398052e-01	1.239598e+00	2.821148e+00	3.056238e-01	1.171742e-04	3.764180e-04	5.011978e-02	4.703087e-01	6.214527e-02	5.907513e-02	6.869059e-03	8.751343e-03	4.546666e-02	4.844145e-01	3.135729e-02	1.779296e-01	3.657179e+01	5.236521e-02	3.946804e-02	9.752363e+00	
6.180738e-04	5.320721e-01	5.012729e-03	1.881162e+01	3.817807e-01	1.411645e+01	2.534727e-02	1.249516e-01	3.249092e-01	1.764903e+00	2.238508e-02	1.347730e-01	6.892529e-01	2.434775e-01	1.220479e+00	2.829191e+00	3.076549e-01	8.842849e-05	3.028280e-04	5.325710e-02	4.959255e-01	5.998099e-02	5.284832e-02	6.780626e-03	8.689670e-03	4.230061e-02	4.646135e-01	3.159556e-02	1.864224e-01	3.687429e+01	5.209514e-02	3.754610e-02	9.736604e+00	
6.184281e-04	5.805028e-01	5.555082e-03	1.920763e+01	3.925309e-01	1.415687e+01	2.517659e-02	1.250122e-01	3.249112e-01	1.771287e+00	2.338598e-02	1.249265e-01	6.892114e-01	2.447831e-01	1.269625e+00	2.826500e+00	3.059796e-01	1.012333e-04	3.312116e-04	5.153625e-02	4.855540e-01	5.941777e-02	5.466437e-02	6.543293e-03	8.444209e-03	2.277319e-02	4.884629e-01	3.104441e-02	1.901139e-01	3.691658e+01	5.185753e-02	3.319988e-02	9.745029e+00	
6.184653e-04	5.329038e-01	4.795586e-03	1.778251e+01	3.514031e-01	1.420439e+01	2.499460e-02	1.281341e-01	3.248300e-01	1.774220e+00	2.314103e-02	1.329375e-01	6.913308e-01	2.400341e-01	1.261367e+00	2.836676e+00	3.086168e-01	9.247642e-05	3.046189e-04	5.101261e-02	4.736554e-01	6.560175e-02	5.989098e-02	6.007208e-03	7.657557e-03	3.594534e-02	4.792428e-01	3.158306e-02	1.828887e-01	3.702471e+01	5.150247e-02	4.679278e-02	9.706379e+00	
6.184764e-04	5.191670e-01	4.753795e-03	1.822456e+01	3.644730e-01	1.410662e+01	2.526339e-02	1.272368e-01	3.248256e-01	1.757895e+00	2.528430e-02	1.366395e-01	6.894906e-01	2.438007e-01	1.262104e+00	2.831004e+00	3.080619e-01	1.127030e-04	3.801844e-04	5.159057e-02	4.761877e-01	5.345394e-02	4.806535e-02	6.654400e-03	8.604452e-03	3.263001e-02	4.684476e-01	3.148787e-02	1.854906e-01	3.676422e+01	5.208544e-02	4.385530e-02	9.692102e+00	
6.185052e-04	5.190134e-01	4.994890e-03	1.840558e+01	3.698175e-01	1.416268e+01	2.513360e-02	1.270354e-01	3.248670e-01	1.768366e+00	2.328623e-02	1.313653e-01	6.898671e-01	2.427032e-01	1.253070e+00	2.837737e+00	3.091117e-01	1.006422e-04	3.441238e-04	5.313464e-02	4.938090e-01	6.120723e-02	5.792806e-02	6.672960e-03	8.455392e-03	4.247972e-02	4.684211e-01	3.160030e-02	1.770219e-01	3.689961e+01	5.182236e-02	3.755485e-02	9.750851e+00	
6.185096e-04	5.328337e-01	4.807121e-03	1.878682e+01	3.798703e-01	1.417000e+01	2.514758e-02	1.301659e-01	3.247687e-01	1.760100e+00	2.538333e-02	1.299211e-01	6.896412e-01	2.449169e-01	1.291295e+00	2.826166e+00	3.061495e-01	1.073217e-04	3.523719e-04	5.179779e-02	4.899727e-01	5.387588e-02	4.680418e-02	6.482440e-03	8.341209e-03	3.005879e-02	4.783388e-01	3.170405e-02	1.757215e-01	3.678407e+01	5.208432e-02	4.043609e-02	9.726982e+00	
6.186990e-04	5.553898e-01	5.348546e-03	1.952969e+01	4.029978e-01	1.400964e+01	2.543133e-02	1.273157e-01	3.248379e-01	1.770477e+00	2.239241e-02	1.306334e-01	6.886306e-01	2.449039e-01	1.254495e+00	2.837055e+00	3.084067e-01	1.081313e-04	3.571863e-04	5.126620e-02	4.810761e-01	5.842749e-02	5.463961e-02	7.106673e-03	9.090426e-03	3.028950e-02	4.647378e-01	3.155176e-02	2.094020e-01	3.642415e+01	5.265155e-02	3.414211e-02	9.731661e+00	
6.187542e-04	5.025063e-01	4.622183e-03	1.859890e+01	3.736462e-01	1.412929e+01	2.521007e-02	1.255495e-01	3.249077e-01	1.762025e+00	2.662895e-02	1.337974e-01	6.902447e-01	2.421450e-01	1.255601e+00	2.827619e+00	3.068879e-01	8.161853e-05	2.697915e-04	5.198619e-02	4.858278e-01	5.614404e-02	5.646197e-02	6.531573e-03	8.300403e-03	4.822272e-02	4.763636e-01	3.130957e-02	1.895756e-01	3.688948e+01	5.183370e-02	5.131832e-02	9.701840e+00	
6.189776e-04	5.178841e-01	4.898576e-03	1.796302e+01	3.549321e-01	1.414731e+01	2.513435e-02	1.225026e-01	3.249897e-01	1.766914e+00	2.627264e-02	1.289120e-01	6.896268e-01	2.431082e-01	1.237311e+00	2.830036e+00	3.069007e-01	1.094485e-04	3.633933e-04	5.297561e-02	4.987524e-01	5.726853e-02	5.315891e-02	6.609646e-03	8.422660e-03	3.939060e-02	4.696466e-01	3.148312e-02	2.074373e-01	3.694482e+01	5.170163e-02	4.161865e-02	9.740576e+00	
6.190287e-04	5.456430e-01	4.975264e-03	1.859483e+01	3.743706e-01	1.419762e+01	2.503745e-02	1.276707e-01	3.248445e-01	1.763706e+00	2.482126e-02	1.312336e-01	6.898997e-01	2.419197e-01	1.219612e+00	2.831951e+00	3.077820e-01	9.392786e-05	3.145932e-04	5.208667e-02	4.823161e-01	5.518976e-02	5.088346e-02	6.272830e-03	7.989095e-03	2.902060e-02	4.635710e-01	3.185041e-02	1.682391e-01	3.701930e+01	5.152766e-02	4.194726e-02	9.729510e+00	
6.190802e-04	4.981563e-01	4.583057e-03	1.824856e+01	3.615899e-01	1.413213e+01	2.510786e-02	1.239852e-01	3.249237e-01	1.759665e+00	2.372606e-02	1.362343e-01	6.898258e-01	2.411515e-01	1.193680e+00	2.843179e+00	3.090464e-01	8.733853e-05	2.937702e-04	5.295742e-02	4.941069e-01	6.064166e-02	5.874821e-02	6.557502e-03	8.306849e-03	3.293997e-02	4.643078e-01	3.182767e-02	1.787786e-01	3.681533e+01	5.181541e-02	4.158374e-02	9.740312e+00	
6.192039e-04	5.213523e-01	4.760998e-03	1.871041e+01	3.779287e-01	1.411011e+01	2.524015e-02	1.292585e-01	3.247942e-01	1.769971e+00	2.403076e-02	1.319908e-01	6.897421e-01	2.435196e-01	1.276433e+00	2.849165e+00	3.106466e-01	1.054965e-04	3.532494e-04	5.248822e-02	4.920105e-01	6.009207e-02	5.183671e-02	6.887021e-03	8.753884e-03	3.226033e-02	4.711085e-01	3.211211e-02	1.715495e-01	3.662176e+01	5.233244e-02	3.682436e-02	9.733160e+00	
6.192870e-04	5.387077e-01	4.994815e-03	1.865675e+01	3.777783e-01	1.412148e+01	2.524725e-02	1.300830e-01	3.248125e-01	1.757830e+00	2.668370e-02	1.356151e-01	6.913619e-01	2.398134e-01	1.230923e+00	2.821212e+00	3.050762e-01	9.989939e-05	3.200851e-04	5.026966e-02	4.747125e-01	5.678883e-02	5.128430e-02	6.157383e-03	7.829445e-03	2.303744e-02	4.812253e-01	3.152440e-02	1.791586e-01	3.677846e+01	5.211076e-02	4.239895e-02	9.689049e+00	
6.193686e-04	5.033687e-01	4.568451e-03	1.874890e+01	3.789768e-01	1.406745e+01	2.533172e-02	1.276831e-01	3.248673e-01	1.765096e+00	2.386851e-02	1.376844e-01	6.900784e-01	2.424290e-01	1.239758e+00	2.832740e+00	3.075939e-01	1.079267e-04	3.706967e-04	5.212977e-02	4.783039e-01	5.721183e-02	5.243455e-02	6.897177e-03	8.788145e-03	2.278086e-02	4.717574e-01	3.167944e-02	1.841992e-01	3.638938e+01	5.276423e-02	3.935402e-02	9.758310e+00	
6.196947e-04	5.109638e-01	4.752373e-03	1.941371e+01	3.981492e-01	1.406315e+01	2.538727e-02	1.235179e-01	3.249485e-01	1.754753e+00	2.657039e-02	1.415383e-01	6.883871e-01	2.454581e-01	1.241218e+00	2.829037e+00	3.066971e-01	9.572962e-05	3.247969e-04	5.208595e-02	4.842607e-01	5.876253e-02	5.132630e-02	7.316653e-03	9.409816e-03	4.580777e-02	4.655126e-01	3.136018e-02	2.098062e-01	3.665289e+01	5.238884e-02	4.768897e-02	9.694429e+00	
6.197870e-04	5.465644e-01	5.221143e-03	1.864430e+01	3.753895e-01	1.408634e+01	2.522814e-02	1.277930e-01	3.248497e-01	1.762221e+00	2.455290e-02	1.363091e-01	6.902079e-01	2.411392e-01	1.206164e+00	2.833270e+00	3.085445e-01	1.073200e-04	3.551558e-04	5.178307e-02	4.839703e-01	5.870424e-02	5.565158e-02	6.372311e-03	8.117516e-03	3.324691e-02	4.817771e-01	3.127492e-02	1.777104e-01	3.654487e+01	5.241054e-02	4.185900e-02	9.733266e+00	
6.199779e-04	5.189048e-01	4.621591e-03	1.832419e+01	3.638524e-01	1.410472e+01	2.518204e-02	1.296734e-01	3.247546e-01	1.757922e+00	2.687674e-02	1.419423e-01	6.920618e-01	2.380167e-01	1.220413e+00	2.822798e+00	3.065874e-01	1.089556e-04	3.545292e-04	5.157412e-02	4.850909e-01	4.967977e-02	4.692729e-02	6.987835e-03	8.887578e-03	2.695399e-02	4.648041e-01	3.163896e-02	2.029111e-01	3.661012e+01	5.223479e-02	4.337719e-02	9.765522e+00	
6.201159e-04	5.294989e-01	4.932206e-03	2.003138e+01	4.188377e-01	1.404816e+01	2.539258e-02	1.242645e-01	3.249024e-01	1.766652e+00	2.270385e-02	1.353606e-01	6.875630e-01	2.482718e-01	1.286394e+00	2.835449e+00	3.089510e-01	9.865133e-05	3.310849e-04	5.290898e-02	4.980982e-01	5.850509e-02	5.424372e-02	7.253103e-03	9.158830e-03	4.221737e-02	4.761905e-01	3.101812e-02	2.180529e-01	3.668461e+01	5.228211e-02	3.553964e-02	9.734290e+00	
6.202305e-04	5.218547e-01	5.017666e-03	1.906411e+01	3.884785e-01	1.416958e+01	2.505195e-02	1.230835e-01	3.249415e-01	1.760207e+00	2.539201e-02	1.380576e-01	6.899133e-01	2.410803e-01	1.196642e+00	2.830522e+00	3.075733e-01	9.952218e-05	3.333566e-04	5.161149e-02	4.810316e-01	5.969546e-02	5.556279e-02	6.861314e-03	8.669166e-03	3.505759e-02	4.750218e-01	3.107775e-02	1.918900e-01	3.685815e+01	5.176446e-02	3.953760e-02	9.731398e+00	
6.203853e-04	6.160527e-01	5.739802e-03	1.852826e+01	3.713553e-01	1.418028e+01	2.509732e-02	1.259936e-01	3.249003e-01	1.769631e+00	2.400683e-02	1.271020e-01	6.931026e-01	2.349715e-01	1.142913e+00	2.836708e+00	3.076044e-01	9.771783e-05	3.288646e-04	5.240232e-02	4.888316e-01	6.004751e-02	5.528494e-02	6.234073e-03	7.918678e-03	2.874734e-02	4.691535e-01	3.188786e-02	1.492038e-01	3.687700e+01	5.189672e-02	3.187972e-02	9.798920e+00	
6.207954e-04	5.024948e-01	4.708774e-03	1.903498e+01	3.875534e-01	1.401424e+01	2.545364e-02	1.304044e-01	3.248051e-01	1.756530e+00	2.578527e-02	1.396814e-01	6.894450e-01	2.446847e-01	1.288725e+00	2.829092e+00	3.066463e-01	9.688567e-05	3.265067e-04	5.203467e-02	4.816515e-01	5.265645e-02	5.069684e-02	6.862435e-03	8.854802e-03	2.676192e-02	4.845379e-01	3.152872e-02	1.808130e-01	3.634875e+01	5.287304e-02	4.058252e-02	9.713557e+00	
6.208261e-04	4.740562e-01	4.422921e-03	1.864713e+01	3.744163e-01	1.405366e+01	2.533259e-02	1.238674e-01	3.249835e-01	1.758766e+00	2.361197e-02	1.397265e-01	6.883181e-01	2.450756e-01	1.231539e+00	2.863382e+00	3.127937e-01	1.123654e-04	3.858884e-04	5.361935e-02	4.955096e-01	5.344038e-02	5.324130e-02	7.386939e-03	9.265383e-03	3.099109e-02	4.656303e-01	3.168679e-02	1.788152e-01	3.645457e+01	5.261056e-02	3.974512e-02	9.773235e+00	
6.208520e-04	4.916562e-01	4.529554e-03	1.932910e+01	3.939744e-01	1.409718e+01	2.528621e-02	1.241332e-01	3.249150e-01	1.760614e+00	2.502687e-02	1.365138e-01	6.897433e-01	2.424574e-01	1.250038e+00	2.813193e+00	3.037730e-01	9.419436e-05	3.180822e-04	5.235731e-02	4.856542e-01	5.882706e-02	5.786346e-02	6.804590e-03	8.606291e-03	2.208821e-02	4.696780e-01	3.180047e-02	1.866021e-01	3.662586e+01	5.235714e-02	4.304927e-02	9.745181e+00	
6.208568e-04	4.982521e-01	4.430885e-03	1.840783e+01	3.682787e-01	1.407786e+01	2.524213e-02	1.242612e-01	3.248710e-01	1.765850e+00	2.456315e-02	1.386779e-01	6.904723e-01	2.398468e-01	1.181575e+00	2.858759e+00	3.131169e-01	1.097475e-04	3.717877e-04	5.291616e-02	4.938258e-01	5.794770e-02	5.535761e-02	6.977435e-03	8.865575e-03	3.690335e-02	4.508769e-01	3.207537e-02	1.823856e-01	3.639397e+01	5.260440e-02	3.555307e-02	9.775454e+00	
6.213368e-04	5.415360e-01	5.174805e-03	1.788772e+01	3.544997e-01	1.417419e+01	2.511724e-02	1.267492e-01	3.248765e-01	1.764577e+00	2.638522e-02	1.331371e-01	6.900257e-01	2.425299e-01	1.234225e+00	2.807569e+00	3.034899e-01	8.750859e-05	2.965845e-04	5.270766e-02	4.907495e-01	5.950366e-02	5.369415e-02	6.076250e-03	7.725014e-03	2.512208e-02	4.702397e-01	3.165468e-02	1.697095e-01	3.700828e+01	5.166683e-02	4.077253e-02	9.725063e+00	
6.214317e-04	5.420730e-01	5.072752e-03	1.834674e+01	3.673986e-01	1.412139e+01	2.520901e-02	1.231793e-01	3.249541e-01	1.768651e+00	2.393173e-02	1.374653e-01	6.915537e-01	2.380260e-01	1.187338e+00	2.823605e+00	3.064411e-01	1.015952e-04	3.380149e-04	5.174034e-02	4.819192e-01	6.102443e-02	6.234110e-02	6.807252e-03	8.623088e-03	2.989923e-02	4.681470e-01	3.161057e-02	1.798471e-01	3.658294e+01	5.243405e-02	3.915557e-02	9.750632e+00	
6.215210e-04	5.113895e-01	4.640224e-03	1.922290e+01	3.945562e-01	1.409291e+01	2.532853e-02	1.282036e-01	3.248462e-01	1.765438e+00	2.516501e-02	1.378901e-01	6.903694e-01	2.424382e-01	1.255583e+00	2.821093e+00	3.060270e-01	1.059517e-04	3.498660e-04	5.087340e-02	4.745644e-01	6.299275e-02	5.846260e-02	6.354564e-03	8.091479e-03	2.558390e-02	4.841555e-01	3.143427e-02	1.901617e-01	3.654436e+01	5.255232e-02	4.510280e-02	9.682955e+00	
6.215778e-04	5.537492e-01	5.384045e-03	1.916251e+01	3.926245e-01	1.415039e+01	2.518461e-02	1.252397e-01	3.249322e-01	1.763049e+00	2.477026e-02	1.336319e-01	6.898331e-01	2.421557e-01	1.224786e+00	2.835174e+00	3.086574e-01	1.150085e-04	3.909015e-04	5.180231e-02	4.790048e-01	6.744743e-02	5.658395e-02	7.296018e-03	9.308561e-03	5.137171e-02	4.672518e-01	3.124810e-02	2.019905e-01	3.667397e+01	5.225106e-02	3.483164e-02	9.746659e+00	
6.216486e-04	5.188457e-01	4.848861e-03	1.822231e+01	3.626766e-01	1.403860e+01	2.535067e-02	1.288164e-01	3.248068e-01	1.753988e+00	2.623901e-02	1.377811e-01	6.902619e-01	2.425384e-01	1.294601e+00	2.825968e+00	3.062766e-01	1.106480e-04	3.724399e-04	5.253662e-02	4.858671e-01	5.115605e-02	4.729221e-02	7.021857e-03	8.978428e-03	3.429322e-02	4.725388e-01	3.148439e-02	1.914666e-01	3.644322e+01	5.262381e-02	4.579662e-02	9.714373e+00	
6.218799e-04	5.406546e-01	4.931507e-03	1.836780e+01	3.662599e-01	1.413335e+01	2.515997e-02	1.259668e-01	3.248638e-01	1.758849e+00	2.577726e-02	1.363071e-01	6.910601e-01	2.407136e-01	1.229668e+00	2.827260e+00	3.065702e-01	1.020628e-04	3.443692e-04	5.187552e-02	4.847760e-01	6.343152e-02	5.664985e-02	6.779989e-03	8.735345e-03	3.210304e-02	4.744494e-01	3.155815e-02	1.809075e-01	3.664165e+01	5.218602e-02	4.476791e-02	9.720223e+00	
6.219458e-04	5.247043e-01	5.131941e-03	1.906790e+01	3.902258e-01	1.406148e+01	2.529747e-02	1.248335e-01	3.249188e-01	1.759704e+00	2.373015e-02	1.382092e-01	6.895210e-01	2.428005e-01	1.217891e+00	2.822814e+00	3.059600e-01	1.001551e-04	3.454217e-04	5.338080e-02	4.952421e-01	5.685571e-02	5.423989e-02	7.073943e-03	9.083467e-03	3.926467e-02	4.735731e-01	3.126366e-02	1.806588e-01	3.674147e+01	5.205067e-02	4.176598e-02	9.692418e+00	
6.221559e-04	5.192275e-01	4.744992e-03	1.862546e+01	3.742709e-01	1.412170e+01	2.524538e-02	1.287779e-01	3.248534e-01	1.763624e+00	2.613852e-02	1.354989e-01	6.895284e-01	2.442049e-01	1.265705e+00	2.826410e+00	3.056352e-01	9.576353e-05	3.268620e-04	5.204200e-02	4.789421e-01	5.672469e-02	5.769025e-02	6.945954e-03	8.732458e-03	1.533272e-02	4.798418e-01	3.150834e-02	1.762638e-01	3.661515e+01	5.237072e-02	4.946448e-02	9.714582e+00	
6.222182e-04	5.202063e-01	4.762554e-03	1.875308e+01	3.805508e-01	1.419458e+01	2.501175e-02	1.272656e-01	3.248446e-01	1.765488e+00	2.502906e-02	1.314113e-01	6.899655e-01	2.421534e-01	1.214611e+00	2.841961e+00	3.090765e-01	1.108325e-04	3.686197e-04	5.209444e-02	4.892980e-01	5.974647e-02	5.414929e-02	6.763926e-03	8.621101e-03	3.069016e-02	4.645553e-01	3.191437e-02	1.687046e-01	3.666756e+01	5.208806e-02	3.275089e-02	9.758571e+00	
6.222390e-04	5.705913e-01	5.380153e-03	1.864809e+01	3.760981e-01	1.414006e+01	2.526117e-02	1.263970e-01	3.248842e-01	1.766650e+00	2.456083e-02	1.329951e-01	6.900821e-01	2.431905e-01	1.247458e+00	2.821789e+00	3.056648e-01	1.012754e-04	3.381409e-04	5.195528e-02	4.862485e-01	6.107849e-02	6.426484e-02	6.698788e-03	8.519024e-03	2.750770e-02	4.850051e-01	3.111268e-02	1.843025e-01	3.689057e+01	5.198646e-02	3.920746e-02	9.719097e+00	
6.223261e-04	5.411659e-01	5.000680e-03	1.823492e+01	3.621380e-01	1.415472e+01	2.511644e-02	1.271124e-01	3.248715e-01	1.767733e+00	2.441250e-02	1.334917e-01	6.914266e-01	2.386288e-01	1.194665e+00	2.819194e+00	3.051896e-01	9.996094e-05	3.317529e-04	5.121676e-02	4.742951e-01	5.512066e-02	5.929784e-02	5.763746e-03	7.185683e-03	1.906710e-02	4.806871e-01	3.146740e-02	1.721216e-01	3.679357e+01	5.192501e-02	4.183721e-02	9.734378e+00	
6.224091e-04	5.402461e-01	4.956121e-03	1.952349e+01	4.006904e-01	1.409209e+01	2.518246e-02	1.259704e-01	3.248754e-01	1.760634e+00	2.550877e-02	1.344201e-01	6.883671e-01	2.473637e-01	1.305916e+00	2.833567e+00	3.076857e-01	9.360624e-05	3.125780e-04	5.119542e-02	4.766772e-01	5.841511e-02	5.075073e-02	6.877338e-03	8.840833e-03	4.306203e-02	4.739600e-01	3.120204e-02	1.722412e-01	3.672127e+01	5.196698e-02	4.420372e-02	9.707061e+00	
6.225239e-04	5.031227e-01	4.648109e-03	1.869064e+01	3.792175e-01	1.405891e+01	2.526132e-02	1.241598e-01	3.249014e-01	1.758192e+00	2.628603e-02	1.361370e-01	6.907831e-01	2.401961e-01	1.224326e+00	2.813536e+00	3.044774e-01	9.880350e-05	3.308931e-04	5.280213e-02	4.930521e-01	5.674765e-02	5.284605e-02	6.842735e-03	8.739987e-03	2.691653e-02	4.762840e-01	3.137497e-02	1.949266e-01	3.653949e+01	5.232517e-02	3.905615e-02	9.731558e+00	
6.225738e-04	5.560852e-01	5.253752e-03	1.864400e+01	3.777800e-01	1.413945e+01	2.511119e-02	1.235421e-01	3.249458e-01	1.756308e+00	2.689029e-02	1.396952e-01	6.916329e-01	2.388198e-01	1.211810e+00	2.810408e+00	3.038373e-01	1.121702e-04	3.689707e-04	5.095813e-02	4.765738e-01	5.765374e-02	5.408843e-02	6.094946e-03	7.837457e-03	1.983310e-02	4.908239e-01	3.104219e-02	2.206203e-01	3.676590e+01	5.196740e-02	3.733875e-02	9.711562e+00	
6.226029e-04	5.871678e-01	5.548662e-03	1.851870e+01	3.737212e-01	1.418423e+01	2.504528e-02	1.276394e-01	3.248372e-01	1.767582e+00	2.345378e-02	1.317054e-01	6.898892e-01	2.420837e-01	1.211751e+00	2.848059e+00	3.099046e-01	8.828242e-05	2.978755e-04	5.245565e-02	4.894341e-01	6.524694e-02	5.699180e-02	6.785215e-03	8.829420e-03	3.289098e-02	4.731371e-01	3.169351e-02	1.853170e-01	3.691906e+01	5.170399e-02	3.280243e-02	9.760343e+00	
6.226058e-04	5.151149e-01	4.574788e-03	1.901717e+01	3.896391e-01	1.415574e+01	2.510095e-02	1.260454e-01	3.248392e-01	1.763186e+00	2.674232e-02	1.355977e-01	6.896559e-01	2.438311e-01	1.270119e+00	2.819840e+00	3.064006e-01	8.903239e-05	2.921979e-04	5.145992e-02	4.821600e-01	5.710689e-02	5.326902e-02	6.239883e-03	7.910631e-03	1.923427e-02	4.864120e-01	3.129315e-02	1.907023e-01	3.680648e+01	5.186815e-02	4.308436e-02	9.685504e+00	
6.227341e-04	4.886572e-01	4.481909e-03	1.941216e+01	3.996360e-01	1.400386e+01	2.541939e-02	1.267806e-01	3.248937e-01	1.767121e+00	2.307071e-02	1.309141e-01	6.878296e-01	2.485349e-01	1.317189e+00	2.832545e+00	3.073098e-01	1.193857e-04	4.042170e-04	5.216247e-02	4.819191e-01	5.725519e-02	5.151220e-02	7.277488e-03	9.254534e-03	2.645270e-02	4.789032e-01	3.148056e-02	1.755486e-01	3.627350e+01	5.289055e-02	4.268955e-02	9.708073e+00	
6.227367e-04	4.883519e-01	4.320218e-03	1.840974e+01	3.691647e-01	1.414582e+01	2.519832e-02	1.287085e-01	3.247951e-01	1.754370e+00	2.746786e-02	1.418480e-01	6.911531e-01	2.390737e-01	1.212768e+00	2.826690e+00	3.072250e-01	1.016684e-04	3.344994e-04	5.170583e-02	4.819459e-01	5.346707e-02	5.207584e-02	6.641801e-03	8.401469e-03	3.469004e-02	4.633371e-01	3.176888e-02	1.700807e-01	3.658164e+01	5.243419e-02	4.473581e-02	9.728565e+00	
6.227444e-04	5.447919e-01	5.088342e-03	1.832631e+01	3.681829e-01	1.413975e+01	2.518022e-02	1.252359e-01	3.248977e-01	1.762286e+00	2.476523e-02	1.358525e-01	6.906206e-01	2.406295e-01	1.217214e+00	2.829477e+00	3.070440e-01	9.677865e-05	3.259700e-04	5.193535e-02	4.839243e-01	6.414978e-02	5.908635e-02	7.046287e-03	8.850633e-03	4.694546e-02	4.668345e-01	3.119471e-02	1.975907e-01	3.691509e+01	5.183640e-02	4.465856e-02	9.698379e+00	
6.231152e-04	5.133029e-01	4.694015e-03	1.815093e+01	3.627212e-01	1.416362e+01	2.519299e-02	1.257043e-01	3.249037e-01	1.752792e+00	2.743491e-02	1.386775e-01	6.908579e-01	2.411985e-01	1.262649e+00	2.833272e+00	3.070104e-01	1.181100e-04	3.925998e-04	5.240395e-02	4.880085e-01	5.397819e-02	5.311755e-02	6.785470e-03	8.547810e-03	3.599647e-02	4.670576e-01	3.154337e-02	1.887323e-01	3.676513e+01	5.221066e-02	4.154164e-02	9.723702e+00	
6.232036e-04	5.485412e-01	5.221103e-03	1.849590e+01	3.696502e-01	1.422652e+01	2.503356e-02	1.237856e-01	3.249444e-01	1.760018e+00	2.541563e-02	1.322321e-01	6.901002e-01	2.416881e-01	1.212310e+00	2.819176e+00	3.062149e-01	1.063936e-04	3.479813e-04	5.228539e-02	4.956050e-01	6.055943e-02	5.412317e-02	6.286961e-03	7.976983e-03	2.733807e-02	4.680820e-01	3.145861e-02	1.783578e-01	3.704556e+01	5.162534e-02	3.773058e-02	9.777896e+00	
6.233431e-04	5.330022e-01	5.006700e-03	1.825824e+01	3.647735e-01	1.417152e+01	2.514841e-02	1.254933e-01	3.249341e-01	1.769340e+00	2.352241e-02	1.288364e-01	6.918122e-01	2.381129e-01	1.171380e+00	2.821775e+00	3.059269e-01	9.315910e-05	3.176945e-04	5.354992e-02	5.026812e-01	5.934760e-02	5.242785e-02	6.588933e-03	8.199436e-03	2.634214e-02	4.666041e-01	3.182898e-02	1.581853e-01	3.695451e+01	5.178793e-02	3.339239e-02	9.773575e+00	
6.234978e-04	5.068699e-01	4.667190e-03	1.786486e+01	3.532279e-01	1.412764e+01	2.522763e-02	1.268098e-01	3.248443e-01	1.765215e+00	2.543950e-02	1.314000e-01	6.887160e-01	2.443782e-01	1.243392e+00	2.835146e+00	3.075471e-01	9.371100e-05	3.189765e-04	5.256286e-02	4.864143e-01	6.186517e-02	5.500796e-02	7.044775e-03	9.105885e-03	4.213420e-02	4.625567e-01	3.143942e-02	1.847593e-01	3.680365e+01	5.200772e-02	4.935157e-02	9.669496e+00	
6.235947e-04	5.517350e-01	4.996336e-03	1.933626e+01	3.958956e-01	1.407384e+01	2.527610e-02	1.262715e-01	3.248444e-01	1.765097e+00	2.497128e-02	1.333451e-01	6.892600e-01	2.431221e-01	1.234749e+00	2.836654e+00	3.082714e-01	1.008301e-04	3.369415e-04	5.254690e-02	4.881341e-01	5.314614e-02	4.983198e-02	6.500712e-03	8.331448e-03	1.618513e-02	4.740550e-01	3.198313e-02	1.654968e-01	3.666363e+01	5.223951e-02	3.951662e-02	9.757216e+00	
6.237832e-04	5.058862e-01	4.733603e-03	1.911482e+01	3.897254e-01	1.410210e+01	2.514958e-02	1.258636e-01	3.248776e-01	1.757617e+00	2.334046e-02	1.386667e-01	6.893047e-01	2.434927e-01	1.242290e+00	2.847314e+00	3.101155e-01	1.011295e-04	3.423699e-04	5.219167e-02	4.868058e-01	5.877563e-02	5.333393e-02	6.905674e-03	8.793069e-03	2.492227e-02	4.699293e-01	3.154746e-02	1.862210e-01	3.656505e+01	5.224501e-02	4.095999e-02	9.739211e+00	
6.238097e-04	5.534577e-01	5.138263e-03	1.861723e+01	3.739820e-01	1.407210e+01	2.535413e-02	1.249491e-01	3.248799e-01	1.770136e+00	2.379451e-02	1.290929e-01	6.895543e-01	2.422871e-01	1.197094e+00	2.845506e+00	3.104634e-01	8.813176e-05	3.007268e-04	5.318777e-02	4.938028e-01	5.716616e-02	5.722988e-02	6.113894e-03	7.870777e-03	2.416157e-02	4.644597e-01	3.221462e-02	1.520776e-01	3.684683e+01	5.197788e-02	3.927102e-02	9.741243e+00	
6.238376e-04	5.186901e-01	4.555529e-03	1.810279e+01	3.569985e-01	1.414768e+01	2.510935e-02	1.246615e-01	3.248699e-01	1.761632e+00	2.354997e-02	1.339814e-01	6.907234e-01	2.393698e-01	1.183229e+00	2.840092e+00	3.090717e-01	1.078224e-04	3.722631e-04	5.379733e-02	4.977368e-01	5.785833e-02	5.031263e-02	7.082814e-03	9.068909e-03	3.822814e-02	4.599547e-01	3.197198e-02	1.863813e-01	3.666056e+01	5.212954e-02	3.955947e-02	9.791763e+00	
6.238500e-04	5.118802e-01	4.806040e-03	1.895585e+01	3.867213e-01	1.416294e+01	2.517208e-02	1.250608e-01	3.249110e-01	1.754588e+00	2.605139e-02	1.392715e-01	6.905713e-01	2.409226e-01	1.239189e+00	2.790883e+00	3.002020e-01	9.515653e-05	3.130231e-04	5.145178e-02	4.797192e-01	6.130557e-02	5.816790e-02	6.346744e-03	8.068984e-03	2.133937e-02	4.814224e-01	3.107045e-02	1.945283e-01	3.671114e+01	5.224591e-02	4.237460e-02	9.699095e+00	
6.238980e-04	5.629621e-01	5.236669e-03	1.855304e+01	3.720175e-01	1.411691e+01	2.517974e-02	1.274548e-01	3.248278e-01	1.765502e+00	2.458924e-02	1.318781e-01	6.915558e-01	2.379848e-01	1.159743e+00	2.823499e+00	3.067492e-01	1.088368e-04	3.773406e-04	5.286939e-02	4.854293e-01	5.790318e-02	5.775951e-02	6.692018e-03	8.496294e-03	1.802708e-02	4.722358e-01	3.151591e-02	1.778368e-01	3.653383e+01	5.238472e-02	3.424671e-02	9.784917e+00	
6.239030e-04	5.357109e-01	5.159818e-03	1.789084e+01	3.527828e-01	1.412503e+01	2.524014e-02	1.254597e-01	3.248915e-01	1.762271e+00	2.686045e-02	1.334641e-01	6.916352e-01	2.372383e-01	1.168033e+00	2.833825e+00	3.077375e-01	1.115776e-04	3.619916e-04	5.098855e-02	4.812195e-01	5.942570e-02	5.358533e-02	6.462193e-03	8.315033e-03	3.577278e-02	4.722883e-01	3.116743e-02	1.815749e-01	3.675274e+01	5.213681e-02	4.585012e-02	9.709720e+00	
6.240111e-04	5.069643e-01	4.854497e-03	1.944540e+01	3.984561e-01	1.407595e+01	2.531505e-02	1.256605e-01	3.249258e-01	1.763056e+00	2.380804e-02	1.383548e-01	6.886145e-01	2.451192e-01	1.247333e+00	2.844479e+00	3.093378e-01	1.076065e-04	3.562143e-04	5.122166e-02	4.804743e-01	6.166713e-02	5.782620e-02	6.936189e-03	8.926340e-03	2.449495e-02	4.786491e-01	3.151436e-02	1.829877e-01	3.655778e+01	5.247115e-02	3.750111e-02	9.739036e+00	
6.241012e-04	5.295476e-01	4.870403e-03	1.923692e+01	3.933407e-01	1.413033e+01	2.520581e-02	1.288241e-01	3.248094e-01	1.769618e+00	2.328529e-02	1.337048e-01	6.889336e-01	2.454442e-01	1.264717e+00	2.822256e+00	3.069640e-01	9.640391e-05	3.229984e-04	5.179761e-02	4.846352e-01	5.942891e-02	5.528845e-02	6.494937e-03	8.242416e-03	1.808108e-02	4.744934e-01	3.163518e-02	1.894205e-01	3.663586e+01	5.229196e-02	4.247671e-02	9.722664e+00	
6.243329e-04	5.396470e-01	5.036998e-03	1.801046e+01	3.561577e-01	1.414269e+01	2.510747e-02	1.260153e-01	3.248732e-01	1.763192e+00	2.607620e-02	1.347191e-01	6.909237e-01	2.392682e-01	1.200445e+00	2.845199e+00	3.097853e-01	1.280779e-04	4.235666e-04	5.170195e-02	4.867461e-01	5.917318e-02	5.305340e-02	7.016477e-03	8.911270e-03	2.843551e-02	4.659118e-01	3.169261e-02	1.845122e-01	3.667613e+01	5.207565e-02	4.034552e-02	9.754112e+00	
6.244119e-04	5.421235e-01	5.209095e-03	2.027799e+01	4.282344e-01	1.413617e+01	2.525994e-02	1.262858e-01	3.249210e-01	1.762280e+00	2.379470e-02	1.346523e-01	6.884242e-01	2.459489e-01	1.275931e+00	2.821032e+00	3.055154e-01	9.454789e-05	3.115007e-04	5.157881e-02	4.782657e-01	7.175523e-02	7.244616e-02	6.560859e-03	8.387399e-03	2.388404e-02	4.883816e-01	3.119680e-02	1.755465e-01	3.659766e+01	5.249197e-02	3.315625e-02	9.719482e+00	
6.244227e-04	4.992732e-01	4.570579e-03	1.829288e+01	3.657414e-01	1.416158e+01	2.501176e-02	1.274504e-01	3.248544e-01	1.755215e+00	2.462687e-02	1.432314e-01	6.898687e-01	2.432954e-01	1.287344e+00	2.833540e+00	3.080052e-01	1.050665e-04	3.466854e-04	5.146928e-02	4.803907e-01	5.372945e-02	5.018408e-02	6.727580e-03	8.415179e-03	4.495270e-02	4.663945e-01	3.173363e-02	1.993685e-01	3.666905e+01	5.201763e-02	4.296124e-02	9.702612e+00	
6.245363e-04	5.228233e-01	4.834370e-03	1.892257e+01	3.825183e-01	1.402667e+01	2.535789e-02	1.243923e-01	3.249622e-01	1.759550e+00	2.389110e-02	1.363986e-01	6.896038e-01	2.433358e-01	1.242712e+00	2.826541e+00	3.058236e-01	1.205271e-04	3.980538e-04	5.214428e-02	4.875106e-01	5.490089e-02	5.264449e-02	6.731486e-03	8.498066e-03	3.095165e-02	4.787038e-01	3.144275e-02	1.750112e-01	3.646566e+01	5.250693e-02	3.798826e-02	9.737059e+00	
6.247035e-04	5.427830e-01	4.934402e-03	1.901928e+01	3.868716e-01	1.410263e+01	2.516660e-02	1.250382e-01	3.249030e-01	1.764481e+00	2.397927e-02	1.360124e-01	6.900884e-01	2.423297e-01	1.230348e+00	2.833210e+00	3.064594e-01	1.018323e-04	3.323023e-04	5.064826e-02	4.789518e-01	5.743823e-02	5.449194e-02	6.702957e-03	8.549468e-03	2.355986e-02	4.755356e-01	3.192844e-02	1.842419e-01	3.655362e+01	5.229454e-02	4.062033e-02	9.744903e+00	
6.248630e-04	5.170389e-01	4.605489e-03	1.825939e+01	3.617398e-01	1.403197e+01	2.539659e-02	1.268935e-01	3.248462e-01	1.769826e+00	2.610729e-02	1.325941e-01	6.912152e-01	2.397309e-01	1.218583e+00	2.824317e+00	3.059692e-01	8.693059e-05	2.887417e-04	5.218213e-02	4.887308e-01	5.641940e-02	5.232465e-02	6.823868e-03	8.673438e-03	4.427273e-02	4.611962e-01	3.194882e-02	1.567489e-01	3.640447e+01	5.272819e-02	4.389818e-02	9.729563e+00	
6.249802e-04	5.094167e-01	4.527558e-03	1.906567e+01	3.875450e-01	1.408607e+01	2.533726e-02	1.289538e-01	3.248361e-01	1.763561e+00	2.576797e-02	1.378200e-01	6.885528e-01	2.469858e-01	1.306505e+00	2.836857e+00	3.082151e-01	9.643705e-05	3.185117e-04	5.124805e-02	4.777563e-01	5.464917e-02	5.202961e-02	6.147855e-03	7.837331e-03	1.711605e-02	4.831276e-01	3.160545e-02	1.994368e-01	3.649146e+01	5.262445e-02	4.570302e-02	9.695448e+00	
6.250334e-04	5.422098e-01	5.192607e-03	1.997194e+01	4.173497e-01	1.413955e+01	2.507368e-02	1.263724e-01	3.249042e-01	1.757043e+00	2.237900e-02	1.397887e-01	6.885636e-01	2.449074e-01	1.249576e+00	2.832637e+00	3.076325e-01	9.173353e-05	3.088948e-04	5.171825e-02	4.754146e-01	6.127114e-02	6.147237e-02	6.447272e-03	8.218263e-03	2.556765e-02	4.909245e-01	3.110584e-02	1.764710e-01	3.689403e+01	5.164383e-02	3.752674e-02	9.696968e+00	
6.251248e-04	4.782469e-01	4.646248e-03	1.891436e+01	3.830458e-01	1.395452e+01	2.567117e-02	1.291524e-01	3.248518e-01	1.760876e+00	2.435698e-02	1.353631e-01	6.877969e-01	2.480829e-01	1.309272e+00	2.817086e+00	3.046948e-01	9.346666e-05	3.156832e-04	5.252464e-02	4.879286e-01	5.940948e-02	5.440749e-02	7.314508e-03	9.331858e-03	3.070383e-02	4.746546e-01	3.112868e-02	1.810076e-01	3.634585e+01	5.307893e-02	4.379031e-02	9.717916e+00	
6.252488e-04	4.841084e-01	4.576140e-03	1.902542e+01	3.876866e-01	1.412417e+01	2.523017e-02	1.237151e-01	3.249459e-01	1.752990e+00	2.508271e-02	1.436251e-01	6.899909e-01	2.419094e-01	1.216045e+00	2.828746e+00	3.074497e-01	1.128518e-04	3.781473e-04	5.154068e-02	4.804108e-01	5.329128e-02	5.225627e-02	6.815987e-03	8.655545e-03	2.970880e-02	4.694628e-01	3.131081e-02	2.035546e-01	3.655023e+01	5.247906e-02	4.047940e-02	9.729911e+00	
6.253036e-04	4.824228e-01	4.486843e-03	1.899306e+01	3.863226e-01	1.413582e+01	2.524770e-02	1.257673e-01	3.249000e-01	1.761895e+00	2.567896e-02	1.294835e-01	6.889113e-01	2.469659e-01	1.314567e+00	2.829461e+00	3.076104e-01	9.596456e-05	3.171670e-04	5.213668e-02	4.943414e-01	6.232261e-02	5.285332e-02	6.899754e-03	8.924734e-03	3.632883e-02	4.747244e-01	3.151082e-02	1.750941e-01	3.673381e+01	5.227063e-02	4.776412e-02	9.701473e+00	
6.253938e-04	5.553094e-01	5.091826e-03	1.882772e+01	3.796627e-01	1.418782e+01	2.496361e-02	1.265576e-01	3.248430e-01	1.762452e+00	2.416636e-02	1.359133e-01	6.906317e-01	2.402400e-01	1.219115e+00	2.836955e+00	3.083066e-01	1.174264e-04	3.842019e-04	5.197472e-02	4.887586e-01	6.064846e-02	5.521640e-02	6.386633e-03	8.228377e-03	2.710440e-02	4.868136e-01	3.154901e-02	1.891748e-01	3.663761e+01	5.206520e-02	3.402579e-02	9.780715e+00	
6.254195e-04	5.090467e-01	4.590719e-03	1.744995e+01	3.410907e-01	1.412337e+01	2.518277e-02	1.254592e-01	3.248351e-01	1.756156e+00	2.629743e-02	1.349079e-01	6.887333e-01	2.442255e-01	1.233432e+00	2.827682e+00	3.068314e-01	9.239817e-05	3.178033e-04	5.291609e-02	4.886688e-01	5.654967e-02	5.063135e-02	6.533380e-03	8.410191e-03	3.606632e-02	4.551768e-01	3.185302e-02	2.081514e-01	3.698410e+01	5.164340e-02	4.455449e-02	9.729170e+00	
6.259125e-04	5.213890e-01	4.859416e-03	1.843866e+01	3.700462e-01	1.411416e+01	2.526963e-02	1.281057e-01	3.248373e-01	1.757264e+00	2.542994e-02	1.356810e-01	6.902235e-01	2.432962e-01	1.282488e+00	2.823007e+00	3.060035e-01	1.008425e-04	3.363593e-04	5.100551e-02	4.754418e-01	5.597484e-02	4.973401e-02	6.439536e-03	8.188228e-03	2.655775e-02	4.726786e-01	3.123928e-02	1.965201e-01	3.683884e+01	5.197689e-02	4.980928e-02	9.665041e+00	
6.261154e-04	5.352087e-01	4.875322e-03	1.903294e+01	3.900799e-01	1.406005e+01	2.532443e-02	1.294590e-01	3.247639e-01	1.765079e+00	2.416226e-02	1.352268e-01	6.888852e-01	2.448261e-01	1.278071e+00	2.825801e+00	3.068522e-01	8.384877e-05	2.850765e-04	5.177639e-02	4.776983e-01	6.265217e-02	5.418909e-02	6.393594e-03	8.137336e-03	3.245149e-02	4.761779e-01	3.164962e-02	1.640379e-01	3.660111e+01	5.233036e-02	4.193842e-02	9.699546e+00	
6.261768e-04	5.575421e-01	4.942731e-03	1.889163e+01	3.831064e-01	1.418846e+01	2.507013e-02	1.275938e-01	3.248437e-01	1.768605e+00	2.438059e-02	1.334569e-01	6.901395e-01	2.430229e-01	1.255444e+00	2.841540e+00	3.089276e-01	9.729616e-05	3.271593e-04	5.140013e-02	4.787154e-01	6.045669e-02	5.564871e-02	6.697564e-03	8.521103e-03	3.750611e-02	4.673305e-01	3.206461e-02	1.808610e-01	3.671567e+01	5.212299e-02	3.915924e-02	9.784480e+00	
6.264444e-04	5.148164e-01	4.659734e-03	1.862917e+01	3.744345e-01	1.402976e+01	2.536872e-02	1.254097e-01	3.248870e-01	1.757597e+00	2.533753e-02	1.364284e-01	6.887719e-01	2.449925e-01	1.268604e+00	2.834477e+00	3.075246e-01	1.290360e-04	4.309224e-04	5.149964e-02	4.779899e-01	5.637081e-02	5.257065e-02	7.169716e-03	9.101354e-03	2.931467e-02	4.757888e-01	3.123169e-02	2.130645e-01	3.626961e+01	5.291975e-02	3.761413e-02	9.760443e+00	
6.265279e-04	5.084185e-01	4.813192e-03	1.874634e+01	3.791954e-01	1.398032e+01	2.544512e-02	1.258201e-01	3.249179e-01	1.760238e+00	2.338723e-02	1.435136e-01	6.879740e-01	2.476291e-01	1.285015e+00	2.836709e+00	3.087593e-01	1.021096e-04	3.431266e-04	5.230185e-02	4.878597e-01	5.519225e-02	5.476738e-02	6.806365e-03	8.533633e-03	2.346474e-02	4.777556e-01	3.117689e-02	2.019926e-01	3.631746e+01	5.278143e-02	3.946127e-02	9.721232e+00	
6.269690e-04	5.330565e-01	4.765419e-03	1.870856e+01	3.790410e-01	1.415157e+01	2.505312e-02	1.226881e-01	3.249402e-01	1.771570e+00	2.230953e-02	1.327138e-01	6.906546e-01	2.393297e-01	1.171725e+00	2.831681e+00	3.068743e-01	1.054312e-04	3.538470e-04	5.237681e-02	4.868585e-01	6.011201e-02	5.864909e-02	6.467580e-03	8.136747e-03	2.301838e-02	4.811666e-01	3.157806e-02	1.776180e-01	3.684643e+01	5.174980e-02	3.701343e-02	9.742931e+00	
6.270843e-04	5.175705e-01	4.641120e-03	1.849277e+01	3.721326e-01	1.417861e+01	2.502150e-02	1.278382e-01	3.248218e-01	1.757527e+00	2.460533e-02	1.362643e-01	6.901346e-01	2.412424e-01	1.228607e+00	2.837617e+00	3.078255e-01	9.934862e-05	3.317617e-04	5.266392e-02	4.897658e-01	5.322210e-02	5.263353e-02	6.576956e-03	8.299090e-03	2.855334e-02	4.702525e-01	3.194758e-02	1.808552e-01	3.674833e+01	5.193451e-02	4.475295e-02	9.722433e+00	
6.271831e-04	5.073230e-01	4.590677e-03	1.762701e+01	3.440905e-01	1.417956e+01	2.510602e-02	1.267743e-01	3.248457e-01	1.765535e+00	2.567369e-02	1.362583e-01	6.908301e-01	2.402308e-01	1.231676e+00	2.849127e+00	3.100082e-01	1.261614e-04	4.220262e-04	5.159325e-02	4.806119e-01	5.136526e-02	4.836207e-02	6.504587e-03	8.333029e-03	2.556127e-02	4.657039e-01	3.180779e-02	2.079649e-01	3.653710e+01	5.248563e-02	4.276308e-02	9.755337e+00	
6.272272e-04	5.265132e-01	4.959112e-03	1.872294e+01	3.780164e-01	1.412080e+01	2.510470e-02	1.275100e-01	3.248127e-01	1.761382e+00	2.566397e-02	1.337729e-01	6.894516e-01	2.443093e-01	1.298609e+00	2.820604e+00	3.058553e-01	1.084584e-04	3.517920e-04	5.102478e-02	4.819070e-01	5.669651e-02	5.033531e-02	6.961455e-03	8.875098e-03	3.182141e-02	4.725355e-01	3.125385e-02	2.062339e-01	3.655475e+01	5.225273e-02	4.122134e-02	9.730395e+00	
6.272762e-04	5.319569e-01	4.982905e-03	1.967411e+01	4.062681e-01	1.406699e+01	2.532257e-02	1.266464e-01	3.248895e-01	1.768775e+00	2.207307e-02	1.295759e-01	6.881437e-01	2.471309e-01	1.310971e+00	2.818684e+00	3.049417e-01	1.077703e-04	3.661135e-04	5.234909e-02	4.818460e-01	6.825458e-02	6.096879e-02	7.383849e-03	9.474643e-03	3.089315e-02	4.729197e-01	3.167288e-02	1.797002e-01	3.657001e+01	5.245121e-02	4.282857e-02	9.754962e+00	
6.273621e-04	4.944505e-01	4.441690e-03	1.801930e+01	3.576497e-01	1.407316e+01	2.531320e-02	1.288407e-01	3.248087e-01	1.754560e+00	2.608080e-02	1.396504e-01	6.914926e-01	2.389334e-01	1.218372e+00	2.841011e+00	3.087586e-01	1.053519e-04	3.520992e-04	5.149165e-02	4.764706e-01	5.183751e-02	4.855787e-02	6.574967e-03	8.464243e-03	2.640506e-02	4.731081e-01	3.177465e-02	1.761493e-01	3.642638e+01	5.271285e-02	4.348854e-02	9.757138e+00	
6.278344e-04	4.895359e-01	4.566289e-03	1.811445e+01	3.601837e-01	1.414006e+01	2.521731e-02	1.268436e-01	3.248732e-01	1.747901e+00	2.834952e-02	1.387069e-01	6.899392e-01	2.433660e-01	1.283251e+00	2.835170e+00	3.074990e-01	1.167193e-04	3.930998e-04	5.272007e-02	4.924630e-01	5.422150e-02	4.304391e-02	7.007795e-03	9.109193e-03	3.857195e-02	4.592257e-01	3.158613e-02	1.908521e-01	3.655340e+01	5.254371e-02	4.534972e-02	9.726236e+00	
6.278896e-04	5.361294e-01	4.963688e-03	1.897960e+01	3.888201e-01	1.414996e+01	2.521355e-02	1.270909e-01	3.248452e-01	1.766408e+00	2.545516e-02	1.316078e-01	6.905845e-01	2.406114e-01	1.211450e+00	2.836713e+00	3.078482e-01	9.334855e-05	3.249270e-04	5.338534e-02	4.912343e-01	6.248944e-02	6.247734e-02	6.843555e-03	8.594770e-03	2.853812e-02	4.773574e-01	3.162816e-02	1.723940e-01	3.678411e+01	5.213739e-02	3.573536e-02	9.733334e+00	
6.279404e-04	5.426692e-01	5.023886e-03	1.862680e+01	3.748195e-01	1.411241e+01	2.520758e-02	1.249546e-01	3.249304e-01	1.764690e+00	2.406277e-02	1.390084e-01	6.896857e-01	2.427457e-01	1.243431e+00	2.836758e+00	3.087330e-01	1.039013e-04	3.464490e-04	5.170878e-02	4.793633e-01	6.313402e-02	5.954918e-02	6.933561e-03	8.707017e-03	2.890517e-02	4.783211e-01	3.134714e-02	2.029583e-01	3.663391e+01	5.229334e-02	4.351520e-02	9.697909e+00	
6.280254e-04	5.174196e-01	4.914527e-03	1.991884e+01	4.153462e-01	1.397387e+01	2.551029e-02	1.242062e-01	3.249688e-01	1.767596e+00	2.314480e-02	1.335153e-01	6.875128e-01	2.482099e-01	1.314617e+00	2.831243e+00	3.068685e-01	1.053253e-04	3.439079e-04	5.140680e-02	4.816156e-01	6.063766e-02	5.458314e-02	7.235054e-03	9.173802e-03	3.783551e-02	4.686516e-01	3.161630e-02	1.901483e-01	3.618089e+01	5.315821e-02	4.239999e-02	9.692731e+00	
6.280817e-04	4.917315e-01	4.356566e-03	1.789556e+01	3.527037e-01	1.410809e+01	2.521607e-02	1.329746e-01	3.247163e-01	1.759255e+00	2.726382e-02	1.335042e-01	6.896203e-01	2.453771e-01	1.338956e+00	2.836359e+00	3.066618e-01	8.715564e-05	2.941436e-04	5.182914e-02	4.795814e-01	4.948579e-02	4.207564e-02	6.760287e-03	8.762305e-03	2.263202e-02	4.764315e-01	3.194201e-02	1.697003e-01	3.664301e+01	5.225297e-02	4.883168e-02	9.703650e+00	
6.283704e-04	5.597870e-01	5.284806e-03	1.945983e+01	4.001814e-01	1.412140e+01	2.522489e-02	1.229124e-01	3.250043e-01	1.775221e+00	2.294374e-02	1.280743e-01	6.880256e-01	2.459013e-01	1.223682e+00	2.821641e+00	3.067275e-01	9.171428e-05	3.061505e-04	5.106558e-02	4.708713e-01	6.942890e-02	6.807574e-02	6.553581e-03	8.351987e-03	2.594580e-02	4.859089e-01	3.123443e-02	1.686558e-01	3.673919e+01	5.214011e-02	3.689131e-02	9.755065e+00	
6.284051e-04	4.973754e-01	4.498304e-03	1.921646e+01	3.931174e-01	1.403382e+01	2.538116e-02	1.313473e-01	3.247381e-01	1.753572e+00	2.487712e-02	1.383141e-01	6.884156e-01	2.477086e-01	1.331579e+00	2.840039e+00	3.099897e-01	9.997463e-05	3.362856e-04	5.244054e-02	4.884381e-01	5.522164e-02	5.302147e-02	6.766004e-03	8.628367e-03	4.830991e-02	4.761475e-01	3.155038e-02	1.780909e-01	3.643676e+01	5.268254e-02	4.335127e-02	9.729862e+00	
6.285774e-04	5.360253e-01	5.113789e-03	1.845374e+01	3.724572e-01	1.410566e+01	2.531384e-02	1.234254e-01	3.250042e-01	1.761559e+00	2.410858e-02	1.357754e-01	6.909013e-01	2.397861e-01	1.203240e+00	2.832136e+00	3.064098e-01	1.144816e-04	3.789798e-04	5.102069e-02	4.735136e-01	6.264796e-02	6.256030e-02	6.277424e-03	7.955033e-03	2.654028e-02	4.993164e-01	3.074843e-02	1.879137e-01	3.661118e+01	5.245694e-02	4.678159e-02	9.663696e+00	
6.286714e-04	5.193283e-01	4.795459e-03	1.828492e+01	3.670231e-01	1.403948e+01	2.531406e-02	1.261821e-01	3.248574e-01	1.771596e+00	2.343627e-02	1.288926e-01	6.907189e-01	2.401978e-01	1.234781e+00	2.838214e+00	3.082998e-01	1.192717e-04	3.978607e-04	5.243414e-02	4.898039e-01	6.261469e-02	5.639698e-02	6.863763e-03	8.678312e-03	4.700635e-02	4.651159e-01	3.152262e-02	2.058405e-01	3.653414e+01	5.235239e-02	3.732219e-02	9.731432e+00	
6.287121e-04	4.972912e-01	4.692307e-03	1.855224e+01	3.726479e-01	1.407377e+01	2.529406e-02	1.225192e-01	3.250028e-01	1.768987e+00	2.395300e-02	1.326908e-01	6.895092e-01	2.441776e-01	1.273331e+00	2.815726e+00	3.044396e-01	9.576199e-05	3.145821e-04	5.226880e-02	4.910380e-01	6.375309e-02	6.655666e-02	6.524486e-03	8.186379e-03	1.980036e-02	4.849455e-01	3.124054e-02	2.043639e-01	3.661565e+01	5.228792e-02	4.787399e-02	9.694774e+00	
6.287571e-04	5.368234e-01	4.977166e-03	2.049977e+01	4.331874e-01	1.416280e+01	2.515368e-02	1.242219e-01	3.249269e-01	1.769265e+00	2.347894e-02	1.323541e-01	6.879447e-01	2.459869e-01	1.251083e+00	2.818497e+00	3.052011e-01	9.944469e-05	3.384127e-04	5.212853e-02	4.778824e-01	6.061599e-02	5.591050e-02	6.732552e-03	8.539276e-03	2.461320e-02	4.798304e-01	3.129593e-02	1.817830e-01	3.674358e+01	5.212337e-02	3.559996e-02	9.740773e+00	
6.288113e-04	5.495198e-01	5.145522e-03	1.841411e+01	3.717678e-01	1.423860e+01	2.501996e-02	1.287742e-01	3.248617e-01	1.763021e+00	2.580557e-02	1.358226e-01	6.899849e-01	2.440127e-01	1.285675e+00	2.820457e+00	3.051667e-01	1.024719e-04	3.316666e-04	5.105036e-02	4.826730e-01	6.465192e-02	6.196102e-02	6.176875e-03	7.725263e-03	2.686782e-02	4.901601e-01	3.107815e-02	2.009874e-01	3.700119e+01	5.169236e-02	4.236145e-02	9.681344e+00	
6.291458e-04	5.252088e-01	4.743037e-03	1.960588e+01	4.043174e-01	1.411969e+01	2.526868e-02	1.329641e-01	3.247202e-01	1.774583e+00	2.288906e-02	1.268651e-01	6.902111e-01	2.436119e-01	1.295061e+00	2.836049e+00	3.073186e-01	1.023141e-04	3.431720e-04	5.281878e-02	4.936043e-01	5.684069e-02	5.546885e-02	6.577648e-03	8.423838e-03	2.630895e-02	4.733498e-01	3.216360e-02	1.598260e-01	3.653548e+01	5.254324e-02	3.060357e-02	9.816711e+00	
6.291778e-04	5.293048e-01	5.160611e-03	1.876638e+01	3.814690e-01	1.406953e+01	2.536139e-02	1.280983e-01	3.248317e-01	1.765134e+00	2.506652e-02	1.324005e-01	6.873247e-01	2.489949e-01	1.334078e+00	2.822713e+00	3.062054e-01	9.802196e-05	3.283578e-04	5.215146e-02	4.840478e-01	5.510222e-02	5.255734e-02	6.867428e-03	8.729052e-03	3.898784e-02	4.743517e-01	3.116963e-02	2.023261e-01	3.688140e+01	5.195360e-02	5.451558e-02	9.658450e+00	
6.291859e-04	5.657808e-01	5.251133e-03	1.796255e+01	3.568470e-01	1.416907e+01	2.516831e-02	1.243746e-01	3.249099e-01	1.766476e+00	2.642924e-02	1.280558e-01	6.897702e-01	2.423422e-01	1.197702e+00	2.815499e+00	3.054157e-01	8.813342e-05	2.976758e-04	5.215845e-02	4.862736e-01	6.213977e-02	5.789106e-02	6.341241e-03	8.142670e-03	3.734206e-02	4.751928e-01	3.144056e-02	2.012183e-01	3.693616e+01	5.184926e-02	4.583246e-02	9.711244e+00	
6.293327e-04	4.776217e-01	4.435833e-03	1.829290e+01	3.655852e-01	1.402956e+01	2.530704e-02	1.230859e-01	3.249475e-01	1.764135e+00	2.578430e-02	1.349465e-01	6.882954e-01	2.450038e-01	1.226637e+00	2.845264e+00	3.098244e-01	1.083751e-04	3.657340e-04	5.259551e-02	4.918557e-01	5.449815e-02	5.434868e-02	7.170483e-03	8.976339e-03	2.797727e-02	4.638908e-01	3.145300e-02	1.927025e-01	3.645672e+01	5.247426e-02	4.161312e-02	9.758073e+00	
6.295522e-04	4.925439e-01	4.487648e-03	1.896495e+01	3.815436e-01	1.418387e+01	2.507248e-02	1.261839e-01	3.249086e-01	1.760515e+00	2.410177e-02	1.323419e-01	6.895330e-01	2.441150e-01	1.266314e+00	2.833570e+00	3.069411e-01	9.964267e-05	3.426756e-04	5.368446e-02	4.983116e-01	5.421012e-02	4.820384e-02	7.067129e-03	9.038297e-03	2.512178e-02	4.703418e-01	3.191227e-02	1.855304e-01	3.679252e+01	5.198462e-02	4.136027e-02	9.760891e+00	
6.297146e-04	4.952850e-01	4.557129e-03	1.841051e+01	3.707396e-01	1.414038e+01	2.510188e-02	1.267328e-01	3.248241e-01	1.765991e+00	2.563591e-02	1.299346e-01	6.901965e-01	2.420292e-01	1.245713e+00	2.820518e+00	3.055427e-01	9.711382e-05	3.315162e-04	5.365078e-02	5.019623e-01	6.258875e-02	5.601310e-02	6.720461e-03	8.497773e-03	2.389837e-02	4.675252e-01	3.167535e-02	1.936199e-01	3.657620e+01	5.224446e-02	3.996446e-02	9.736918e+00	
6.298726e-04	5.471192e-01	5.086835e-03	1.962937e+01	4.043057e-01	1.405649e+01	2.532888e-02	1.248170e-01	3.249251e-01	1.770616e+00	2.363426e-02	1.254496e-01	6.884530e-01	2.460061e-01	1.280223e+00	2.828408e+00	3.056513e-01	9.882672e-05	3.254871e-04	5.213418e-02	4.876245e-01	6.148260e-02	5.826686e-02	7.121548e-03	9.008656e-03	3.287965e-02	4.703732e-01	3.148570e-02	1.840239e-01	3.662291e+01	5.233221e-02	3.799414e-02	9.740305e+00	
6.300230e-04	4.849818e-01	4.619463e-03	1.871554e+01	3.757580e-01	1.409592e+01	2.527515e-02	1.261000e-01	3.248834e-01	1.754648e+00	2.562680e-02	1.362661e-01	6.897489e-01	2.430921e-01	1.268077e+00	2.805006e+00	3.026930e-01	1.002387e-04	3.296021e-04	5.069260e-02	4.735848e-01	5.970202e-02	5.574524e-02	6.375280e-03	8.053282e-03	2.205848e-02	4.737937e-01	3.109979e-02	2.079418e-01	3.674405e+01	5.213963e-02	4.788536e-02	9.720698e+00	
6.304951e-04	5.104229e-01	4.838013e-03	1.873613e+01	3.777170e-01	1.404012e+01	2.540758e-02	1.257216e-01	3.248840e-01	1.768618e+00	2.388749e-02	1.280688e-01	6.876630e-01	2.479317e-01	1.293912e+00	2.842471e+00	3.102489e-01	1.139093e-04	3.758181e-04	5.288722e-02	4.984205e-01	6.236628e-02	6.074965e-02	7.099757e-03	9.096877e-03	2.245629e-02	4.785910e-01	3.121638e-02	2.013982e-01	3.645357e+01	5.272073e-02	3.816173e-02	9.743057e+00	
6.305694e-04	5.150647e-01	4.628390e-03	1.842407e+01	3.709581e-01	1.398939e+01	2.544145e-02	1.291753e-01	3.247873e-01	1.767159e+00	2.449578e-02	1.328441e-01	6.905271e-01	2.418175e-01	1.267310e+00	2.820915e+00	3.054398e-01	1.009439e-04	3.395039e-04	5.144504e-02	4.725396e-01	5.517261e-02	5.372408e-02	6.697341e-03	8.485825e-03	2.683138e-02	4.736728e-01	3.150755e-02	1.922509e-01	3.633445e+01	5.279465e-02	4.660171e-02	9.704544e+00	
6.307516e-04	5.162614e-01	4.853188e-03	1.920515e+01	3.915646e-01	1.409467e+01	2.525304e-02	1.257065e-01	3.249311e-01	1.765056e+00	2.262564e-02	1.312084e-01	6.887124e-01	2.441419e-01	1.219891e+00	2.823925e+00	3.062771e-01	9.752694e-05	3.366620e-04	5.211075e-02	4.755658e-01	6.401308e-02	5.986554e-02	7.063886e-03	8.876528e-03	3.588408e-02	4.708760e-01	3.136802e-02	1.917226e-01	3.671944e+01	5.213893e-02	4.023193e-02	9.696975e+00	
6.309425e-04	5.343498e-01	5.017598e-03	1.847365e+01	3.699136e-01	1.420745e+01	2.510230e-02	1.282571e-01	3.248654e-01	1.765912e+00	2.403910e-02	1.340719e-01	6.915441e-01	2.397281e-01	1.230227e+00	2.819260e+00	3.062421e-01	9.002484e-05	3.056712e-04	5.236598e-02	4.869628e-01	6.403607e-02	5.896064e-02	6.825361e-03	8.637824e-03	2.782722e-02	4.678702e-01	3.155644e-02	1.726160e-01	3.687893e+01	5.195342e-02	4.673382e-02	9.732001e+00	
6.312380e-04	5.542908e-01	5.111722e-03	1.787973e+01	3.545095e-01	1.423789e+01	2.505223e-02	1.280589e-01	3.248729e-01	1.760651e+00	2.706548e-02	1.352860e-01	6.924682e-01	2.375730e-01	1.212665e+00	2.815815e+00	3.043468e-01	1.035279e-04	3.288731e-04	4.970520e-02	4.673827e-01	5.099062e-02	5.143740e-02	5.694924e-03	7.141991e-03	1.953908e-02	4.820290e-01	3.141782e-02	1.930042e-01	3.702014e+01	5.172220e-02	4.014843e-02	9.735182e+00	
6.320799e-04	5.231932e-01	4.864042e-03	1.862821e+01	3.761124e-01	1.407088e+01	2.536229e-02	1.255431e-01	3.249405e-01	1.766571e+00	2.443150e-02	1.336946e-01	6.893888e-01	2.443911e-01	1.255451e+00	2.815828e+00	3.043122e-01	1.134540e-04	3.748750e-04	5.100985e-02	4.772652e-01	6.435911e-02	5.850466e-02	6.898467e-03	8.655143e-03	2.824864e-02	4.819914e-01	3.096939e-02	2.298147e-01	3.650165e+01	5.264841e-02	3.947324e-02	9.724013e+00	
6.320801e-04	5.052803e-01	4.513562e-03	1.856516e+01	3.734073e-01	1.405161e+01	2.530105e-02	1.270536e-01	3.248438e-01	1.759844e+00	2.542422e-02	1.318172e-01	6.883789e-01	2.455810e-01	1.266331e+00	2.833609e+00	3.066289e-01	9.565301e-05	3.239404e-04	5.273180e-02	4.876093e-01	5.513315e-02	4.961502e-02	6.839924e-03	8.637166e-03	3.470329e-02	4.661826e-01	3.172401e-02	1.829754e-01	3.659432e+01	5.223135e-02	4.786649e-02	9.693002e+00	
6.320869e-04	5.010736e-01	4.743010e-03	1.908089e+01	3.916565e-01	1.402391e+01	2.538336e-02	1.251349e-01	3.248902e-01	1.763702e+00	2.252921e-02	1.399572e-01	6.889103e-01	2.441092e-01	1.248937e+00	2.828099e+00	3.073108e-01	1.030478e-04	3.401362e-04	5.247937e-02	4.917202e-01	5.661159e-02	5.738257e-02	6.579865e-03	8.300312e-03	1.811813e-02	4.707993e-01	3.146135e-02	1.812641e-01	3.645054e+01	5.260642e-02	3.735183e-02	9.763338e+00	
6.320911e-04	5.320659e-01	4.953392e-03	1.887475e+01	3.833007e-01	1.405667e+01	2.537292e-02	1.257449e-01	3.249347e-01	1.763875e+00	2.366406e-02	1.308497e-01	6.900285e-01	2.431811e-01	1.242434e+00	2.832741e+00	3.068330e-01	1.165823e-04	3.885942e-04	5.254115e-02	4.919341e-01	5.626659e-02	5.280618e-02	6.568589e-03	8.325018e-03	2.573036e-02	4.786936e-01	3.123669e-02	1.908895e-01	3.654926e+01	5.248232e-02	3.817052e-02	9.724999e+00	
6.322586e-04	5.201931e-01	4.909068e-03	1.809415e+01	3.617324e-01	1.416341e+01	2.518729e-02	1.286019e-01	3.248315e-01	1.766241e+00	2.651958e-02	1.306707e-01	6.898464e-01	2.434047e-01	1.273597e+00	2.833403e+00	3.083025e-01	1.057898e-04	3.431058e-04	5.088285e-02	4.773600e-01	5.674680e-02	5.621095e-02	6.203075e-03	7.893090e-03	2.467632e-02	4.769075e-01	3.130008e-02	1.837277e-01	3.659326e+01	5.250508e-02	4.124449e-02	9.721102e+00	
6.325653e-04	5.069467e-01	4.767907e-03	1.915157e+01	3.916547e-01	1.414102e+01	2.522200e-02	1.250975e-01	3.249334e-01	1.756905e+00	2.690670e-02	1.367985e-01	6.895223e-01	2.441766e-01	1.276635e+00	2.811915e+00	3.039130e-01	1.036360e-04	3.312575e-04	4.995322e-02	4.721420e-01	6.081126e-02	5.715915e-02	6.359610e-03	8.060408e-03	1.804618e-02	4.899030e-01	3.084093e-02	2.010511e-01	3.641393e+01	5.278669e-02	4.034138e-02	9.724726e+00	
6.334226e-04	4.955191e-01	4.408261e-03	1.840786e+01	3.696313e-01	1.414044e+01	2.510336e-02	1.267874e-01	3.248486e-01	1.764527e+00	2.431583e-02	1.329427e-01	6.896859e-01	2.437557e-01	1.273701e+00	2.840356e+00	3.083959e-01	9.612285e-05	3.231742e-04	5.212842e-02	4.851179e-01	5.707828e-02	4.890068e-02	6.707609e-03	8.637803e-03	5.563067e-02	4.587333e-01	3.219810e-02	1.743056e-01	3.671913e+01	5.200733e-02	4.869781e-02	9.716421e+00	
6.337936e-04	4.999657e-01	4.579042e-03	1.788339e+01	3.548566e-01	1.410371e+01	2.514340e-02	1.255313e-01	3.248483e-01	1.754855e+00	2.664570e-02	1.364060e-01	6.908394e-01	2.402188e-01	1.231848e+00	2.833652e+00	3.082058e-01	9.602608e-05	3.248695e-04	5.190162e-02	4.797444e-01	5.528556e-02	5.200515e-02	6.684959e-03	8.492528e-03	3.434915e-02	4.512886e-01	3.162357e-02	2.190418e-01	3.679500e+01	5.178697e-02	4.807529e-02	9.701742e+00	
6.341269e-04	4.899038e-01	4.684422e-03	1.857110e+01	3.757825e-01	1.400652e+01	2.554219e-02	1.285122e-01	3.248452e-01	1.760781e+00	2.262377e-02	1.366847e-01	6.893618e-01	2.447625e-01	1.297461e+00	2.831809e+00	3.078602e-01	9.719922e-05	3.252041e-04	5.161345e-02	4.813813e-01	5.698763e-02	5.519679e-02	6.643191e-03	8.407587e-03	3.885048e-02	4.723970e-01	3.148550e-02	1.882967e-01	3.659845e+01	5.252132e-02	5.297157e-02	9.643123e+00	
6.344029e-04	5.350339e-01	5.030348e-03	1.962341e+01	4.066871e-01	1.412240e+01	2.528250e-02	1.239915e-01	3.249712e-01	1.762959e+00	2.357461e-02	1.374694e-01	6.891836e-01	2.434199e-01	1.216472e+00	2.832545e+00	3.085701e-01	9.159170e-05	3.092075e-04	5.102362e-02	4.710261e-01	6.246080e-02	6.174206e-02	6.141015e-03	7.705457e-03	3.105250e-02	4.886275e-01	3.107871e-02	1.838436e-01	3.674041e+01	5.221752e-02	3.903503e-02	9.702741e+00	
6.348609e-04	4.437457e-01	4.014743e-03	1.913203e+01	3.899441e-01	1.411878e+01	2.526352e-02	1.267330e-01	3.248595e-01	1.752165e+00	2.699963e-02	1.414989e-01	6.879782e-01	2.473167e-01	1.300948e+00	2.834007e+00	3.075222e-01	9.622286e-05	3.193643e-04	5.089697e-02	4.752452e-01	5.249645e-02	4.848470e-02	6.882629e-03	8.843209e-03	3.143436e-02	4.688526e-01	3.145295e-02	1.942115e-01	3.663162e+01	5.235013e-02	4.957375e-02	9.695462e+00	
6.351226e-04	5.434300e-01	5.047052e-03	1.940428e+01	3.981000e-01	1.419599e+01	2.509048e-02	1.287582e-01	3.248323e-01	1.765498e+00	2.512828e-02	1.322788e-01	6.884423e-01	2.463607e-01	1.258315e+00	2.833625e+00	3.082172e-01	9.027847e-05	3.023837e-04	5.256490e-02	4.898425e-01	6.796812e-02	6.291629e-02	6.694289e-03	8.587060e-03	3.484401e-02	4.791932e-01	3.128721e-02	1.837433e-01	3.697834e+01	5.176441e-02	4.156706e-02	9.717761e+00	
6.353236e-04	4.869224e-01	4.455771e-03	1.855135e+01	3.735950e-01	1.410110e+01	2.524315e-02	1.269118e-01	3.248779e-01	1.755177e+00	2.587525e-02	1.358044e-01	6.882900e-01	2.475257e-01	1.317974e+00	2.820123e+00	3.044893e-01	1.008540e-04	3.477097e-04	5.211743e-02	4.807369e-01	6.131953e-02	5.142210e-02	7.186220e-03	9.033192e-03	2.921574e-02	4.802499e-01	3.108416e-02	1.933668e-01	3.669920e+01	5.213664e-02	5.092570e-02	9.682738e+00	
6.355692e-04	5.285712e-01	4.715649e-03	1.909510e+01	3.895403e-01	1.409648e+01	2.525595e-02	1.240814e-01	3.248944e-01	1.762558e+00	2.425404e-02	1.338824e-01	6.903416e-01	2.429479e-01	1.261979e+00	2.833163e+00	3.070025e-01	1.155590e-04	3.892965e-04	5.193478e-02	4.867234e-01	5.762468e-02	5.387895e-02	6.709381e-03	8.614432e-03	2.958932e-02	4.705689e-01	3.164880e-02	1.955612e-01	3.647738e+01	5.257868e-02	3.364051e-02	9.756973e+00	
6.358554e-04	5.429644e-01	5.085741e-03	1.896449e+01	3.827280e-01	1.425245e+01	2.495589e-02	1.252929e-01	3.249263e-01	1.765548e+00	2.446049e-02	1.304568e-01	6.906143e-01	2.421011e-01	1.232979e+00	2.827574e+00	3.068816e-01	9.490348e-05	3.189088e-04	5.197315e-02	4.891432e-01	6.404185e-02	5.682802e-02	6.414034e-03	8.250273e-03	2.196692e-02	4.803544e-01	3.153432e-02	1.865141e-01	3.713035e+01	5.138301e-02	4.098588e-02	9.737676e+00	
6.366405e-04	5.108797e-01	4.738323e-03	1.904294e+01	3.873416e-01	1.411505e+01	2.514896e-02	1.234889e-01	3.249249e-01	1.774796e+00	2.273819e-02	1.324063e-01	6.884018e-01	2.439017e-01	1.224137e+00	2.844987e+00	3.099732e-01	1.133837e-04	3.867620e-04	5.261076e-02	4.852593e-01	5.635531e-02	5.155179e-02	6.744028e-03	8.466095e-03	2.009657e-02	4.743089e-01	3.141362e-02	2.086738e-01	3.658284e+01	5.222632e-02	3.211573e-02	9.770288e+00	
6.367807e-04	5.541501e-01	5.254425e-03	1.846119e+01	3.692166e-01	1.419574e+01	2.515238e-02	1.278309e-01	3.248471e-01	1.758920e+00	2.472953e-02	1.394542e-01	6.925971e-01	2.354886e-01	1.160393e+00	2.834016e+00	3.091097e-01	1.125465e-04	3.749319e-04	5.180308e-02	4.783572e-01	5.531323e-02	5.691284e-02	5.946915e-03	7.632757e-03	1.744737e-02	4.833186e-01	3.145829e-02	1.559736e-01	3.679287e+01	5.222318e-02	3.595598e-02	9.768778e+00	
6.383746e-04	4.871826e-01	4.683631e-03	1.858153e+01	3.744814e-01	1.403761e+01	2.548999e-02	1.283399e-01	3.248162e-01	1.755913e+00	2.316107e-02	1.376378e-01	6.877340e-01	2.471161e-01	1.279283e+00	2.834075e+00	3.083704e-01	9.447735e-05	3.289856e-04	5.358775e-02	4.927777e-01	5.658154e-02	5.792509e-02	7.052734e-03	8.968750e-03	4.539275e-02	4.588857e-01	3.147348e-02	2.007517e-01	3.666013e+01	5.250664e-02	4.085004e-02	9.713850e+00	
6.391282e-04	5.070316e-01	4.368832e-03	1.894044e+01	3.838197e-01	1.406721e+01	2.536488e-02	1.298091e-01	3.247651e-01	1.746792e+00	2.662961e-02	1.436517e-01	6.895566e-01	2.458235e-01	1.329229e+00	2.814343e+00	3.043852e-01	8.964607e-05	3.052675e-04	5.229800e-02	4.843253e-01	5.224256e-02	5.219762e-02	6.531714e-03	8.176777e-03	2.722112e-02	4.827465e-01	3.146558e-02	2.022971e-01	3.664007e+01	5.235833e-02	4.798407e-02	9.711551e+00	
6.420841e-04	5.385264e-01	5.054129e-03	1.863338e+01	3.747972e-01	1.427136e+01	2.487994e-02	1.257498e-01	3.248912e-01	1.768284e+00	2.573095e-02	1.297162e-01	6.929088e-01	2.373439e-01	1.238393e+00	2.818969e+00	3.043598e-01	1.107689e-04	3.562011e-04	5.001882e-02	4.742443e-01	6.128408e-02	5.325106e-02	5.964843e-03	7.672782e-03	2.309937e-02	4.883129e-01	3.136824e-02	1.873998e-01	3.682325e+01	5.191432e-02	3.719221e-02	9.769663e+00	
